1599.9954356	1574.9937765	15664.9023926	2.7826145	0.4873411	0.0260255	0.8043987	0.4467466	0.0000000	1575.0000000
1594.9984053	1574.9937765	15659.9890527	2.7726408	0.4673271	0.0359567	0.8398744	0.4546054	0.0000000	0.0000000
1590.0036367	1574.9937765	15654.8409766	2.7627817	0.4469796	0.0446125	0.8597730	0.4495126	0.0000000	0.0000000
1585.0009939	1574.9937765	15649.9380469	2.7529225	0.4269655	0.0531820	0.8654920	0.4448663	0.0000000	0.0000000
1579.9988693	1574.9937765	15644.7899707	2.7430634	0.4066180	0.0550521	0.8393926	0.4454535	0.0000000	0.0000000
1574.9903821	1574.9937765	15639.8870410	2.7332042	0.3866040	0.0588351	0.8420845	0.4421178	0.0000000	0.0000000
1569.9991510	1574.9937765	15634.9912305	2.7233451	0.3662564	0.0570540	0.8199658	0.4505675	0.0000000	0.0000000
1564.9910956	1574.9937765	15629.8597656	2.7134859	0.3459088	0.0625627	0.8127105	0.4470623	0.0000000	0.0000000
1560.0054727	1574.9937765	15624.9726562	2.7036268	0.3258948	0.0477437	0.7728543	0.4459680	0.0000000	0.0000000
1555.0028496	1574.9937765	15619.8411914	2.6937676	0.3055472	0.0509772	0.7766279	0.4412161	0.0000000	0.0000000
1549.9965481	1574.9937765	15614.9540820	2.6839085	0.2855332	0.0494414	0.7407598	0.4422170	0.0000000	0.0000000
1545.0061240	1574.9937765	15609.8322266	2.6740493	0.2651856	0.0426792	0.7439765	0.4418024	0.0000000	0.0000000
1540.0044380	1574.9937765	15604.9611328	2.6641901	0.2448381	0.0470063	0.7366134	0.4488552	0.0000000	0.0000000
1535.0024289	1574.9937765	15599.8464844	2.6543310	0.2248240	0.0434685	0.7420481	0.4420120	0.0000000	0.0000000
1530.0009296	1574.9937765	15594.9753906	2.6444718	0.2044765	0.0353149	0.7242262	0.4479525	0.0000000	0.0000000
1525.0057058	1574.9937765	15589.8607422	2.6346127	0.1844625	0.0313260	0.7180137	0.4481284	0.0000000	0.0000000
1520.0042370	1574.9937765	15584.7578125	2.6247535	0.1641149	0.0311312	0.7078400	0.4451408	0.0000000	0.0000000
1514.9965539	1574.9937765	15579.9023437	2.6148944	0.1437673	0.0336627	0.7108757	0.4458810	0.0000000	0.0000000
1510.0011622	1574.9937765	15574.8041016	2.6050352	0.1237533	0.0248062	0.7079407	0.4418580	0.0000000	0.0000000
1504.9991342	1574.9937765	15569.9486328	2.5951761	0.1034057	0.0243202	0.7137442	0.4463912	0.0000000	0.0000000
1499.9998464	1574.9937765	15564.8503906	2.5853169	0.0833917	0.0202216	0.7185713	0.4458554	0.0000000	0.0000000
1495.0012710	1574.9937765	15559.7663867	2.5754577	0.0630441	0.0223076	0.7229635	0.4397560	0.0000000	0.0000000
1490.0042742	1574.9937765	15554.9267383	2.5655986	0.0426966	0.0208616	0.7413784	0.4456183	0.0000000	0.0000000
1485.0077631	1574.9937765	15549.8451074	2.5557394	0.0226825	0.0210872	0.7181989	0.4519984	0.0000000	0.0000000
1480.0039702	1574.9937765	15544.7634766	2.5458803	0.0023350	0.0278162	0.7142694	0.4406660	0.0000000	0.0000000
1475.0073710	1574.9937765	15539.9238281	2.5360211	-0.0176790	0.0208208	0.6979690	0.4458217	0.0000000	0.0000000
1470.0169428	1574.9937765	15534.8586035	2.5261620	-0.0380266	0.0141172	0.6894988	0.4455521	0.0000000	0.0000000
1465.0063771	1574.9937765	15529.7933789	2.5163028	-0.0580406	0.0176592	0.6949116	0.4440565	0.0000000	0.0000000
1460.0099334	1574.9937765	15524.9693555	2.5064437	-0.0783882	0.0227565	0.6750420	0.4486392	0.0000000	0.0000000
1455.0133719	1574.9937765	15519.9041309	2.4965845	-0.0987358	0.0253243	0.6751522	0.4399641	0.0000000	0.0000000
1449.9959945	1574.9937765	15514.8420312	2.4867254	-0.1187498	0.0214906	0.6595111	0.4543229	0.0000000	0.0000000
1445.0096808	1574.9937765	15509.7932129	2.4768662	-0.1390974	0.0193118	0.6656654	0.4474890	0.0000000	0.0000000
1439.9983277	1574.9937765	15504.9848145	2.4670070	-0.1591114	0.0139408	0.6514273	0.4525148	0.0000000	0.0000000
1435.0113006	1574.9937765	15499.9359961	2.4571479	-0.1794590	0.0121616	0.6431613	0.4458342	0.0000000	0.0000000
1430.0054103	1574.9937765	15494.8871777	2.4472887	-0.1998065	0.0175085	0.6389401	0.4476498	0.0000000	0.0000000
1425.0053254	1574.9937765	15489.8445312	2.4374296	-0.2198205	0.0197278	0.6032588	0.4588873	0.0000000	0.0000000
1420.0059019	1574.9937765	15484.8119141	2.4275704	-0.2401681	0.0233813	0.6249902	0.4447799	0.0000000	0.0000000
1415.0000204	1574.9937765	15479.7792969	2.4177113	-0.2601821	0.0215706	0.6106576	0.4435263	0.0000000	0.0000000
1410.0061564	1574.9937765	15474.9863281	2.4078521	-0.2805297	0.0217050	0.5975994	0.4532130	0.0000000	0.0000000
1405.0065316	1574.9937765	15469.9537109	2.3979930	-0.3008773	0.0226290	0.5878536	0.4452337	0.0000000	0.0000000
1400.0001614	1574.9937765	15464.9302344	2.3881338	-0.3208913	0.0182656	0.5566779	0.4444721	0.0000000	0.0000000
1395.0031046	1574.9937765	15459.9136133	2.3782746	-0.3412389	0.0146958	0.5589008	0.4432567	0.0000000	0.0000000
1389.9976768	1574.9937765	15454.8969922	2.3684155	-0.3612529	0.0133159	0.5560979	0.4406039	0.0000000	0.0000000
1385.0114008	1574.9937765	15449.8803711	2.3585563	-0.3816005	0.0119480	0.5444295	0.4495154	0.0000000	0.0000000
1380.0075784	1574.9937765	15444.8637500	2.3486972	-0.4019480	0.0106893	0.5438764	0.4462695	0.0000000	0.0000000
1374.9977128	1574.9937765	15439.8602441	2.3388380	-0.4219620	0.0093958	0.5169638	0.4526583	0.0000000	0.0000000
1369.9998590	1574.9937765	15434.8598242	2.3289789	-0.4423096	0.0113929	0.4997289	0.4483767	0.0000000	0.0000000
1364.9954405	1574.9937765	15429.8594043	2.3191197	-0.4623236	0.0146294	0.4987864	0.4492100	0.0000000	0.0000000
1360.0158033	1574.9937765	15424.8589844	2.3092606	-0.4826712	0.0214269	0.4837593	0.4483036	0.0000000	0.0000000
1355.0059831	1574.9937765	15419.8593262	2.2994014	-0.5030188	0.0252201	0.4545728	0.4501472	0.0000000	0.0000000
1350.0030554	1574.9937765	15414.8749023	2.2895423	-0.5230328	0.0345343	0.4600234	0.4477509	0.0000000	0.0000000
1345.0035932	1574.9937765	15409.8904785	2.2796831	-0.5433804	0.0284886	0.4374617	0.4433314	0.0000000	0.0000000
1340.0126684	1574.9937765	15404.9060547	2.2698239	-0.5633944	0.0282688	0.4324209	0.4413605	0.0000000	0.0000000
1335.0013764	1574.9937765	15399.9216309	2.2599648	-0.5837420	0.0227870	0.4131099	0.4496661	0.0000000	0.0000000
1330.0043482	1574.9937765	15394.9417773	2.2501056	-0.6037560	0.0196584	0.4046055	0.4532225	0.0000000	0.0000000
1325.0067276	1574.9937765	15389.9733496	2.2402465	-0.6241035	0.0194980	0.3797141	0.4506005	0.0000000	0.0000000
1320.0090417	1574.9937765	15384.7683301	2.2303873	-0.6444511	0.0203317	0.3627129	0.4530795	0.0000000	0.0000000
1315.0052073	1574.9937765	15379.7999023	2.2205282	-0.6644651	0.0212687	0.3531506	0.4457101	0.0000000	0.0000000
1310.0006648	1574.9937765	15374.8314746	2.2106690	-0.6848127	0.0236670	0.3306091	0.4454303	0.0000000	0.0000000
1305.0097771	1574.9937765	15369.8720703	2.2008099	-0.7048267	0.0240605	0.3141067	0.4437224	0.0000000	0.0000000
1300.0127676	1574.9937765	15364.9194336	2.1909507	-0.7251743	0.0198119	0.2912416	0.4496519	0.0000000	0.0000000
1295.0063540	1574.9937765	15359.9667969	2.1810915	-0.7455219	0.0179293	0.2800474	0.4474470	0.0000000	0.0000000
1290.0126310	1574.9937765	15354.7783203	2.1712324	-0.7655359	0.0196284	0.2638250	0.4346433	0.0000000	0.0000000
1285.0068833	1574.9937765	15349.8256836	2.1613732	-0.7858835	0.0165042	0.2434498	0.4482367	0.0000000	0.0000000
1280.0085301	1574.9937765	15344.8864062	2.1515141	-0.8058975	0.0111510	0.2298944	0.4472991	0.0000000	0.0000000
1275.0093966	1574.9937765	15339.9493555	2.1416549	-0.8262450	0.0133285	0.2116104	0.4598522	0.0000000	0.0000000
1270.0086294	1574.9937765	15334.7772070	2.1317958	-0.8465926	0.0201339	0.1986882	0.4570201	0.0000000	0.0000000
1265.0031208	1574.9937765	15329.8401562	2.1219366	-0.8666066	0.0266080	0.1930043	0.4489054	0.0000000	0.0000000
1260.0211049	1574.9937765	15324.9053613	2.1120775	-0.8869542	0.0292740	0.1702413	0.4522689	0.0000000	0.0000000
1255.0228608	1574.9937765	15319.9841016	2.1022183	-0.9069682	0.0259703	0.1558160	0.4535608	0.0000000	0.0000000
1250.0237205	1574.9937765	15314.8284961	2.0923592	-0.9273158	0.0272195	0.1440548	0.4481852	0.0000000	0.0000000
