1599.9954356	1559.9924558	15649.9380469	2.8319824	0.5340405	0.0398929	0.7957133	0.4139194	0.0000000	1560.0000000
1594.9984053	1559.9924558	15644.7899707	2.8221408	0.5136929	0.0498640	0.8528959	0.4188412	0.0000000	0.0000000
1590.0036367	1559.9924558	15639.8870410	2.8122817	0.4936789	0.0516410	0.8757018	0.4129097	0.0000000	0.0000000
1584.9953866	1559.9924558	15634.9912305	2.8024225	0.4733313	0.0634413	0.8475062	0.4240387	0.0000000	0.0000000
1579.9932605	1559.9924558	15629.8597656	2.7925634	0.4533173	0.0588774	0.8605995	0.4203053	0.0000000	0.0000000
1574.9903821	1559.9924558	15624.9726562	2.7827042	0.4329697	0.0663268	0.8406199	0.4211727	0.0000000	0.0000000
1569.9935429	1559.9924558	15619.8411914	2.7728451	0.4126222	0.0663660	0.8231884	0.4250328	0.0000000	0.0000000
1564.9910956	1559.9924558	15614.9540820	2.7629859	0.3926082	0.0707452	0.7905180	0.4321576	0.0000000	0.0000000
1559.9998645	1559.9924558	15609.8322266	2.7531268	0.3722606	0.0665117	0.7735198	0.4241566	0.0000000	0.0000000
1554.9972408	1559.9924558	15604.9611328	2.7432676	0.3522466	0.0687804	0.7537287	0.4333110	0.0000000	0.0000000
1549.9965481	1559.9924558	15599.8464844	2.7334085	0.3318990	0.0760129	0.7468223	0.4341411	0.0000000	0.0000000
1545.0061240	1559.9924558	15594.9753906	2.7235493	0.3115514	0.0789193	0.7368880	0.4325023	0.0000000	0.0000000
1539.9981617	1559.9924558	15589.8607422	2.7136901	0.2915374	0.0960597	0.7217727	0.4280949	0.0000000	0.0000000
1534.9961535	1559.9924558	15584.7578125	2.7038310	0.2711898	0.1204885	0.7398788	0.4280664	0.0000000	0.0000000
1529.9946542	1559.9924558	15579.9023437	2.6939718	0.2511758	0.1636472	0.7304584	0.4278768	0.0000000	0.0000000
1525.0057058	1559.9924558	15574.8041016	2.6841127	0.2308282	0.1798202	0.7173757	0.4295142	0.0000000	0.0000000
1519.9916865	1559.9924558	15569.9486328	2.6742535	0.2104807	0.1911592	0.7057990	0.4306259	0.0000000	0.0000000
1514.9965539	1559.9924558	15564.8503906	2.6643944	0.1904667	0.1532615	0.7045104	0.4405120	0.0000000	0.0000000
1510.0011622	1559.9924558	15559.7663867	2.6545352	0.1701191	0.0967823	0.7018633	0.4357637	0.0000000	0.0000000
1504.9991342	1559.9924558	15554.9267383	2.6446761	0.1501051	0.0444786	0.7079381	0.4350250	0.0000000	0.0000000
1499.9998464	1559.9924558	15549.8451074	2.6348169	0.1297575	0.0189628	0.7232307	0.4359503	0.0000000	0.0000000
1494.9945089	1559.9924558	15544.7634766	2.6249577	0.1094099	0.0159930	0.7141965	0.4332598	0.0000000	0.0000000
1489.9975133	1559.9924558	15539.9238281	2.6150986	0.0893959	0.0201771	0.7131021	0.4325010	0.0000000	0.0000000
1485.0010010	1559.9924558	15534.8586035	2.6052394	0.0690483	0.0222941	0.7108412	0.4275580	0.0000000	0.0000000
1479.9972092	1559.9924558	15529.7933789	2.5953803	0.0490343	0.0217473	0.6989642	0.4286963	0.0000000	0.0000000
1475.0006089	1559.9924558	15524.9693555	2.5855211	0.0286867	0.0209896	0.6833656	0.4360748	0.0000000	0.0000000
1470.0034186	1559.9924558	15519.9041309	2.5756620	0.0086727	0.0206040	0.6784523	0.4284719	0.0000000	0.0000000
1464.9996160	1559.9924558	15514.8420312	2.5658028	-0.0116748	0.0225796	0.6668298	0.4267741	0.0000000	0.0000000
1460.0031723	1559.9924558	15509.7932129	2.5559437	-0.0320224	0.0270905	0.6538490	0.4315529	0.0000000	0.0000000
1455.0066100	1559.9924558	15504.9848145	2.5460845	-0.0520364	0.0287964	0.6595739	0.4326688	0.0000000	0.0000000
1449.9959945	1559.9924558	15499.9359961	2.5362254	-0.0723840	0.0256827	0.6562925	0.4303644	0.0000000	0.0000000
1444.9966097	1559.9924558	15494.8871777	2.5263662	-0.0923980	0.0333503	0.6665253	0.4206135	0.0000000	0.0000000
1440.0045771	1559.9924558	15489.8445312	2.5165070	-0.1127456	0.0272638	0.6415863	0.4227817	0.0000000	0.0000000
1435.0050512	1559.9924558	15484.8119141	2.5066479	-0.1330932	0.0217520	0.6224401	0.4306698	0.0000000	0.0000000
1429.9991600	1559.9924558	15479.7792969	2.4967887	-0.1531072	0.0202126	0.6209595	0.4274014	0.0000000	0.0000000
1424.9990761	1559.9924558	15474.9863281	2.4869296	-0.1734548	0.0153502	0.6012119	0.4294970	0.0000000	0.0000000
1420.0059019	1559.9924558	15469.9537109	2.4770704	-0.1934688	0.0146461	0.6051841	0.4344222	0.0000000	0.0000000
1414.9937701	1559.9924558	15464.9302344	2.4672113	-0.2138163	0.0152334	0.5977205	0.4345728	0.0000000	0.0000000
1409.9936575	1559.9924558	15459.9136133	2.4573521	-0.2341639	0.0179739	0.5773882	0.4369910	0.0000000	0.0000000
1405.0002814	1559.9924558	15454.8969922	2.4474930	-0.2541779	0.0184607	0.5654056	0.4326242	0.0000000	0.0000000
1399.9939120	1559.9924558	15449.8803711	2.4376338	-0.2745255	0.0170718	0.5581243	0.4300086	0.0000000	0.0000000
1394.9969913	1559.9924558	15444.8637500	2.4277746	-0.2945395	0.0149752	0.5499060	0.4269917	0.0000000	0.0000000
1389.9916327	1559.9924558	15439.8602441	2.4179155	-0.3148871	0.0162305	0.5582738	0.4233247	0.0000000	0.0000000
1385.0053575	1559.9924558	15434.8598242	2.4080563	-0.3352347	0.0145474	0.5368383	0.4242383	0.0000000	0.0000000
1380.0015352	1559.9924558	15429.8594043	2.3981972	-0.3552487	0.0118077	0.5237653	0.4315072	0.0000000	0.0000000
1374.9977128	1559.9924558	15424.8589844	2.3883380	-0.3755963	0.0148496	0.5280624	0.4320392	0.0000000	0.0000000
1369.9998590	1559.9924558	15419.8593262	2.3784789	-0.3956103	0.0159491	0.4956027	0.4325295	0.0000000	0.0000000
1364.9893972	1559.9924558	15414.8749023	2.3686197	-0.4159578	0.0169447	0.4800024	0.4355647	0.0000000	0.0000000
1360.0097601	1559.9924558	15409.8904785	2.3587606	-0.4363054	0.0207914	0.4611401	0.4212518	0.0000000	0.0000000
1355.0059831	1559.9924558	15404.9060547	2.3489014	-0.4563194	0.0229237	0.4745184	0.4228890	0.0000000	0.0000000
1349.9967869	1559.9924558	15399.9216309	2.3390423	-0.4766670	0.0227599	0.4479542	0.4280924	0.0000000	0.0000000
1345.0035932	1559.9924558	15394.9417773	2.3291831	-0.4966810	0.0252047	0.4326423	0.4260136	0.0000000	0.0000000
1340.0058595	1559.9924558	15389.9733496	2.3193239	-0.5170286	0.0227124	0.4227529	0.4311021	0.0000000	0.0000000
1334.9945685	1559.9924558	15384.7683301	2.3094648	-0.5370426	0.0238713	0.4035198	0.4243877	0.0000000	0.0000000
1330.0043482	1559.9924558	15379.7999023	2.2996056	-0.5573902	0.0165153	0.3912913	0.4277406	0.0000000	0.0000000
1325.0067276	1559.9924558	15374.8314746	2.2897465	-0.5777377	0.0135822	0.3766718	0.4199116	0.0000000	0.0000000
1320.0090417	1559.9924558	15369.8720703	2.2798873	-0.5977518	0.0124163	0.3527951	0.4233129	0.0000000	0.0000000
1314.9983984	1559.9924558	15364.9194336	2.2700282	-0.6180993	0.0136410	0.3362854	0.4198455	0.0000000	0.0000000
1310.0006648	1559.9924558	15359.9667969	2.2601690	-0.6381133	0.0163459	0.3286256	0.4284116	0.0000000	0.0000000
1305.0029693	1559.9924558	15354.7783203	2.2503099	-0.6584609	0.0164279	0.3047029	0.4290107	0.0000000	0.0000000
1300.0059589	1559.9924558	15349.8256836	2.2404507	-0.6788085	0.0156943	0.2981840	0.4317791	0.0000000	0.0000000
1295.0063540	1559.9924558	15344.8864062	2.2305915	-0.6988225	0.0158512	0.2745724	0.4377488	0.0000000	0.0000000
1290.0126310	1559.9924558	15339.9493555	2.2207324	-0.7191701	0.0163673	0.2521484	0.4343525	0.0000000	0.0000000
1285.0068833	1559.9924558	15334.7772070	2.2108732	-0.7391841	0.0159911	0.2403367	0.4416597	0.0000000	0.0000000
1280.0011129	1559.9924558	15329.8401562	2.2010141	-0.7595317	0.0140403	0.2213409	0.4238378	0.0000000	0.0000000
1275.0093966	1559.9924558	15324.9053613	2.1911549	-0.7798792	0.0148185	0.1943918	0.4326373	0.0000000	0.0000000
1270.0086294	1559.9924558	15319.9841016	2.1812958	-0.7998933	0.0177622	0.1880031	0.4315999	0.0000000	0.0000000
1265.0031208	1559.9924558	15314.8284961	2.1714366	-0.8202408	0.0154315	0.1738818	0.4258951	0.0000000	0.0000000
1260.0129909	1559.9924558	15309.9072363	2.1615775	-0.8402548	0.0143500	0.1632322	0.4352634	0.0000000	0.0000000
1255.0147454	1559.9924558	15304.9859766	2.1517183	-0.8606024	0.0116115	0.1503702	0.4393468	0.0000000	0.0000000
1250.0237205	1559.9924558	15299.8376953	2.1418592	-0.8809500	0.0115006	0.1339692	0.4342869	0.0000000	0.0000000
