1599.9954356	1519.9952813	15609.8322266	2.9640749	0.6581274	0.1251182	0.7865144	0.4062592	0.0000000	1520.0000000
1594.9925208	1519.9952813	15604.9611328	2.9541408	0.6377798	0.0386647	0.8677678	0.3938394	0.0000000	0.0000000
1589.9980278	1519.9952813	15599.8464844	2.9442817	0.6174322	0.0122113	0.8861447	0.3981896	0.0000000	0.0000000
1584.9953866	1519.9952813	15594.9753906	2.9344225	0.5974182	0.0157134	0.8482610	0.4069316	0.0000000	0.0000000
1579.9932605	1519.9952813	15589.8607422	2.9245634	0.5770706	0.0371453	0.8484445	0.4091002	0.0000000	0.0000000
1574.9903821	1519.9952813	15584.7578125	2.9147042	0.5570566	0.0714951	0.8412586	0.4082509	0.0000000	0.0000000
1569.9935429	1519.9952813	15579.9023437	2.9048451	0.5367090	0.1033224	0.8120449	0.4026465	0.0000000	0.0000000
1564.9910956	1519.9952813	15574.8041016	2.8949859	0.5163615	0.1714917	0.7979088	0.4018662	0.0000000	0.0000000
1559.9998645	1519.9952813	15569.9486328	2.8851268	0.4963474	0.2702128	0.7645086	0.4052540	0.0000000	0.0000000
1554.9972408	1519.9952813	15564.8503906	2.8752676	0.4759999	0.4145010	0.7647058	0.4033381	0.0000000	0.0000000
1549.9965481	1519.9952813	15559.7663867	2.8654085	0.4559859	0.5252061	0.7567371	0.4132268	0.0000000	0.0000000
1545.0061240	1519.9952813	15554.9267383	2.8555493	0.4356383	0.6782875	0.7546773	0.4088982	0.0000000	0.0000000
1539.9981617	1519.9952813	15549.8451074	2.8456901	0.4156243	0.6762990	0.7291727	0.4061347	0.0000000	0.0000000
1534.9961535	1519.9952813	15544.7634766	2.8358310	0.3952767	0.5767157	0.7219120	0.4076248	0.0000000	0.0000000
1530.0009296	1519.9952813	15539.9238281	2.8259718	0.3749291	0.5130924	0.7223893	0.4149055	0.0000000	0.0000000
1525.0057058	1519.9952813	15534.8586035	2.8161127	0.3549151	0.3828895	0.7386564	0.4131212	0.0000000	0.0000000
1519.9916865	1519.9952813	15529.7933789	2.8062535	0.3345675	0.2842002	0.7107194	0.4117243	0.0000000	0.0000000
1514.9965539	1519.9952813	15524.9693555	2.7963944	0.3145535	0.2407223	0.7081319	0.4094841	0.0000000	0.0000000
1510.0011622	1519.9952813	15519.9041309	2.7865352	0.2942059	0.2592042	0.6984738	0.4101459	0.0000000	0.0000000
1504.9991342	1519.9952813	15514.8420312	2.7766761	0.2738584	0.1907234	0.6680066	0.4070682	0.0000000	0.0000000
1499.9998464	1519.9952813	15509.7932129	2.7668169	0.2538444	0.1758479	0.7179935	0.4002277	0.0000000	0.0000000
1495.0012710	1519.9952813	15504.9848145	2.7569577	0.2334968	0.1294050	0.7115470	0.4118800	0.0000000	0.0000000
1489.9975133	1519.9952813	15499.9359961	2.7470986	0.2134828	0.1089725	0.7265510	0.4118539	0.0000000	0.0000000
1485.0077631	1519.9952813	15494.8871777	2.7372394	0.1931352	0.0854716	0.7154038	0.4055947	0.0000000	0.0000000
1480.0039702	1519.9952813	15489.8445312	2.7273803	0.1727876	0.1236072	0.7080076	0.4096740	0.0000000	0.0000000
1475.0073710	1519.9952813	15484.8119141	2.7175211	0.1527736	0.2055704	0.6969282	0.4015529	0.0000000	0.0000000
1470.0101807	1519.9952813	15479.7792969	2.7076620	0.1324260	0.3173181	0.6783467	0.4068369	0.0000000	0.0000000
1465.0063771	1519.9952813	15474.9863281	2.6978028	0.1124120	0.3438875	0.6781476	0.4053803	0.0000000	0.0000000
1460.0099334	1519.9952813	15469.9537109	2.6879437	0.0920644	0.2583622	0.6647095	0.4102905	0.0000000	0.0000000
1455.0133719	1519.9952813	15464.9302344	2.6780845	0.0717169	0.1535349	0.6652611	0.4068073	0.0000000	0.0000000
1450.0027566	1519.9952813	15459.9136133	2.6682254	0.0517029	0.0765953	0.6615264	0.4155502	0.0000000	0.0000000
1445.0031453	1519.9952813	15454.8969922	2.6583662	0.0313553	0.0945500	0.6646542	0.4007196	0.0000000	0.0000000
1440.0045771	1519.9952813	15449.8803711	2.6485070	0.0113413	0.2242443	0.6523273	0.4081831	0.0000000	0.0000000
1435.0050512	1519.9952813	15444.8637500	2.6386479	-0.0090063	0.4079392	0.6338024	0.4123208	0.0000000	0.0000000
1430.0054103	1519.9952813	15439.8602441	2.6287887	-0.0290203	0.5098286	0.6119739	0.4087161	0.0000000	0.0000000
1424.9990761	1519.9952813	15434.8598242	2.6189296	-0.0493679	0.4664773	0.6017146	0.4151829	0.0000000	0.0000000
1420.0059019	1519.9952813	15429.8594043	2.6090704	-0.0697155	0.3729337	0.6069375	0.4059558	0.0000000	0.0000000
1415.0000204	1519.9952813	15424.8589844	2.5992113	-0.0897295	0.3016632	0.5934680	0.4113759	0.0000000	0.0000000
1410.0061564	1519.9952813	15419.8593262	2.5893521	-0.1100771	0.2515829	0.5985195	0.4002944	0.0000000	0.0000000
1405.0065316	1519.9952813	15414.8749023	2.5794930	-0.1300911	0.2155856	0.5689941	0.4148195	0.0000000	0.0000000
1399.9939120	1519.9952813	15409.8904785	2.5696338	-0.1504386	0.1668580	0.5568450	0.4104750	0.0000000	0.0000000
1395.0031046	1519.9952813	15404.9060547	2.5597746	-0.1707862	0.1573875	0.5481430	0.4204735	0.0000000	0.0000000
1389.9976768	1519.9952813	15399.9216309	2.5499155	-0.1908002	0.1611040	0.5540325	0.4092321	0.0000000	0.0000000
1385.0053575	1519.9952813	15394.9417773	2.5400563	-0.2111478	0.1123689	0.5463383	0.4068306	0.0000000	0.0000000
1380.0015352	1519.9952813	15389.9733496	2.5301972	-0.2311618	0.0644176	0.5196780	0.4055281	0.0000000	0.0000000
1375.0037561	1519.9952813	15384.7683301	2.5203380	-0.2515094	0.0484545	0.5238403	0.4048566	0.0000000	0.0000000
1369.9998590	1519.9952813	15379.7999023	2.5104789	-0.2718570	0.0982074	0.5067086	0.4013967	0.0000000	0.0000000
1364.9954405	1519.9952813	15374.8314746	2.5006197	-0.2918710	0.2603110	0.4956178	0.4079868	0.0000000	0.0000000
1360.0097601	1519.9952813	15369.8720703	2.4907606	-0.3122186	0.4121904	0.4869482	0.4086534	0.0000000	0.0000000
1355.0059831	1519.9952813	15364.9194336	2.4809014	-0.3322326	0.4626167	0.4755006	0.4104938	0.0000000	0.0000000
1350.0030554	1519.9952813	15359.9667969	2.4710423	-0.3525801	0.3660715	0.4519977	0.4106327	0.0000000	0.0000000
1345.0035932	1519.9952813	15354.7783203	2.4611831	-0.3709263	0.2385269	0.4217106	0.4048862	0.0000000	0.0000000
1340.0126684	1519.9952813	15349.8256836	2.4513239	-0.3929417	0.2123964	0.4142044	0.4025441	0.0000000	0.0000000
1334.9945685	1519.9952813	15344.8864062	2.4414648	-0.4132893	0.3050298	0.4000912	0.4022799	0.0000000	0.0000000
1330.0043482	1519.9952813	15339.9493555	2.4316056	-0.4333033	0.4161322	0.3950651	0.4063596	0.0000000	0.0000000
1325.0135365	1519.9952813	15334.7772070	2.4217465	-0.4536509	0.4132755	0.3706763	0.4011624	0.0000000	0.0000000
1320.0090417	1519.9952813	15329.8401562	2.4118873	-0.4736649	0.3006860	0.3513341	0.3992837	0.0000000	0.0000000
1314.9983984	1519.9952813	15324.9053613	2.4020282	-0.4940125	0.1745354	0.3334176	0.4053651	0.0000000	0.0000000
1310.0006648	1519.9952813	15319.9841016	2.3921690	-0.5143601	0.0909977	0.3137360	0.3992081	0.0000000	0.0000000
1305.0029693	1519.9952813	15314.8284961	2.3823099	-0.5343741	0.0539879	0.3169362	0.4028175	0.0000000	0.0000000
1300.0127676	1519.9952813	15309.9072363	2.3724507	-0.5547216	0.0589824	0.2947936	0.4095397	0.0000000	0.0000000
1295.0137288	1519.9952813	15304.9859766	2.3625915	-0.5747356	0.0969967	0.2732847	0.3983395	0.0000000	0.0000000
1290.0126310	1519.9952813	15299.8376953	2.3527324	-0.5950832	0.1277150	0.2591703	0.4034163	0.0000000	0.0000000
1285.0142992	1519.9952813	15294.9318164	2.3428732	-0.6154308	0.1572064	0.2412400	0.3959611	0.0000000	0.0000000
1280.0159472	1519.9952813	15289.7923242	2.3330141	-0.6354448	0.2228441	0.2316591	0.4018519	0.0000000	0.0000000
1275.0093966	1519.9952813	15284.8864453	2.3231549	-0.6557924	0.4071515	0.2198617	0.4052926	0.0000000	0.0000000
1270.0009934	1519.9952813	15279.9805664	2.3132958	-0.6758064	0.5645177	0.1985735	0.4063722	0.0000000	0.0000000
1265.0031208	1519.9952813	15274.8536914	2.3034366	-0.6961540	0.5740333	0.1833044	0.4022046	0.0000000	0.0000000
1260.0211049	1519.9952813	15269.9633984	2.2935775	-0.7165016	0.4086083	0.1726814	0.4135906	0.0000000	0.0000000
1255.0147454	1519.9952813	15264.8402344	2.2837183	-0.7365156	0.2569512	0.1578095	0.4080374	0.0000000	0.0000000
1250.0237205	1519.9952813	15259.9499414	2.2738592	-0.7568631	0.1491952	0.1488710	0.4091752	0.0000000	0.0000000
