1599.9894452	1510.0020937	15599.8464844	2.9970980	0.6891491	0.0771669	0.8113443	0.4153232	0.0000000	1510.0000000
1594.9925208	1510.0020937	15594.9753906	2.9871408	0.6688015	0.0333618	0.8630788	0.4033888	0.0000000	0.0000000
1590.0036367	1510.0020937	15589.8607422	2.9772817	0.6484539	0.0117095	0.8839126	0.3998805	0.0000000	0.0000000
1584.9953866	1510.0020937	15584.7578125	2.9674225	0.6284399	0.0132443	0.8786387	0.4016080	0.0000000	0.0000000
1579.9988693	1510.0020937	15579.9023437	2.9575634	0.6080923	0.0265923	0.8547017	0.4098340	0.0000000	0.0000000
1574.9903821	1510.0020937	15574.8041016	2.9477042	0.5880783	0.0439171	0.8460127	0.4038396	0.0000000	0.0000000
1569.9935429	1510.0020937	15569.9486328	2.9378451	0.5677307	0.0839492	0.8386221	0.4043822	0.0000000	0.0000000
1564.9910956	1510.0020937	15564.8503906	2.9279859	0.5473832	0.1271201	0.7990444	0.4023861	0.0000000	0.0000000
1559.9998645	1510.0020937	15559.7663867	2.9181268	0.5273692	0.2093483	0.7769039	0.4068578	0.0000000	0.0000000
1554.9972408	1510.0020937	15554.9267383	2.9082676	0.5070216	0.3061860	0.7636968	0.4083396	0.0000000	0.0000000
1549.9908346	1510.0020937	15549.8451074	2.8984085	0.4870076	0.2962679	0.7504540	0.4105231	0.0000000	0.0000000
1544.9998486	1510.0020937	15544.7634766	2.8885493	0.4666600	0.3011932	0.7317671	0.4134342	0.0000000	0.0000000
1539.9918854	1510.0020937	15539.9238281	2.8786901	0.4463124	0.3017797	0.7307532	0.4027264	0.0000000	0.0000000
1534.9961535	1510.0020937	15534.8586035	2.8688310	0.4262984	0.2780532	0.7165542	0.4008235	0.0000000	0.0000000
1529.9946542	1510.0020937	15529.7933789	2.8589718	0.4059508	0.2679137	0.7181452	0.4050192	0.0000000	0.0000000
1525.0057058	1510.0020937	15524.9693555	2.8491127	0.3859368	0.2269637	0.7112149	0.4019458	0.0000000	0.0000000
1519.9916865	1510.0020937	15519.9041309	2.8392535	0.3655892	0.2121991	0.7124727	0.4051770	0.0000000	0.0000000
1514.9965539	1510.0020937	15514.8420312	2.8293944	0.3452417	0.2347728	0.6883158	0.4064118	0.0000000	0.0000000
1510.0011622	1510.0020937	15509.7932129	2.8195352	0.3252277	0.2604730	0.7107731	0.4039868	0.0000000	0.0000000
1504.9991342	1510.0020937	15504.9848145	2.8096761	0.3048801	0.2145735	0.6978878	0.4090534	0.0000000	0.0000000
1499.9935148	1510.0020937	15499.9359961	2.7998169	0.2848661	0.1438070	0.7044702	0.4082826	0.0000000	0.0000000
1494.9945089	1510.0020937	15494.8871777	2.7899577	0.2645185	0.1307959	0.7172587	0.4127925	0.0000000	0.0000000
1489.9975133	1510.0020937	15489.8445312	2.7800986	0.2445045	0.1130988	0.7160621	0.4083682	0.0000000	0.0000000
1485.0010010	1510.0020937	15484.8119141	2.7702394	0.2241569	0.0876808	0.7460056	0.3903219	0.0000000	0.0000000
1479.9972092	1510.0020937	15479.7792969	2.7603803	0.2038093	0.1132269	0.7185228	0.3981087	0.0000000	0.0000000
1475.0006089	1510.0020937	15474.9863281	2.7505211	0.1837953	0.1727964	0.7017682	0.4013958	0.0000000	0.0000000
1470.0034186	1510.0020937	15469.9537109	2.7406620	0.1634477	0.2670435	0.6896320	0.4101513	0.0000000	0.0000000
1464.9928549	1510.0020937	15464.9302344	2.7308028	0.1434337	0.2998912	0.6828169	0.4060282	0.0000000	0.0000000
1460.0031723	1510.0020937	15459.9136133	2.7209437	0.1230862	0.2503330	0.6693418	0.4053213	0.0000000	0.0000000
1455.0066100	1510.0020937	15454.8969922	2.7110845	0.1027386	0.1574601	0.6802708	0.4024293	0.0000000	0.0000000
1449.9892324	1510.0020937	15449.8803711	2.7012254	0.0827246	0.0698965	0.6729223	0.4072875	0.0000000	0.0000000
1444.9966097	1510.0020937	15444.8637500	2.6913662	0.0623770	0.0749889	0.6693456	0.4039790	0.0000000	0.0000000
1439.9983277	1510.0020937	15439.8602441	2.6815070	0.0423630	0.1786146	0.6645822	0.3993774	0.0000000	0.0000000
1435.0050512	1510.0020937	15434.8598242	2.6716479	0.0220154	0.3880515	0.6470105	0.4036736	0.0000000	0.0000000
1429.9991600	1510.0020937	15429.8594043	2.6617887	0.0016678	0.5319985	0.6226569	0.4114923	0.0000000	0.0000000
1424.9928269	1510.0020937	15424.8589844	2.6519296	-0.0183462	0.5504408	0.6153640	0.4076683	0.0000000	0.0000000
1420.0059019	1510.0020937	15419.8593262	2.6420704	-0.0386938	0.4566763	0.6030232	0.4092993	0.0000000	0.0000000
1414.9937701	1510.0020937	15414.8749023	2.6322113	-0.0587078	0.3506709	0.5997244	0.4146843	0.0000000	0.0000000
1409.9999070	1510.0020937	15409.8904785	2.6223521	-0.0790553	0.2912747	0.5847742	0.4058228	0.0000000	0.0000000
1405.0002814	1510.0020937	15404.9060547	2.6124930	-0.0994029	0.2348916	0.5812861	0.4153060	0.0000000	0.0000000
1399.9939120	1510.0020937	15399.9216309	2.6026338	-0.1194169	0.1806509	0.5666499	0.4056863	0.0000000	0.0000000
1394.9969913	1510.0020937	15394.9417773	2.5927746	-0.1397645	0.1737765	0.5478252	0.4131702	0.0000000	0.0000000
1389.9916327	1510.0020937	15389.9733496	2.5829155	-0.1597785	0.1583650	0.5578264	0.4088742	0.0000000	0.0000000
1385.0053575	1510.0020937	15384.7683301	2.5730563	-0.1801261	0.1135023	0.5412523	0.4136593	0.0000000	0.0000000
1379.9954919	1510.0020937	15379.7999023	2.5631972	-0.2001401	0.0781055	0.5360490	0.4027033	0.0000000	0.0000000
1375.0037561	1510.0020937	15374.8314746	2.5533380	-0.2204877	0.0503674	0.5105062	0.4138215	0.0000000	0.0000000
1369.9938149	1510.0020937	15369.8720703	2.5434789	-0.2408353	0.1029575	0.5208572	0.4028563	0.0000000	0.0000000
1364.9954405	1510.0020937	15364.9194336	2.5336197	-0.2608493	0.2333445	0.4879679	0.4010435	0.0000000	0.0000000
1360.0097601	1510.0020937	15359.9667969	2.5237606	-0.2811968	0.3884054	0.4792112	0.4059974	0.0000000	0.0000000
1354.9999390	1510.0020937	15354.7783203	2.5139014	-0.3012108	0.4449049	0.4653811	0.4018016	0.0000000	0.0000000
1349.9905185	1510.0020937	15349.8256836	2.5040423	-0.3215584	0.4099644	0.4523353	0.4175691	0.0000000	0.0000000
1345.0035932	1510.0020937	15344.8864062	2.4941831	-0.3419060	0.2794419	0.4474778	0.4152379	0.0000000	0.0000000
1340.0058595	1510.0020937	15339.9493555	2.4843239	-0.3619200	0.2213457	0.4239199	0.4175588	0.0000000	0.0000000
1335.0013764	1510.0020937	15334.7772070	2.4744648	-0.3822676	0.3007467	0.4130859	0.4087804	0.0000000	0.0000000
1330.0043482	1510.0020937	15329.8401562	2.4646056	-0.4022816	0.4273217	0.4028884	0.4029312	0.0000000	0.0000000
1325.0067276	1510.0020937	15324.9053613	2.4547465	-0.4226292	0.4354838	0.3779135	0.4098124	0.0000000	0.0000000
1320.0090417	1510.0020937	15319.9841016	2.4448873	-0.4429768	0.3301548	0.3694092	0.4045750	0.0000000	0.0000000
1315.0052073	1510.0020937	15314.8284961	2.4350282	-0.4629908	0.2034435	0.3439810	0.4091377	0.0000000	0.0000000
1310.0006648	1510.0020937	15309.9072363	2.4251690	-0.4833383	0.1135820	0.3312634	0.4149838	0.0000000	0.0000000
1305.0029693	1510.0020937	15304.9859766	2.4153099	-0.5033523	0.0708516	0.3167466	0.4118479	0.0000000	0.0000000
1300.0127676	1510.0020937	15299.8376953	2.4054507	-0.5236999	0.0681479	0.3059321	0.4053280	0.0000000	0.0000000
1295.0063540	1510.0020937	15294.9318164	2.3955915	-0.5440475	0.0996489	0.2839224	0.4077711	0.0000000	0.0000000
1290.0126310	1510.0020937	15289.7923242	2.3857324	-0.5640615	0.1387921	0.2726820	0.4083351	0.0000000	0.0000000
1285.0142992	1510.0020937	15284.8864453	2.3758732	-0.5844091	0.1545475	0.2595607	0.4130523	0.0000000	0.0000000
1280.0159472	1510.0020937	15279.9805664	2.3660141	-0.6044231	0.2178538	0.2380922	0.4157927	0.0000000	0.0000000
1275.0168126	1510.0020937	15274.8536914	2.3561549	-0.6247707	0.4052865	0.2238694	0.4078717	0.0000000	0.0000000
1270.0009934	1510.0020937	15269.9633984	2.3462958	-0.6447847	0.6429702	0.2066882	0.4151232	0.0000000	0.0000000
1265.0112348	1510.0020937	15264.8402344	2.3364366	-0.6651323	0.6367919	0.1913534	0.4137168	0.0000000	0.0000000
1260.0211049	1510.0020937	15259.9499414	2.3265775	-0.6854798	0.4760295	0.1754293	0.4065162	0.0000000	0.0000000
1255.0147454	1510.0020937	15254.8289746	2.3167183	-0.7054938	0.2892006	0.1585658	0.4160201	0.0000000	0.0000000
1250.0237205	1510.0020937	15249.9540625	2.3068592	-0.7258414	0.1538856	0.1486611	0.4118086	0.0000000	0.0000000
