1599.9894452	1495.0089780	15584.7578125	3.0464659	0.7355149	0.0217928	0.8080512	0.4000813	0.0000000	1495.0000000
1594.9984053	1495.0089780	15579.9023437	3.0366408	0.7151673	0.0336888	0.8629020	0.4072586	0.0000000	0.0000000
1589.9980278	1495.0089780	15574.8041016	3.0267817	0.6951533	0.0332220	0.8692476	0.4041948	0.0000000	0.0000000
1584.9953866	1495.0089780	15569.9486328	3.0169225	0.6748057	0.0373612	0.8582881	0.4079418	0.0000000	0.0000000
1579.9988693	1495.0089780	15564.8503906	3.0070634	0.6547917	0.0377296	0.8434323	0.4072195	0.0000000	0.0000000
1574.9903821	1495.0089780	15559.7663867	2.9972042	0.6344441	0.0346918	0.8258436	0.4059614	0.0000000	0.0000000
1569.9935429	1495.0089780	15554.9267383	2.9873451	0.6140965	0.0383431	0.8265620	0.4007271	0.0000000	0.0000000
1564.9910956	1495.0089780	15549.8451074	2.9774859	0.5940825	0.0427979	0.7893754	0.4020623	0.0000000	0.0000000
1559.9998645	1495.0089780	15544.7634766	2.9676268	0.5737349	0.0453824	0.7554535	0.4081115	0.0000000	0.0000000
1554.9972408	1495.0089780	15539.9238281	2.9577676	0.5537209	0.0439404	0.7679061	0.4083680	0.0000000	0.0000000
1549.9965481	1495.0089780	15534.8586035	2.9479085	0.5333734	0.0393263	0.7550116	0.4126094	0.0000000	0.0000000
1544.9998486	1495.0089780	15529.7933789	2.9380493	0.5130258	0.0317216	0.7437671	0.4100374	0.0000000	0.0000000
1539.9981617	1495.0089780	15524.9693555	2.9281901	0.4930118	0.0426708	0.7347601	0.4075818	0.0000000	0.0000000
1534.9961535	1495.0089780	15519.9041309	2.9183310	0.4726642	0.0732241	0.7327282	0.4038599	0.0000000	0.0000000
1529.9946542	1495.0089780	15514.8420312	2.9084718	0.4526502	0.1115365	0.7317907	0.4076824	0.0000000	0.0000000
1525.0057058	1495.0089780	15509.7932129	2.8986127	0.4323026	0.1254430	0.7269924	0.4060116	0.0000000	0.0000000
1519.9979617	1495.0089780	15504.9848145	2.8887535	0.4119550	0.1435410	0.7242343	0.3982694	0.0000000	0.0000000
1514.9965539	1495.0089780	15499.9359961	2.8788944	0.3919410	0.1581537	0.7003180	0.4037767	0.0000000	0.0000000
1510.0011622	1495.0089780	15494.8871777	2.8690352	0.3715934	0.1252588	0.7015206	0.4064071	0.0000000	0.0000000
1504.9991342	1495.0089780	15489.8445312	2.8591761	0.3515794	0.1009716	0.6954525	0.4094973	0.0000000	0.0000000
1499.9935148	1495.0089780	15484.8119141	2.8493169	0.3312319	0.1076901	0.7110777	0.4022819	0.0000000	0.0000000
1494.9945089	1495.0089780	15479.7792969	2.8394577	0.3112179	0.1114006	0.7163699	0.4065315	0.0000000	0.0000000
1489.9975133	1495.0089780	15474.9863281	2.8295986	0.2908703	0.0822380	0.7181703	0.4098779	0.0000000	0.0000000
1485.0010010	1495.0089780	15469.9537109	2.8197394	0.2705227	0.0547295	0.7164840	0.4058176	0.0000000	0.0000000
1480.0039702	1495.0089780	15464.9302344	2.8098803	0.2505087	0.0493701	0.7054734	0.4104600	0.0000000	0.0000000
1475.0006089	1495.0089780	15459.9136133	2.8000211	0.2301611	0.0870438	0.6894736	0.4020790	0.0000000	0.0000000
1470.0101807	1495.0089780	15454.8969922	2.7901620	0.2101471	0.1542187	0.6957819	0.3965732	0.0000000	0.0000000
1464.9996160	1495.0089780	15449.8803711	2.7803028	0.1897995	0.1762880	0.6782860	0.4004569	0.0000000	0.0000000
1460.0031723	1495.0089780	15444.8637500	2.7704437	0.1694519	0.1602288	0.6821196	0.3936238	0.0000000	0.0000000
1455.0066100	1495.0089780	15439.8602441	2.7605845	0.1494379	0.0993884	0.6716541	0.4047149	0.0000000	0.0000000
1450.0027566	1495.0089780	15434.8598242	2.7507254	0.1290904	0.0392089	0.6761965	0.4040715	0.0000000	0.0000000
1445.0031453	1495.0089780	15429.8594043	2.7408662	0.1090764	0.0269457	0.6585311	0.4003120	0.0000000	0.0000000
1440.0045771	1495.0089780	15424.8589844	2.7310070	0.0887288	0.0887944	0.6437787	0.4094802	0.0000000	0.0000000
1435.0050512	1495.0089780	15419.8593262	2.7211479	0.0683812	0.2288795	0.6427107	0.4084279	0.0000000	0.0000000
1429.9929097	1495.0089780	15414.8749023	2.7112887	0.0483672	0.3320275	0.6019569	0.4108807	0.0000000	0.0000000
1424.9990761	1495.0089780	15409.8904785	2.7014296	0.0280196	0.3549264	0.6231082	0.4096766	0.0000000	0.0000000
1420.0059019	1495.0089780	15404.9060547	2.6915704	0.0080056	0.3235231	0.6017699	0.4045769	0.0000000	0.0000000
1414.9937701	1495.0089780	15399.9216309	2.6817113	-0.0123420	0.2202804	0.5968756	0.4053287	0.0000000	0.0000000
1409.9936575	1495.0089780	15394.9417773	2.6718521	-0.0326895	0.1633225	0.6011128	0.3969136	0.0000000	0.0000000
1405.0002814	1495.0089780	15389.9733496	2.6619930	-0.0527036	0.1414902	0.5788320	0.4073665	0.0000000	0.0000000
1399.9939120	1495.0089780	15384.7683301	2.6521338	-0.0730511	0.0933611	0.5559177	0.4045341	0.0000000	0.0000000
1394.9969913	1495.0089780	15379.7999023	2.6422746	-0.0930651	0.0771547	0.5553157	0.4049016	0.0000000	0.0000000
1389.9916327	1495.0089780	15374.8314746	2.6324155	-0.1134127	0.0781614	0.5369535	0.4119551	0.0000000	0.0000000
1385.0053575	1495.0089780	15369.8720703	2.6225563	-0.1334267	0.0611619	0.5235737	0.4111937	0.0000000	0.0000000
1379.9954919	1495.0089780	15364.9194336	2.6126972	-0.1537743	0.0470189	0.5339508	0.4099869	0.0000000	0.0000000
1375.0037561	1495.0089780	15359.9667969	2.6028380	-0.1741219	0.0321107	0.5200128	0.4113002	0.0000000	0.0000000
1369.9998590	1495.0089780	15354.7783203	2.5929789	-0.1941359	0.0539830	0.5075050	0.4075027	0.0000000	0.0000000
1364.9954405	1495.0089780	15349.8256836	2.5831197	-0.2144835	0.1214917	0.4855477	0.4162443	0.0000000	0.0000000
1360.0097601	1495.0089780	15344.8864062	2.5732606	-0.2344975	0.2281481	0.4812649	0.4106047	0.0000000	0.0000000
1354.9999390	1495.0089780	15339.9493555	2.5634014	-0.2548451	0.2534366	0.4669981	0.4159661	0.0000000	0.0000000
1349.9905185	1495.0089780	15334.7772070	2.5535423	-0.2751926	0.2317717	0.4429102	0.4146514	0.0000000	0.0000000
1345.0035932	1495.0089780	15329.8401562	2.5436831	-0.2952066	0.1694099	0.4342966	0.4159014	0.0000000	0.0000000
1340.0058595	1495.0089780	15324.9053613	2.5338239	-0.3155542	0.1452582	0.4227429	0.4087244	0.0000000	0.0000000
1335.0013764	1495.0089780	15319.9841016	2.5239648	-0.3355682	0.2049684	0.4101827	0.4162913	0.0000000	0.0000000
1330.0043482	1495.0089780	15314.8284961	2.5141056	-0.3559158	0.2465762	0.3974904	0.4118444	0.0000000	0.0000000
1325.0067276	1495.0089780	15309.9072363	2.5042465	-0.3762634	0.2588649	0.3783298	0.4111951	0.0000000	0.0000000
1320.0090417	1495.0089780	15304.9859766	2.4943873	-0.3962774	0.2006764	0.3631350	0.4068847	0.0000000	0.0000000
1315.0052073	1495.0089780	15299.8376953	2.4845282	-0.4166250	0.1181472	0.3323942	0.4132781	0.0000000	0.0000000
1310.0006648	1495.0089780	15294.9318164	2.4746690	-0.4366390	0.0745093	0.3266865	0.4086173	0.0000000	0.0000000
1305.0029693	1495.0089780	15289.7923242	2.4648099	-0.4569866	0.0532532	0.3188451	0.3986614	0.0000000	0.0000000
1300.0059589	1495.0089780	15284.8864453	2.4549507	-0.4773341	0.0427664	0.2960602	0.4021400	0.0000000	0.0000000
1294.9989791	1495.0089780	15279.9805664	2.4450915	-0.4973481	0.0635452	0.2761941	0.4076267	0.0000000	0.0000000
1290.0126310	1495.0089780	15274.8536914	2.4352324	-0.5176957	0.0740927	0.2621381	0.4094954	0.0000000	0.0000000
1285.0068833	1495.0089780	15269.9633984	2.4253732	-0.5377097	0.0931035	0.2498853	0.4081736	0.0000000	0.0000000
1280.0085301	1495.0089780	15264.8402344	2.4155141	-0.5580573	0.1250172	0.2239691	0.4150737	0.0000000	0.0000000
1275.0093966	1495.0089780	15259.9499414	2.4056549	-0.5780713	0.2406638	0.2073366	0.4135304	0.0000000	0.0000000
1270.0009934	1495.0089780	15254.8289746	2.3957958	-0.5984189	0.3634728	0.1876477	0.4128994	0.0000000	0.0000000
1265.0031208	1495.0089780	15249.9540625	2.3859366	-0.6187665	0.3706418	0.1762196	0.4131948	0.0000000	0.0000000
1260.0129909	1495.0089780	15244.8470117	2.3760775	-0.6387805	0.2392981	0.1685913	0.4091698	0.0000000	0.0000000
1255.0147454	1495.0089780	15239.9720996	2.3662183	-0.6591281	0.1556797	0.1638715	0.4160809	0.0000000	0.0000000
1250.0156050	1495.0089780	15234.8650488	2.3563592	-0.6791421	0.0986589	0.1473856	0.4106287	0.0000000	0.0000000
