1599.9954356	1415.0064501	15504.9848145	3.3106508	0.9833550	0.0589218	0.7849932	0.3076158	0.0000000	1415.0000000
1594.9925208	1415.0064501	15499.9359961	3.3006438	0.9633410	0.0980835	0.8544098	0.3147750	0.0000000	0.0000000
1589.9980278	1415.0064501	15494.8871777	3.2907817	0.9429934	0.0906599	0.8584902	0.3172925	0.0000000	0.0000000
1584.9897793	1415.0064501	15489.8445312	3.2809225	0.9229794	0.0723074	0.8506037	0.3109635	0.0000000	0.0000000
1579.9932605	1415.0064501	15484.8119141	3.2710634	0.9026318	0.0512937	0.8131214	0.3118237	0.0000000	0.0000000
1574.9903821	1415.0064501	15479.7792969	3.2612042	0.8822843	0.0373688	0.8275714	0.3074888	0.0000000	0.0000000
1569.9879348	1415.0064501	15474.9863281	3.2513451	0.8622703	0.0245314	0.7991138	0.3079419	0.0000000	0.0000000
1564.9854875	1415.0064501	15469.9537109	3.2414859	0.8419227	0.0191805	0.7701259	0.3112004	0.0000000	0.0000000
1559.9942564	1415.0064501	15464.9302344	3.2316268	0.8219087	0.0217495	0.7536784	0.3080626	0.0000000	0.0000000
1554.9972408	1415.0064501	15459.9136133	3.2217676	0.8015611	0.0301860	0.7479266	0.3108950	0.0000000	0.0000000
1549.9908346	1415.0064501	15454.8969922	3.2119085	0.7815471	0.0394108	0.7452666	0.3104065	0.0000000	0.0000000
1544.9998486	1415.0064501	15449.8803711	3.2020493	0.7611995	0.0686763	0.7256718	0.3182800	0.0000000	0.0000000
1539.9918854	1415.0064501	15444.8637500	3.1921901	0.7408519	0.1069855	0.7324142	0.3098284	0.0000000	0.0000000
1534.9898781	1415.0064501	15439.8602441	3.1823310	0.7208379	0.1364891	0.7327632	0.3081343	0.0000000	0.0000000
1529.9946542	1415.0064501	15434.8598242	3.1724718	0.7004903	0.2064181	0.7181165	0.3104785	0.0000000	0.0000000
1524.9994304	1415.0064501	15429.8594043	3.1626127	0.6804763	0.2885544	0.7254879	0.3081423	0.0000000	0.0000000
1519.9916865	1415.0064501	15424.8589844	3.1527535	0.6601288	0.3764515	0.7210111	0.3063516	0.0000000	0.0000000
1514.9965539	1415.0064501	15419.8593262	3.1428944	0.6397812	0.4550237	0.7121077	0.3119694	0.0000000	0.0000000
1509.9948860	1415.0064501	15414.8749023	3.1330352	0.6197672	0.4240021	0.6901771	0.3091796	0.0000000	0.0000000
1504.9928588	1415.0064501	15409.8904785	3.1231761	0.5994196	0.3754109	0.7014750	0.3106489	0.0000000	0.0000000
1499.9935148	1415.0064501	15404.9060547	3.1133169	0.5794056	0.3202706	0.7021084	0.3173510	0.0000000	0.0000000
1494.9945089	1415.0064501	15399.9216309	3.1034577	0.5590580	0.2269980	0.7124927	0.3127034	0.0000000	0.0000000
1489.9975133	1415.0064501	15394.9417773	3.0935986	0.5387104	0.1693907	0.7123891	0.3127180	0.0000000	0.0000000
1485.0010010	1415.0064501	15389.9733496	3.0837394	0.5186964	0.0959006	0.6983847	0.3201635	0.0000000	0.0000000
1479.9904481	1415.0064501	15384.7683301	3.0738803	0.4983488	0.0523640	0.7206084	0.3060538	0.0000000	0.0000000
1474.9938468	1415.0064501	15379.7999023	3.0640211	0.4783348	0.0661860	0.6818776	0.3112892	0.0000000	0.0000000
1470.0034186	1415.0064501	15374.8314746	3.0541620	0.4579873	0.1122767	0.6765691	0.3160814	0.0000000	0.0000000
1464.9928549	1415.0064501	15369.8720703	3.0443028	0.4376397	0.1951697	0.6746602	0.3128149	0.0000000	0.0000000
1459.9964112	1415.0064501	15364.9194336	3.0344437	0.4176257	0.1791906	0.6634640	0.3105388	0.0000000	0.0000000
1455.0066100	1415.0064501	15359.9667969	3.0245845	0.3972781	0.1163766	0.6562794	0.3026294	0.0000000	0.0000000
1449.9959945	1415.0064501	15354.7783203	3.0147254	0.3772641	0.0547566	0.6599918	0.3060496	0.0000000	0.0000000
1444.9966097	1415.0064501	15349.8256836	3.0048662	0.3569165	0.0306180	0.6476834	0.3179107	0.0000000	0.0000000
1439.9983277	1415.0064501	15344.8864062	2.9950070	0.3369025	0.0609095	0.6451605	0.3106171	0.0000000	0.0000000
1435.0050512	1415.0064501	15339.9493555	2.9851479	0.3165549	0.1751270	0.6267225	0.3086023	0.0000000	0.0000000
1429.9991600	1415.0064501	15334.7772070	2.9752887	0.2962073	0.2603490	0.6148433	0.3122456	0.0000000	0.0000000
1424.9928269	1415.0064501	15329.8401562	2.9654296	0.2761933	0.3155085	0.6012782	0.3128348	0.0000000	0.0000000
1420.0059019	1415.0064501	15324.9053613	2.9555704	0.2558458	0.2640680	0.5957597	0.3139266	0.0000000	0.0000000
1414.9875199	1415.0064501	15319.9841016	2.9457113	0.2358317	0.2171403	0.5949305	0.3136757	0.0000000	0.0000000
1409.9936575	1415.0064501	15314.8284961	2.9358521	0.2154842	0.1923077	0.5784724	0.3084537	0.0000000	0.0000000
1404.9940311	1415.0064501	15309.9072363	2.9259930	0.1951366	0.1664200	0.5766360	0.3141583	0.0000000	0.0000000
1399.9876626	1415.0064501	15304.9859766	2.9161338	0.1751226	0.1331992	0.5546904	0.3112976	0.0000000	0.0000000
1394.9969913	1415.0064501	15299.8376953	2.9062746	0.1547750	0.1169662	0.5449056	0.3109398	0.0000000	0.0000000
1389.9916327	1415.0064501	15294.9318164	2.8964155	0.1347610	0.1186240	0.5441257	0.3161670	0.0000000	0.0000000
1384.9993143	1415.0064501	15289.7923242	2.8865563	0.1144134	0.1042299	0.5159429	0.3126681	0.0000000	0.0000000
1379.9954919	1415.0064501	15284.8864453	2.8766972	0.0940658	0.0789788	0.5185554	0.3185230	0.0000000	0.0000000
1374.9916695	1415.0064501	15279.9805664	2.8668380	0.0740518	0.0616509	0.5045618	0.3108524	0.0000000	0.0000000
1369.9938149	1415.0064501	15274.8536914	2.8569789	0.0537043	0.0467130	0.4908627	0.3186226	0.0000000	0.0000000
1364.9893972	1415.0064501	15269.9633984	2.8471197	0.0336902	0.0892932	0.4592546	0.3237553	0.0000000	0.0000000
1360.0037170	1415.0064501	15264.8402344	2.8372606	0.0133427	0.1674347	0.4633965	0.3099365	0.0000000	0.0000000
1354.9999390	1415.0064501	15259.9499414	2.8274014	-0.0070049	0.2168818	0.4412712	0.3135544	0.0000000	0.0000000
1349.9842500	1415.0064501	15254.8289746	2.8175423	-0.0270189	0.2160359	0.4267234	0.3123868	0.0000000	0.0000000
1344.9967843	1415.0064501	15249.9540625	2.8076831	-0.0473665	0.1825311	0.4253618	0.3098425	0.0000000	0.0000000
1340.0058595	1415.0064501	15244.8470117	2.7978239	-0.0673805	0.1561449	0.4222036	0.3096720	0.0000000	0.0000000
1334.9945685	1415.0064501	15239.9720996	2.7879648	-0.0877281	0.1879034	0.4012824	0.3140383	0.0000000	0.0000000
1329.9975394	1415.0064501	15234.8650488	2.7781056	-0.1077421	0.2702861	0.3814218	0.3118635	0.0000000	0.0000000
1324.9999187	1415.0064501	15229.9973633	2.7682465	-0.1280897	0.2992312	0.3679386	0.3183595	0.0000000	0.0000000
1320.0022339	1415.0064501	15224.9062109	2.7583873	-0.1484372	0.2399082	0.3445228	0.3079586	0.0000000	0.0000000
1314.9983984	1415.0064501	15219.8150586	2.7485282	-0.1684512	0.1523063	0.3274359	0.3122864	0.0000000	0.0000000
1309.9938559	1415.0064501	15214.9553223	2.7386690	-0.1887988	0.1107572	0.3181483	0.3127534	0.0000000	0.0000000
1305.0029693	1415.0064501	15209.8641699	2.7288099	-0.2088128	0.1000897	0.2899027	0.3091891	0.0000000	0.0000000
1300.0059589	1415.0064501	15204.7869336	2.7189507	-0.2291604	0.0963525	0.2872844	0.3004557	0.0000000	0.0000000
1294.9989791	1415.0064501	15199.9425781	2.7090915	-0.2495080	0.0969628	0.2668301	0.3090020	0.0000000	0.0000000
1290.0052150	1415.0064501	15194.8675391	2.6992324	-0.2695220	0.1095122	0.2502347	0.3061665	0.0000000	0.0000000
1285.0068833	1415.0064501	15189.7925000	2.6893732	-0.2898696	0.1025137	0.2387784	0.3038626	0.0000000	0.0000000
1280.0011129	1415.0064501	15184.9517090	2.6795141	-0.3098836	0.1173981	0.2155526	0.3118395	0.0000000	0.0000000
1275.0093966	1415.0064501	15179.8923535	2.6696549	-0.3302312	0.2076152	0.1969987	0.3197604	0.0000000	0.0000000
1270.0009934	1415.0064501	15174.8329980	2.6597958	-0.3505787	0.2961113	0.1768574	0.3105169	0.0000000	0.0000000
1265.0031208	1415.0064501	15169.7736426	2.6499366	-0.3705927	0.3570811	0.1708743	0.3111888	0.0000000	0.0000000
1260.0048768	1415.0064501	15164.9442578	2.6400775	-0.3909403	0.2856781	0.1576670	0.3121699	0.0000000	0.0000000
1255.0147454	1415.0064501	15159.8950195	2.6302183	-0.4109543	0.1896382	0.1447946	0.3082324	0.0000000	0.0000000
1250.0156050	1415.0064501	15154.8515625	2.6203592	-0.4313019	0.1311365	0.1235056	0.3111722	0.0000000	0.0000000
