1599.9954356	1399.9977326	15489.8445312	3.3600187	1.0300544	0.0251885	0.7881823	0.2951753	0.0000000	1400.0000000
1594.9925208	1399.9977326	15484.8119141	3.3501408	1.0097068	0.0497378	0.8627902	0.2985774	0.0000000	0.0000000
1589.9980278	1399.9977326	15479.7792969	3.3402817	0.9896928	0.0641537	0.8630520	0.2976503	0.0000000	0.0000000
1584.9897793	1399.9977326	15474.9863281	3.3304225	0.9693452	0.0593087	0.8693098	0.2928304	0.0000000	0.0000000
1579.9932605	1399.9977326	15469.9537109	3.3205634	0.9489976	0.0518422	0.8501976	0.2977470	0.0000000	0.0000000
1574.9903821	1399.9977326	15464.9302344	3.3107042	0.9289836	0.0384120	0.8248930	0.2944196	0.0000000	0.0000000
1569.9879348	1399.9977326	15459.9136133	3.3008451	0.9086360	0.0308497	0.8118923	0.2918724	0.0000000	0.0000000
1564.9854875	1399.9977326	15454.8969922	3.2909859	0.8886220	0.0285179	0.7889975	0.2939561	0.0000000	0.0000000
1559.9942564	1399.9977326	15449.8803711	3.2811268	0.8682745	0.0242197	0.7556417	0.2922794	0.0000000	0.0000000
1554.9972408	1399.9977326	15444.8637500	3.2712676	0.8482604	0.0301434	0.7526045	0.2954771	0.0000000	0.0000000
1549.9908346	1399.9977326	15439.8602441	3.2614085	0.8279129	0.0429937	0.7593978	0.2922647	0.0000000	0.0000000
1544.9998486	1399.9977326	15434.8598242	3.2515493	0.8075653	0.0556783	0.7262206	0.2962929	0.0000000	0.0000000
1539.9918854	1399.9977326	15429.8594043	3.2416901	0.7875513	0.0824296	0.7300744	0.2894966	0.0000000	0.0000000
1534.9961535	1399.9977326	15424.8589844	3.2318310	0.7672037	0.1187185	0.7302507	0.2952955	0.0000000	0.0000000
1529.9946542	1399.9977326	15419.8593262	3.2219718	0.7471897	0.1628966	0.7225783	0.2989385	0.0000000	0.0000000
1525.0057058	1399.9977326	15414.8749023	3.2121127	0.7268421	0.2031013	0.7208491	0.2942387	0.0000000	0.0000000
1519.9916865	1399.9977326	15409.8904785	3.2022535	0.7064945	0.2579786	0.7158204	0.2884358	0.0000000	0.0000000
1514.9965539	1399.9977326	15404.9060547	3.1923944	0.6864805	0.2993151	0.7054970	0.2923328	0.0000000	0.0000000
1509.9948860	1399.9977326	15399.9216309	3.1825352	0.6661330	0.2573444	0.7026194	0.2897159	0.0000000	0.0000000
1504.9928588	1399.9977326	15394.9417773	3.1726761	0.6461189	0.2162020	0.6965636	0.2956418	0.0000000	0.0000000
1499.9935148	1399.9977326	15389.9733496	3.1628169	0.6257714	0.1709724	0.7209605	0.2928195	0.0000000	0.0000000
1494.9877468	1399.9977326	15384.7683301	3.1529577	0.6054238	0.1359569	0.7135680	0.2951177	0.0000000	0.0000000
1489.9975133	1399.9977326	15379.7999023	3.1430986	0.5854098	0.0885874	0.7278726	0.2894717	0.0000000	0.0000000
1485.0010010	1399.9977326	15374.8314746	3.1332394	0.5650622	0.0503796	0.7178087	0.2947528	0.0000000	0.0000000
1479.9904481	1399.9977326	15369.8720703	3.1233803	0.5450482	0.0308221	0.7137515	0.2919443	0.0000000	0.0000000
1474.9938468	1399.9977326	15364.9194336	3.1135211	0.5247006	0.0358942	0.6869086	0.2881797	0.0000000	0.0000000
1469.9966565	1399.9977326	15359.9667969	3.1036620	0.5043530	0.0737146	0.6740664	0.2891771	0.0000000	0.0000000
1464.9928549	1399.9977326	15354.7783203	3.0938028	0.4843390	0.1138201	0.6835902	0.2886965	0.0000000	0.0000000
1459.9964112	1399.9977326	15349.8256836	3.0839437	0.4639915	0.1033269	0.6624835	0.2906340	0.0000000	0.0000000
1455.0066100	1399.9977326	15344.8864062	3.0740845	0.4439775	0.0756150	0.6682228	0.2890415	0.0000000	0.0000000
1449.9892324	1399.9977326	15339.9493555	3.0642254	0.4236299	0.0337826	0.6700686	0.2931243	0.0000000	0.0000000
1444.9966097	1399.9977326	15334.7772070	3.0543662	0.4036159	0.0160535	0.6642254	0.2883948	0.0000000	0.0000000
1439.9920783	1399.9977326	15329.8401562	3.0445070	0.3832683	0.0377214	0.6490111	0.2860685	0.0000000	0.0000000
1435.0050512	1399.9977326	15324.9053613	3.0346479	0.3629207	0.1068185	0.6354592	0.2934531	0.0000000	0.0000000
1429.9929097	1399.9977326	15319.9841016	3.0247887	0.3429067	0.1844155	0.6252184	0.2899951	0.0000000	0.0000000
1424.9928269	1399.9977326	15314.8284961	3.0149296	0.3225591	0.2197223	0.6244591	0.2818901	0.0000000	0.0000000
1419.9996525	1399.9977326	15309.9072363	3.0050704	0.3025451	0.2002615	0.6195748	0.2907111	0.0000000	0.0000000
1414.9875199	1399.9977326	15304.9859766	2.9952113	0.2821975	0.1674950	0.6156367	0.2910114	0.0000000	0.0000000
1409.9936575	1399.9977326	15299.8376953	2.9853521	0.2618500	0.1397957	0.5940309	0.2932595	0.0000000	0.0000000
1404.9940311	1399.9977326	15294.9318164	2.9754930	0.2418360	0.1194871	0.5768587	0.2925818	0.0000000	0.0000000
1399.9876626	1399.9977326	15289.7923242	2.9656338	0.2214884	0.0835370	0.5603132	0.2946112	0.0000000	0.0000000
1394.9969913	1399.9977326	15284.8864453	2.9557746	0.2014744	0.0706833	0.5586305	0.2908814	0.0000000	0.0000000
1389.9855886	1399.9977326	15279.9805664	2.9459155	0.1811268	0.0678918	0.5367579	0.2897825	0.0000000	0.0000000
1385.0053575	1399.9977326	15274.8536914	2.9360563	0.1607792	0.0646868	0.5341757	0.2899122	0.0000000	0.0000000
1379.9954919	1399.9977326	15269.9633984	2.9261972	0.1407652	0.0529937	0.5286809	0.2923136	0.0000000	0.0000000
1374.9977128	1399.9977326	15264.8402344	2.9163380	0.1204176	0.0357096	0.5235703	0.2851978	0.0000000	0.0000000
1369.9938149	1399.9977326	15259.9499414	2.9064789	0.1004036	0.0304541	0.5090901	0.2922014	0.0000000	0.0000000
1364.9893972	1399.9977326	15254.8289746	2.8966197	0.0800560	0.0556514	0.4865884	0.2958262	0.0000000	0.0000000
1360.0037170	1399.9977326	15249.9540625	2.8867606	0.0597085	0.1072552	0.4677754	0.2940168	0.0000000	0.0000000
1354.9999390	1399.9977326	15244.8470117	2.8769014	0.0396945	0.1486444	0.4514968	0.2967438	0.0000000	0.0000000
1349.9905185	1399.9977326	15239.9720996	2.8670423	0.0193469	0.1419130	0.4506375	0.2924390	0.0000000	0.0000000
1344.9967843	1399.9977326	15234.8650488	2.8571831	-0.0006671	0.1062083	0.4193951	0.2969795	0.0000000	0.0000000
1340.0058595	1399.9977326	15229.9973633	2.8473239	-0.0210147	0.1000470	0.4200888	0.2965078	0.0000000	0.0000000
1334.9945685	1399.9977326	15224.9062109	2.8374648	-0.0413623	0.1236355	0.4026495	0.2921058	0.0000000	0.0000000
1330.0043482	1399.9977326	15219.8150586	2.8276056	-0.0613763	0.1524358	0.3854858	0.3001647	0.0000000	0.0000000
1325.0067276	1399.9977326	15214.9553223	2.8177465	-0.0817239	0.1572648	0.3738241	0.2942090	0.0000000	0.0000000
1320.0022339	1399.9977326	15209.8641699	2.8078873	-0.1017379	0.1175150	0.3446502	0.2909376	0.0000000	0.0000000
1314.9983984	1399.9977326	15204.7869336	2.7980282	-0.1220855	0.0889860	0.3455143	0.2936216	0.0000000	0.0000000
1309.9938559	1399.9977326	15199.9425781	2.7881690	-0.1420995	0.0680109	0.3253273	0.2960885	0.0000000	0.0000000
1305.0029693	1399.9977326	15194.8675391	2.7783099	-0.1624470	0.0680419	0.3039579	0.2989924	0.0000000	0.0000000
1300.0059589	1399.9977326	15189.7925000	2.7684507	-0.1827946	0.0656876	0.2803628	0.2956578	0.0000000	0.0000000
1294.9989791	1399.9977326	15184.9517090	2.7585915	-0.2028086	0.0654951	0.2779428	0.2942251	0.0000000	0.0000000
1290.0052150	1399.9977326	15179.8923535	2.7487324	-0.2231562	0.0623177	0.2642343	0.2906891	0.0000000	0.0000000
1285.0068833	1399.9977326	15174.8329980	2.7388732	-0.2431702	0.0618082	0.2378793	0.2955808	0.0000000	0.0000000
1280.0011129	1399.9977326	15169.7736426	2.7290141	-0.2635178	0.0739225	0.2216040	0.2901346	0.0000000	0.0000000
1275.0019807	1399.9977326	15164.9442578	2.7191549	-0.2838654	0.1257065	0.2048201	0.2938938	0.0000000	0.0000000
1270.0009934	1399.9977326	15159.8950195	2.7092958	-0.3038794	0.2107896	0.1839917	0.2837592	0.0000000	0.0000000
1265.0031208	1399.9977326	15154.8515625	2.6994366	-0.3242270	0.2127611	0.1693814	0.2968176	0.0000000	0.0000000
1260.0048768	1399.9977326	15149.8081055	2.6895775	-0.3442410	0.1676090	0.1615858	0.2939663	0.0000000	0.0000000
1255.0066299	1399.9977326	15144.9938965	2.6797183	-0.3645885	0.1161312	0.1492279	0.2994922	0.0000000	0.0000000
1250.0074895	1399.9977326	15139.9511523	2.6698592	-0.3849361	0.0760552	0.1366029	0.2953591	0.0000000	0.0000000
