1599.9954356	1394.9956505	15484.8119141	3.3763635	1.0453984	0.0143187	0.7753694	0.2886294	0.0000000	1395.0000000
1594.9925208	1394.9956505	15479.7792969	3.3666408	1.0253844	0.0384774	0.8455702	0.2869258	0.0000000	0.0000000
1589.9980278	1394.9956505	15474.9863281	3.3567817	1.0050369	0.0606494	0.8596118	0.2879509	0.0000000	0.0000000
1584.9897793	1394.9956505	15469.9537109	3.3469225	0.9850228	0.0644626	0.8989854	0.2751488	0.0000000	0.0000000
1579.9932605	1394.9956505	15464.9302344	3.3370634	0.9646753	0.0457323	0.8635227	0.2809991	0.0000000	0.0000000
1574.9903821	1394.9956505	15459.9136133	3.3272042	0.9443277	0.0354258	0.8295619	0.2787105	0.0000000	0.0000000
1569.9935429	1394.9956505	15454.8969922	3.3173451	0.9243137	0.0250104	0.7885209	0.2772584	0.0000000	0.0000000
1564.9854875	1394.9956505	15449.8803711	3.3074859	0.9039661	0.0243582	0.8091452	0.2824982	0.0000000	0.0000000
1559.9942564	1394.9956505	15444.8637500	3.2976268	0.8839521	0.0265095	0.7720838	0.2793296	0.0000000	0.0000000
1554.9972408	1394.9956505	15439.8602441	3.2877676	0.8636045	0.0300104	0.7491225	0.2837719	0.0000000	0.0000000
1549.9908346	1394.9956505	15434.8598242	3.2779085	0.8432569	0.0407272	0.7512920	0.2823141	0.0000000	0.0000000
1544.9998486	1394.9956505	15429.8594043	3.2680493	0.8232429	0.0565449	0.7303865	0.2830757	0.0000000	0.0000000
1539.9918854	1394.9956505	15424.8589844	3.2581901	0.8028954	0.0815197	0.7405015	0.2812689	0.0000000	0.0000000
1534.9898781	1394.9956505	15419.8593262	3.2483310	0.7828814	0.1198136	0.7500424	0.2826033	0.0000000	0.0000000
1529.9946542	1394.9956505	15414.8749023	3.2384718	0.7625338	0.1647321	0.7481016	0.2891857	0.0000000	0.0000000
1524.9994304	1394.9956505	15409.8904785	3.2286127	0.7421862	0.2175894	0.7212426	0.2904180	0.0000000	0.0000000
1519.9916865	1394.9956505	15404.9060547	3.2187535	0.7221722	0.2296843	0.7179036	0.2856256	0.0000000	0.0000000
1514.9902785	1394.9956505	15399.9216309	3.2088944	0.7018246	0.2807196	0.7018811	0.2870709	0.0000000	0.0000000
1509.9948860	1394.9956505	15394.9417773	3.1990352	0.6818106	0.2658446	0.7136033	0.2911213	0.0000000	0.0000000
1504.9928588	1394.9956505	15389.9733496	3.1891761	0.6614630	0.2003402	0.6955081	0.2901030	0.0000000	0.0000000
1499.9935148	1394.9956505	15384.7683301	3.1793169	0.6411154	0.1428557	0.7063683	0.2892310	0.0000000	0.0000000
1494.9877468	1394.9956505	15379.7999023	3.1694577	0.6211014	0.1138220	0.7095679	0.2928942	0.0000000	0.0000000
1489.9975133	1394.9956505	15374.8314746	3.1595986	0.6007539	0.0646371	0.7089911	0.2901003	0.0000000	0.0000000
1485.0010010	1394.9956505	15369.8720703	3.1497394	0.5807399	0.0448328	0.7273611	0.2846646	0.0000000	0.0000000
1479.9904481	1394.9956505	15364.9194336	3.1398803	0.5603923	0.0252561	0.7125426	0.2852607	0.0000000	0.0000000
1474.9938468	1394.9956505	15359.9667969	3.1300211	0.5403783	0.0380295	0.6887039	0.2909501	0.0000000	0.0000000
1469.9966565	1394.9956505	15354.7783203	3.1201620	0.5200307	0.0681791	0.6756485	0.2940662	0.0000000	0.0000000
1464.9928549	1394.9956505	15349.8256836	3.1103028	0.4996831	0.0970464	0.6680238	0.2895416	0.0000000	0.0000000
1459.9964112	1394.9956505	15344.8864062	3.1004437	0.4796691	0.0985342	0.6674479	0.2882837	0.0000000	0.0000000
1454.9998480	1394.9956505	15339.9493555	3.0905845	0.4593215	0.0685421	0.6607439	0.2832250	0.0000000	0.0000000
1449.9892324	1394.9956505	15334.7772070	3.0807254	0.4393075	0.0358584	0.6734507	0.2865614	0.0000000	0.0000000
1444.9966097	1394.9956505	15329.8401562	3.0708662	0.4189599	0.0141464	0.6560733	0.2857714	0.0000000	0.0000000
1439.9920783	1394.9956505	15324.9053613	3.0610070	0.3986124	0.0330313	0.6224824	0.2813752	0.0000000	0.0000000
1434.9988018	1394.9956505	15319.9841016	3.0511479	0.3785984	0.0909196	0.6125455	0.2879049	0.0000000	0.0000000
1429.9929097	1394.9956505	15314.8284961	3.0412887	0.3582508	0.1655066	0.6114190	0.2898158	0.0000000	0.0000000
1424.9928269	1394.9956505	15309.9072363	3.0314296	0.3382368	0.1937438	0.5994442	0.2881578	0.0000000	0.0000000
1420.0059019	1394.9956505	15304.9859766	3.0215704	0.3178892	0.1865444	0.6001477	0.2877943	0.0000000	0.0000000
1414.9875199	1394.9956505	15299.8376953	3.0117113	0.2975416	0.1551886	0.5965270	0.2903892	0.0000000	0.0000000
1409.9936575	1394.9956505	15294.9318164	3.0018521	0.2775276	0.1235404	0.5762529	0.2940426	0.0000000	0.0000000
1405.0002814	1394.9956505	15289.7923242	2.9919930	0.2571800	0.0892966	0.5701202	0.2905866	0.0000000	0.0000000
1399.9876626	1394.9956505	15284.8864453	2.9821338	0.2371660	0.0727529	0.5661924	0.2844713	0.0000000	0.0000000
1394.9908780	1394.9956505	15279.9805664	2.9722746	0.2168184	0.0667645	0.5489282	0.2951249	0.0000000	0.0000000
1389.9855886	1394.9956505	15274.8536914	2.9624155	0.1964709	0.0614819	0.5329794	0.2880371	0.0000000	0.0000000
1384.9993143	1394.9956505	15269.9633984	2.9525563	0.1764569	0.0583088	0.5381334	0.2852380	0.0000000	0.0000000
1379.9954919	1394.9956505	15264.8402344	2.9426972	0.1561093	0.0422847	0.5095840	0.2867709	0.0000000	0.0000000
1374.9916695	1394.9956505	15259.9499414	2.9328380	0.1360953	0.0357308	0.5178468	0.2839923	0.0000000	0.0000000
1369.9938149	1394.9956505	15254.8289746	2.9229789	0.1157477	0.0284296	0.5045493	0.2908297	0.0000000	0.0000000
1364.9893972	1394.9956505	15249.9540625	2.9131197	0.0957337	0.0380254	0.4888201	0.2861134	0.0000000	0.0000000
1359.9976739	1394.9956505	15244.8470117	2.9032606	0.0753861	0.0709713	0.4687091	0.2871088	0.0000000	0.0000000
1354.9999390	1394.9956505	15239.9720996	2.8934014	0.0550385	0.1168287	0.4525469	0.2861051	0.0000000	0.0000000
1349.9905185	1394.9956505	15234.8650488	2.8835423	0.0350245	0.1212308	0.4489706	0.2913236	0.0000000	0.0000000
1344.9967843	1394.9956505	15229.9973633	2.8736831	0.0146769	0.0958385	0.4408544	0.2860388	0.0000000	0.0000000
1340.0058595	1394.9956505	15224.9062109	2.8638239	-0.0053371	0.0833945	0.4157859	0.2937820	0.0000000	0.0000000
1334.9945685	1394.9956505	15219.8150586	2.8539648	-0.0256846	0.0948318	0.4003217	0.2891311	0.0000000	0.0000000
1329.9975394	1394.9956505	15214.9553223	2.8441056	-0.0460322	0.1384296	0.3938280	0.2898644	0.0000000	0.0000000
1324.9999187	1394.9956505	15209.8641699	2.8342465	-0.0660462	0.1282756	0.3857029	0.2891941	0.0000000	0.0000000
1320.0022339	1394.9956505	15204.7869336	2.8243873	-0.0863938	0.1216227	0.3636145	0.2832090	0.0000000	0.0000000
1314.9983984	1394.9956505	15199.9425781	2.8145282	-0.1064078	0.0773199	0.3276754	0.2920917	0.0000000	0.0000000
1309.9938559	1394.9956505	15194.8675391	2.8046690	-0.1267554	0.0571616	0.3199885	0.2950829	0.0000000	0.0000000
1305.0029693	1394.9956505	15189.7925000	2.7948099	-0.1471030	0.0567054	0.3052445	0.2919998	0.0000000	0.0000000
1299.9991501	1394.9956505	15184.9517090	2.7849507	-0.1671170	0.0580405	0.3020881	0.2940674	0.0000000	0.0000000
1294.9989791	1394.9956505	15179.8923535	2.7750915	-0.1874646	0.0489996	0.2856993	0.2901705	0.0000000	0.0000000
1290.0052150	1394.9956505	15174.8329980	2.7652324	-0.2074786	0.0521632	0.2684780	0.2956835	0.0000000	0.0000000
1285.0068833	1394.9956505	15169.7736426	2.7553732	-0.2278261	0.0536492	0.2528546	0.2884733	0.0000000	0.0000000
1280.0011129	1394.9956505	15164.9442578	2.7455141	-0.2481737	0.0616609	0.2318368	0.2842719	0.0000000	0.0000000
1275.0093966	1394.9956505	15159.8950195	2.7356549	-0.2681877	0.1086012	0.2203838	0.2870139	0.0000000	0.0000000
1270.0009934	1394.9956505	15154.8515625	2.7257958	-0.2885353	0.1681172	0.2028699	0.2883234	0.0000000	0.0000000
1264.9950068	1394.9956505	15149.8081055	2.7159366	-0.3085493	0.1693285	0.1897169	0.2886027	0.0000000	0.0000000
1260.0048768	1394.9956505	15144.9938965	2.7060775	-0.3288969	0.1510747	0.1830923	0.2896268	0.0000000	0.0000000
1255.0147454	1394.9956505	15139.9511523	2.6962183	-0.3489109	0.0990306	0.1662142	0.2829904	0.0000000	0.0000000
1250.0156050	1394.9956505	15134.9233789	2.6863592	-0.3692585	0.0634247	0.1464209	0.2878308	0.0000000	0.0000000
