1599.9954356	1369.9975639	15459.9136133	3.4590880	1.1231195	0.0085328	0.7946641	0.2736881	0.0000000	1370.0000000
1594.9925208	1369.9975639	15454.8969922	3.4491408	1.1027719	0.0158687	0.8767306	0.2712955	0.0000000	0.0000000
1589.9980278	1369.9975639	15449.8803711	3.4392817	1.0824244	0.0257601	0.8823269	0.2741085	0.0000000	0.0000000
1584.9897793	1369.9975639	15444.8637500	3.4294225	1.0624104	0.0250342	0.8761851	0.2785678	0.0000000	0.0000000
1579.9932605	1369.9975639	15439.8602441	3.4195634	1.0420628	0.0222467	0.8567379	0.2744540	0.0000000	0.0000000
1574.9847739	1369.9975639	15434.8598242	3.4097042	1.0220488	0.0242523	0.8411673	0.2744716	0.0000000	0.0000000
1569.9879348	1369.9975639	15429.8594043	3.3998451	1.0017012	0.0222517	0.8280493	0.2749966	0.0000000	0.0000000
1564.9854875	1369.9975639	15424.8589844	3.3899859	0.9816872	0.0243667	0.7999561	0.2719348	0.0000000	0.0000000
1559.9998645	1369.9975639	15419.8593262	3.3801268	0.9613396	0.0297509	0.7845700	0.2759930	0.0000000	0.0000000
1554.9972408	1369.9975639	15414.8749023	3.3702676	0.9409920	0.0310114	0.7697763	0.2755765	0.0000000	0.0000000
1549.9908346	1369.9975639	15409.8904785	3.3604085	0.9209780	0.0416235	0.7600381	0.2798275	0.0000000	0.0000000
1544.9998486	1369.9975639	15404.9060547	3.3505493	0.9006304	0.0524885	0.7636509	0.2752811	0.0000000	0.0000000
1539.9918854	1369.9975639	15399.9216309	3.3406901	0.8806164	0.0716774	0.7435789	0.2798466	0.0000000	0.0000000
1534.9898781	1369.9975639	15394.9417773	3.3308310	0.8602689	0.0940339	0.7494965	0.2746335	0.0000000	0.0000000
1529.9946542	1369.9975639	15389.9733496	3.3209718	0.8399213	0.1256177	0.7378728	0.2774600	0.0000000	0.0000000
1524.9994304	1369.9975639	15384.7683301	3.3111127	0.8199073	0.1557198	0.7408684	0.2774285	0.0000000	0.0000000
1519.9916865	1369.9975639	15379.7999023	3.3012535	0.7995597	0.1939879	0.7280302	0.2805693	0.0000000	0.0000000
1514.9965539	1369.9975639	15374.8314746	3.2913944	0.7795457	0.1985023	0.7044972	0.2829957	0.0000000	0.0000000
1509.9948860	1369.9975639	15369.8720703	3.2815352	0.7591981	0.1974860	0.7129747	0.2850352	0.0000000	0.0000000
1504.9928588	1369.9975639	15364.9194336	3.2716761	0.7388505	0.1364795	0.7167421	0.2816971	0.0000000	0.0000000
1499.9935148	1369.9975639	15359.9667969	3.2618169	0.7188365	0.1062383	0.7165186	0.2801414	0.0000000	0.0000000
1494.9945089	1369.9975639	15354.7783203	3.2519577	0.6984889	0.0874504	0.7318087	0.2750070	0.0000000	0.0000000
1489.9907524	1369.9975639	15349.8256836	3.2420986	0.6784749	0.0659546	0.7284986	0.2715690	0.0000000	0.0000000
1485.0010010	1369.9975639	15344.8864062	3.2322394	0.6581274	0.0384628	0.7341004	0.2778085	0.0000000	0.0000000
1479.9904481	1369.9975639	15339.9493555	3.2223803	0.6377798	0.0274595	0.7244683	0.2734495	0.0000000	0.0000000
1474.9870847	1369.9975639	15334.7772070	3.2125211	0.6177658	0.0311523	0.7115119	0.2773293	0.0000000	0.0000000
1469.9966565	1369.9975639	15329.8401562	3.2026620	0.5974182	0.0546660	0.6920055	0.2804325	0.0000000	0.0000000
1464.9928549	1369.9975639	15324.9053613	3.1928028	0.5774042	0.0723512	0.6842219	0.2783578	0.0000000	0.0000000
1459.9964112	1369.9975639	15319.9841016	3.1829437	0.5570566	0.0622618	0.6744926	0.2719568	0.0000000	0.0000000
1454.9998480	1369.9975639	15314.8284961	3.1730845	0.5367090	0.0480367	0.6776085	0.2703423	0.0000000	0.0000000
1449.9892324	1369.9975639	15309.9072363	3.1632254	0.5166950	0.0236613	0.6844551	0.2717855	0.0000000	0.0000000
1444.9966097	1369.9975639	15304.9859766	3.1533662	0.4963474	0.0112775	0.6843859	0.2788546	0.0000000	0.0000000
1439.9920783	1369.9975639	15299.8376953	3.1435070	0.4763334	0.0270914	0.6557532	0.2735635	0.0000000	0.0000000
1434.9988018	1369.9975639	15294.9318164	3.1336479	0.4559859	0.0608451	0.6429130	0.2790083	0.0000000	0.0000000
1429.9929097	1369.9975639	15289.7923242	3.1237887	0.4359718	0.1020873	0.6299876	0.2786610	0.0000000	0.0000000
1424.9928269	1369.9975639	15284.8864453	3.1139296	0.4156243	0.1242062	0.6327377	0.2799644	0.0000000	0.0000000
1419.9996525	1369.9975639	15279.9805664	3.1040704	0.3952767	0.1217144	0.6251141	0.2764480	0.0000000	0.0000000
1414.9875199	1369.9975639	15274.8536914	3.0942113	0.3752627	0.0832955	0.5964940	0.2756957	0.0000000	0.0000000
1409.9936575	1369.9975639	15269.9633984	3.0843521	0.3549151	0.0662993	0.5935442	0.2813298	0.0000000	0.0000000
1404.9940311	1369.9975639	15264.8402344	3.0744930	0.3349011	0.0596384	0.5841439	0.2752506	0.0000000	0.0000000
1399.9814132	1369.9975639	15259.9499414	3.0646338	0.3145535	0.0502144	0.5795443	0.2784027	0.0000000	0.0000000
1394.9969913	1369.9975639	15254.8289746	3.0547746	0.2942059	0.0401143	0.5629141	0.2782289	0.0000000	0.0000000
1389.9916327	1369.9975639	15249.9540625	3.0449155	0.2741919	0.0350238	0.5644841	0.2752134	0.0000000	0.0000000
1384.9993143	1369.9975639	15244.8470117	3.0350563	0.2538444	0.0324991	0.5558273	0.2716055	0.0000000	0.0000000
1379.9894486	1369.9975639	15239.9720996	3.0251972	0.2338303	0.0226246	0.5469589	0.2784609	0.0000000	0.0000000
1374.9977128	1369.9975639	15234.8650488	3.0153380	0.2134828	0.0156993	0.5414375	0.2730961	0.0000000	0.0000000
1369.9938149	1369.9975639	15229.9973633	3.0054789	0.1931352	0.0189827	0.5270066	0.2678583	0.0000000	0.0000000
1364.9893972	1369.9975639	15224.9062109	2.9956197	0.1731212	0.0394254	0.5046694	0.2762726	0.0000000	0.0000000
1359.9976739	1369.9975639	15219.8150586	2.9857606	0.1527736	0.0693890	0.4725818	0.2749810	0.0000000	0.0000000
1354.9999390	1369.9975639	15214.9553223	2.9759014	0.1327596	0.0889740	0.4704664	0.2751985	0.0000000	0.0000000
1349.9842500	1369.9975639	15209.8641699	2.9660423	0.1124120	0.1102896	0.4680106	0.2698661	0.0000000	0.0000000
1344.9967843	1369.9975639	15204.7869336	2.9561831	0.0920644	0.0805547	0.4444440	0.2758567	0.0000000	0.0000000
1340.0058595	1369.9975639	15199.9425781	2.9463239	0.0720504	0.0722581	0.4316727	0.2833564	0.0000000	0.0000000
1334.9945685	1369.9975639	15194.8675391	2.9364648	0.0517029	0.0799591	0.4207153	0.2781901	0.0000000	0.0000000
1329.9975394	1369.9975639	15189.7925000	2.9266056	0.0316888	0.1119755	0.4052089	0.2795175	0.0000000	0.0000000
1324.9999187	1369.9975639	15184.9517090	2.9167465	0.0113413	0.1134626	0.3744830	0.2856145	0.0000000	0.0000000
1320.0022339	1369.9975639	15179.8923535	2.9068873	-0.0086727	0.0905767	0.3739019	0.2801710	0.0000000	0.0000000
1314.9915895	1369.9975639	15174.8329980	2.8970282	-0.0290203	0.0649974	0.3511589	0.2801482	0.0000000	0.0000000
1309.9870470	1369.9975639	15169.7736426	2.8871690	-0.0493679	0.0554932	0.3330621	0.2754066	0.0000000	0.0000000
1304.9961614	1369.9975639	15164.9442578	2.8773099	-0.0693819	0.0444194	0.3169362	0.2780536	0.0000000	0.0000000
1299.9991501	1369.9975639	15159.8950195	2.8674507	-0.0897295	0.0410314	0.3016416	0.2833367	0.0000000	0.0000000
1294.9989791	1369.9975639	15154.8515625	2.8575915	-0.1097435	0.0429687	0.2778340	0.2834727	0.0000000	0.0000000
1290.0052150	1369.9975639	15149.8081055	2.8477324	-0.1300911	0.0496272	0.2687899	0.2819799	0.0000000	0.0000000
1284.9994674	1369.9975639	15144.9938965	2.8378732	-0.1504386	0.0558102	0.2523041	0.2785073	0.0000000	0.0000000
1280.0011129	1369.9975639	15139.9511523	2.8280141	-0.1704527	0.0618270	0.2318466	0.2812266	0.0000000	0.0000000
1275.0093966	1369.9975639	15134.9233789	2.8181549	-0.1908002	0.0995791	0.2182278	0.2839937	0.0000000	0.0000000
1270.0009934	1369.9975639	15129.8956055	2.8082958	-0.2108142	0.1438230	0.2041903	0.2823186	0.0000000	0.0000000
1264.9950068	1369.9975639	15124.8678320	2.7984366	-0.2311618	0.1452035	0.1843698	0.2824866	0.0000000	0.0000000
1260.0048768	1369.9975639	15119.8400586	2.7885775	-0.2515094	0.1228944	0.1722092	0.2788646	0.0000000	0.0000000
1255.0147454	1369.9975639	15114.8202344	2.7787183	-0.2715234	0.0848304	0.1564692	0.2808544	0.0000000	0.0000000
1250.0156050	1369.9975639	15109.8083594	2.7688592	-0.2918710	0.0652612	0.1554922	0.2824738	0.0000000	0.0000000
