1599.9954356	1339.9964933	15429.8594043	3.5581574	1.2158511	0.0380681	0.8124902	0.2530610	0.0000000	1340.0000000
1594.9925208	1339.9964933	15424.8589844	3.5481504	1.1958371	0.0904224	0.8926080	0.2538433	0.0000000	0.0000000
1589.9980278	1339.9964933	15419.8593262	3.5382817	1.1754895	0.0991493	0.8714970	0.2490945	0.0000000	0.0000000
1584.9897793	1339.9964933	15414.8749023	3.5284225	1.1554755	0.0867706	0.8708486	0.2479804	0.0000000	0.0000000
1579.9932605	1339.9964933	15409.8904785	3.5185634	1.1351279	0.0708568	0.8678381	0.2475385	0.0000000	0.0000000
1574.9847739	1339.9964933	15404.9060547	3.5087042	1.1147803	0.0509182	0.8462778	0.2457422	0.0000000	0.0000000
1569.9879348	1339.9964933	15399.9216309	3.4988451	1.0947663	0.0441792	0.8411958	0.2492866	0.0000000	0.0000000
1564.9854875	1339.9964933	15394.9417773	3.4889859	1.0744188	0.0368495	0.8116703	0.2462083	0.0000000	0.0000000
1559.9942564	1339.9964933	15389.9733496	3.4791268	1.0544047	0.0377668	0.7787857	0.2505265	0.0000000	0.0000000
1554.9972408	1339.9964933	15384.7683301	3.4692676	1.0340572	0.0406600	0.7596997	0.2518518	0.0000000	0.0000000
1549.9908346	1339.9964933	15379.7999023	3.4594085	1.0140432	0.0612943	0.7801465	0.2504117	0.0000000	0.0000000
1544.9935732	1339.9964933	15374.8314746	3.4495493	0.9936956	0.0889098	0.7426984	0.2477294	0.0000000	0.0000000
1539.9918854	1339.9964933	15369.8720703	3.4396901	0.9733480	0.1327670	0.7436731	0.2498933	0.0000000	0.0000000
1534.9898781	1339.9964933	15364.9194336	3.4298310	0.9533340	0.1859023	0.7477334	0.2491843	0.0000000	0.0000000
1529.9946542	1339.9964933	15359.9667969	3.4199718	0.9329864	0.2315017	0.7437819	0.2446681	0.0000000	0.0000000
1524.9994304	1339.9964933	15354.7783203	3.4101127	0.9129724	0.3259380	0.7357896	0.2491947	0.0000000	0.0000000
1519.9916865	1339.9964933	15349.8256836	3.4002535	0.8926248	0.3917549	0.7134487	0.2530186	0.0000000	0.0000000
1514.9902785	1339.9964933	15344.8864062	3.3903944	0.8722773	0.4247012	0.7207183	0.2515615	0.0000000	0.0000000
1509.9948860	1339.9964933	15339.9493555	3.3805352	0.8522633	0.3766971	0.6965403	0.2508189	0.0000000	0.0000000
1504.9928588	1339.9964933	15334.7772070	3.3706761	0.8319157	0.3182625	0.6969141	0.2504260	0.0000000	0.0000000
1499.9935148	1339.9964933	15329.8401562	3.3608169	0.8119017	0.2526014	0.7013439	0.2530248	0.0000000	0.0000000
1494.9945089	1339.9964933	15324.9053613	3.3509577	0.7915541	0.2132080	0.7262029	0.2501157	0.0000000	0.0000000
1489.9975133	1339.9964933	15319.9841016	3.3410986	0.7712065	0.1657404	0.7300519	0.2508433	0.0000000	0.0000000
1485.0010010	1339.9964933	15314.8284961	3.3312394	0.7511925	0.0982423	0.7278086	0.2497606	0.0000000	0.0000000
1479.9972092	1339.9964933	15309.9072363	3.3213803	0.7308449	0.0391884	0.7023643	0.2502673	0.0000000	0.0000000
1474.9938468	1339.9964933	15304.9859766	3.3115211	0.7108309	0.0544661	0.7034223	0.2466947	0.0000000	0.0000000
1470.0034186	1339.9964933	15299.8376953	3.3016620	0.6904833	0.1083070	0.7020543	0.2537804	0.0000000	0.0000000
1464.9928549	1339.9964933	15294.9318164	3.2918028	0.6701358	0.1413013	0.6821836	0.2472454	0.0000000	0.0000000
1459.9964112	1339.9964933	15289.7923242	3.2819437	0.8766136	0.1469303	0.6797583	0.2516534	0.0000000	0.0000000
1454.9998480	1339.9964933	15284.8864453	3.2720845	0.6297742	0.0922852	0.6637822	0.2502416	0.0000000	0.0000000
1449.9959945	1339.9964933	15279.9805664	3.2622254	0.6097602	0.0456877	0.6843623	0.2459822	0.0000000	0.0000000
1444.9966097	1339.9964933	15274.8536914	3.2523662	0.5894126	0.0276801	0.6661453	0.2471271	0.0000000	0.0000000
1439.9920783	1339.9964933	15269.9633984	3.2425070	0.5693986	0.0661584	0.6673329	0.2502117	0.0000000	0.0000000
1435.0050512	1339.9964933	15264.8402344	3.2326479	0.5490510	0.1652894	0.6569669	0.2466232	0.0000000	0.0000000
1429.9929097	1339.9964933	15259.9499414	3.2227887	0.5287034	0.2741154	0.6356359	0.2491823	0.0000000	0.0000000
1424.9928269	1339.9964933	15254.8289746	3.2129296	0.5086894	0.3256265	0.6431654	0.2502709	0.0000000	0.0000000
1419.9996525	1339.9964933	15249.9540625	3.2030704	0.4883418	0.2574828	0.6246519	0.2476946	0.0000000	0.0000000
1414.9875199	1339.9964933	15244.8470117	3.1932113	0.4683278	0.2207699	0.5994844	0.2539379	0.0000000	0.0000000
1409.9936575	1339.9964933	15239.9720996	3.1833521	0.4479803	0.1656046	0.6012761	0.2475859	0.0000000	0.0000000
1404.9940311	1339.9964933	15234.8650488	3.1734930	0.4276327	0.1254409	0.5980276	0.2541305	0.0000000	0.0000000
1399.9876626	1339.9964933	15229.9973633	3.1636338	0.4076187	0.1174396	0.5756217	0.2534940	0.0000000	0.0000000
1394.9908780	1339.9964933	15224.9062109	3.1537746	0.3872711	0.0845353	0.5664983	0.2500735	0.0000000	0.0000000
1389.9855886	1339.9964933	15219.8150586	3.1439155	0.3672571	0.0718763	0.5627114	0.2501250	0.0000000	0.0000000
1385.0053575	1339.9964933	15214.9553223	3.1340563	0.3469095	0.0732683	0.5467454	0.2489584	0.0000000	0.0000000
1379.9954919	1339.9964933	15209.8641699	3.1241972	0.3265619	0.0606378	0.5527053	0.2543352	0.0000000	0.0000000
1374.9916695	1339.9964933	15204.7869336	3.1143380	0.3065479	0.0419182	0.5341517	0.2522223	0.0000000	0.0000000
1369.9938149	1339.9964933	15199.9425781	3.1044789	0.2862003	0.0486724	0.5272874	0.2548961	0.0000000	0.0000000
1364.9893972	1339.9964933	15194.8675391	3.0946197	0.2661863	0.0891307	0.5019889	0.2544811	0.0000000	0.0000000
1359.9976739	1339.9964933	15189.7925000	3.0847606	0.2458388	0.1617817	0.4907799	0.2513247	0.0000000	0.0000000
1354.9938949	1339.9964933	15184.9517090	3.0749014	0.2254912	0.2330178	0.4636666	0.2532509	0.0000000	0.0000000
1349.9842500	1339.9964933	15179.8923535	3.0650423	0.2054772	0.2517472	0.4656365	0.2508146	0.0000000	0.0000000
1344.9967843	1339.9964933	15174.8329980	3.0551831	0.1851296	0.1937289	0.4542682	0.2547096	0.0000000	0.0000000
1340.0058595	1339.9964933	15169.7736426	3.0453239	0.1651156	0.1639761	0.4393829	0.2559069	0.0000000	0.0000000
1334.9945685	1339.9964933	15164.9442578	3.0354648	0.1447680	0.1873368	0.4220171	0.2472470	0.0000000	0.0000000
1329.9975394	1339.9964933	15159.8950195	3.0256056	0.1247540	0.2424886	0.4110469	0.2504713	0.0000000	0.0000000
1324.9999187	1339.9964933	15154.8515625	3.0157465	0.1044064	0.2599805	0.4004504	0.2485477	0.0000000	0.0000000
1320.0022339	1339.9964933	15149.8081055	3.0058873	0.0840588	0.2264141	0.3708777	0.2523546	0.0000000	0.0000000
1314.9915895	1339.9964933	15144.9938965	2.9960282	0.0640448	0.1552722	0.3631384	0.2505693	0.0000000	0.0000000
1309.9938559	1339.9964933	15139.9511523	2.9861690	0.0436973	0.1262601	0.3396548	0.2484879	0.0000000	0.0000000
1304.9961614	1339.9964933	15134.9233789	2.9763099	0.0236832	0.1250725	0.3218527	0.2487466	0.0000000	0.0000000
1299.9991501	1339.9964933	15129.8956055	2.9664507	0.0033357	0.1008341	0.3049691	0.2515762	0.0000000	0.0000000
1294.9989791	1339.9964933	15124.8678320	2.9565915	-0.0170119	0.0894777	0.2905487	0.2514500	0.0000000	0.0000000
1290.0052150	1339.9964933	15119.8400586	2.9467324	-0.0370259	0.0897412	0.2793523	0.2449838	0.0000000	0.0000000
1285.0068833	1339.9964933	15114.8202344	2.9368732	-0.0573735	0.0883380	0.2732142	0.2399719	0.0000000	0.0000000
1280.0011129	1339.9964933	15109.8083594	2.9270141	-0.0773875	0.1056522	0.2462961	0.2456116	0.0000000	0.0000000
1275.0019807	1339.9964933	15104.7964844	2.9171549	-0.0977351	0.1855667	0.2265724	0.2530635	0.0000000	0.0000000
1270.0009934	1339.9964933	15099.7846094	2.9072958	-0.1180827	0.3055518	0.2133387	0.2509197	0.0000000	0.0000000
1265.0031208	1339.9964933	15094.7727344	2.8974366	-0.1380967	0.3222389	0.1928468	0.2529883	0.0000000	0.0000000
1260.0129909	1339.9964933	15089.7762402	2.8875775	-0.1584442	0.2848430	0.1820947	0.2523644	0.0000000	0.0000000
1255.0147454	1339.9964933	15084.7804785	2.8777183	-0.1784583	0.2065208	0.1803983	0.2553489	0.0000000	0.0000000
1250.0156050	1339.9964933	15079.7847168	2.8678592	-0.1988058	0.1358176	0.1617714	0.2536478	0.0000000	0.0000000
