1599.9954356	1299.9888492	15389.9733496	3.6899163	1.3399380	0.0236432	0.8094971	0.2036969	0.0000000	1300.0000000
1594.9925208	1299.9888492	15384.7683301	3.6801408	1.3199239	0.0591367	0.8730188	0.2051600	0.0000000	0.0000000
1589.9980278	1299.9888492	15379.7999023	3.6702817	1.2995764	0.0624460	0.8778300	0.2071003	0.0000000	0.0000000
1584.9953866	1299.9888492	15374.8314746	3.6604225	1.2792288	0.0570098	0.8685582	0.2074430	0.0000000	0.0000000
1579.9932605	1299.9888492	15369.8720703	3.6505634	1.2592148	0.0435990	0.8539462	0.2018319	0.0000000	0.0000000
1574.9847739	1299.9888492	15364.9194336	3.6407042	1.2388672	0.0376942	0.8408467	0.1994553	0.0000000	0.0000000
1569.9879348	1299.9888492	15359.9667969	3.6308451	1.2188532	0.0356477	0.8273540	0.2023412	0.0000000	0.0000000
1564.9910956	1299.9888492	15354.7783203	3.6209859	1.1985056	0.0313899	0.8195413	0.2045852	0.0000000	0.0000000
1559.9998645	1299.9888492	15349.8256836	3.6111268	1.1781580	0.0267502	0.7870806	0.2048859	0.0000000	0.0000000
1554.9916320	1299.9888492	15344.8864062	3.6012676	1.1581440	0.0209921	0.7715211	0.2074309	0.0000000	0.0000000
1549.9908346	1299.9888492	15339.9493555	3.5914085	1.1377965	0.0272469	0.7524125	0.1978601	0.0000000	0.0000000
1544.9998486	1299.9888492	15334.7772070	3.5815493	1.1177824	0.0321714	0.7311654	0.1994568	0.0000000	0.0000000
1539.9918854	1299.9888492	15329.8401562	3.5716901	1.0974349	0.0416097	0.7489257	0.2092607	0.0000000	0.0000000
1534.9898781	1299.9888492	15324.9053613	3.5618310	1.0770873	0.0524818	0.7432544	0.2033257	0.0000000	0.0000000
1529.9946542	1299.9888492	15319.9841016	3.5519718	1.0570733	0.0725483	0.7549539	0.2054026	0.0000000	0.0000000
1524.9994304	1299.9888492	15314.8284961	3.5421127	1.0367257	0.0895231	0.7353632	0.2046243	0.0000000	0.0000000
1519.9916865	1299.9888492	15309.9072363	3.5322535	1.0167117	0.1199296	0.7361212	0.2054452	0.0000000	0.0000000
1514.9965539	1299.9888492	15304.9859766	3.5223944	0.9963641	0.1459236	0.7170704	0.2034086	0.0000000	0.0000000
1510.0011622	1299.9888492	15299.8376953	3.5125352	0.9763501	0.1421729	0.7153045	0.2076357	0.0000000	0.0000000
1504.9928588	1299.9888492	15294.9318164	3.5026761	0.9560025	0.0987539	0.7283063	0.1997100	0.0000000	0.0000000
1499.9935148	1299.9888492	15289.7923242	3.4928169	0.9356550	0.0819333	0.7231871	0.2051190	0.0000000	0.0000000
1494.9877468	1299.9888492	15284.8864453	3.4829577	0.9156409	0.0728323	0.7353744	0.2028843	0.0000000	0.0000000
1489.9975133	1299.9888492	15279.9805664	3.4730986	0.8952934	0.0487428	0.7388349	0.2011182	0.0000000	0.0000000
1485.0010010	1299.9888492	15274.8536914	3.4632394	0.8752794	0.0286469	0.7336331	0.2051467	0.0000000	0.0000000
1479.9972092	1299.9888492	15269.9633984	3.4533803	0.8549318	0.0190109	0.7180820	0.1981610	0.0000000	0.0000000
1474.9870847	1299.9888492	15264.8402344	3.4435211	0.8345842	0.0288281	0.7172404	0.2064705	0.0000000	0.0000000
1470.0034186	1299.9888492	15259.9499414	3.4336620	0.8145702	0.0532891	0.7017658	0.2016510	0.0000000	0.0000000
1464.9996160	1299.9888492	15254.8289746	3.4238028	0.7942226	0.0718862	0.6833467	0.2009218	0.0000000	0.0000000
1459.9964112	1299.9888492	15249.9540625	3.4139437	0.7742086	0.0642417	0.6737429	0.2044940	0.0000000	0.0000000
1454.9998480	1299.9888492	15244.8470117	3.4040845	0.7538610	0.0530514	0.6924431	0.1897986	0.0000000	0.0000000
1449.9959945	1299.9888492	15239.9720996	3.3942254	0.7335135	0.0241936	0.6942446	0.1950053	0.0000000	0.0000000
1444.9966097	1299.9888492	15234.8650488	3.3843662	0.7134994	0.0142063	0.6687435	0.1992911	0.0000000	0.0000000
1439.9920783	1299.9888492	15229.9973633	3.3745070	0.6931519	0.0378357	0.6596146	0.1974377	0.0000000	0.0000000
1435.0050512	1299.9888492	15224.9062109	3.3646479	0.6731379	0.0896516	0.6565399	0.1990507	0.0000000	0.0000000
1429.9929097	1299.9888492	15219.8150586	3.3547887	0.6527903	0.1323717	0.6509091	0.1924110	0.0000000	0.0000000
1424.9928269	1299.9888492	15214.9553223	3.3449296	0.6324427	0.1438719	0.6280138	0.1980837	0.0000000	0.0000000
1419.9996525	1299.9888492	15209.8641699	3.3350704	0.6124287	0.1277505	0.6306260	0.2022109	0.0000000	0.0000000
1414.9875199	1299.9888492	15204.7869336	3.3252113	0.5920811	0.0962751	0.6020382	0.1978608	0.0000000	0.0000000
1409.9936575	1299.9888492	15199.9425781	3.3153521	0.5720671	0.0831605	0.5984961	0.2003809	0.0000000	0.0000000
1405.0002814	1299.9888492	15194.8675391	3.3054930	0.5517195	0.0581531	0.6025503	0.1990645	0.0000000	0.0000000
1399.9876626	1299.9888492	15189.7925000	3.2956338	0.5317055	0.0416990	0.5716957	0.2019373	0.0000000	0.0000000
1394.9969913	1299.9888492	15184.9517090	3.2857746	0.5113580	0.0392637	0.5666968	0.2008229	0.0000000	0.0000000
1389.9855886	1299.9888492	15179.8923535	3.2759155	0.4910104	0.0370719	0.5562742	0.1967471	0.0000000	0.0000000
1385.0053575	1299.9888492	15174.8329980	3.2660563	0.4709964	0.0339240	0.5435982	0.2095884	0.0000000	0.0000000
1379.9954919	1299.9888492	15169.7736426	3.2561972	0.4506488	0.0319551	0.5509459	0.2033491	0.0000000	0.0000000
1374.9977128	1299.9888492	15164.9442578	3.2463380	0.4306348	0.0216061	0.5335221	0.2021902	0.0000000	0.0000000
1369.9938149	1299.9888492	15159.8950195	3.2364789	0.4102872	0.0192765	0.5216083	0.1980216	0.0000000	0.0000000
1364.9893972	1299.9888492	15154.8515625	3.2266197	0.3899396	0.0398640	0.5053731	0.1979705	0.0000000	0.0000000
1360.0037170	1299.9888492	15149.8081055	3.2167606	0.3699256	0.0740497	0.4852244	0.1958102	0.0000000	0.0000000
1354.9999390	1299.9888492	15144.9938965	3.2069014	0.3495780	0.1055287	0.4648335	0.1962418	0.0000000	0.0000000
1349.9842500	1299.9888492	15139.9511523	3.1970423	0.3295640	0.1380216	0.4514860	0.2005261	0.0000000	0.0000000
1344.9967843	1299.9888492	15134.9233789	3.1871831	0.3092165	0.1023256	0.4371621	0.2033362	0.0000000	0.0000000
1340.0058595	1299.9888492	15129.8956055	3.1773239	0.2888689	0.0739762	0.4249802	0.1976866	0.0000000	0.0000000
1334.9945685	1299.9888492	15124.8678320	3.1674648	0.2688549	0.0755177	0.4115678	0.2006953	0.0000000	0.0000000
1329.9975394	1299.9888492	15119.8400586	3.1576056	0.2485073	0.0946393	0.4062592	0.1963350	0.0000000	0.0000000
1325.0067276	1299.9888492	15114.8202344	3.1477465	0.2284933	0.1021669	0.3825165	0.2021126	0.0000000	0.0000000
1320.0022339	1299.9888492	15109.8083594	3.1378873	0.2081457	0.1022881	0.3770266	0.1971353	0.0000000	0.0000000
1314.9983984	1299.9888492	15104.7964844	3.1280282	0.1877981	0.0716832	0.3547249	0.1952539	0.0000000	0.0000000
1309.9938559	1299.9888492	15099.7846094	3.1181690	0.1677841	0.0715509	0.3332074	0.1980317	0.0000000	0.0000000
1305.0029693	1299.9888492	15094.7727344	3.1083099	0.1474365	0.0537518	0.3243043	0.2018095	0.0000000	0.0000000
1300.0059589	1299.9888492	15089.7762402	3.0984507	0.1274225	0.0428088	0.3064639	0.2000920	0.0000000	0.0000000
1294.9989791	1299.9888492	15084.7804785	3.0885915	0.1070750	0.0303142	0.2872056	0.1968589	0.0000000	0.0000000
1290.0052150	1299.9888492	15079.7847168	3.0787324	0.0870609	0.0336345	0.2680620	0.2006310	0.0000000	0.0000000
1285.0068833	1299.9888492	15074.7889551	3.0688732	0.0667134	0.0381711	0.2585050	0.2013524	0.0000000	0.0000000
1280.0011129	1299.9888492	15069.7997852	3.0590141	0.0463658	0.0415607	0.2412019	0.1918534	0.0000000	0.0000000
1275.0093966	1299.9888492	15064.8201367	3.0491549	0.0263518	0.0726187	0.2181669	0.1958290	0.0000000	0.0000000
1270.0009934	1299.9888492	15059.8404883	3.0392958	0.0060042	0.1309429	0.2056884	0.1968523	0.0000000	0.0000000
1265.0031208	1299.9888492	15054.8608398	3.0294366	-0.0140098	0.1516307	0.1939966	0.2019197	0.0000000	0.0000000
1260.0129909	1299.9888492	15049.8811914	3.0195775	-0.0343574	0.1334725	0.1818243	0.1948521	0.0000000	0.0000000
1255.0147454	1299.9888492	15044.9154590	3.0097183	-0.0547050	0.0984908	0.1593814	0.2016610	0.0000000	0.0000000
1250.0156050	1299.9888492	15039.9519238	2.9998592	-0.0747190	0.0621862	0.1523705	0.2022556	0.0000000	0.0000000
