1599.9954356	1265.0012469	15354.7783203	3.8056640	1.4483472	0.0780825	0.7876355	0.1376845	0.0000000	1265.0000000
1594.9925208	1265.0012469	15349.8256836	3.7956570	1.4283332	0.0988390	0.8660469	0.1419252	0.0000000	0.0000000
1589.9980278	1265.0012469	15344.8864062	3.7857817	1.4079856	0.0819570	0.8617236	0.1414509	0.0000000	0.0000000
1584.9953866	1265.0012469	15339.9493555	3.7759225	1.3879716	0.0670378	0.8626316	0.1397587	0.0000000	0.0000000
1579.9932605	1265.0012469	15334.7772070	3.7660634	1.3676240	0.0432664	0.8582172	0.1429188	0.0000000	0.0000000
1574.9903821	1265.0012469	15329.8401562	3.7562042	1.3476100	0.0379343	0.8367775	0.1408478	0.0000000	0.0000000
1569.9879348	1265.0012469	15324.9053613	3.7463451	1.3272624	0.0295598	0.8428316	0.1391565	0.0000000	0.0000000
1564.9910956	1265.0012469	15319.9841016	3.7364859	1.3069148	0.0273494	0.8082471	0.1440254	0.0000000	0.0000000
1559.9998645	1265.0012469	15314.8284961	3.7266268	1.2869008	0.0217544	0.7748108	0.1447001	0.0000000	0.0000000
1554.9972408	1265.0012469	15309.9072363	3.7167676	1.2665533	0.0243977	0.7616238	0.1457031	0.0000000	0.0000000
1549.9908346	1265.0012469	15304.9859766	3.7069085	1.2465392	0.0299373	0.7382105	0.1433630	0.0000000	0.0000000
1544.9998486	1265.0012469	15299.8376953	3.6970493	1.2261917	0.0508671	0.7419630	0.1436580	0.0000000	0.0000000
1539.9918854	1265.0012469	15294.9318164	3.6871901	1.2058441	0.0908707	0.7246554	0.1434874	0.0000000	0.0000000
1534.9898781	1265.0012469	15289.7923242	3.6773310	1.1858301	0.1352175	0.7280690	0.1464215	0.0000000	0.0000000
1529.9946542	1265.0012469	15284.8864453	3.6674718	1.1654825	0.1606329	0.7260374	0.1472593	0.0000000	0.0000000
1524.9994304	1265.0012469	15279.9805664	3.6576127	1.1454685	0.2315706	0.7225243	0.1457256	0.0000000	0.0000000
1519.9916865	1265.0012469	15274.8536914	3.6477535	1.1251209	0.3090950	0.7197863	0.1426923	0.0000000	0.0000000
1514.9965539	1265.0012469	15269.9633984	3.6378944	1.1047733	0.3785216	0.7046329	0.1399259	0.0000000	0.0000000
1509.9948860	1265.0012469	15264.8402344	3.6280352	1.0847593	0.3285126	0.7073803	0.1440803	0.0000000	0.0000000
1504.9928588	1265.0012469	15259.9499414	3.6181761	1.0644118	0.2455160	0.6967616	0.1465181	0.0000000	0.0000000
1499.9935148	1265.0012469	15254.8289746	3.6083169	1.0443977	0.1813264	0.6997611	0.1448203	0.0000000	0.0000000
1494.9877468	1265.0012469	15249.9540625	3.5984577	1.0240502	0.1351763	0.7094689	0.1464736	0.0000000	0.0000000
1489.9975133	1265.0012469	15244.8470117	3.5885986	1.0037026	0.0962806	0.7212744	0.1400245	0.0000000	0.0000000
1485.0010010	1265.0012469	15239.9720996	3.5787394	0.9836886	0.0676605	0.7195392	0.1422913	0.0000000	0.0000000
1479.9972092	1265.0012469	15234.8650488	3.5688803	0.9633410	0.0402076	0.6926465	0.1412321	0.0000000	0.0000000
1474.9938468	1265.0012469	15229.9973633	3.5590211	0.9433270	0.0490321	0.7022034	0.1419749	0.0000000	0.0000000
1469.9966565	1265.0012469	15224.9062109	3.5491620	0.9229794	0.0921342	0.6855763	0.1414620	0.0000000	0.0000000
1464.9928549	1265.0012469	15219.8150586	3.5393028	0.9026318	0.1193961	0.6840498	0.1373348	0.0000000	0.0000000
1459.9964112	1265.0012469	15214.9553223	3.5294437	0.8826178	0.1018616	0.6643060	0.1381743	0.0000000	0.0000000
1454.9998480	1265.0012469	15209.8641699	3.5195845	0.8622703	0.0696519	0.6746201	0.1353579	0.0000000	0.0000000
1449.9892324	1265.0012469	15204.7869336	3.5097254	0.8422562	0.0418932	0.6616751	0.1360409	0.0000000	0.0000000
1444.9966097	1265.0012469	15199.9425781	3.4998662	0.8219087	0.0320485	0.6531508	0.1395818	0.0000000	0.0000000
1439.9920783	1265.0012469	15194.8675391	3.4900070	0.8018947	0.0678053	0.6380568	0.1381793	0.0000000	0.0000000
1434.9988018	1265.0012469	15189.7925000	3.4801479	0.7815471	0.1215153	0.6308678	0.1402388	0.0000000	0.0000000
1429.9929097	1265.0012469	15184.9517090	3.4702887	0.7611995	0.1904604	0.6258162	0.1401376	0.0000000	0.0000000
1424.9928269	1265.0012469	15179.8923535	3.4604296	0.7411855	0.1618771	0.6170794	0.1428940	0.0000000	0.0000000
1420.0059019	1265.0012469	15174.8329980	3.4505704	0.7208379	0.1570505	0.6084069	0.1398127	0.0000000	0.0000000
1414.9875199	1265.0012469	15169.7736426	3.4407113	0.7008239	0.1258291	0.6020516	0.1432188	0.0000000	0.0000000
1409.9936575	1265.0012469	15164.9442578	3.4308521	0.8766136	0.0883112	0.5828433	0.1386082	0.0000000	0.0000000
1404.9940311	1265.0012469	15159.8950195	3.4209930	0.6601288	0.0775114	0.5843422	0.1423284	0.0000000	0.0000000
1399.9876626	1265.0012469	15154.8515625	3.4111338	0.6401147	0.0589065	0.5681722	0.1420991	0.0000000	0.0000000
1394.9969913	1265.0012469	15149.8081055	3.4012746	0.6197672	0.0404031	0.5545772	0.1420065	0.0000000	0.0000000
1389.9916327	1265.0012469	15144.9938965	3.3914155	0.5997532	0.0398712	0.5445029	0.1424645	0.0000000	0.0000000
1384.9993143	1265.0012469	15139.9511523	3.3815563	0.5794056	0.0382709	0.5521016	0.1427526	0.0000000	0.0000000
1379.9954919	1265.0012469	15134.9233789	3.3716972	0.5590580	0.0307439	0.5281572	0.1394457	0.0000000	0.0000000
1374.9977128	1265.0012469	15129.8956055	3.3618380	0.5390440	0.0263723	0.5137981	0.1379537	0.0000000	0.0000000
1369.9938149	1265.0012469	15124.8678320	3.3519789	0.5186964	0.0312501	0.5096618	0.1408895	0.0000000	0.0000000
1364.9893972	1265.0012469	15119.8400586	3.3421197	0.4986824	0.0535076	0.4959972	0.1415520	0.0000000	0.0000000
1360.0037170	1265.0012469	15114.8202344	3.3322606	0.4783348	0.1018857	0.4802478	0.1432969	0.0000000	0.0000000
1354.9999390	1265.0012469	15109.8083594	3.3224014	0.4579873	0.1539120	0.4614246	0.1436124	0.0000000	0.0000000
1349.9905185	1265.0012469	15104.7964844	3.3125423	0.4379732	0.1517775	0.4527636	0.1435983	0.0000000	0.0000000
1344.9967843	1265.0012469	15099.7846094	3.3026831	0.4176257	0.1078213	0.4339063	0.1433018	0.0000000	0.0000000
1340.0058595	1265.0012469	15094.7727344	3.2928239	0.3976117	0.0888582	0.4356597	0.1463798	0.0000000	0.0000000
1334.9945685	1265.0012469	15089.7762402	3.2829648	0.3772641	0.0977141	0.4203036	0.1428632	0.0000000	0.0000000
1329.9975394	1265.0012469	15084.7804785	3.2731056	0.3572501	0.1405999	0.4047817	0.1401945	0.0000000	0.0000000
1325.0067276	1265.0012469	15079.7847168	3.2632465	0.3369025	0.1603020	0.3860936	0.1444681	0.0000000	0.0000000
1320.0022339	1265.0012469	15074.7889551	3.2533873	0.3165549	0.1394199	0.3588095	0.1454021	0.0000000	0.0000000
1314.9983984	1265.0012469	15069.7997852	3.2435282	0.2965409	0.0993511	0.3427621	0.1464490	0.0000000	0.0000000
1309.9938559	1265.0012469	15064.8201367	3.2336690	0.2761933	0.0718734	0.3220643	0.1451578	0.0000000	0.0000000
1305.0029693	1265.0012469	15059.8404883	3.2238099	0.2561793	0.0632035	0.3096657	0.1435330	0.0000000	0.0000000
1299.9991501	1265.0012469	15054.8608398	3.2139507	0.2358317	0.0494313	0.2933375	0.1424829	0.0000000	0.0000000
1294.9989791	1265.0012469	15049.8811914	3.2040915	0.2154842	0.0554030	0.2886217	0.1439812	0.0000000	0.0000000
1290.0052150	1265.0012469	15044.9154590	3.1942324	0.1954702	0.0603230	0.2759373	0.1431495	0.0000000	0.0000000
1285.0068833	1265.0012469	15039.9519238	3.1843732	0.1751226	0.0687965	0.2429138	0.1436146	0.0000000	0.0000000
1280.0011129	1265.0012469	15034.9883887	3.1745141	0.1551086	0.0610443	0.2325553	0.1464241	0.0000000	0.0000000
1275.0019807	1265.0012469	15029.7992383	3.1646549	0.1347610	0.1420264	0.2235835	0.1462365	0.0000000	0.0000000
1270.0009934	1265.0012469	15024.8417187	3.1547958	0.1144134	0.2351445	0.2062676	0.1436204	0.0000000	0.0000000
1264.9950068	1265.0012469	15019.8947266	3.1449366	0.0943994	0.2593416	0.1976167	0.1401459	0.0000000	0.0000000
1260.0129909	1265.0012469	15014.9477344	3.1350775	0.0740518	0.2384711	0.1819016	0.1412554	0.0000000	0.0000000
1255.0147454	1265.0012469	15009.7758789	3.1252183	0.0540378	0.1736501	0.1621008	0.1408562	0.0000000	0.0000000
1250.0156050	1265.0012469	15004.8288867	3.1153592	0.0336902	0.0989277	0.1554841	0.1447333	0.0000000	0.0000000
