1599.9954356	1250.0000000	15339.9493555	3.8550319	1.4950465	0.0404176	0.7754702	0.1234486	0.0000000	1250.0000000
1594.9925208	1250.0000000	15334.7772070	3.8451408	1.4746990	0.0491691	0.8580335	0.1235549	0.0000000	0.0000000
1589.9980278	1250.0000000	15329.8401562	3.8352817	1.4546849	0.0481825	0.8609464	0.1218274	0.0000000	0.0000000
1584.9897793	1250.0000000	15324.9053613	3.8254225	1.4343374	0.0388541	0.8516233	0.1203662	0.0000000	0.0000000
1579.9932605	1250.0000000	15319.9841016	3.8155634	1.4139898	0.0263448	0.8369354	0.1226704	0.0000000	0.0000000
1574.9903821	1250.0000000	15314.8284961	3.8057042	1.3939758	0.0226443	0.8197593	0.1216759	0.0000000	0.0000000
1569.9879348	1250.0000000	15309.9072363	3.7958451	1.3736282	0.0176688	0.8202438	0.1205231	0.0000000	0.0000000
1564.9854875	1250.0000000	15304.9859766	3.7859859	1.3536142	0.0136204	0.7952570	0.1184202	0.0000000	0.0000000
1559.9998645	1250.0000000	15299.8376953	3.7761268	1.3332666	0.0122213	0.7633225	0.1142001	0.0000000	0.0000000
1554.9972408	1250.0000000	15294.9318164	3.7662676	1.3132526	0.0116360	0.7385936	0.1224106	0.0000000	0.0000000
1549.9908346	1250.0000000	15289.7923242	3.7564085	1.2929050	0.0120154	0.7356100	0.1210582	0.0000000	0.0000000
1544.9998486	1250.0000000	15284.8864453	3.7465493	1.2725575	0.0222931	0.7350341	0.1222797	0.0000000	0.0000000
1539.9918854	1250.0000000	15279.9805664	3.7366901	1.2525434	0.0365189	0.7352172	0.1248274	0.0000000	0.0000000
1534.9898781	1250.0000000	15274.8536914	3.7268310	1.2321959	0.0559974	0.7383693	0.1225809	0.0000000	0.0000000
1529.9946542	1250.0000000	15269.9633984	3.7169718	1.2121819	0.0640585	0.7265075	0.1209063	0.0000000	0.0000000
1524.9994304	1250.0000000	15264.8402344	3.7071127	1.1918343	0.0902775	0.7069225	0.1225494	0.0000000	0.0000000
1519.9916865	1250.0000000	15259.9499414	3.6972535	1.1714867	0.1163102	0.7134622	0.1224132	0.0000000	0.0000000
1514.9965539	1250.0000000	15254.8289746	3.6873944	1.1514727	0.1353629	0.6970419	0.1236882	0.0000000	0.0000000
1509.9948860	1250.0000000	15249.9540625	3.6775352	1.1311251	0.1350353	0.6954555	0.1219084	0.0000000	0.0000000
1504.9928588	1250.0000000	15244.8470117	3.6676761	1.1111111	0.1193445	0.6933233	0.1230032	0.0000000	0.0000000
1499.9935148	1250.0000000	15239.9720996	3.6578169	1.0907635	0.0786620	0.6955137	0.1253716	0.0000000	0.0000000
1494.9945089	1250.0000000	15234.8650488	3.6479577	1.0704160	0.0538704	0.7157979	0.1202983	0.0000000	0.0000000
1489.9975133	1250.0000000	15229.9973633	3.6380986	1.0504019	0.0437173	0.7190022	0.1239365	0.0000000	0.0000000
1485.0010010	1250.0000000	15224.9062109	3.6282394	1.0300544	0.0267733	0.7073261	0.1187855	0.0000000	0.0000000
1479.9972092	1250.0000000	15219.8150586	3.6183803	1.0100404	0.0207247	0.6953349	0.1239316	0.0000000	0.0000000
1474.9938468	1250.0000000	15214.9553223	3.6085211	0.9896928	0.0213643	0.6853989	0.1185992	0.0000000	0.0000000
1469.9966565	1250.0000000	15209.8641699	3.5986620	0.9693452	0.0409766	0.6703978	0.1193417	0.0000000	0.0000000
1464.9996160	1250.0000000	15204.7869336	3.5888028	0.9493312	0.0536890	0.6830150	0.1161553	0.0000000	0.0000000
1460.0031723	1250.0000000	15199.9425781	3.5789437	0.9289836	0.0479548	0.6784790	0.1211339	0.0000000	0.0000000
1455.0066100	1250.0000000	15194.8675391	3.5690845	0.9089696	0.0327642	0.6690425	0.1178793	0.0000000	0.0000000
1449.9959945	1250.0000000	15189.7925000	3.5592254	0.8886220	0.0220486	0.6683184	0.1198333	0.0000000	0.0000000
1444.9966097	1250.0000000	15184.9517090	3.5493662	0.8686080	0.0158204	0.6533118	0.1239937	0.0000000	0.0000000
1439.9983277	1250.0000000	15179.8923535	3.5395070	0.8482604	0.0263677	0.6448502	0.1187650	0.0000000	0.0000000
1435.0050512	1250.0000000	15174.8329980	3.5296479	0.8279129	0.0578683	0.6380813	0.1230317	0.0000000	0.0000000
1429.9991600	1250.0000000	15169.7736426	3.5197887	0.8078989	0.0893265	0.6235005	0.1220824	0.0000000	0.0000000
1424.9990761	1250.0000000	15164.9442578	3.5099296	0.7875513	0.0894176	0.6068616	0.1179605	0.0000000	0.0000000
1419.9996525	1250.0000000	15159.8950195	3.5000704	0.7675373	0.0755695	0.5944052	0.1223198	0.0000000	0.0000000
1414.9875199	1250.0000000	15154.8515625	3.4902113	0.7471897	0.0614698	0.5945297	0.1215811	0.0000000	0.0000000
1409.9936575	1250.0000000	15149.8081055	3.4803521	0.7268421	0.0480525	0.5764506	0.1210764	0.0000000	0.0000000
1405.0002814	1250.0000000	15144.9938965	3.4704930	0.7068281	0.0401709	0.5549419	0.1218717	0.0000000	0.0000000
1399.9876626	1250.0000000	15139.9511523	3.4606338	0.6864805	0.0295494	0.5530255	0.1245068	0.0000000	0.0000000
1394.9969913	1250.0000000	15134.9233789	3.4507746	0.6664665	0.0256123	0.5396266	0.1225947	0.0000000	0.0000000
1389.9916327	1250.0000000	15129.8956055	3.4409155	0.6461189	0.0236093	0.5483767	0.1152732	0.0000000	0.0000000
1385.0053575	1250.0000000	15124.8678320	3.4310563	0.6257714	0.0230679	0.5400714	0.1227642	0.0000000	0.0000000
1379.9954919	1250.0000000	15119.8400586	3.4211972	0.6057574	0.0216974	0.5269470	0.1211688	0.0000000	0.0000000
1374.9977128	1250.0000000	15114.8202344	3.4113380	0.5854098	0.0160839	0.5144452	0.1244565	0.0000000	0.0000000
1369.9938149	1250.0000000	15109.8083594	3.4014789	0.5653958	0.0173752	0.5064213	0.1235533	0.0000000	0.0000000
1364.9893972	1250.0000000	15104.7964844	3.3916197	0.5450482	0.0324200	0.4887542	0.1240216	0.0000000	0.0000000
1360.0037170	1250.0000000	15099.7846094	3.3817606	0.5247006	0.0606359	0.4613179	0.1246144	0.0000000	0.0000000
1354.9999390	1250.0000000	15094.7727344	3.3719014	0.5046866	0.0768680	0.4616344	0.1216997	0.0000000	0.0000000
1349.9905185	1250.0000000	15089.7762402	3.3620423	0.4843390	0.0789178	0.4484456	0.1273101	0.0000000	0.0000000
1344.9967843	1250.0000000	15084.7804785	3.3521831	0.4643250	0.0632667	0.4282490	0.1239003	0.0000000	0.0000000
1340.0058595	1250.0000000	15079.7847168	3.3423239	0.4439775	0.0437723	0.4123246	0.1203243	0.0000000	0.0000000
1334.9945685	1250.0000000	15074.7889551	3.3324648	0.4239634	0.0478591	0.4094561	0.1198340	0.0000000	0.0000000
1329.9975394	1250.0000000	15069.7997852	3.3226056	0.4036159	0.0685260	0.3880204	0.1245917	0.0000000	0.0000000
1325.0067276	1250.0000000	15064.8201367	3.3127465	0.3832683	0.0734758	0.3807333	0.1241487	0.0000000	0.0000000
1320.0090417	1250.0000000	15059.8404883	3.3028873	0.3632543	0.0697614	0.3552669	0.1216494	0.0000000	0.0000000
1314.9983984	1250.0000000	15054.8608398	3.2930282	0.3429067	0.0502278	0.3368740	0.1242224	0.0000000	0.0000000
1309.9938559	1250.0000000	15049.8811914	3.2831690	0.3228927	0.0392863	0.3327747	0.1196445	0.0000000	0.0000000
1305.0029693	1250.0000000	15044.9154590	3.2733099	0.3025451	0.0302632	0.3100176	0.1293425	0.0000000	0.0000000
1300.0059589	1250.0000000	15039.9519238	3.2634507	0.2821975	0.0300553	0.2998373	0.1238782	0.0000000	0.0000000
1295.0063540	1250.0000000	15034.9883887	3.2535915	0.2621835	0.0276404	0.2867560	0.1227321	0.0000000	0.0000000
1290.0052150	1250.0000000	15029.7992383	3.2437324	0.2418360	0.0289241	0.2727625	0.1209705	0.0000000	0.0000000
1285.0068833	1250.0000000	15024.8417187	3.2338732	0.2218219	0.0300909	0.2512393	0.1220674	0.0000000	0.0000000
1280.0011129	1250.0000000	15019.8947266	3.2240141	0.2014744	0.0311351	0.2389229	0.1279968	0.0000000	0.0000000
1275.0093966	1250.0000000	15014.9477344	3.2141549	0.1811268	0.0652007	0.2149282	0.1232926	0.0000000	0.0000000
1270.0086294	1250.0000000	15009.7758789	3.2042958	0.1611128	0.1213640	0.2024738	0.1231870	0.0000000	0.0000000
1264.9950068	1250.0000000	15004.8288867	3.1944366	0.1407652	0.1221554	0.1857688	0.1238944	0.0000000	0.0000000
1260.0048768	1250.0000000	14999.8959961	3.1845775	0.1207512	0.1239268	0.1717848	0.1227618	0.0000000	0.0000000
1255.0147454	1250.0000000	14994.9653320	3.1747183	0.1004036	0.0803567	0.1595535	0.1262107	0.0000000	0.0000000
1250.0156050	1250.0000000	14989.8105469	3.1648592	0.0800560	0.0447096	0.1450048	0.1243790	0.0000000	0.0000000
