1599.9954356	1420.0023303	15509.7932129	3.2939724	0.9680109	0.0735859	0.8037632	0.3220050	0.0000000	1420.0000000
1594.9925208	1420.0023303	15504.9848145	3.2841408	0.9476634	0.0949608	0.8481641	0.3263449	0.0000000	0.0000000
1589.9980278	1420.0023303	15499.9359961	3.2742817	0.9276494	0.0746553	0.8467227	0.3234517	0.0000000	0.0000000
1584.9897793	1420.0023303	15494.8871777	3.2644225	0.9073018	0.0659817	0.8521652	0.3248999	0.0000000	0.0000000
1579.9988693	1420.0023303	15489.8445312	3.2545634	0.8872878	0.0480668	0.8581397	0.3166588	0.0000000	0.0000000
1574.9903821	1420.0023303	15484.8119141	3.2447042	0.8669402	0.0356248	0.8297465	0.3150524	0.0000000	0.0000000
1569.9879348	1420.0023303	15479.7792969	3.2348451	0.8465926	0.0267788	0.8133994	0.3236730	0.0000000	0.0000000
1564.9854875	1420.0023303	15474.9863281	3.2249859	0.8265786	0.0216542	0.7800215	0.3204287	0.0000000	0.0000000
1559.9998645	1420.0023303	15469.9537109	3.2151268	0.8062310	0.0206344	0.7482931	0.3191627	0.0000000	0.0000000
1554.9972408	1420.0023303	15464.9302344	3.2052676	0.7862170	0.0280508	0.7354920	0.3246736	0.0000000	0.0000000
1549.9908346	1420.0023303	15459.9136133	3.1954085	0.7658694	0.0456249	0.7442962	0.3209713	0.0000000	0.0000000
1544.9998486	1420.0023303	15454.8969922	3.1855493	0.7455219	0.0788744	0.7333284	0.3204890	0.0000000	0.0000000
1539.9918854	1420.0023303	15449.8803711	3.1756901	0.7255079	0.1270072	0.7010145	0.3282626	0.0000000	0.0000000
1534.9898781	1420.0023303	15444.8637500	3.1658310	0.7051603	0.1788246	0.7132288	0.3297717	0.0000000	0.0000000
1529.9946542	1420.0023303	15439.8602441	3.1559718	0.6851463	0.2451528	0.7118980	0.3195118	0.0000000	0.0000000
1524.9994304	1420.0023303	15434.8598242	3.1461127	0.6647987	0.3220157	0.7217500	0.3140726	0.0000000	0.0000000
1519.9916865	1420.0023303	15429.8594043	3.1362535	0.6447847	0.4455084	0.7027671	0.3191749	0.0000000	0.0000000
1514.9965539	1420.0023303	15424.8589844	3.1263944	0.6244371	0.4827900	0.6789003	0.3178013	0.0000000	0.0000000
1510.0011622	1420.0023303	15419.8593262	3.1165352	0.6040895	0.4709253	0.6798707	0.3179471	0.0000000	0.0000000
1504.9928588	1420.0023303	15414.8749023	3.1066761	0.5840755	0.4094517	0.6951372	0.3218173	0.0000000	0.0000000
1499.9935148	1420.0023303	15409.8904785	3.0968169	0.5637279	0.3260535	0.7057125	0.3169946	0.0000000	0.0000000
1494.9945089	1420.0023303	15404.9060547	3.0869577	0.5437139	0.2543420	0.7058748	0.3228522	0.0000000	0.0000000
1489.9975133	1420.0023303	15399.9216309	3.0770986	0.5233664	0.1911926	0.7116123	0.3322128	0.0000000	0.0000000
1485.0010010	1420.0023303	15394.9417773	3.0672394	0.5030188	0.1040925	0.7029326	0.3336505	0.0000000	0.0000000
1479.9972092	1420.0023303	15389.9733496	3.0573803	0.4830048	0.0622809	0.7114437	0.3252788	0.0000000	0.0000000
1474.9938468	1420.0023303	15384.7683301	3.0475211	0.4626572	0.0666465	0.6924951	0.3282239	0.0000000	0.0000000
1470.0034186	1420.0023303	15379.7999023	3.0376620	0.4426432	0.1343745	0.6739431	0.3290641	0.0000000	0.0000000
1464.9928549	1420.0023303	15374.8314746	3.0278028	0.4222956	0.1836959	0.6559160	0.3290389	0.0000000	0.0000000
1459.9964112	1420.0023303	15369.8720703	3.0179437	0.4019480	0.1680929	0.6742886	0.3166141	0.0000000	0.0000000
1454.9998480	1420.0023303	15364.9194336	3.0080845	0.3819340	0.1276083	0.6632232	0.3233947	0.0000000	0.0000000
1449.9892324	1420.0023303	15359.9667969	2.9982254	0.3615864	0.0691716	0.6693114	0.3102539	0.0000000	0.0000000
1444.9966097	1420.0023303	15354.7783203	2.9883662	0.3415724	0.0326947	0.6470529	0.3158706	0.0000000	0.0000000
1439.9983277	1420.0023303	15349.8256836	2.9785070	0.3212249	0.0762019	0.6326869	0.3163480	0.0000000	0.0000000
1434.9988018	1420.0023303	15344.8864062	2.9686479	0.3008773	0.1932795	0.6217004	0.3103167	0.0000000	0.0000000
1429.9929097	1420.0023303	15339.9493555	2.9587887	0.2808633	0.2959706	0.6135381	0.3137106	0.0000000	0.0000000
1424.9928269	1420.0023303	15334.7772070	2.9489296	0.2605157	0.3282015	0.6100324	0.3233339	0.0000000	0.0000000
1419.9996525	1420.0023303	15329.8401562	2.9390704	0.2405017	0.2790448	0.6020105	0.3160460	0.0000000	0.0000000
1414.9875199	1420.0023303	15324.9053613	2.9292113	0.2201541	0.2431987	0.5853196	0.3185491	0.0000000	0.0000000
1409.9936575	1420.0023303	15319.9841016	2.9193521	0.1998065	0.1884498	0.5842363	0.3178695	0.0000000	0.0000000
1404.9940311	1420.0023303	15314.8284961	2.9094930	0.1797925	0.1616211	0.5759332	0.3097465	0.0000000	0.0000000
1399.9814132	1420.0023303	15309.9072363	2.8996338	0.1594449	0.1320231	0.5514944	0.3199883	0.0000000	0.0000000
1394.9969913	1420.0023303	15304.9859766	2.8897746	0.1394309	0.1283369	0.5519042	0.3213633	0.0000000	0.0000000
1389.9855886	1420.0023303	15299.8376953	2.8799155	0.1190834	0.1168931	0.5422046	0.3167513	0.0000000	0.0000000
1384.9993143	1420.0023303	15294.9318164	2.8700563	0.0990693	0.1029282	0.5255725	0.3258709	0.0000000	0.0000000
1379.9894486	1420.0023303	15289.7923242	2.8601972	0.0787218	0.0903397	0.5298861	0.3206078	0.0000000	0.0000000
1374.9977128	1420.0023303	15284.8864453	2.8503380	0.0583742	0.0568322	0.5134302	0.3199266	0.0000000	0.0000000
1369.9938149	1420.0023303	15279.9805664	2.8404789	0.0383602	0.0563226	0.5013265	0.3228317	0.0000000	0.0000000
1364.9893972	1420.0023303	15274.8536914	2.8306197	0.0180126	0.0988424	0.4991554	0.3200532	0.0000000	0.0000000
1359.9976739	1420.0023303	15269.9633984	2.8207606	-0.0020014	0.1748726	0.4705669	0.3214501	0.0000000	0.0000000
1354.9999390	1420.0023303	15264.8402344	2.8109014	-0.0223490	0.2522010	0.4531832	0.3204395	0.0000000	0.0000000
1349.9905185	1420.0023303	15259.9499414	2.8010423	-0.0426966	0.2619377	0.4527871	0.3126261	0.0000000	0.0000000
1344.9967843	1420.0023303	15254.8289746	2.7911831	-0.0627106	0.1875449	0.4310973	0.3150974	0.0000000	0.0000000
1340.0058595	1420.0023303	15249.9540625	2.7813239	-0.0830581	0.1483237	0.4226392	0.3084154	0.0000000	0.0000000
1334.9945685	1420.0023303	15244.8470117	2.7714648	-0.1030722	0.2232587	0.3980551	0.3194741	0.0000000	0.0000000
1329.9975394	1420.0023303	15239.9720996	2.7616056	-0.1234197	0.2926630	0.3904490	0.3162693	0.0000000	0.0000000
1324.9999187	1420.0023303	15234.8650488	2.7517465	-0.1437673	0.3336429	0.3659609	0.3143187	0.0000000	0.0000000
1320.0022339	1420.0023303	15229.9973633	2.7418873	-0.1637813	0.2619895	0.3675101	0.3104336	0.0000000	0.0000000
1314.9915895	1420.0023303	15224.9062109	2.7320282	-0.1841289	0.1581676	0.3236227	0.3111088	0.0000000	0.0000000
1309.9870470	1420.0023303	15219.8150586	2.7221690	-0.2041429	0.1180170	0.3081992	0.3168336	0.0000000	0.0000000
1305.0029693	1420.0023303	15214.9553223	2.7123099	-0.2244905	0.0998303	0.3013561	0.3189039	0.0000000	0.0000000
1300.0059589	1420.0023303	15209.8641699	2.7024507	-0.2448381	0.1059016	0.2863878	0.3187538	0.0000000	0.0000000
1294.9989791	1420.0023303	15204.7869336	2.6925915	-0.2648521	0.1122445	0.2704141	0.3176862	0.0000000	0.0000000
1290.0052150	1420.0023303	15199.9425781	2.6827324	-0.2851996	0.1130288	0.2580000	0.3172111	0.0000000	0.0000000
1285.0068833	1420.0023303	15194.8675391	2.6728732	-0.3052136	0.1160782	0.2324982	0.3260364	0.0000000	0.0000000
1280.0011129	1420.0023303	15189.7925000	2.6630141	-0.3255612	0.1289041	0.2205039	0.3147465	0.0000000	0.0000000
1275.0093966	1420.0023303	15184.9517090	2.6531549	-0.3455752	0.2334064	0.2081598	0.3209347	0.0000000	0.0000000
1270.0009934	1420.0023303	15179.8923535	2.6432958	-0.3659228	0.3377596	0.1932743	0.3123796	0.0000000	0.0000000
1264.9950068	1420.0023303	15174.8329980	2.6334366	-0.3862704	0.3779689	0.1820631	0.3220613	0.0000000	0.0000000
1260.0129909	1420.0023303	15169.7736426	2.6235775	-0.4062844	0.3218997	0.1633146	0.3156499	0.0000000	0.0000000
1255.0147454	1420.0023303	15164.9442578	2.6137183	-0.4266320	0.2262780	0.1520525	0.3226538	0.0000000	0.0000000
1250.0156050	1420.0023303	15159.8950195	2.6038592	-0.4466460	0.1363589	0.1331897	0.3183615	0.0000000	0.0000000
