1599.9954356	1534.9946325	15624.9726562	2.9143734	0.6114280	0.1053141	0.7803414	0.4132260	0.0000000	1535.0000000
1594.9984053	1534.9946325	15619.8411914	2.9046408	0.5914140	0.0561992	0.8492230	0.4136846	0.0000000	0.0000000
1589.9980278	1534.9946325	15614.9540820	2.8947817	0.5710664	0.0392943	0.8832211	0.4038715	0.0000000	0.0000000
1584.9953866	1534.9946325	15609.8322266	2.8849225	0.5507188	0.0460068	0.8582467	0.4107384	0.0000000	0.0000000
1579.9988693	1534.9946325	15604.9611328	2.8750634	0.5307048	0.0604265	0.8649778	0.4131310	0.0000000	0.0000000
1574.9903821	1534.9946325	15599.8464844	2.8652042	0.5103573	0.0782667	0.8388418	0.4097986	0.0000000	0.0000000
1569.9935429	1534.9946325	15594.9753906	2.8553451	0.4903432	0.1068512	0.8231043	0.4088991	0.0000000	0.0000000
1564.9910956	1534.9946325	15589.8607422	2.8454859	0.4699957	0.1093219	0.7834528	0.4088700	0.0000000	0.0000000
1559.9998645	1534.9946325	15584.7578125	2.8356268	0.4496481	0.1479838	0.7607454	0.4057212	0.0000000	0.0000000
1555.0028496	1534.9946325	15579.9023437	2.8257676	0.4296341	0.2354871	0.7467204	0.4122014	0.0000000	0.0000000
1549.9965481	1534.9946325	15574.8041016	2.8159085	0.4092865	0.3582335	0.7655359	0.4025430	0.0000000	0.0000000
1545.0061240	1534.9946325	15569.9486328	2.8060493	0.3892725	0.4554896	0.7462094	0.4074169	0.0000000	0.0000000
1539.9981617	1534.9946325	15564.8503906	2.7961901	0.3689249	0.5917400	0.7104834	0.4203800	0.0000000	0.0000000
1535.0024289	1534.9946325	15559.7663867	2.7863310	0.3489109	0.7182234	0.7308709	0.4044869	0.0000000	0.0000000
1530.0009296	1534.9946325	15554.9267383	2.7764718	0.3285633	0.7336062	0.7278056	0.4132233	0.0000000	0.0000000
1525.0057058	1534.9946325	15549.8451074	2.7666127	0.3082158	0.6329200	0.7246355	0.4072011	0.0000000	0.0000000
1519.9979617	1534.9946325	15544.7634766	2.7567535	0.2882017	0.4721550	0.7200069	0.4101430	0.0000000	0.0000000
1514.9965539	1534.9946325	15539.9238281	2.7468944	0.2678542	0.3060955	0.7037401	0.4077897	0.0000000	0.0000000
1510.0011622	1534.9946325	15534.8586035	2.7370352	0.2478402	0.1516155	0.7069196	0.4080376	0.0000000	0.0000000
1504.9991342	1534.9946325	15529.7933789	2.7271761	0.2274926	0.0728046	0.7037589	0.4075530	0.0000000	0.0000000
1499.9935148	1534.9946325	15524.9693555	2.7173169	0.2071450	0.0705142	0.7020111	0.4088212	0.0000000	0.0000000
1495.0012710	1534.9946325	15519.9041309	2.7074577	0.1871310	0.0698600	0.7128715	0.4074092	0.0000000	0.0000000
1489.9975133	1534.9946325	15514.8420312	2.6975986	0.1667834	0.0579946	0.7172852	0.4072510	0.0000000	0.0000000
1485.0077631	1534.9946325	15509.7932129	2.6877394	0.1467694	0.0511351	0.7205451	0.4097396	0.0000000	0.0000000
1480.0039702	1534.9946325	15504.9848145	2.6778803	0.1264218	0.0640056	0.7160278	0.4041382	0.0000000	0.0000000
1475.0006089	1534.9946325	15499.9359961	2.6680211	0.1060743	0.0921851	0.6928893	0.4104440	0.0000000	0.0000000
1470.0101807	1534.9946325	15494.8871777	2.6581620	0.0860602	0.1552025	0.6849699	0.4008324	0.0000000	0.0000000
1464.9928549	1534.9946325	15489.8445312	2.6483028	0.0657127	0.1732224	0.6682924	0.4069523	0.0000000	0.0000000
1460.0031723	1534.9946325	15484.8119141	2.6384437	0.0456987	0.1241212	0.6761544	0.3991528	0.0000000	0.0000000
1455.0066100	1534.9946325	15479.7792969	2.6285845	0.0253511	0.0908772	0.6503165	0.4096138	0.0000000	0.0000000
1449.9959945	1534.9946325	15474.9863281	2.6187254	0.0050035	0.0642645	0.6747669	0.4020353	0.0000000	0.0000000
1445.0031453	1534.9946325	15469.9537109	2.6088662	-0.0150105	0.0881622	0.6482196	0.4129301	0.0000000	0.0000000
1440.0045771	1534.9946325	15464.9302344	2.5990070	-0.0353581	0.1351384	0.6427234	0.4101886	0.0000000	0.0000000
1435.0050512	1534.9946325	15459.9136133	2.5891479	-0.0553721	0.2081803	0.6305614	0.4144410	0.0000000	0.0000000
1429.9991600	1534.9946325	15454.8969922	2.5792887	-0.0757197	0.2102429	0.6224138	0.4094025	0.0000000	0.0000000
1424.9990761	1534.9946325	15449.8803711	2.5694296	-0.0957337	0.1836335	0.6251592	0.4100505	0.0000000	0.0000000
1420.0059019	1534.9946325	15444.8637500	2.5595704	-0.1160813	0.1261661	0.6120194	0.4062969	0.0000000	0.0000000
1414.9937701	1534.9946325	15439.8602441	2.5497113	-0.1364288	0.1007123	0.6008073	0.4049496	0.0000000	0.0000000
1409.9936575	1534.9946325	15434.8598242	2.5398521	-0.1564428	0.0882760	0.5919032	0.4094640	0.0000000	0.0000000
1405.0002814	1534.9946325	15429.8594043	2.5299930	-0.1767904	0.0830520	0.5706194	0.4090272	0.0000000	0.0000000
1399.9939120	1534.9946325	15424.8589844	2.5201338	-0.1968044	0.0870725	0.5602970	0.4152260	0.0000000	0.0000000
1394.9969913	1534.9946325	15419.8593262	2.5102746	-0.2171520	0.0778213	0.5529570	0.4084340	0.0000000	0.0000000
1389.9916327	1534.9946325	15414.8749023	2.5004155	-0.2374996	0.0739993	0.5423337	0.4084559	0.0000000	0.0000000
1385.0053575	1534.9946325	15409.8904785	2.4905563	-0.2575136	0.0492412	0.5411701	0.4057824	0.0000000	0.0000000
1380.0015352	1534.9946325	15404.9060547	2.4806972	-0.2778612	0.0307007	0.5195995	0.4071390	0.0000000	0.0000000
1374.9977128	1534.9946325	15399.9216309	2.4708380	-0.2978752	0.0303005	0.5236679	0.4063132	0.0000000	0.0000000
1369.9998590	1534.9946325	15394.9417773	2.4609789	-0.3182228	0.0567449	0.5084451	0.4015739	0.0000000	0.0000000
1364.9954405	1534.9946325	15389.9733496	2.4511197	-0.3385703	0.1087998	0.4878473	0.4005413	0.0000000	0.0000000
1360.0158033	1534.9946325	15384.7683301	2.4412606	-0.3585843	0.1588818	0.4680397	0.4003030	0.0000000	0.0000000
1355.0059831	1534.9946325	15379.7999023	2.4314014	-0.3789319	0.1802112	0.4653811	0.4123670	0.0000000	0.0000000
1350.0030554	1534.9946325	15374.8314746	2.4215423	-0.3989459	0.1386322	0.4609456	0.4106528	0.0000000	0.0000000
1345.0035932	1534.9946325	15369.8720703	2.4116831	-0.4192935	0.1051641	0.4417318	0.4103074	0.0000000	0.0000000
1340.0126684	1534.9946325	15364.9194336	2.4018239	-0.4396411	0.0970232	0.4224940	0.4076533	0.0000000	0.0000000
1335.0013764	1534.9946325	15359.9667969	2.3919648	-0.4596551	0.1425587	0.4064199	0.4027839	0.0000000	0.0000000
1330.0043482	1534.9946325	15354.7783203	2.3821056	-0.4800027	0.1595208	0.3830740	0.4108635	0.0000000	0.0000000
1325.0135365	1534.9946325	15349.8256836	2.3722465	-0.5000167	0.1387352	0.3684229	0.4129767	0.0000000	0.0000000
1320.0090417	1534.9946325	15344.8864062	2.3623873	-0.5203643	0.0885876	0.3578917	0.4068525	0.0000000	0.0000000
1315.0052073	1534.9946325	15339.9493555	2.3525282	-0.5403783	0.0488973	0.3440599	0.4073206	0.0000000	0.0000000
1310.0006648	1534.9946325	15334.7772070	2.3426690	-0.5607258	0.0258578	0.3184779	0.4069568	0.0000000	0.0000000
1305.0029693	1534.9946325	15329.8401562	2.3328099	-0.5810734	0.0198168	0.3005211	0.4099826	0.0000000	0.0000000
1300.0059589	1534.9946325	15324.9053613	2.3229507	-0.6010874	0.0258811	0.2897936	0.4016508	0.0000000	0.0000000
1295.0063540	1534.9946325	15319.9841016	2.3130915	-0.6214350	0.0475419	0.2694930	0.4072127	0.0000000	0.0000000
1290.0126310	1534.9946325	15314.8284961	2.3032324	-0.6414490	0.0746716	0.2616200	0.4041565	0.0000000	0.0000000
1285.0142992	1534.9946325	15309.9072363	2.2933732	-0.6617966	0.0792830	0.2427452	0.4110109	0.0000000	0.0000000
1280.0085301	1534.9946325	15304.9859766	2.2835141	-0.6821442	0.1065676	0.2242030	0.4051007	0.0000000	0.0000000
1275.0093966	1534.9946325	15299.8376953	2.2736549	-0.7021582	0.1468097	0.2051384	0.4126294	0.0000000	0.0000000
1270.0009934	1534.9946325	15294.9318164	2.2637958	-0.7225058	0.2061261	0.1937225	0.4152174	0.0000000	0.0000000
1264.9950068	1534.9946325	15289.7923242	2.2539366	-0.7425198	0.1895648	0.1816085	0.4084436	0.0000000	0.0000000
1260.0211049	1534.9946325	15284.8864453	2.2440775	-0.7628673	0.1155530	0.1645590	0.4095774	0.0000000	0.0000000
1255.0147454	1534.9946325	15279.9805664	2.2342183	-0.7832149	0.0643900	0.1466071	0.4158173	0.0000000	0.0000000
1250.0237205	1534.9946325	15274.8536914	2.2243592	-0.8032289	0.0431597	0.1395481	0.4118263	0.0000000	0.0000000
