1599.9954356	1464.9995704	15554.9267383	3.1455352	0.8285800	0.0438578	0.8101801	0.3796262	0.0000000	1465.0000000
1594.9925208	1464.9995704	15549.8451074	3.1356408	0.8082324	0.0575104	0.8736734	0.3814514	0.0000000	0.0000000
1589.9980278	1464.9995704	15544.7634766	3.1257817	0.7882184	0.0526671	0.8895020	0.3753008	0.0000000	0.0000000
1584.9953866	1464.9995704	15539.9238281	3.1159225	0.7678708	0.0353528	0.8787516	0.3771676	0.0000000	0.0000000
1579.9988693	1464.9995704	15534.8586035	3.1060634	0.7475233	0.0257931	0.8676456	0.3845982	0.0000000	0.0000000
1574.9903821	1464.9995704	15529.7933789	3.0962042	0.7275093	0.0180824	0.8422053	0.3815510	0.0000000	0.0000000
1569.9935429	1464.9995704	15524.9693555	3.0863451	0.7071617	0.0142616	0.8343311	0.3821845	0.0000000	0.0000000
1564.9854875	1464.9995704	15519.9041309	3.0764859	0.6871477	0.0167662	0.8041865	0.3801690	0.0000000	0.0000000
1559.9998645	1464.9995704	15514.8420312	3.0666268	0.6668001	0.0232360	0.7743364	0.3851464	0.0000000	0.0000000
1554.9972408	1464.9995704	15509.7932129	3.0567676	0.6464525	0.0369584	0.7626138	0.3841348	0.0000000	0.0000000
1549.9908346	1464.9995704	15504.9848145	3.0469085	0.6264385	0.0483752	0.7530114	0.3891995	0.0000000	0.0000000
1544.9998486	1464.9995704	15499.9359961	3.0370493	0.6060909	0.0624591	0.7451329	0.3841350	0.0000000	0.0000000
1539.9918854	1464.9995704	15494.8871777	3.0271901	0.5860769	0.0884709	0.7409439	0.3776433	0.0000000	0.0000000
1534.9898781	1464.9995704	15489.8445312	3.0173310	0.5657293	0.1416569	0.7408512	0.3883516	0.0000000	0.0000000
1529.9946542	1464.9995704	15484.8119141	3.0074718	0.5453818	0.2035430	0.7433566	0.3870641	0.0000000	0.0000000
1525.0057058	1464.9995704	15479.7792969	2.9976127	0.5253678	0.2461830	0.7256482	0.3809916	0.0000000	0.0000000
1519.9916865	1464.9995704	15474.9863281	2.9877535	0.5050202	0.2771254	0.7309253	0.3820172	0.0000000	0.0000000
1514.9902785	1464.9995704	15469.9537109	2.9778944	0.4850062	0.2832815	0.7256378	0.3775703	0.0000000	0.0000000
1510.0011622	1464.9995704	15464.9302344	2.9680352	0.4646586	0.2215319	0.6943241	0.3831113	0.0000000	0.0000000
1504.9928588	1464.9995704	15459.9136133	2.9581761	0.4446446	0.1579167	0.6993428	0.3849002	0.0000000	0.0000000
1499.9935148	1464.9995704	15454.8969922	2.9483169	0.4242970	0.1338181	0.7243861	0.3736499	0.0000000	0.0000000
1494.9945089	1464.9995704	15449.8803711	2.9384577	0.4039494	0.1298470	0.7022501	0.3847213	0.0000000	0.0000000
1489.9975133	1464.9995704	15444.8637500	2.9285986	0.3839354	0.1116039	0.7415082	0.3843095	0.0000000	0.0000000
1485.0010010	1464.9995704	15439.8602441	2.9187394	0.3635878	0.0908756	0.7183489	0.3822883	0.0000000	0.0000000
1479.9972092	1464.9995704	15434.8598242	2.9088803	0.3435738	0.0693821	0.7099924	0.3789744	0.0000000	0.0000000
1475.0006089	1464.9995704	15429.8594043	2.8990211	0.3232263	0.0899004	0.7075868	0.3846281	0.0000000	0.0000000
1470.0034186	1464.9995704	15424.8589844	2.8891620	0.3028787	0.0912469	0.7059953	0.3821571	0.0000000	0.0000000
1464.9928549	1464.9995704	15419.8593262	2.8793028	0.2828647	0.0971145	0.6935917	0.3875682	0.0000000	0.0000000
1460.0031723	1464.9995704	15414.8749023	2.8694437	0.2625171	0.0813102	0.6851442	0.3792211	0.0000000	0.0000000
1455.0066100	1464.9995704	15409.8904785	2.8595845	0.2425031	0.0513176	0.6660704	0.3859976	0.0000000	0.0000000
1449.9892324	1464.9995704	15404.9060547	2.8497254	0.2221555	0.0207948	0.6661398	0.3838211	0.0000000	0.0000000
1444.9966097	1464.9995704	15399.9216309	2.8398662	0.2018079	0.0208003	0.6736434	0.3839620	0.0000000	0.0000000
1439.9983277	1464.9995704	15394.9417773	2.8300070	0.1817939	0.0539752	0.6566172	0.3852262	0.0000000	0.0000000
1435.0050512	1464.9995704	15389.9733496	2.8201479	0.1614463	0.1215537	0.6580570	0.3849719	0.0000000	0.0000000
1429.9991600	1464.9995704	15384.7683301	2.8102887	0.1414323	0.1488239	0.6502142	0.3801174	0.0000000	0.0000000
1424.9928269	1464.9995704	15379.7999023	2.8004296	0.1210848	0.1477118	0.6154769	0.3885553	0.0000000	0.0000000
1420.0059019	1464.9995704	15374.8314746	2.7905704	0.1007372	0.1364849	0.6127250	0.3837583	0.0000000	0.0000000
1414.9875199	1464.9995704	15369.8720703	2.7807113	0.0807232	0.1176187	0.6154772	0.3840830	0.0000000	0.0000000
1409.9936575	1464.9995704	15364.9194336	2.7708521	0.0603756	0.0744822	0.5898190	0.3820272	0.0000000	0.0000000
1405.0002814	1464.9995704	15359.9667969	2.7609930	0.0403616	0.0689224	0.5764066	0.3759491	0.0000000	0.0000000
1399.9876626	1464.9995704	15354.7783203	2.7511338	0.0200140	0.0592252	0.5656036	0.3825118	0.0000000	0.0000000
1394.9969913	1464.9995704	15349.8256836	2.7412746	0.0000000	0.0546346	0.5475115	0.3859767	0.0000000	0.0000000
1389.9916327	1464.9995704	15344.8864062	2.7314155	-0.0203476	0.0545853	0.5532157	0.3767153	0.0000000	0.0000000
1385.0053575	1464.9995704	15339.9493555	2.7215563	-0.0406952	0.0470157	0.5476044	0.3808525	0.0000000	0.0000000
1379.9954919	1464.9995704	15334.7772070	2.7116972	-0.0607092	0.0383003	0.5217586	0.3829009	0.0000000	0.0000000
1374.9977128	1464.9995704	15329.8401562	2.7018380	-0.0810567	0.0335254	0.5275306	0.3865366	0.0000000	0.0000000
1369.9938149	1464.9995704	15324.9053613	2.6919789	-0.1010707	0.0257699	0.5108584	0.3795628	0.0000000	0.0000000
1364.9893972	1464.9995704	15319.9841016	2.6821197	-0.1214183	0.0530269	0.4940994	0.3823324	0.0000000	0.0000000
1360.0037170	1464.9995704	15314.8284961	2.6722606	-0.1417659	0.0821281	0.4816489	0.3820982	0.0000000	0.0000000
1354.9999390	1464.9995704	15309.9072363	2.6624014	-0.1617799	0.1271925	0.4652780	0.3797234	0.0000000	0.0000000
1349.9905185	1464.9995704	15304.9859766	2.6525423	-0.1821275	0.1059463	0.4544587	0.3762695	0.0000000	0.0000000
1344.9967843	1464.9995704	15299.8376953	2.6426831	-0.2021415	0.0837572	0.4397285	0.3814470	0.0000000	0.0000000
1340.0058595	1464.9995704	15294.9318164	2.6328239	-0.2224891	0.0734437	0.4190193	0.3847586	0.0000000	0.0000000
1334.9945685	1464.9995704	15289.7923242	2.6229648	-0.2428367	0.0862533	0.4139838	0.3805280	0.0000000	0.0000000
1330.0043482	1464.9995704	15284.8864453	2.6131056	-0.2628507	0.1113279	0.3975208	0.3779099	0.0000000	0.0000000
1325.0067276	1464.9995704	15279.9805664	2.6032465	-0.2831982	0.1059489	0.3634777	0.3784115	0.0000000	0.0000000
1320.0090417	1464.9995704	15274.8536914	2.5933873	-0.3032122	0.0963492	0.3664187	0.3808391	0.0000000	0.0000000
1314.9983984	1464.9995704	15269.9633984	2.5835282	-0.3235598	0.0623755	0.3404149	0.3782963	0.0000000	0.0000000
1310.0006648	1464.9995704	15264.8402344	2.5736690	-0.3439074	0.0479515	0.3150748	0.3869666	0.0000000	0.0000000
1305.0029693	1464.9995704	15259.9499414	2.5638099	-0.3639214	0.0363085	0.3088792	0.3782734	0.0000000	0.0000000
1300.0059589	1464.9995704	15254.8289746	2.5539507	-0.3842690	0.0485597	0.2853674	0.3754511	0.0000000	0.0000000
1295.0063540	1464.9995704	15249.9540625	2.5440915	-0.4042830	0.0550388	0.2775027	0.3770888	0.0000000	0.0000000
1290.0126310	1464.9995704	15244.8470117	2.5342324	-0.4246306	0.0524637	0.2695975	0.3767999	0.0000000	0.0000000
1285.0068833	1464.9995704	15239.9720996	2.5243732	-0.4446446	0.0562595	0.2498643	0.3799209	0.0000000	0.0000000
1280.0011129	1464.9995704	15234.8650488	2.5145141	-0.4649922	0.0731132	0.2230756	0.3839839	0.0000000	0.0000000
1275.0093966	1464.9995704	15229.9973633	2.5046549	-0.4853397	0.1037975	0.2012977	0.3877048	0.0000000	0.0000000
1270.0009934	1464.9995704	15224.9062109	2.4947958	-0.5053537	0.1642422	0.2027511	0.3818088	0.0000000	0.0000000
1264.9950068	1464.9995704	15219.8150586	2.4849366	-0.5257013	0.1543010	0.1889457	0.3852147	0.0000000	0.0000000
1260.0048768	1464.9995704	15214.9553223	2.4750775	-0.5457153	0.1332681	0.1722850	0.3851708	0.0000000	0.0000000
1255.0147454	1464.9995704	15209.8641699	2.4652183	-0.5660629	0.1043394	0.1536442	0.3866603	0.0000000	0.0000000
1250.0156050	1464.9995704	15204.7869336	2.4553592	-0.5864105	0.0621390	0.1447489	0.3894177	0.0000000	0.0000000
