1599.9954356	1314.9979065	15404.9060547	3.6405484	1.2935722	0.0575134	0.8196375	0.2275475	0.0000000	1315.0000000
1594.9925208	1314.9979065	15399.9216309	3.6306408	1.2732246	0.1100535	0.8772216	0.2237181	0.0000000	0.0000000
1589.9980278	1314.9979065	15394.9417773	3.6207817	1.2532106	0.0923668	0.8919688	0.2287446	0.0000000	0.0000000
1584.9953866	1314.9979065	15389.9733496	3.6109225	1.2328630	0.0816605	0.8987459	0.2287948	0.0000000	0.0000000
1579.9988693	1314.9979065	15384.7683301	3.6010634	1.2125154	0.0624550	0.8661997	0.2326030	0.0000000	0.0000000
1574.9903821	1314.9979065	15379.7999023	3.5912042	1.1925014	0.0420825	0.8400342	0.2298872	0.0000000	0.0000000
1569.9935429	1314.9979065	15374.8314746	3.5813451	1.1721538	0.0367081	0.8573423	0.2255576	0.0000000	0.0000000
1564.9910956	1314.9979065	15369.8720703	3.5714859	1.1521398	0.0310814	0.8141673	0.2298987	0.0000000	0.0000000
1559.9998645	1314.9979065	15364.9194336	3.5616268	1.1317923	0.0259984	0.7942590	0.2291166	0.0000000	0.0000000
1554.9972408	1314.9979065	15359.9667969	3.5517676	1.1114447	0.0222715	0.7761362	0.2302741	0.0000000	0.0000000
1549.9908346	1314.9979065	15354.7783203	3.5419085	1.0914307	0.0262151	0.7631344	0.2275433	0.0000000	0.0000000
1544.9998486	1314.9979065	15349.8256836	3.5320493	1.0710831	0.0387008	0.7579854	0.2286904	0.0000000	0.0000000
1539.9918854	1314.9979065	15344.8864062	3.5221901	1.0510691	0.0666449	0.7439644	0.2296182	0.0000000	0.0000000
1534.9898781	1314.9979065	15339.9493555	3.5123310	1.0307215	0.0974806	0.7556271	0.2314128	0.0000000	0.0000000
1529.9946542	1314.9979065	15334.7772070	3.5024718	1.0107075	0.1384968	0.7619052	0.2256482	0.0000000	0.0000000
1525.0057058	1314.9979065	15329.8401562	3.4926127	0.9903599	0.1711880	0.7333038	0.2291320	0.0000000	0.0000000
1519.9916865	1314.9979065	15324.9053613	3.4827535	0.9700123	0.2103030	0.7216987	0.2257593	0.0000000	0.0000000
1514.9965539	1314.9979065	15319.9841016	3.4728944	0.9499983	0.2378634	0.7162367	0.2239428	0.0000000	0.0000000
1509.9948860	1314.9979065	15314.8284961	3.4630352	0.9296508	0.2603530	0.7062947	0.2325826	0.0000000	0.0000000
1504.9928588	1314.9979065	15309.9072363	3.4531761	0.9096367	0.1978542	0.7194337	0.2285802	0.0000000	0.0000000
1499.9935148	1314.9979065	15304.9859766	3.4433169	0.8892892	0.1569550	0.7098875	0.2251912	0.0000000	0.0000000
1494.9945089	1314.9979065	15299.8376953	3.4334577	0.8689416	0.1154487	0.7170946	0.2261679	0.0000000	0.0000000
1489.9975133	1314.9979065	15294.9318164	3.4235986	0.8489276	0.0852310	0.7318013	0.2249282	0.0000000	0.0000000
1485.0010010	1314.9979065	15289.7923242	3.4137394	0.8285800	0.0528060	0.7139216	0.2224324	0.0000000	0.0000000
1480.0039702	1314.9979065	15284.8864453	3.4038803	0.8085660	0.0273529	0.7210376	0.2202932	0.0000000	0.0000000
1475.0006089	1314.9979065	15279.9805664	3.3940211	0.7882184	0.0371251	0.7137499	0.2209242	0.0000000	0.0000000
1470.0101807	1314.9979065	15274.8536914	3.3841620	0.7678708	0.0693708	0.6956621	0.2249581	0.0000000	0.0000000
1464.9996160	1314.9979065	15269.9633984	3.3743028	0.7478568	0.0940941	0.6763954	0.2263993	0.0000000	0.0000000
1460.0031723	1314.9979065	15264.8402344	3.3644437	0.7275093	0.1006075	0.6838417	0.2261582	0.0000000	0.0000000
1455.0066100	1314.9979065	15259.9499414	3.3545845	0.7074952	0.0688699	0.6732958	0.2301436	0.0000000	0.0000000
1449.9959945	1314.9979065	15254.8289746	3.3447254	0.6871477	0.0381295	0.6899433	0.2160199	0.0000000	0.0000000
1444.9966097	1314.9979065	15249.9540625	3.3348662	0.6668001	0.0211825	0.6808179	0.2196295	0.0000000	0.0000000
1439.9983277	1314.9979065	15244.8470117	3.3250070	0.6467861	0.0435648	0.6501807	0.2237556	0.0000000	0.0000000
1434.9988018	1314.9979065	15239.9720996	3.3151479	0.6264385	0.0996025	0.6335680	0.2295219	0.0000000	0.0000000
1429.9929097	1314.9979065	15234.8650488	3.3052887	0.6064245	0.1708582	0.6305825	0.2309216	0.0000000	0.0000000
1424.9928269	1314.9979065	15229.9973633	3.2954296	0.5860769	0.1950671	0.6214060	0.2277455	0.0000000	0.0000000
1420.0059019	1314.9979065	15224.9062109	3.2855704	0.5657293	0.1642417	0.6326968	0.2218405	0.0000000	0.0000000
1414.9875199	1314.9979065	15219.8150586	3.2757113	0.5457153	0.1398540	0.6242227	0.2233337	0.0000000	0.0000000
1409.9936575	1314.9979065	15214.9553223	3.2658521	0.5253678	0.1073467	0.6086033	0.2286147	0.0000000	0.0000000
1405.0002814	1314.9979065	15209.8641699	3.2559930	0.5053537	0.0786240	0.5807322	0.2212448	0.0000000	0.0000000
1399.9876626	1314.9979065	15204.7869336	3.2461338	0.4850062	0.0661537	0.5662747	0.2289539	0.0000000	0.0000000
1394.9969913	1314.9979065	15199.9425781	3.2362746	0.4649922	0.0496735	0.5517160	0.2277886	0.0000000	0.0000000
1389.9916327	1314.9979065	15194.8675391	3.2264155	0.4446446	0.0474277	0.5558654	0.2250171	0.0000000	0.0000000
1384.9993143	1314.9979065	15189.7925000	3.2165563	0.4242970	0.0481899	0.5474706	0.2222626	0.0000000	0.0000000
1379.9954919	1314.9979065	15184.9517090	3.2066972	0.4042830	0.0441508	0.5462566	0.2264408	0.0000000	0.0000000
1374.9916695	1314.9979065	15179.8923535	3.1968380	0.3839354	0.0285261	0.5206428	0.2241502	0.0000000	0.0000000
1369.9938149	1314.9979065	15174.8329980	3.1869789	0.3639214	0.0329021	0.5112825	0.2271932	0.0000000	0.0000000
1364.9893972	1314.9979065	15169.7736426	3.1771197	0.3435738	0.0542124	0.5015957	0.2239707	0.0000000	0.0000000
1360.0037170	1314.9979065	15164.9442578	3.1672606	0.3232263	0.1217502	0.4926349	0.2259602	0.0000000	0.0000000
1354.9999390	1314.9979065	15159.8950195	3.1574014	0.3032122	0.1632152	0.4732487	0.2284535	0.0000000	0.0000000
1349.9905185	1314.9979065	15154.8515625	3.1475423	0.2828647	0.1758903	0.4515736	0.2303960	0.0000000	0.0000000
1344.9967843	1314.9979065	15149.8081055	3.1376831	0.2628507	0.1439706	0.4390573	0.2227682	0.0000000	0.0000000
1340.0058595	1314.9979065	15144.9938965	3.1278239	0.2425031	0.1152260	0.4351003	0.2283591	0.0000000	0.0000000
1334.9945685	1314.9979065	15139.9511523	3.1179648	0.2221555	0.1320504	0.4229226	0.2290870	0.0000000	0.0000000
1329.9975394	1314.9979065	15134.9233789	3.1081056	0.2021415	0.1593043	0.4014589	0.2220668	0.0000000	0.0000000
1325.0067276	1314.9979065	15129.8956055	3.0982465	0.1817939	0.1780155	0.3843973	0.2258543	0.0000000	0.0000000
1320.0022339	1314.9979065	15124.8678320	3.0883873	0.1617799	0.1452092	0.3685103	0.2173220	0.0000000	0.0000000
1314.9983984	1314.9979065	15119.8400586	3.0785282	0.1414323	0.1076719	0.3475853	0.2285316	0.0000000	0.0000000
1309.9938559	1314.9979065	15114.8202344	3.0686690	0.1210848	0.0958705	0.3288043	0.2302339	0.0000000	0.0000000
1305.0029693	1314.9979065	15109.8083594	3.0588099	0.1010707	0.0869613	0.3162808	0.2268416	0.0000000	0.0000000
1300.0059589	1314.9979065	15104.7964844	3.0489507	0.0807232	0.0752635	0.2976585	0.2246689	0.0000000	0.0000000
1294.9989791	1314.9979065	15099.7846094	3.0390915	0.0607092	0.0672793	0.2843588	0.2253413	0.0000000	0.0000000
1290.0126310	1314.9979065	15094.7727344	3.0292324	0.0403616	0.0773627	0.2686865	0.2184517	0.0000000	0.0000000
1285.0068833	1314.9979065	15089.7762402	3.0193732	0.0203476	0.0807184	0.2463173	0.2225238	0.0000000	0.0000000
1280.0011129	1314.9979065	15084.7804785	3.0095141	0.0000000	0.0784817	0.2339297	0.2264799	0.0000000	0.0000000
1275.0093966	1314.9979065	15079.7847168	2.9996549	-0.0203476	0.1239069	0.2205874	0.2208811	0.0000000	0.0000000
1270.0009934	1314.9979065	15074.7889551	2.9897958	-0.0403616	0.2151792	0.2113433	0.2225502	0.0000000	0.0000000
1265.0031208	1314.9979065	15069.7997852	2.9799366	-0.0607092	0.2396952	0.1948886	0.2183198	0.0000000	0.0000000
1260.0048768	1314.9979065	15064.8201367	2.9700775	-0.0807232	0.2155623	0.1747189	0.2177350	0.0000000	0.0000000
1255.0066299	1314.9979065	15059.8404883	2.9602183	-0.1010707	0.1561968	0.1650574	0.2261512	0.0000000	0.0000000
1250.0156050	1314.9979065	15054.8608398	2.9503592	-0.1214183	0.0979641	0.1512006	0.2238019	0.0000000	0.0000000
