1599.9954356	1359.9929650	15449.8803711	3.4921111	1.1541412	0.0605461	0.8218008	0.2652153	0.0000000	1360.0000000
1594.9925208	1359.9929650	15444.8637500	3.4821408	1.1337937	0.0860056	0.8986312	0.2635996	0.0000000	0.0000000
1589.9980278	1359.9929650	15439.8602441	3.4722817	1.1134461	0.0782512	0.8947135	0.2587971	0.0000000	0.0000000
1584.9897793	1359.9929650	15434.8598242	3.4624225	1.0934321	0.0627222	0.8810053	0.2609984	0.0000000	0.0000000
1579.9932605	1359.9929650	15429.8594043	3.4525634	1.0730845	0.0486202	0.8611354	0.2623295	0.0000000	0.0000000
1574.9903821	1359.9929650	15424.8589844	3.4427042	1.0530705	0.0411487	0.8577578	0.2609887	0.0000000	0.0000000
1569.9879348	1359.9929650	15419.8593262	3.4328451	1.0327229	0.0340986	0.8487953	0.2567317	0.0000000	0.0000000
1564.9854875	1359.9929650	15414.8749023	3.4229859	1.0123753	0.0300621	0.8028656	0.2589552	0.0000000	0.0000000
1559.9998645	1359.9929650	15409.8904785	3.4131268	0.9923613	0.0369237	0.7804148	0.2609111	0.0000000	0.0000000
1554.9972408	1359.9929650	15404.9060547	3.4032676	0.9720137	0.0451237	0.7846262	0.2601326	0.0000000	0.0000000
1549.9908346	1359.9929650	15399.9216309	3.3934085	0.9519997	0.0581528	0.7530413	0.2600654	0.0000000	0.0000000
1544.9998486	1359.9929650	15394.9417773	3.3835493	0.9316522	0.0872687	0.7444773	0.2627538	0.0000000	0.0000000
1539.9918854	1359.9929650	15389.9733496	3.3736901	0.9113046	0.1220229	0.7579942	0.2630928	0.0000000	0.0000000
1534.9898781	1359.9929650	15384.7683301	3.3638310	0.8912906	0.2028522	0.7564152	0.2579832	0.0000000	0.0000000
1529.9883788	1359.9929650	15379.7999023	3.3539718	0.8709430	0.2816194	0.7568036	0.2562639	0.0000000	0.0000000
1524.9994304	1359.9929650	15374.8314746	3.3441127	0.8509290	0.3599213	0.7347924	0.2519202	0.0000000	0.0000000
1519.9916865	1359.9929650	15369.8720703	3.3342535	0.8305814	0.4072167	0.7262370	0.2628815	0.0000000	0.0000000
1514.9902785	1359.9929650	15364.9194336	3.3243944	0.8105674	0.4425845	0.7246793	0.2542875	0.0000000	0.0000000
1509.9948860	1359.9929650	15359.9667969	3.3145352	0.7902198	0.3901470	0.7171879	0.2541150	0.0000000	0.0000000
1504.9865834	1359.9929650	15354.7783203	3.3046761	0.7698722	0.2978202	0.7274063	0.2530541	0.0000000	0.0000000
1499.9935148	1359.9929650	15349.8256836	3.2948169	0.7498582	0.2342959	0.7370883	0.2554128	0.0000000	0.0000000
1494.9877468	1359.9929650	15344.8864062	3.2849577	0.7295107	0.1991019	0.7257437	0.2534840	0.0000000	0.0000000
1489.9907524	1359.9929650	15339.9493555	3.2750986	0.7094966	0.1432571	0.7313004	0.2555520	0.0000000	0.0000000
1484.9942389	1359.9929650	15334.7772070	3.2652394	0.6891491	0.0940372	0.7263965	0.2594294	0.0000000	0.0000000
1479.9972092	1359.9929650	15329.8401562	3.2553803	0.6688015	0.0461122	0.7118986	0.2674988	0.0000000	0.0000000
1474.9870847	1359.9929650	15324.9053613	3.2455211	0.6487875	0.0543252	0.7102365	0.2607744	0.0000000	0.0000000
1469.9966565	1359.9929650	15319.9841016	3.2356620	0.6284399	0.0996775	0.6947877	0.2627604	0.0000000	0.0000000
1464.9928549	1359.9929650	15314.8284961	3.2258028	0.6084259	0.1326978	0.6789197	0.2617036	0.0000000	0.0000000
1459.9964112	1359.9929650	15309.9072363	3.2159437	0.5880783	0.1331675	0.6826806	0.2665590	0.0000000	0.0000000
1454.9998480	1359.9929650	15304.9859766	3.2060845	0.5677307	0.0936248	0.6855578	0.2607564	0.0000000	0.0000000
1449.9892324	1359.9929650	15299.8376953	3.1962254	0.5477167	0.0449802	0.6791068	0.2543772	0.0000000	0.0000000
1444.9966097	1359.9929650	15294.9318164	3.1863662	0.5273692	0.0232101	0.6584304	0.2666102	0.0000000	0.0000000
1439.9920783	1359.9929650	15289.7923242	3.1765070	0.5073551	0.0478823	0.6371625	0.2692456	0.0000000	0.0000000
1434.9988018	1359.9929650	15284.8864453	3.1666479	0.4870076	0.1270787	0.6440746	0.2647734	0.0000000	0.0000000
1429.9929097	1359.9929650	15279.9805664	3.1567887	0.4666600	0.2281222	0.6407739	0.2566487	0.0000000	0.0000000
1424.9928269	1359.9929650	15274.8536914	3.1469296	0.4466460	0.2239921	0.6184786	0.2574191	0.0000000	0.0000000
1420.0059019	1359.9929650	15269.9633984	3.1370704	0.4262984	0.2043948	0.5912487	0.2581124	0.0000000	0.0000000
1414.9875199	1359.9929650	15264.8402344	3.1272113	0.4062844	0.1704248	0.5939020	0.2595012	0.0000000	0.0000000
1409.9936575	1359.9929650	15259.9499414	3.1173521	0.3859368	0.1256378	0.5892770	0.2568905	0.0000000	0.0000000
1404.9940311	1359.9929650	15254.8289746	3.1074930	0.3659228	0.1062236	0.5768390	0.2627150	0.0000000	0.0000000
1399.9876626	1359.9929650	15249.9540625	3.0976338	0.3455752	0.0817614	0.5615656	0.2610815	0.0000000	0.0000000
1394.9969913	1359.9929650	15244.8470117	3.0877746	0.3252277	0.0634678	0.5462516	0.2625950	0.0000000	0.0000000
1389.9855886	1359.9929650	15239.9720996	3.0779155	0.3052136	0.0601882	0.5434675	0.2550262	0.0000000	0.0000000
1384.9993143	1359.9929650	15234.8650488	3.0680563	0.2848661	0.0563351	0.5522293	0.2538794	0.0000000	0.0000000
1379.9894486	1359.9929650	15229.9973633	3.0581972	0.2648521	0.0388212	0.5264403	0.2647993	0.0000000	0.0000000
1374.9977128	1359.9929650	15224.9062109	3.0483380	0.2445045	0.0312666	0.5272822	0.2647258	0.0000000	0.0000000
1369.9938149	1359.9929650	15219.8150586	3.0384789	0.2241569	0.0353829	0.5092582	0.2619163	0.0000000	0.0000000
1364.9893972	1359.9929650	15214.9553223	3.0286197	0.2041429	0.0890735	0.4829451	0.2624979	0.0000000	0.0000000
1359.9976739	1359.9929650	15209.8641699	3.0187606	0.1837953	0.1220920	0.4658678	0.2593431	0.0000000	0.0000000
1354.9938949	1359.9929650	15204.7869336	3.0089014	0.1637813	0.1790612	0.4637017	0.2579707	0.0000000	0.0000000
1349.9905185	1359.9929650	15199.9425781	2.9990423	0.1434337	0.2049061	0.4448676	0.2616655	0.0000000	0.0000000
1344.9899754	1359.9929650	15194.8675391	2.9891831	0.1230862	0.1476141	0.4520266	0.2575387	0.0000000	0.0000000
1340.0058595	1359.9929650	15189.7925000	2.9793239	0.1030722	0.1362972	0.4288866	0.2582655	0.0000000	0.0000000
1334.9877606	1359.9929650	15184.9517090	2.9694648	0.0827246	0.1611566	0.4062894	0.2574851	0.0000000	0.0000000
1329.9975394	1359.9929650	15179.8923535	2.9596056	0.0627106	0.2082081	0.3795693	0.2618136	0.0000000	0.0000000
1324.9999187	1359.9929650	15174.8329980	2.9497465	0.0423630	0.2134453	0.3692909	0.2609106	0.0000000	0.0000000
1319.9954260	1359.9929650	15169.7736426	2.9398873	0.0220154	0.1620420	0.3510873	0.2622269	0.0000000	0.0000000
1314.9915895	1359.9929650	15164.9442578	2.9300282	0.0020014	0.1290345	0.3365780	0.2538427	0.0000000	0.0000000
1309.9870470	1359.9929650	15159.8950195	2.9201690	-0.0183462	0.0971527	0.3178726	0.2564005	0.0000000	0.0000000
1304.9961614	1359.9929650	15154.8515625	2.9103099	-0.0383602	0.0957981	0.3111975	0.2545020	0.0000000	0.0000000
1299.9991501	1359.9929650	15149.8081055	2.9004507	-0.0587078	0.0916633	0.2881373	0.2605084	0.0000000	0.0000000
1294.9989791	1359.9929650	15144.9938965	2.8905915	-0.0787218	0.0840106	0.2757363	0.2597275	0.0000000	0.0000000
1290.0052150	1359.9929650	15139.9511523	2.8807324	-0.0990693	0.0950648	0.2559396	0.2630037	0.0000000	0.0000000
1285.0068833	1359.9929650	15134.9233789	2.8708732	-0.1194169	0.0936687	0.2392864	0.2619157	0.0000000	0.0000000
1280.0011129	1359.9929650	15129.8956055	2.8610141	-0.1394309	0.1046560	0.2191921	0.2590350	0.0000000	0.0000000
1275.0019807	1359.9929650	15124.8678320	2.8511549	-0.1597785	0.1695594	0.2146265	0.2601085	0.0000000	0.0000000
1269.9933574	1359.9929650	15119.8400586	2.8412958	-0.1797925	0.2556564	0.2051202	0.2588660	0.0000000	0.0000000
1264.9950068	1359.9929650	15114.8202344	2.8314366	-0.2001401	0.3148157	0.1895746	0.2581086	0.0000000	0.0000000
1260.0048768	1359.9929650	15109.8083594	2.8215775	-0.2204877	0.2606959	0.1618439	0.2625158	0.0000000	0.0000000
1255.0066299	1359.9929650	15104.7964844	2.8117183	-0.2405017	0.1699397	0.1547459	0.2672057	0.0000000	0.0000000
1250.0074895	1359.9929650	15099.7846094	2.8018592	-0.2608493	0.1180428	0.1405396	0.2603478	0.0000000	0.0000000
