1599.9954356	1305.0029977	15394.9417773	3.6735715	1.3245939	0.0387117	0.7989928	0.2061606	0.0000000	1305.0000000
1594.9925208	1305.0029977	15389.9733496	3.6636408	1.3042463	0.0771757	0.8631215	0.2051960	0.0000000	0.0000000
1589.9980278	1305.0029977	15384.7683301	3.6537817	1.2842323	0.0761660	0.8805444	0.2009974	0.0000000	0.0000000
1584.9897793	1305.0029977	15379.7999023	3.6439225	1.2638847	0.0707170	0.8675380	0.1996172	0.0000000	0.0000000
1579.9932605	1305.0029977	15374.8314746	3.6340634	1.2435371	0.0509653	0.8448661	0.2055043	0.0000000	0.0000000
1574.9903821	1305.0029977	15369.8720703	3.6242042	1.2235231	0.0456029	0.8567051	0.2062239	0.0000000	0.0000000
1569.9879348	1305.0029977	15364.9194336	3.6143451	1.2031756	0.0360548	0.8271420	0.2071494	0.0000000	0.0000000
1564.9910956	1305.0029977	15359.9667969	3.6044859	1.1831615	0.0330649	0.8085501	0.2072620	0.0000000	0.0000000
1559.9998645	1305.0029977	15354.7783203	3.5946268	1.1628140	0.0243588	0.7880319	0.2004543	0.0000000	0.0000000
1554.9972408	1305.0029977	15349.8256836	3.5847676	1.1424664	0.0226998	0.7629492	0.2056116	0.0000000	0.0000000
1549.9908346	1305.0029977	15344.8864062	3.5749085	1.1224524	0.0261776	0.7730892	0.2103585	0.0000000	0.0000000
1544.9998486	1305.0029977	15339.9493555	3.5650493	1.1021048	0.0302133	0.7345037	0.1993081	0.0000000	0.0000000
1539.9918854	1305.0029977	15334.7772070	3.5551901	1.0820908	0.0420100	0.7391925	0.1992457	0.0000000	0.0000000
1534.9898781	1305.0029977	15329.8401562	3.5453310	1.0617432	0.0545514	0.7468123	0.2042195	0.0000000	0.0000000
1529.9946542	1305.0029977	15324.9053613	3.5354718	1.0413956	0.0628525	0.7317141	0.2051234	0.0000000	0.0000000
1524.9994304	1305.0029977	15319.9841016	3.5256127	1.0213816	0.0815870	0.7218373	0.2068704	0.0000000	0.0000000
1519.9916865	1305.0029977	15314.8284961	3.5157535	1.0010341	0.1114940	0.7122747	0.2089419	0.0000000	0.0000000
1514.9965539	1305.0029977	15309.9072363	3.5058944	0.9810200	0.1313456	0.7185678	0.2020055	0.0000000	0.0000000
1509.9948860	1305.0029977	15304.9859766	3.4960352	0.9606725	0.1362665	0.7114149	0.2075703	0.0000000	0.0000000
1504.9928588	1305.0029977	15299.8376953	3.4861761	0.9403249	0.1065271	0.7182549	0.2001726	0.0000000	0.0000000
1499.9935148	1305.0029977	15294.9318164	3.4763169	0.9203109	0.0807001	0.7197399	0.2043684	0.0000000	0.0000000
1494.9945089	1305.0029977	15289.7923242	3.4664577	0.8999633	0.0722074	0.7088379	0.2045314	0.0000000	0.0000000
1489.9975133	1305.0029977	15284.8864453	3.4565986	0.8799493	0.0555465	0.7182079	0.2071852	0.0000000	0.0000000
1485.0010010	1305.0029977	15279.9805664	3.4467394	0.8596017	0.0290532	0.7342394	0.2008738	0.0000000	0.0000000
1479.9972092	1305.0029977	15274.8536914	3.4368803	0.8395877	0.0151958	0.7001185	0.2007366	0.0000000	0.0000000
1474.9938468	1305.0029977	15269.9633984	3.4270211	0.8192401	0.0319126	0.6990225	0.2048284	0.0000000	0.0000000
1470.0034186	1305.0029977	15264.8402344	3.4171620	0.7988926	0.0583718	0.6928655	0.2010562	0.0000000	0.0000000
1464.9928549	1305.0029977	15259.9499414	3.4073028	0.7788785	0.0772860	0.6840701	0.2057118	0.0000000	0.0000000
1460.0031723	1305.0029977	15254.8289746	3.3974437	0.7585310	0.0695157	0.6611254	0.2039951	0.0000000	0.0000000
1454.9998480	1305.0029977	15249.9540625	3.3875845	0.7385170	0.0533292	0.6608832	0.2075429	0.0000000	0.0000000
1449.9892324	1305.0029977	15244.8470117	3.3777254	0.7181694	0.0273662	0.6655283	0.2104010	0.0000000	0.0000000
1444.9966097	1305.0029977	15239.9720996	3.3678662	0.6978218	0.0168091	0.6534794	0.2131696	0.0000000	0.0000000
1439.9920783	1305.0029977	15234.8650488	3.3580070	0.6778078	0.0294249	0.6503944	0.2099179	0.0000000	0.0000000
1435.0050512	1305.0029977	15229.9973633	3.3481479	0.6574602	0.0789047	0.6419187	0.2092542	0.0000000	0.0000000
1429.9929097	1305.0029977	15224.9062109	3.3382887	0.6374462	0.1400312	0.6276305	0.2103202	0.0000000	0.0000000
1424.9928269	1305.0029977	15219.8150586	3.3284296	0.6170986	0.1500720	0.6150774	0.2096483	0.0000000	0.0000000
1419.9996525	1305.0029977	15214.9553223	3.3185704	0.5967511	0.1360647	0.6072007	0.2127499	0.0000000	0.0000000
1414.9875199	1305.0029977	15209.8641699	3.3087113	0.5767370	0.1103870	0.6034257	0.2109622	0.0000000	0.0000000
1409.9936575	1305.0029977	15204.7869336	3.2988521	0.5563895	0.0814779	0.6014935	0.2088270	0.0000000	0.0000000
1404.9940311	1305.0029977	15199.9425781	3.2889930	0.5363755	0.0703352	0.5845773	0.2092212	0.0000000	0.0000000
1399.9876626	1305.0029977	15194.8675391	3.2791338	0.5160279	0.0557103	0.5831713	0.2149889	0.0000000	0.0000000
1394.9969913	1305.0029977	15189.7925000	3.2692746	0.4956803	0.0431139	0.5643463	0.2108165	0.0000000	0.0000000
1389.9855886	1305.0029977	15184.9517090	3.2594155	0.4756663	0.0373160	0.5550920	0.2081041	0.0000000	0.0000000
1384.9993143	1305.0029977	15179.8923535	3.2495563	0.4553187	0.0404592	0.5466362	0.2094398	0.0000000	0.0000000
1379.9894486	1305.0029977	15174.8329980	3.2396972	0.4353047	0.0304408	0.5289912	0.2113279	0.0000000	0.0000000
1374.9977128	1305.0029977	15169.7736426	3.2298380	0.4149571	0.0217756	0.5156764	0.2107511	0.0000000	0.0000000
1369.9938149	1305.0029977	15164.9442578	3.2199789	0.3949431	0.0216091	0.5145011	0.2110162	0.0000000	0.0000000
1364.9893972	1305.0029977	15159.8950195	3.2101197	0.3745956	0.0489723	0.5064489	0.2111279	0.0000000	0.0000000
1359.9976739	1305.0029977	15154.8515625	3.2002606	0.3542480	0.0826702	0.4816608	0.2116646	0.0000000	0.0000000
1354.9938949	1305.0029977	15149.8081055	3.1904014	0.3342340	0.1372211	0.4711901	0.2095828	0.0000000	0.0000000
1349.9842500	1305.0029977	15144.9938965	3.1805423	0.3138864	0.1315029	0.4571309	0.2127415	0.0000000	0.0000000
1344.9967843	1305.0029977	15139.9511523	3.1706831	0.2938724	0.1200076	0.4351838	0.2135461	0.0000000	0.0000000
1340.0058595	1305.0029977	15134.9233789	3.1608239	0.2735248	0.0882173	0.4178711	0.2101538	0.0000000	0.0000000
1334.9945685	1305.0029977	15129.8956055	3.1509648	0.2531772	0.0879127	0.4179827	0.2078030	0.0000000	0.0000000
1329.9975394	1305.0029977	15124.8678320	3.1411056	0.2331632	0.1020165	0.3915067	0.2147251	0.0000000	0.0000000
1324.9999187	1305.0029977	15119.8400586	3.1312465	0.2128156	0.1251564	0.3794099	0.2157451	0.0000000	0.0000000
1320.0022339	1305.0029977	15114.8202344	3.1213873	0.1928016	0.1220768	0.3655402	0.2101318	0.0000000	0.0000000
1314.9983984	1305.0029977	15109.8083594	3.1115282	0.1724541	0.0845115	0.3447920	0.2136655	0.0000000	0.0000000
1309.9938559	1305.0029977	15104.7964844	3.1016690	0.1521065	0.0743020	0.3245780	0.2151458	0.0000000	0.0000000
1304.9961614	1305.0029977	15099.7846094	3.0918099	0.1320925	0.0694152	0.3045558	0.2144934	0.0000000	0.0000000
1300.0059589	1305.0029977	15094.7727344	3.0819507	0.1117449	0.0520844	0.2949923	0.2119537	0.0000000	0.0000000
1295.0063540	1305.0029977	15089.7762402	3.0720915	0.0917309	0.0452577	0.2779960	0.2119913	0.0000000	0.0000000
1290.0052150	1305.0029977	15084.7804785	3.0622324	0.0713833	0.0461617	0.2591522	0.2092501	0.0000000	0.0000000
1285.0068833	1305.0029977	15079.7847168	3.0523732	0.0510357	0.0447228	0.2438206	0.2086987	0.0000000	0.0000000
1280.0011129	1305.0029977	15074.7889551	3.0425141	0.0310217	0.0460049	0.2276826	0.2067310	0.0000000	0.0000000
1275.0019807	1305.0029977	15069.7997852	3.0326549	0.0106741	0.0860079	0.2178608	0.2078265	0.0000000	0.0000000
1270.0009934	1305.0029977	15064.8201367	3.0227958	-0.0093399	0.1500544	0.2024460	0.2157482	0.0000000	0.0000000
1265.0031208	1305.0029977	15059.8404883	3.0129366	-0.0296874	0.1937413	0.1842524	0.2113890	0.0000000	0.0000000
1260.0048768	1305.0029977	15054.8608398	3.0030775	-0.0497015	0.1514059	0.1653605	0.2111820	0.0000000	0.0000000
1255.0066299	1305.0029977	15049.8811914	2.9932183	-0.0700490	0.1267803	0.1632410	0.2088842	0.0000000	0.0000000
1250.0156050	1305.0029977	15044.9154590	2.9833592	-0.0903966	0.0778865	0.1448617	0.2116028	0.0000000	0.0000000
