1599.9954356	1554.9941435	15644.7899707	2.8486607	0.5493846	0.0531206	0.7902136	0.4384312	0.0000000	1555.0000000
1594.9925208	1554.9941435	15639.8870410	2.8386537	0.5293706	0.0516421	0.8376171	0.4361918	0.0000000	0.0000000
1590.0036367	1554.9941435	15634.9912305	2.8287817	0.5090230	0.0543287	0.8599297	0.4291025	0.0000000	0.0000000
1584.9953866	1554.9941435	15629.8597656	2.8189225	0.4890090	0.0671404	0.8475213	0.4325173	0.0000000	0.0000000
1579.9988693	1554.9941435	15624.9726562	2.8090634	0.4686614	0.0732228	0.8381126	0.4342543	0.0000000	0.0000000
1574.9959902	1554.9941435	15619.8411914	2.7992042	0.4483138	0.0773883	0.8159362	0.4335879	0.0000000	0.0000000
1569.9935429	1554.9941435	15614.9540820	2.7893451	0.4282998	0.0776226	0.8095278	0.4289602	0.0000000	0.0000000
1564.9910956	1554.9941435	15609.8322266	2.7794859	0.4079522	0.0665035	0.7813714	0.4350617	0.0000000	0.0000000
1559.9998645	1554.9941435	15604.9611328	2.7696268	0.3879382	0.0794751	0.7562699	0.4314085	0.0000000	0.0000000
1555.0028496	1554.9941435	15599.8464844	2.7597676	0.3675906	0.0736924	0.7411940	0.4352186	0.0000000	0.0000000
1549.9965481	1554.9941435	15594.9753906	2.7499085	0.3472431	0.0996726	0.7399614	0.4338143	0.0000000	0.0000000
1545.0061240	1554.9941435	15589.8607422	2.7400493	0.3272291	0.1142626	0.7330949	0.4263200	0.0000000	0.0000000
1540.0044380	1554.9941435	15584.7578125	2.7301901	0.3068815	0.1468091	0.7149277	0.4227239	0.0000000	0.0000000
1534.9961535	1554.9941435	15579.9023437	2.7203310	0.2868675	0.1983531	0.7211614	0.4259453	0.0000000	0.0000000
1530.0009296	1554.9941435	15574.8041016	2.7104718	0.2665199	0.2760288	0.7338840	0.4254470	0.0000000	0.0000000
1525.0057058	1554.9941435	15569.9486328	2.7006127	0.2461723	0.3455958	0.7235487	0.4238601	0.0000000	0.0000000
1519.9916865	1554.9941435	15564.8503906	2.6907535	0.2261583	0.3096439	0.7072901	0.4257571	0.0000000	0.0000000
1514.9965539	1554.9941435	15559.7663867	2.6808944	0.2058107	0.2338546	0.6982689	0.4371417	0.0000000	0.0000000
1510.0011622	1554.9941435	15554.9267383	2.6710352	0.1857967	0.1343542	0.6950506	0.4307883	0.0000000	0.0000000
1504.9991342	1554.9941435	15549.8451074	2.6611761	0.1654491	0.0491342	0.7010324	0.4307310	0.0000000	0.0000000
1499.9935148	1554.9941435	15544.7634766	2.6513169	0.1454351	0.0218079	0.7236760	0.4232937	0.0000000	0.0000000
1495.0012710	1554.9941435	15539.9238281	2.6414577	0.1250876	0.0192731	0.7121201	0.4362809	0.0000000	0.0000000
1489.9975133	1554.9941435	15534.8586035	2.6315986	0.1047400	0.0246893	0.7246532	0.4345424	0.0000000	0.0000000
1485.0010010	1554.9941435	15529.7933789	2.6217394	0.0847260	0.0296938	0.7182448	0.4384960	0.0000000	0.0000000
1479.9972092	1554.9941435	15524.9693555	2.6118803	0.0643784	0.0295941	0.7094804	0.4292533	0.0000000	0.0000000
1475.0006089	1554.9941435	15519.9041309	2.6020211	0.0443644	0.0311824	0.6971494	0.4324537	0.0000000	0.0000000
1470.0101807	1554.9941435	15514.8420312	2.5921620	0.0240168	0.0309890	0.6822243	0.4431193	0.0000000	0.0000000
1464.9996160	1554.9941435	15509.7932129	2.5823028	0.0036692	0.0311926	0.6893837	0.4328389	0.0000000	0.0000000
1460.0031723	1554.9941435	15504.9848145	2.5724437	-0.0163448	0.0353348	0.6686586	0.4403363	0.0000000	0.0000000
1455.0133719	1554.9941435	15499.9359961	2.5625845	-0.0366924	0.0352692	0.6767190	0.4374347	0.0000000	0.0000000
1449.9959945	1554.9941435	15494.8871777	2.5527254	-0.0567064	0.0343727	0.6526510	0.4391301	0.0000000	0.0000000
1444.9966097	1554.9941435	15489.8445312	2.5428662	-0.0770539	0.0396638	0.6648313	0.4352811	0.0000000	0.0000000
1440.0045771	1554.9941435	15484.8119141	2.5330070	-0.0974015	0.0425428	0.6666485	0.4300757	0.0000000	0.0000000
1435.0050512	1554.9941435	15479.7792969	2.5231479	-0.1174155	0.0386467	0.6300401	0.4325883	0.0000000	0.0000000
1429.9991600	1554.9941435	15474.9863281	2.5132887	-0.1377631	0.0294998	0.6232355	0.4325877	0.0000000	0.0000000
1424.9928269	1554.9941435	15469.9537109	2.5034296	-0.1577771	0.0197786	0.6086301	0.4384329	0.0000000	0.0000000
1420.0059019	1554.9941435	15464.9302344	2.4935704	-0.1781247	0.0180037	0.6139575	0.4287927	0.0000000	0.0000000
1414.9937701	1554.9941435	15459.9136133	2.4837113	-0.1984723	0.0172572	0.5928873	0.4376696	0.0000000	0.0000000
1409.9999070	1554.9941435	15454.8969922	2.4738521	-0.2184863	0.0167117	0.5710458	0.4427648	0.0000000	0.0000000
1405.0002814	1554.9941435	15449.8803711	2.4639930	-0.2388339	0.0199949	0.5713063	0.4384783	0.0000000	0.0000000
1399.9939120	1554.9941435	15444.8637500	2.4541338	-0.2588479	0.0207837	0.5507069	0.4323936	0.0000000	0.0000000
1394.9969913	1554.9941435	15439.8602441	2.4442746	-0.2791954	0.0182609	0.5382420	0.4362151	0.0000000	0.0000000
1389.9916327	1554.9941435	15434.8598242	2.4344155	-0.2992094	0.0194904	0.5341272	0.4274783	0.0000000	0.0000000
1385.0053575	1554.9941435	15429.8594043	2.4245563	-0.3195570	0.0167761	0.5314425	0.4300732	0.0000000	0.0000000
1380.0015352	1554.9941435	15424.8589844	2.4146972	-0.3399046	0.0171163	0.5159906	0.4331381	0.0000000	0.0000000
1374.9977128	1554.9941435	15419.8593262	2.4048380	-0.3599186	0.0167225	0.5246176	0.4274703	0.0000000	0.0000000
1369.9998590	1554.9941435	15414.8749023	2.3949789	-0.3802662	0.0208781	0.4999293	0.4317836	0.0000000	0.0000000
1364.9954405	1554.9941435	15409.8904785	2.3851197	-0.4002802	0.0238630	0.5004386	0.4210254	0.0000000	0.0000000
1360.0097601	1554.9941435	15404.9060547	2.3752606	-0.4206278	0.0262806	0.4661254	0.4275899	0.0000000	0.0000000
1355.0059831	1554.9941435	15399.9216309	2.3654014	-0.4409753	0.0257637	0.4577741	0.4254347	0.0000000	0.0000000
1350.0030554	1554.9941435	15394.9417773	2.3555423	-0.4609894	0.0250599	0.4524681	0.4281737	0.0000000	0.0000000
1345.0035932	1554.9941435	15389.9733496	2.3456831	-0.4813369	0.0251252	0.4243021	0.4294921	0.0000000	0.0000000
1340.0126684	1554.9941435	15384.7683301	2.3358239	-0.5013509	0.0250575	0.4142951	0.4345527	0.0000000	0.0000000
1335.0013764	1554.9941435	15379.7999023	2.3259648	-0.5216985	0.0277715	0.4035155	0.4313402	0.0000000	0.0000000
1330.0043482	1554.9941435	15374.8314746	2.3161056	-0.5420461	0.0212477	0.4042305	0.4259209	0.0000000	0.0000000
1325.0067276	1554.9941435	15369.8720703	2.3062465	-0.5620601	0.0147738	0.3797672	0.4370140	0.0000000	0.0000000
1320.0090417	1554.9941435	15364.9194336	2.2963873	-0.5824077	0.0129958	0.3593312	0.4285368	0.0000000	0.0000000
1315.0052073	1554.9941435	15359.9667969	2.2865282	-0.6024217	0.0111565	0.3366812	0.4369757	0.0000000	0.0000000
1310.0006648	1554.9941435	15354.7783203	2.2766690	-0.6227693	0.0130729	0.3195852	0.4365862	0.0000000	0.0000000
1305.0029693	1554.9941435	15349.8256836	2.2668099	-0.6431168	0.0152156	0.3055188	0.4298637	0.0000000	0.0000000
1300.0127676	1554.9941435	15344.8864062	2.2569507	-0.6631309	0.0169012	0.2936769	0.4301492	0.0000000	0.0000000
1295.0063540	1554.9941435	15339.9493555	2.2470915	-0.6834784	0.0187205	0.2722815	0.4309240	0.0000000	0.0000000
1290.0126310	1554.9941435	15334.7772070	2.2372324	-0.7034924	0.0212686	0.2634476	0.4396544	0.0000000	0.0000000
1285.0142992	1554.9941435	15329.8401562	2.2273732	-0.7238400	0.0168999	0.2411299	0.4324879	0.0000000	0.0000000
1280.0085301	1554.9941435	15324.9053613	2.2175141	-0.7441876	0.0209900	0.2223429	0.4320510	0.0000000	0.0000000
1275.0093966	1554.9941435	15319.9841016	2.2076549	-0.7642016	0.0216841	0.2073651	0.4276697	0.0000000	0.0000000
1270.0009934	1554.9941435	15314.8284961	2.1977958	-0.7845492	0.0207540	0.1881688	0.4375654	0.0000000	0.0000000
1265.0031208	1554.9941435	15309.9072363	2.1879366	-0.8045632	0.0174537	0.1834851	0.4334564	0.0000000	0.0000000
1260.0129909	1554.9941435	15304.9859766	2.1780775	-0.8249108	0.0139872	0.1672371	0.4347627	0.0000000	0.0000000
1255.0228608	1554.9941435	15299.8376953	2.1682183	-0.8449248	0.0111954	0.1486381	0.4313121	0.0000000	0.0000000
1250.0237205	1554.9941435	15294.9318164	2.1583592	-0.8652724	0.0117122	0.1415868	0.4382333	0.0000000	0.0000000
