1599.9954356	1450.0074723	15539.9238281	3.1949031	0.8749458	0.0124723	0.7982715	0.3686320	0.0000000	1450.0000000
1594.9925208	1450.0074723	15534.8586035	3.1851408	0.8549318	0.0309880	0.8871747	0.3676774	0.0000000	0.0000000
1589.9980278	1450.0074723	15529.7933789	3.1752817	0.8345842	0.0449111	0.8702075	0.3666403	0.0000000	0.0000000
1584.9897793	1450.0074723	15524.9693555	3.1654225	0.8142366	0.0452777	0.8869419	0.3736724	0.0000000	0.0000000
1579.9932605	1450.0074723	15519.9041309	3.1555634	0.7942226	0.0429508	0.8524024	0.3603362	0.0000000	0.0000000
1574.9847739	1450.0074723	15514.8420312	3.1457042	0.7738750	0.0409387	0.8408251	0.3633416	0.0000000	0.0000000
1569.9935429	1450.0074723	15509.7932129	3.1358451	0.7538610	0.0339510	0.8356154	0.3729136	0.0000000	0.0000000
1564.9854875	1450.0074723	15504.9848145	3.1259859	0.7335135	0.0314706	0.8020477	0.3630701	0.0000000	0.0000000
1559.9998645	1450.0074723	15499.9359961	3.1161268	0.7131659	0.0334846	0.7718540	0.3704437	0.0000000	0.0000000
1554.9972408	1450.0074723	15494.8871777	3.1062676	0.6931519	0.0336256	0.7559120	0.3696711	0.0000000	0.0000000
1549.9908346	1450.0074723	15489.8445312	3.0964085	0.6728043	0.0431715	0.7655171	0.3641355	0.0000000	0.0000000
1544.9998486	1450.0074723	15484.8119141	3.0865493	0.6527903	0.0567051	0.7552022	0.3678529	0.0000000	0.0000000
1539.9918854	1450.0074723	15479.7792969	3.0766901	0.6324427	0.0793187	0.7552050	0.3617192	0.0000000	0.0000000
1534.9961535	1450.0074723	15474.9863281	3.0668310	0.6120951	0.0984218	0.7485128	0.3675158	0.0000000	0.0000000
1529.9946542	1450.0074723	15469.9537109	3.0569718	0.5920811	0.1135879	0.7445482	0.3731393	0.0000000	0.0000000
1524.9994304	1450.0074723	15464.9302344	3.0471127	0.5717335	0.1187573	0.7444028	0.3629556	0.0000000	0.0000000
1519.9916865	1450.0074723	15459.9136133	3.0372535	0.5517195	0.1521803	0.7425885	0.3640205	0.0000000	0.0000000
1514.9902785	1450.0074723	15454.8969922	3.0273944	0.5313720	0.1413689	0.7059221	0.3739480	0.0000000	0.0000000
1509.9948860	1450.0074723	15449.8803711	3.0175352	0.5113580	0.1326661	0.7219186	0.3730518	0.0000000	0.0000000
1504.9928588	1450.0074723	15444.8637500	3.0076761	0.4910104	0.1038629	0.7165210	0.3661919	0.0000000	0.0000000
1499.9935148	1450.0074723	15439.8602441	2.9978169	0.4706628	0.0844493	0.7156225	0.3691984	0.0000000	0.0000000
1494.9945089	1450.0074723	15434.8598242	2.9879577	0.4506488	0.0770791	0.7230184	0.3658511	0.0000000	0.0000000
1489.9975133	1450.0074723	15429.8594043	2.9780986	0.4303012	0.0645562	0.7419253	0.3679182	0.0000000	0.0000000
1485.0010010	1450.0074723	15424.8589844	2.9682394	0.4102872	0.0388221	0.7353201	0.3673213	0.0000000	0.0000000
1479.9972092	1450.0074723	15419.8593262	2.9583803	0.3899396	0.0176106	0.7140750	0.3691926	0.0000000	0.0000000
1474.9938468	1450.0074723	15414.8749023	2.9485211	0.3695920	0.0206248	0.7268833	0.3621170	0.0000000	0.0000000
1470.0034186	1450.0074723	15409.8904785	2.9386620	0.3495780	0.0389585	0.6989805	0.3650118	0.0000000	0.0000000
1464.9928549	1450.0074723	15404.9060547	2.9288028	0.3292305	0.0543728	0.6791708	0.3640382	0.0000000	0.0000000
1459.9964112	1450.0074723	15399.9216309	2.9189437	0.3092165	0.0552446	0.6743366	0.3604775	0.0000000	0.0000000
1455.0066100	1450.0074723	15394.9417773	2.9090845	0.2888689	0.0402812	0.6777085	0.3701986	0.0000000	0.0000000
1449.9892324	1450.0074723	15389.9733496	2.8992254	0.2685213	0.0221725	0.6760510	0.3655335	0.0000000	0.0000000
1444.9966097	1450.0074723	15384.7683301	2.8893662	0.2485073	0.0107278	0.6689754	0.3684143	0.0000000	0.0000000
1439.9983277	1450.0074723	15379.7999023	2.8795070	0.2281597	0.0222689	0.6661525	0.3621786	0.0000000	0.0000000
1435.0050512	1450.0074723	15374.8314746	2.8696479	0.2081457	0.0560774	0.6438970	0.3596012	0.0000000	0.0000000
1429.9991600	1450.0074723	15369.8720703	2.8597887	0.1877981	0.1017402	0.6582362	0.3652838	0.0000000	0.0000000
1424.9990761	1450.0074723	15364.9194336	2.8499296	0.1674505	0.1177592	0.6248442	0.3663688	0.0000000	0.0000000
1420.0059019	1450.0074723	15359.9667969	2.8400704	0.1474365	0.1028466	0.6211256	0.3725658	0.0000000	0.0000000
1414.9875199	1450.0074723	15354.7783203	2.8302113	0.1270890	0.0813163	0.6193220	0.3684475	0.0000000	0.0000000
1409.9936575	1450.0074723	15349.8256836	2.8203521	0.1070750	0.0626890	0.5927326	0.3657737	0.0000000	0.0000000
1405.0002814	1450.0074723	15344.8864062	2.8104930	0.0867274	0.0576909	0.6014327	0.3670044	0.0000000	0.0000000
1399.9876626	1450.0074723	15339.9493555	2.8006338	0.0667134	0.0412421	0.5793517	0.3614382	0.0000000	0.0000000
1394.9969913	1450.0074723	15334.7772070	2.7907746	0.0463658	0.0372301	0.5693317	0.3703388	0.0000000	0.0000000
1389.9916327	1450.0074723	15329.8401562	2.7809155	0.0260182	0.0317906	0.5652756	0.3634890	0.0000000	0.0000000
1385.0053575	1450.0074723	15324.9053613	2.7710563	0.0060042	0.0293683	0.5535888	0.3634308	0.0000000	0.0000000
1379.9954919	1450.0074723	15319.9841016	2.7611972	-0.0143434	0.0243949	0.5551350	0.3658706	0.0000000	0.0000000
1374.9977128	1450.0074723	15314.8284961	2.7513380	-0.0343574	0.0201377	0.5387341	0.3648417	0.0000000	0.0000000
1369.9938149	1450.0074723	15309.9072363	2.7414789	-0.0547050	0.0212969	0.5158632	0.3659423	0.0000000	0.0000000
1364.9893972	1450.0074723	15304.9859766	2.7316197	-0.0750525	0.0376334	0.5108893	0.3672833	0.0000000	0.0000000
1360.0037170	1450.0074723	15299.8376953	2.7217606	-0.0950665	0.0611593	0.5041838	0.3632927	0.0000000	0.0000000
1354.9999390	1450.0074723	15294.9318164	2.7119014	-0.1154141	0.0854670	0.4793389	0.3672211	0.0000000	0.0000000
1349.9905185	1450.0074723	15289.7923242	2.7020423	-0.1354281	0.0861788	0.4703153	0.3684275	0.0000000	0.0000000
1344.9967843	1450.0074723	15284.8864453	2.6921831	-0.1557757	0.0651310	0.4509429	0.3672677	0.0000000	0.0000000
1340.0058595	1450.0074723	15279.9805664	2.6823239	-0.1761233	0.0471753	0.4352376	0.3618372	0.0000000	0.0000000
1334.9945685	1450.0074723	15274.8536914	2.6724648	-0.1961373	0.0505876	0.4238834	0.3674296	0.0000000	0.0000000
1329.9975394	1450.0074723	15269.9633984	2.6626056	-0.2164849	0.0736538	0.4127579	0.3665462	0.0000000	0.0000000
1325.0067276	1450.0074723	15264.8402344	2.6527465	-0.2364989	0.0801272	0.3967887	0.3672367	0.0000000	0.0000000
1320.0090417	1450.0074723	15259.9499414	2.6428873	-0.2568465	0.0671165	0.3618276	0.3672581	0.0000000	0.0000000
1314.9983984	1450.0074723	15254.8289746	2.6330282	-0.2771940	0.0538467	0.3472152	0.3620715	0.0000000	0.0000000
1309.9938559	1450.0074723	15249.9540625	2.6231690	-0.2972080	0.0387552	0.3388187	0.3626796	0.0000000	0.0000000
1305.0029693	1450.0074723	15244.8470117	2.6133099	-0.3175556	0.0356442	0.3264941	0.3610844	0.0000000	0.0000000
1300.0059589	1450.0074723	15239.9720996	2.6034507	-0.3375696	0.0288870	0.3044547	0.3683209	0.0000000	0.0000000
1295.0063540	1450.0074723	15234.8650488	2.5935915	-0.3579172	0.0324216	0.2862188	0.3577402	0.0000000	0.0000000
1290.0052150	1450.0074723	15229.9973633	2.5837324	-0.3782648	0.0360729	0.2723986	0.3622805	0.0000000	0.0000000
1285.0068833	1450.0074723	15224.9062109	2.5738732	-0.3982788	0.0343547	0.2541096	0.3586869	0.0000000	0.0000000
1280.0011129	1450.0074723	15219.8150586	2.5640141	-0.4186264	0.0400610	0.2397516	0.3587385	0.0000000	0.0000000
1275.0093966	1450.0074723	15214.9553223	2.5541549	-0.4386404	0.0695544	0.2252325	0.3610111	0.0000000	0.0000000
1270.0009934	1450.0074723	15209.8641699	2.5442958	-0.4589880	0.1246935	0.2091058	0.3605963	0.0000000	0.0000000
1265.0031208	1450.0074723	15204.7869336	2.5344366	-0.4790020	0.1329858	0.2037980	0.3603339	0.0000000	0.0000000
1260.0129909	1450.0074723	15199.9425781	2.5245775	-0.4993495	0.1072960	0.1860969	0.3612921	0.0000000	0.0000000
1255.0147454	1450.0074723	15194.8675391	2.5147183	-0.5196971	0.0687242	0.1735740	0.3610320	0.0000000	0.0000000
1250.0156050	1450.0074723	15189.7925000	2.5048592	-0.5397111	0.0415435	0.1508029	0.3593219	0.0000000	0.0000000
