1599.9954356	1569.9954641	15659.9890527	2.7989593	0.5030188	0.0307490	0.7956416	0.4350928	0.0000000	1570.0000000
1595.0042898	1569.9954641	15654.8409766	2.7891408	0.4826712	0.0465840	0.8387188	0.4371589	0.0000000	0.0000000
1590.0036367	1569.9954641	15649.9380469	2.7792817	0.4626572	0.0547708	0.8522066	0.4378212	0.0000000	0.0000000
1584.9953866	1569.9954641	15644.7899707	2.7694225	0.4423096	0.0566073	0.8482681	0.4374495	0.0000000	0.0000000
1579.9988693	1569.9954641	15639.8870410	2.7595634	0.4222956	0.0603894	0.8494193	0.4345293	0.0000000	0.0000000
1574.9959902	1569.9954641	15634.9912305	2.7497042	0.4019480	0.0582770	0.8257645	0.4330516	0.0000000	0.0000000
1569.9991510	1569.9954641	15629.8597656	2.7398451	0.3816005	0.0629480	0.8045194	0.4402151	0.0000000	0.0000000
1564.9910956	1569.9954641	15624.9726562	2.7299859	0.3615864	0.0641362	0.8028572	0.4256572	0.0000000	0.0000000
1560.0054727	1569.9954641	15619.8411914	2.7201268	0.3412389	0.0554103	0.7550115	0.4392975	0.0000000	0.0000000
1555.0028496	1569.9954641	15614.9540820	2.7102676	0.3212249	0.0572698	0.7637726	0.4279177	0.0000000	0.0000000
1549.9965481	1569.9954641	15609.8322266	2.7004085	0.3008773	0.0533619	0.7422318	0.4436519	0.0000000	0.0000000
1545.0061240	1569.9954641	15604.9611328	2.6905493	0.2805297	0.0557206	0.7508840	0.4315886	0.0000000	0.0000000
1540.0044380	1569.9954641	15599.8464844	2.6806901	0.2605157	0.0562946	0.7265921	0.4314703	0.0000000	0.0000000
1535.0024289	1569.9954641	15594.9753906	2.6708310	0.2401681	0.0617971	0.7350158	0.4372434	0.0000000	0.0000000
1530.0009296	1569.9954641	15589.8607422	2.6609718	0.2201541	0.0501720	0.7266109	0.4279050	0.0000000	0.0000000
1525.0119812	1569.9954641	15584.7578125	2.6511127	0.1998065	0.0506692	0.7203882	0.4362223	0.0000000	0.0000000
1519.9979617	1569.9954641	15579.9023437	2.6412535	0.1794590	0.0617144	0.7138512	0.4320657	0.0000000	0.0000000
1515.0028293	1569.9954641	15574.8041016	2.6313944	0.1594449	0.0523666	0.7025969	0.4346986	0.0000000	0.0000000
1510.0011622	1569.9954641	15569.9486328	2.6215352	0.1390974	0.0432629	0.6778204	0.4361155	0.0000000	0.0000000
1504.9991342	1569.9954641	15564.8503906	2.6116761	0.1190834	0.0288286	0.6967514	0.4297730	0.0000000	0.0000000
1499.9998464	1569.9954641	15559.7663867	2.6018169	0.0987358	0.0213712	0.7161702	0.4268997	0.0000000	0.0000000
1495.0012710	1569.9954641	15554.9267383	2.5919577	0.0787218	0.0224470	0.7384025	0.4240509	0.0000000	0.0000000
1489.9975133	1569.9954641	15549.8451074	2.5820986	0.0583742	0.0193605	0.7019159	0.4342903	0.0000000	0.0000000
1485.0077631	1569.9954641	15544.7634766	2.5722394	0.0380266	0.0183197	0.6963394	0.4376444	0.0000000	0.0000000
1480.0039702	1569.9954641	15539.9238281	2.5623803	0.0180126	0.0222667	0.6941868	0.4264209	0.0000000	0.0000000
1475.0006089	1569.9954641	15534.8586035	2.5525211	-0.0023350	0.0176958	0.6780798	0.4359219	0.0000000	0.0000000
1470.0169428	1569.9954641	15529.7933789	2.5426620	-0.0223490	0.0141196	0.6770324	0.4305476	0.0000000	0.0000000
1465.0063771	1569.9954641	15524.9693555	2.5328028	-0.0426966	0.0165515	0.6734086	0.4326914	0.0000000	0.0000000
1460.0031723	1569.9954641	15519.9041309	2.5229437	-0.0630441	0.0195568	0.6783861	0.4315199	0.0000000	0.0000000
1455.0133719	1569.9954641	15514.8420312	2.5130845	-0.0830581	0.0267010	0.6741006	0.4343138	0.0000000	0.0000000
1449.9959945	1569.9954641	15509.7932129	2.5032254	-0.1034057	0.0251324	0.6707326	0.4305357	0.0000000	0.0000000
1445.0031453	1569.9954641	15504.9848145	2.4933662	-0.1234197	0.0187028	0.6557854	0.4279332	0.0000000	0.0000000
1440.0045771	1569.9954641	15499.9359961	2.4835070	-0.1437673	0.0160295	0.6372079	0.4339072	0.0000000	0.0000000
1435.0050512	1569.9954641	15494.8871777	2.4736479	-0.1641149	0.0149207	0.6268616	0.4313239	0.0000000	0.0000000
1429.9991600	1569.9954641	15489.8445312	2.4637887	-0.1841289	0.0150135	0.6140817	0.4334320	0.0000000	0.0000000
1424.9990761	1569.9954641	15484.8119141	2.4539296	-0.2044765	0.0178488	0.6093364	0.4353801	0.0000000	0.0000000
1420.0059019	1569.9954641	15479.7792969	2.4440704	-0.2244905	0.0152418	0.6073475	0.4209157	0.0000000	0.0000000
1414.9937701	1569.9954641	15474.9863281	2.4342113	-0.2448381	0.0165945	0.5988361	0.4329636	0.0000000	0.0000000
1409.9999070	1569.9954641	15469.9537109	2.4243521	-0.2651856	0.0219171	0.5900038	0.4368606	0.0000000	0.0000000
1405.0002814	1569.9954641	15464.9302344	2.4144930	-0.2851996	0.0180094	0.5711915	0.4337199	0.0000000	0.0000000
1399.9939120	1569.9954641	15459.9136133	2.4046338	-0.3055472	0.0156459	0.5422899	0.4386547	0.0000000	0.0000000
1395.0031046	1569.9954641	15454.8969922	2.3947746	-0.3255612	0.0143235	0.5549769	0.4324728	0.0000000	0.0000000
1389.9976768	1569.9954641	15449.8803711	2.3849155	-0.3459088	0.0115549	0.5486531	0.4390215	0.0000000	0.0000000
1385.0053575	1569.9954641	15444.8637500	2.3750563	-0.3659228	0.0120726	0.5432440	0.4344553	0.0000000	0.0000000
1380.0015352	1569.9954641	15439.8602441	2.3651972	-0.3862704	0.0108181	0.5196808	0.4319570	0.0000000	0.0000000
1374.9977128	1569.9954641	15434.8598242	2.3553380	-0.4066180	0.0104982	0.5010563	0.4401787	0.0000000	0.0000000
1369.9998590	1569.9954641	15429.8594043	2.3454789	-0.4266320	0.0113818	0.4940950	0.4350643	0.0000000	0.0000000
1364.9954405	1569.9954641	15424.8589844	2.3356197	-0.4469796	0.0157968	0.4953831	0.4329905	0.0000000	0.0000000
1360.0097601	1569.9954641	15419.8593262	2.3257606	-0.4669936	0.0180748	0.4904867	0.4316812	0.0000000	0.0000000
1355.0059831	1569.9954641	15414.8749023	2.3159014	-0.4873411	0.0255923	0.4629288	0.4387837	0.0000000	0.0000000
1349.9967869	1569.9954641	15409.8904785	2.3060423	-0.5076887	0.0253368	0.4583710	0.4348771	0.0000000	0.0000000
1345.0035932	1569.9954641	15404.9060547	2.2961831	-0.5277027	0.0273604	0.4327050	0.4378944	0.0000000	0.0000000
1340.0126684	1569.9954641	15399.9216309	2.2863239	-0.5480503	0.0251829	0.4293202	0.4222849	0.0000000	0.0000000
1334.9945685	1569.9954641	15394.9417773	2.2764648	-0.5680643	0.0188102	0.4093001	0.4210722	0.0000000	0.0000000
1330.0043482	1569.9954641	15389.9733496	2.2666056	-0.5884119	0.0163790	0.3954840	0.4306411	0.0000000	0.0000000
1325.0067276	1569.9954641	15384.7683301	2.2567465	-0.6087595	0.0177343	0.3811873	0.4227710	0.0000000	0.0000000
1320.0090417	1569.9954641	15379.7999023	2.2468873	-0.6287735	0.0163518	0.3637582	0.4276804	0.0000000	0.0000000
1314.9983984	1569.9954641	15374.8314746	2.2370282	-0.6491211	0.0203081	0.3506224	0.4284984	0.0000000	0.0000000
1310.0006648	1569.9954641	15369.8720703	2.2271690	-0.6691351	0.0193108	0.3267715	0.4324412	0.0000000	0.0000000
1305.0029693	1569.9954641	15364.9194336	2.2173099	-0.6894826	0.0198217	0.3102366	0.4316242	0.0000000	0.0000000
1300.0059589	1569.9954641	15359.9667969	2.2074507	-0.7098302	0.0196313	0.3002067	0.4283565	0.0000000	0.0000000
1295.0063540	1569.9954641	15354.7783203	2.1975915	-0.7298442	0.0165996	0.2800729	0.4338860	0.0000000	0.0000000
1290.0126310	1569.9954641	15349.8256836	2.1877324	-0.7501918	0.0181265	0.2736324	0.4333832	0.0000000	0.0000000
1285.0068833	1569.9954641	15344.8864062	2.1778732	-0.7702058	0.0132501	0.2524286	0.4217210	0.0000000	0.0000000
1280.0011129	1569.9954641	15339.9493555	2.1680141	-0.7905534	0.0111459	0.2373499	0.4300330	0.0000000	0.0000000
1275.0093966	1569.9954641	15334.7772070	2.1581549	-0.8105674	0.0149117	0.2212610	0.4265274	0.0000000	0.0000000
1270.0009934	1569.9954641	15329.8401562	2.1482958	-0.8309150	0.0169091	0.2107638	0.4257376	0.0000000	0.0000000
1265.0031208	1569.9954641	15324.9053613	2.1384366	-0.8512626	0.0210829	0.1923865	0.4279292	0.0000000	0.0000000
1260.0211049	1569.9954641	15319.9841016	2.1285775	-0.8712766	0.0215300	0.1683544	0.4288300	0.0000000	0.0000000
1255.0147454	1569.9954641	15314.8284961	2.1187183	-0.8916241	0.0211439	0.1592598	0.4318574	0.0000000	0.0000000
1250.0237205	1569.9954641	15309.9072363	2.1088592	-0.9116381	0.0184154	0.1496595	0.4288783	0.0000000	0.0000000
