1599.9954356	1474.9963639	15564.8503906	3.1125121	0.7975583	0.0402477	0.8060576	0.3987017	0.0000000	1475.0000000
1594.9925208	1474.9963639	15559.7663867	3.1026408	0.7772107	0.0615110	0.8611356	0.3985525	0.0000000	0.0000000
1589.9980278	1474.9963639	15554.9267383	3.0927817	0.7571967	0.0620856	0.8800880	0.4014822	0.0000000	0.0000000
1584.9953866	1474.9963639	15549.8451074	3.0829225	0.7368491	0.0552816	0.8775551	0.3999430	0.0000000	0.0000000
1579.9988693	1474.9963639	15544.7634766	3.0730634	0.7165016	0.0428553	0.8626216	0.3989584	0.0000000	0.0000000
1574.9903821	1474.9963639	15539.9238281	3.0632042	0.6964875	0.0306326	0.8424292	0.3987579	0.0000000	0.0000000
1569.9935429	1474.9963639	15534.8586035	3.0533451	0.6761400	0.0220729	0.8251116	0.4050748	0.0000000	0.0000000
1564.9910956	1474.9963639	15529.7933789	3.0434859	0.6561260	0.0161082	0.8091423	0.3975846	0.0000000	0.0000000
1559.9998645	1474.9963639	15524.9693555	3.0336268	0.6357784	0.0217406	0.7640275	0.4020071	0.0000000	0.0000000
1555.0028496	1474.9963639	15519.9041309	3.0237676	0.6157644	0.0291045	0.7653489	0.3942749	0.0000000	0.0000000
1549.9908346	1474.9963639	15514.8420312	3.0139085	0.5954168	0.0462522	0.7640352	0.3946904	0.0000000	0.0000000
1544.9998486	1474.9963639	15509.7932129	3.0040493	0.5750692	0.0496387	0.7367533	0.4073337	0.0000000	0.0000000
1539.9981617	1474.9963639	15504.9848145	2.9941901	0.5550552	0.0507247	0.7322615	0.4069014	0.0000000	0.0000000
1534.9898781	1474.9963639	15499.9359961	2.9843310	0.5347076	0.0599323	0.7257274	0.4062664	0.0000000	0.0000000
1529.9946542	1474.9963639	15494.8871777	2.9744718	0.5146936	0.0929142	0.7276214	0.4003916	0.0000000	0.0000000
1525.0057058	1474.9963639	15489.8445312	2.9646127	0.4943460	0.1189187	0.7298982	0.3928297	0.0000000	0.0000000
1519.9916865	1474.9963639	15484.8119141	2.9547535	0.4739985	0.1299474	0.7264408	0.3887680	0.0000000	0.0000000
1514.9902785	1474.9963639	15479.7792969	2.9448944	0.4539845	0.1278708	0.7072786	0.3940601	0.0000000	0.0000000
1510.0011622	1474.9963639	15474.9863281	2.9350352	0.4336369	0.1121469	0.6986049	0.3997988	0.0000000	0.0000000
1504.9928588	1474.9963639	15469.9537109	2.9251761	0.4136229	0.0834447	0.7007092	0.3992532	0.0000000	0.0000000
1499.9935148	1474.9963639	15464.9302344	2.9153169	0.3932753	0.0612473	0.7071773	0.3930630	0.0000000	0.0000000
1495.0012710	1474.9963639	15459.9136133	2.9054577	0.3729277	0.0468810	0.7175155	0.3839107	0.0000000	0.0000000
1489.9975133	1474.9963639	15454.8969922	2.8955986	0.3529137	0.0521190	0.7250969	0.3881014	0.0000000	0.0000000
1485.0010010	1474.9963639	15449.8803711	2.8857394	0.3325661	0.0730558	0.7183621	0.3967821	0.0000000	0.0000000
1479.9972092	1474.9963639	15444.8637500	2.8758803	0.3125521	0.0782717	0.7041879	0.3915986	0.0000000	0.0000000
1474.9938468	1474.9963639	15439.8602441	2.8660211	0.2922045	0.0843199	0.6833169	0.3993630	0.0000000	0.0000000
1470.0034186	1474.9963639	15434.8598242	2.8561620	0.2718570	0.0800134	0.6781439	0.3969318	0.0000000	0.0000000
1464.9928549	1474.9963639	15429.8594043	2.8463028	0.2518430	0.0606060	0.6788910	0.3925525	0.0000000	0.0000000
1460.0031723	1474.9963639	15424.8589844	2.8364437	0.2314954	0.0415718	0.6729177	0.3892722	0.0000000	0.0000000
1455.0066100	1474.9963639	15419.8593262	2.8265845	0.2114814	0.0271453	0.6481189	0.3956998	0.0000000	0.0000000
1449.9892324	1474.9963639	15414.8749023	2.8167254	0.1911338	0.0104250	0.6511345	0.4004204	0.0000000	0.0000000
1444.9966097	1474.9963639	15409.8904785	2.8068662	0.1707862	0.0133038	0.6424173	0.3941016	0.0000000	0.0000000
1439.9920783	1474.9963639	15404.9060547	2.7970070	0.1507722	0.0357192	0.6409570	0.3971334	0.0000000	0.0000000
1435.0050512	1474.9963639	15399.9216309	2.7871479	0.1304246	0.0782725	0.6381987	0.3910271	0.0000000	0.0000000
1429.9991600	1474.9963639	15394.9417773	2.7772887	0.1104106	0.1004231	0.6222745	0.3921499	0.0000000	0.0000000
1424.9928269	1474.9963639	15389.9733496	2.7674296	0.0900630	0.1048440	0.6100542	0.3970928	0.0000000	0.0000000
1420.0059019	1474.9963639	15384.7683301	2.7575704	0.0700490	0.0854445	0.6108615	0.3854191	0.0000000	0.0000000
1414.9875199	1474.9963639	15379.7999023	2.7477113	0.0497015	0.0642225	0.5881544	0.4020731	0.0000000	0.0000000
1409.9936575	1474.9963639	15374.8314746	2.7378521	0.0293539	0.0478698	0.5935239	0.3913831	0.0000000	0.0000000
1405.0002814	1474.9963639	15369.8720703	2.7279930	0.0093399	0.0328573	0.5718351	0.3922598	0.0000000	0.0000000
1399.9876626	1474.9963639	15364.9194336	2.7181338	-0.0110077	0.0281771	0.5507322	0.3882081	0.0000000	0.0000000
1394.9969913	1474.9963639	15359.9667969	2.7082746	-0.0310217	0.0289269	0.5605762	0.3898391	0.0000000	0.0000000
1389.9916327	1474.9963639	15354.7783203	2.6984155	-0.0513693	0.0246405	0.5366627	0.3915461	0.0000000	0.0000000
1385.0053575	1474.9963639	15349.8256836	2.6885563	-0.0717169	0.0263601	0.5415201	0.3910227	0.0000000	0.0000000
1379.9954919	1474.9963639	15344.8864062	2.6786972	-0.0917309	0.0249504	0.5373488	0.3877723	0.0000000	0.0000000
1375.0037561	1474.9963639	15339.9493555	2.6688380	-0.1120785	0.0186450	0.5156314	0.3868650	0.0000000	0.0000000
1369.9998590	1474.9963639	15334.7772070	2.6589789	-0.1320925	0.0217754	0.4976714	0.3878691	0.0000000	0.0000000
1364.9954405	1474.9963639	15329.8401562	2.6491197	-0.1524400	0.0308031	0.4932999	0.3872411	0.0000000	0.0000000
1360.0037170	1474.9963639	15324.9053613	2.6392606	-0.1727876	0.0649031	0.4792514	0.3918077	0.0000000	0.0000000
1354.9999390	1474.9963639	15319.9841016	2.6294014	-0.1928016	0.0709204	0.4636633	0.3947158	0.0000000	0.0000000
1349.9905185	1474.9963639	15314.8284961	2.6195423	-0.2131492	0.0599681	0.4414042	0.3978936	0.0000000	0.0000000
1345.0035932	1474.9963639	15309.9072363	2.6096831	-0.2331632	0.0531184	0.4328748	0.3973080	0.0000000	0.0000000
1340.0058595	1474.9963639	15304.9859766	2.5998239	-0.2535108	0.0444741	0.4236036	0.3908539	0.0000000	0.0000000
1334.9945685	1474.9963639	15299.8376953	2.5899648	-0.2738584	0.0535649	0.4129194	0.3844974	0.0000000	0.0000000
1330.0043482	1474.9963639	15294.9318164	2.5801056	-0.2938724	0.0552151	0.3881477	0.3985991	0.0000000	0.0000000
1325.0067276	1474.9963639	15289.7923242	2.5702465	-0.3142200	0.0631729	0.3787700	0.3962647	0.0000000	0.0000000
1320.0022339	1474.9963639	15284.8864453	2.5603873	-0.3342340	0.0518431	0.3546882	0.3978383	0.0000000	0.0000000
1314.9983984	1474.9963639	15279.9805664	2.5505282	-0.3545815	0.0320079	0.3385546	0.3964860	0.0000000	0.0000000
1309.9938559	1474.9963639	15274.8536914	2.5406690	-0.3745956	0.0207423	0.3266014	0.3959364	0.0000000	0.0000000
1305.0029693	1474.9963639	15269.9633984	2.5308099	-0.3949431	0.0180720	0.3108934	0.3977791	0.0000000	0.0000000
1300.0127676	1474.9963639	15264.8402344	2.5209507	-0.4152907	0.0219652	0.2905657	0.4005518	0.0000000	0.0000000
1295.0063540	1474.9963639	15259.9499414	2.5110915	-0.4353047	0.0234832	0.2792878	0.3956484	0.0000000	0.0000000
1290.0052150	1474.9963639	15254.8289746	2.5012324	-0.4556523	0.0300848	0.2693882	0.3907859	0.0000000	0.0000000
1285.0068833	1474.9963639	15249.9540625	2.4913732	-0.4756663	0.0278068	0.2434446	0.3928124	0.0000000	0.0000000
1280.0011129	1474.9963639	15244.8470117	2.4815141	-0.4960139	0.0381882	0.2213022	0.3947670	0.0000000	0.0000000
1275.0093966	1474.9963639	15239.9720996	2.4716549	-0.5163615	0.0687297	0.2086478	0.3867344	0.0000000	0.0000000
1270.0009934	1474.9963639	15234.8650488	2.4617958	-0.5363755	0.0822437	0.1979282	0.3891108	0.0000000	0.0000000
1265.0031208	1474.9963639	15229.9973633	2.4519366	-0.5567230	0.0845725	0.1832522	0.3898230	0.0000000	0.0000000
1260.0129909	1474.9963639	15224.9062109	2.4420775	-0.5767370	0.0631287	0.1680317	0.3936489	0.0000000	0.0000000
1255.0147454	1474.9963639	15219.8150586	2.4322183	-0.5970846	0.0419878	0.1591686	0.3965535	0.0000000	0.0000000
1250.0237205	1474.9963639	15214.9553223	2.4223592	-0.6174322	0.0321708	0.1439174	0.3911165	0.0000000	0.0000000
