1599.9954356	1290.0007578	15379.7999023	3.7229394	1.3709597	0.0101151	0.8000214	0.1869742	0.0000000	1290.0000000
1594.9925208	1290.0007578	15374.8314746	3.7131408	1.3509457	0.0364916	0.8593584	0.1869030	0.0000000	0.0000000
1589.9980278	1290.0007578	15369.8720703	3.7032817	1.3305981	0.0405048	0.8746531	0.1883555	0.0000000	0.0000000
1584.9953866	1290.0007578	15364.9194336	3.6934225	1.3102505	0.0343427	0.8616632	0.1868928	0.0000000	0.0000000
1579.9932605	1290.0007578	15359.9667969	3.6835634	1.2902365	0.0291691	0.8665475	0.1830729	0.0000000	0.0000000
1574.9847739	1290.0007578	15354.7783203	3.6737042	1.2698889	0.0288239	0.8386897	0.1822797	0.0000000	0.0000000
1569.9879348	1290.0007578	15349.8256836	3.6638451	1.2498749	0.0253448	0.8160983	0.1887147	0.0000000	0.0000000
1564.9854875	1290.0007578	15344.8864062	3.6539859	1.2295273	0.0226643	0.7983045	0.1832319	0.0000000	0.0000000
1559.9942564	1290.0007578	15339.9493555	3.6441268	1.2091798	0.0209227	0.7718551	0.1836300	0.0000000	0.0000000
1554.9916320	1290.0007578	15334.7772070	3.6342676	1.1891657	0.0217598	0.7680618	0.1811975	0.0000000	0.0000000
1549.9908346	1290.0007578	15329.8401562	3.6244085	1.1688182	0.0316254	0.7612977	0.1784384	0.0000000	0.0000000
1544.9998486	1290.0007578	15324.9053613	3.6145493	1.1488042	0.0433407	0.7397886	0.1801615	0.0000000	0.0000000
1539.9918854	1290.0007578	15319.9841016	3.6046901	1.1284566	0.0691835	0.7368341	0.1777820	0.0000000	0.0000000
1534.9898781	1290.0007578	15314.8284961	3.5948310	1.1081090	0.0797979	0.7332149	0.1829142	0.0000000	0.0000000
1529.9946542	1290.0007578	15309.9072363	3.5849718	1.0880950	0.1057139	0.7235875	0.1844802	0.0000000	0.0000000
1524.9994304	1290.0007578	15304.9859766	3.5751127	1.0677474	0.1372390	0.7293194	0.1816974	0.0000000	0.0000000
1519.9916865	1290.0007578	15299.8376953	3.5652535	1.0477334	0.1566598	0.7170073	0.1809637	0.0000000	0.0000000
1514.9902785	1290.0007578	15294.9318164	3.5553944	1.0273858	0.1789874	0.7024028	0.1901973	0.0000000	0.0000000
1509.9948860	1290.0007578	15289.7923242	3.5455352	1.0070383	0.1712319	0.7105591	0.1898264	0.0000000	0.0000000
1504.9928588	1290.0007578	15284.8864453	3.5356761	0.9870243	0.1401907	0.7136397	0.1852752	0.0000000	0.0000000
1499.9935148	1290.0007578	15279.9805664	3.5258169	0.9666767	0.1125702	0.7183465	0.1896093	0.0000000	0.0000000
1494.9945089	1290.0007578	15274.8536914	3.5159577	0.9466627	0.0869758	0.7251026	0.1850389	0.0000000	0.0000000
1489.9975133	1290.0007578	15269.9633984	3.5060986	0.9263151	0.0615210	0.7117704	0.1831577	0.0000000	0.0000000
1485.0010010	1290.0007578	15264.8402344	3.4962394	0.9063011	0.0385421	0.7132630	0.1808497	0.0000000	0.0000000
1479.9972092	1290.0007578	15259.9499414	3.4863803	0.8859535	0.0198315	0.6897228	0.1824061	0.0000000	0.0000000
1474.9938468	1290.0007578	15254.8289746	3.4765211	0.8656059	0.0288239	0.6828499	0.1857991	0.0000000	0.0000000
1470.0034186	1290.0007578	15249.9540625	3.4666620	0.8455919	0.0534927	0.6830929	0.1839408	0.0000000	0.0000000
1464.9928549	1290.0007578	15244.8470117	3.4568028	0.8252443	0.0728744	0.6864024	0.1864435	0.0000000	0.0000000
1459.9964112	1290.0007578	15239.9720996	3.4469437	0.8052303	0.0621071	0.6657888	0.1886218	0.0000000	0.0000000
1455.0066100	1290.0007578	15234.8650488	3.4370845	0.7848828	0.0481544	0.6743076	0.1866971	0.0000000	0.0000000
1449.9892324	1290.0007578	15229.9973633	3.4272254	0.7645352	0.0255181	0.6755332	0.1837001	0.0000000	0.0000000
1444.9966097	1290.0007578	15224.9062109	3.4173662	0.7445212	0.0167629	0.6583110	0.1886451	0.0000000	0.0000000
1439.9983277	1290.0007578	15219.8150586	3.4075070	0.7241736	0.0342922	0.6559702	0.1871469	0.0000000	0.0000000
1435.0050512	1290.0007578	15214.9553223	3.3976479	0.7041596	0.0848096	0.6280645	0.1905696	0.0000000	0.0000000
1429.9991600	1290.0007578	15209.8641699	3.3877887	0.6838120	0.1280428	0.6320115	0.1866891	0.0000000	0.0000000
1424.9928269	1290.0007578	15204.7869336	3.3779296	0.6634644	0.1629119	0.6311026	0.1861549	0.0000000	0.0000000
1419.9996525	1290.0007578	15199.9425781	3.3680704	0.6434504	0.1300286	0.6226809	0.1898008	0.0000000	0.0000000
1414.9875199	1290.0007578	15194.8675391	3.3582113	0.6231028	0.0969059	0.6009647	0.1856434	0.0000000	0.0000000
1409.9936575	1290.0007578	15189.7925000	3.3483521	0.6030888	0.0786494	0.5944629	0.1841191	0.0000000	0.0000000
1405.0002814	1290.0007578	15184.9517090	3.3384930	0.5827413	0.0640436	0.5801707	0.1815128	0.0000000	0.0000000
1399.9876626	1290.0007578	15179.8923535	3.3286338	0.5623937	0.0480621	0.5640535	0.1858229	0.0000000	0.0000000
1394.9908780	1290.0007578	15174.8329980	3.3187746	0.5423797	0.0358783	0.5589017	0.1857136	0.0000000	0.0000000
1389.9855886	1290.0007578	15169.7736426	3.3089155	0.5220321	0.0394685	0.5512854	0.1868914	0.0000000	0.0000000
1385.0053575	1290.0007578	15164.9442578	3.2990563	0.5020181	0.0368660	0.5470126	0.1875011	0.0000000	0.0000000
1379.9894486	1290.0007578	15159.8950195	3.2891972	0.4816705	0.0304222	0.5305584	0.1835016	0.0000000	0.0000000
1374.9977128	1290.0007578	15154.8515625	3.2793380	0.4616565	0.0207330	0.5200969	0.1878425	0.0000000	0.0000000
1369.9938149	1290.0007578	15149.8081055	3.2694789	0.4413089	0.0235563	0.5197900	0.1892435	0.0000000	0.0000000
1364.9893972	1290.0007578	15144.9938965	3.2596197	0.4209613	0.0480184	0.4945322	0.1837693	0.0000000	0.0000000
1359.9976739	1290.0007578	15139.9511523	3.2497606	0.4009473	0.0859347	0.4772047	0.1829990	0.0000000	0.0000000
1354.9999390	1290.0007578	15134.9233789	3.2399014	0.3805998	0.1284169	0.4696515	0.1794940	0.0000000	0.0000000
1349.9842500	1290.0007578	15129.8956055	3.2300423	0.3605857	0.1260516	0.4541383	0.1841366	0.0000000	0.0000000
1344.9967843	1290.0007578	15124.8678320	3.2201831	0.3402382	0.1054343	0.4440878	0.1809428	0.0000000	0.0000000
1340.0058595	1290.0007578	15119.8400586	3.2103239	0.3198906	0.0735470	0.4342416	0.1808355	0.0000000	0.0000000
1334.9945685	1290.0007578	15114.8202344	3.2004648	0.2998766	0.0694236	0.4152549	0.1830149	0.0000000	0.0000000
1329.9975394	1290.0007578	15109.8083594	3.1906056	0.2795290	0.0913799	0.4008989	0.1883748	0.0000000	0.0000000
1324.9999187	1290.0007578	15104.7964844	3.1807465	0.2595150	0.1209594	0.3778484	0.1881315	0.0000000	0.0000000
1320.0022339	1290.0007578	15099.7846094	3.1708873	0.2391674	0.1143442	0.3688306	0.1830757	0.0000000	0.0000000
1314.9915895	1290.0007578	15094.7727344	3.1610282	0.2188198	0.0781141	0.3478209	0.1861312	0.0000000	0.0000000
1309.9870470	1290.0007578	15089.7762402	3.1511690	0.1988058	0.0654517	0.3298629	0.1817622	0.0000000	0.0000000
1304.9961614	1290.0007578	15084.7804785	3.1413099	0.1784583	0.0556262	0.3163950	0.1852628	0.0000000	0.0000000
1299.9991501	1290.0007578	15079.7847168	3.1314507	0.1584442	0.0455236	0.3008844	0.1858555	0.0000000	0.0000000
1294.9989791	1290.0007578	15074.7889551	3.1215915	0.1380967	0.0362501	0.2829673	0.1898627	0.0000000	0.0000000
1289.9977991	1290.0007578	15069.7997852	3.1117324	0.1177491	0.0346206	0.2649697	0.1871412	0.0000000	0.0000000
1285.0068833	1290.0007578	15064.8201367	3.1018732	0.0977351	0.0428337	0.2490700	0.1850233	0.0000000	0.0000000
1280.0011129	1290.0007578	15059.8404883	3.0920141	0.0773875	0.0582708	0.2322076	0.1866843	0.0000000	0.0000000
1275.0019807	1290.0007578	15054.8608398	3.0821549	0.0573735	0.0916970	0.2144436	0.1893729	0.0000000	0.0000000
1270.0009934	1290.0007578	15049.8811914	3.0722958	0.0370259	0.1547148	0.1960336	0.1905133	0.0000000	0.0000000
1264.9950068	1290.0007578	15044.9154590	3.0624366	0.0166783	0.1662372	0.1813888	0.1915374	0.0000000	0.0000000
1260.0048768	1290.0007578	15039.9519238	3.0525775	-0.0033357	0.1524722	0.1673600	0.1868575	0.0000000	0.0000000
1255.0066299	1290.0007578	15034.9883887	3.0427183	-0.0236832	0.1113999	0.1562999	0.1863844	0.0000000	0.0000000
1250.0074895	1290.0007578	15029.7992383	3.0328592	-0.0436973	0.0652010	0.1395634	0.1876150	0.0000000	0.0000000
