1599.9954356	1279.9990577	15369.8720703	3.7559625	1.4019814	0.0202148	0.7797894	0.1697451	0.0000000	1280.0000000
1594.9984053	1279.9990577	15364.9194336	3.7461408	1.3816338	0.0487802	0.8439157	0.1712925	0.0000000	0.0000000
1589.9980278	1279.9990577	15359.9667969	3.7362817	1.3616198	0.0490861	0.8689873	0.1662201	0.0000000	0.0000000
1584.9897793	1279.9990577	15354.7783203	3.7264225	1.3412722	0.0386539	0.8448715	0.1686893	0.0000000	0.0000000
1579.9932605	1279.9990577	15349.8256836	3.7165634	1.3212582	0.0318505	0.8295314	0.1718807	0.0000000	0.0000000
1574.9847739	1279.9990577	15344.8864062	3.7067042	1.3009106	0.0305569	0.8338427	0.1670396	0.0000000	0.0000000
1569.9879348	1279.9990577	15339.9493555	3.6968451	1.2808966	0.0246847	0.8240132	0.1682510	0.0000000	0.0000000
1564.9854875	1279.9990577	15334.7772070	3.6869859	1.2605491	0.0223165	0.7856174	0.1688678	0.0000000	0.0000000
1559.9998645	1279.9990577	15329.8401562	3.6771268	1.2402015	0.0228820	0.7602808	0.1713555	0.0000000	0.0000000
1554.9972408	1279.9990577	15324.9053613	3.6672676	1.2201875	0.0285313	0.7569885	0.1682804	0.0000000	0.0000000
1549.9908346	1279.9990577	15319.9841016	3.6574085	1.1998399	0.0417761	0.7592841	0.1717365	0.0000000	0.0000000
1544.9935732	1279.9990577	15314.8284961	3.6475493	1.1798259	0.0606180	0.7268768	0.1685796	0.0000000	0.0000000
1539.9918854	1279.9990577	15309.9072363	3.6376901	1.1594783	0.0932523	0.7204387	0.1719987	0.0000000	0.0000000
1534.9961535	1279.9990577	15304.9859766	3.6278310	1.1391307	0.1336193	0.7157499	0.1654535	0.0000000	0.0000000
1529.9946542	1279.9990577	15299.8376953	3.6179718	1.1191167	0.1746113	0.7294100	0.1637056	0.0000000	0.0000000
1524.9994304	1279.9990577	15294.9318164	3.6081127	1.0987691	0.2260527	0.7181679	0.1694000	0.0000000	0.0000000
1519.9916865	1279.9990577	15289.7923242	3.5982535	1.0787551	0.2608605	0.6990197	0.1720352	0.0000000	0.0000000
1514.9902785	1279.9990577	15284.8864453	3.5883944	1.0584076	0.3470864	0.7032641	0.1727463	0.0000000	0.0000000
1509.9948860	1279.9990577	15279.9805664	3.5785352	1.0380600	0.3279064	0.6839213	0.1725178	0.0000000	0.0000000
1504.9865834	1279.9990577	15274.8536914	3.5686761	1.0180460	0.2358417	0.6910346	0.1703647	0.0000000	0.0000000
1499.9935148	1279.9990577	15269.9633984	3.5588169	0.9976984	0.1671630	0.6941890	0.1727124	0.0000000	0.0000000
1494.9945089	1279.9990577	15264.8402344	3.5489577	0.9776844	0.1555352	0.7167913	0.1716180	0.0000000	0.0000000
1489.9975133	1279.9990577	15259.9499414	3.5390986	0.9573368	0.0977810	0.7115856	0.1707999	0.0000000	0.0000000
1485.0010010	1279.9990577	15254.8289746	3.5292394	0.9369892	0.0638295	0.7032074	0.1664711	0.0000000	0.0000000
1479.9904481	1279.9990577	15249.9540625	3.5193803	0.9169752	0.0290687	0.6890182	0.1635105	0.0000000	0.0000000
1474.9938468	1279.9990577	15244.8470117	3.5095211	0.8966276	0.0469625	0.6842603	0.1723853	0.0000000	0.0000000
1469.9966565	1279.9990577	15239.9720996	3.4996620	0.8766136	0.0717330	0.6748803	0.1636762	0.0000000	0.0000000
1464.9928549	1279.9990577	15234.8650488	3.4898028	0.8562661	0.0999351	0.6722362	0.1663258	0.0000000	0.0000000
1459.9964112	1279.9990577	15229.9973633	3.4799437	0.8359185	0.0870676	0.6486712	0.1673248	0.0000000	0.0000000
1454.9998480	1279.9990577	15224.9062109	3.4700845	0.8159045	0.0694589	0.6562066	0.1712057	0.0000000	0.0000000
1449.9892324	1279.9990577	15219.8150586	3.4602254	0.7955569	0.0323295	0.6509511	0.1685819	0.0000000	0.0000000
1444.9966097	1279.9990577	15214.9553223	3.4503662	0.7755429	0.0199081	0.6560216	0.1669862	0.0000000	0.0000000
1439.9920783	1279.9990577	15209.8641699	3.4405070	0.7551953	0.0461327	0.6367777	0.1655109	0.0000000	0.0000000
1435.0050512	1279.9990577	15204.7869336	3.4306479	0.7351813	0.1123914	0.6359680	0.1640691	0.0000000	0.0000000
1429.9929097	1279.9990577	15199.9425781	3.4207887	0.7148337	0.1967671	0.6278928	0.1623167	0.0000000	0.0000000
1424.9928269	1279.9990577	15194.8675391	3.4109296	0.6944861	0.1899623	0.5892988	0.1678899	0.0000000	0.0000000
1419.9996525	1279.9990577	15189.7925000	3.4010704	0.6744721	0.1764617	0.6011729	0.1657780	0.0000000	0.0000000
1414.9875199	1279.9990577	15184.9517090	3.3912113	0.6541246	0.1316958	0.5852481	0.1701126	0.0000000	0.0000000
1409.9936575	1279.9990577	15179.8923535	3.3813521	0.6341105	0.0951523	0.5652516	0.1665703	0.0000000	0.0000000
1404.9940311	1279.9990577	15174.8329980	3.3714930	0.6137630	0.0830448	0.5719375	0.1652062	0.0000000	0.0000000
1399.9876626	1279.9990577	15169.7736426	3.3616338	0.5934154	0.0576349	0.5532119	0.1634070	0.0000000	0.0000000
1394.9908780	1279.9990577	15164.9442578	3.3517746	0.5734014	0.0486086	0.5450895	0.1644757	0.0000000	0.0000000
1389.9855886	1279.9990577	15159.8950195	3.3419155	0.5530538	0.0489631	0.5371785	0.1578451	0.0000000	0.0000000
1384.9993143	1279.9990577	15154.8515625	3.3320563	0.5330398	0.0525438	0.5477936	0.1618591	0.0000000	0.0000000
1379.9954919	1279.9990577	15149.8081055	3.3221972	0.5126922	0.0369390	0.5249977	0.1646632	0.0000000	0.0000000
1374.9977128	1279.9990577	15144.9938965	3.3123380	0.4923446	0.0322544	0.5102190	0.1674724	0.0000000	0.0000000
1369.9938149	1279.9990577	15139.9511523	3.3024789	0.4723306	0.0332438	0.4949777	0.1658047	0.0000000	0.0000000
1364.9893972	1279.9990577	15134.9233789	3.2926197	0.4519831	0.0546655	0.4883479	0.1688887	0.0000000	0.0000000
1360.0037170	1279.9990577	15129.8956055	3.2827606	0.4319690	0.1145359	0.4679133	0.1645725	0.0000000	0.0000000
1354.9999390	1279.9990577	15124.8678320	3.2729014	0.4116215	0.1823284	0.4638463	0.1649425	0.0000000	0.0000000
1349.9842500	1279.9990577	15119.8400586	3.2630423	0.3912739	0.1540995	0.4598378	0.1680272	0.0000000	0.0000000
1344.9967843	1279.9990577	15114.8202344	3.2531831	0.3712599	0.1191971	0.4469519	0.1665587	0.0000000	0.0000000
1340.0058595	1279.9990577	15109.8083594	3.2433239	0.3509123	0.0949670	0.4284871	0.1647993	0.0000000	0.0000000
1334.9945685	1279.9990577	15104.7964844	3.2334648	0.3308983	0.0956096	0.4116287	0.1626454	0.0000000	0.0000000
1329.9975394	1279.9990577	15099.7846094	3.2236056	0.3105507	0.1347980	0.3921787	0.1698468	0.0000000	0.0000000
1324.9999187	1279.9990577	15094.7727344	3.2137465	0.2905367	0.1817634	0.3755628	0.1644346	0.0000000	0.0000000
1320.0022339	1279.9990577	15089.7762402	3.2038873	0.2701891	0.1493342	0.3634120	0.1669648	0.0000000	0.0000000
1314.9983984	1279.9990577	15084.7804785	3.1940282	0.2498416	0.1086405	0.3568164	0.1653286	0.0000000	0.0000000
1309.9938559	1279.9990577	15079.7847168	3.1841690	0.2298275	0.0686674	0.3382551	0.1612522	0.0000000	0.0000000
1305.0029693	1279.9990577	15074.7889551	3.1743099	0.2094800	0.0608502	0.3285936	0.1658370	0.0000000	0.0000000
1300.0059589	1279.9990577	15069.7997852	3.1644507	0.1894660	0.0482203	0.3059139	0.1610425	0.0000000	0.0000000
1294.9989791	1279.9990577	15064.8201367	3.1545915	0.1691184	0.0486250	0.2822108	0.1606367	0.0000000	0.0000000
1290.0052150	1279.9990577	15059.8404883	3.1447324	0.1487708	0.0607317	0.2723970	0.1642671	0.0000000	0.0000000
1285.0068833	1279.9990577	15054.8608398	3.1348732	0.1287568	0.0696853	0.2499541	0.1699221	0.0000000	0.0000000
1280.0011129	1279.9990577	15049.8811914	3.1250141	0.1084092	0.0687316	0.2288044	0.1707124	0.0000000	0.0000000
1275.0093966	1279.9990577	15044.9154590	3.1151549	0.0883952	0.1174552	0.2126421	0.1683795	0.0000000	0.0000000
1270.0009934	1279.9990577	15039.9519238	3.1052958	0.0680476	0.2144575	0.1971787	0.1716897	0.0000000	0.0000000
1265.0031208	1279.9990577	15034.9883887	3.0954366	0.0477001	0.2627079	0.1890709	0.1699734	0.0000000	0.0000000
1260.0048768	1279.9990577	15029.7992383	3.0855775	0.0276860	0.1917666	0.1690842	0.1738934	0.0000000	0.0000000
1255.0147454	1279.9990577	15024.8417187	3.0757183	0.0073385	0.1669669	0.1637277	0.1678818	0.0000000	0.0000000
1250.0156050	1279.9990577	15019.8947266	3.0658592	-0.0126755	0.0921019	0.1605177	0.1680732	0.0000000	0.0000000
