1599.9894452	1324.9930246	15414.8749023	3.6075253	1.2625505	0.0463507	0.8126477	0.2305868	0.0000000	1325.0000000
1594.9925208	1324.9930246	15409.8904785	3.5976408	1.2422029	0.1027356	0.8622761	0.2344465	0.0000000	0.0000000
1589.9980278	1324.9930246	15404.9060547	3.5877817	1.2221889	0.1008510	0.8781002	0.2282900	0.0000000	0.0000000
1584.9897793	1324.9930246	15399.9216309	3.5779225	1.2018413	0.0763854	0.8785227	0.2329357	0.0000000	0.0000000
1579.9932605	1324.9930246	15394.9417773	3.5680634	1.1814937	0.0535922	0.8570922	0.2300165	0.0000000	0.0000000
1574.9903821	1324.9930246	15389.9733496	3.5582042	1.1614797	0.0438519	0.8595634	0.2256421	0.0000000	0.0000000
1569.9935429	1324.9930246	15384.7683301	3.5483451	1.1411321	0.0360050	0.8495222	0.2282610	0.0000000	0.0000000
1564.9910956	1324.9930246	15379.7999023	3.5384859	1.1211181	0.0289606	0.8213864	0.2306071	0.0000000	0.0000000
1559.9998645	1324.9930246	15374.8314746	3.5286268	1.1007705	0.0295908	0.7912349	0.2269302	0.0000000	0.0000000
1554.9972408	1324.9930246	15369.8720703	3.5187676	1.0807565	0.0294486	0.7779433	0.2255481	0.0000000	0.0000000
1549.9908346	1324.9930246	15364.9194336	3.5089085	1.0604090	0.0388523	0.7585488	0.2218844	0.0000000	0.0000000
1544.9998486	1324.9930246	15359.9667969	3.4990493	1.0400614	0.0627206	0.7537695	0.2261414	0.0000000	0.0000000
1539.9918854	1324.9930246	15354.7783203	3.4891901	1.0200474	0.1181023	0.7511465	0.2305732	0.0000000	0.0000000
1534.9898781	1324.9930246	15349.8256836	3.4793310	0.9996998	0.1739391	0.7514632	0.2263453	0.0000000	0.0000000
1529.9946542	1324.9930246	15344.8864062	3.4694718	0.9796858	0.2253370	0.7573748	0.2323201	0.0000000	0.0000000
1525.0057058	1324.9930246	15339.9493555	3.4596127	0.9593382	0.3246989	0.7316835	0.2279272	0.0000000	0.0000000
1519.9916865	1324.9930246	15334.7772070	3.4497535	0.9389906	0.4059506	0.7122383	0.2268309	0.0000000	0.0000000
1514.9965539	1324.9930246	15329.8401562	3.4398944	0.9189766	0.4599528	0.7226604	0.2197140	0.0000000	0.0000000
1509.9948860	1324.9930246	15324.9053613	3.4300352	0.8986290	0.4346406	0.7202577	0.2323156	0.0000000	0.0000000
1504.9991342	1324.9930246	15319.9841016	3.4201761	0.8786150	0.3317502	0.7124042	0.2261519	0.0000000	0.0000000
1499.9935148	1324.9930246	15314.8284961	3.4103169	0.8582675	0.2495688	0.7248898	0.2276244	0.0000000	0.0000000
1494.9945089	1324.9930246	15309.9072363	3.4004577	0.8379199	0.2109630	0.7211619	0.2319879	0.0000000	0.0000000
1489.9975133	1324.9930246	15304.9859766	3.3905986	0.8179059	0.1491305	0.7389198	0.2292595	0.0000000	0.0000000
1485.0010010	1324.9930246	15299.8376953	3.3807394	0.7975583	0.0934951	0.7270189	0.2335333	0.0000000	0.0000000
1479.9972092	1324.9930246	15294.9318164	3.3708803	0.7775443	0.0419656	0.7201810	0.2290815	0.0000000	0.0000000
1474.9938468	1324.9930246	15289.7923242	3.3610211	0.7571967	0.0547979	0.7009730	0.2273756	0.0000000	0.0000000
1470.0034186	1324.9930246	15284.8864453	3.3511620	0.7368491	0.0961567	0.6861065	0.2301245	0.0000000	0.0000000
1464.9996160	1324.9930246	15279.9805664	3.3413028	0.7168351	0.1200422	0.6751703	0.2348099	0.0000000	0.0000000
1460.0031723	1324.9930246	15274.8536914	3.3314437	0.6964875	0.1309271	0.6833126	0.2281545	0.0000000	0.0000000
1455.0066100	1324.9930246	15269.9633984	3.3215845	0.6764735	0.0853013	0.6751919	0.2319012	0.0000000	0.0000000
1449.9959945	1324.9930246	15264.8402344	3.3117254	0.6561260	0.0451429	0.6738737	0.2296809	0.0000000	0.0000000
1444.9966097	1324.9930246	15259.9499414	3.3018662	0.6361119	0.0280635	0.6600922	0.2272565	0.0000000	0.0000000
1439.9983277	1324.9930246	15254.8289746	3.2920070	0.6157644	0.0749043	0.6612123	0.2262081	0.0000000	0.0000000
1435.0050512	1324.9930246	15249.9540625	3.2821479	0.5954168	0.1846993	0.6508639	0.2242806	0.0000000	0.0000000
1429.9991600	1324.9930246	15244.8470117	3.2722887	0.5754028	0.2597889	0.6357869	0.2219572	0.0000000	0.0000000
1424.9928269	1324.9930246	15239.9720996	3.2624296	0.5550552	0.2869832	0.6186532	0.2302588	0.0000000	0.0000000
1420.0059019	1324.9930246	15234.8650488	3.2525704	0.5350412	0.2644532	0.6119277	0.2280479	0.0000000	0.0000000
1414.9937701	1324.9930246	15229.9973633	3.2427113	0.5146936	0.2071478	0.6090974	0.2285930	0.0000000	0.0000000
1409.9936575	1324.9930246	15224.9062109	3.2328521	0.4943460	0.1562371	0.5871050	0.2215752	0.0000000	0.0000000
1405.0002814	1324.9930246	15219.8150586	3.2229930	0.4743320	0.1298457	0.5817096	0.2220851	0.0000000	0.0000000
1399.9876626	1324.9930246	15214.9553223	3.2131338	0.4539845	0.0938384	0.5696386	0.2303610	0.0000000	0.0000000
1394.9969913	1324.9930246	15209.8641699	3.2032746	0.4339704	0.0622400	0.5682728	0.2305140	0.0000000	0.0000000
1389.9916327	1324.9930246	15204.7869336	3.1934155	0.4136229	0.0609739	0.5557125	0.2273142	0.0000000	0.0000000
1385.0053575	1324.9930246	15199.9425781	3.1835563	0.3932753	0.0659069	0.5394478	0.2236606	0.0000000	0.0000000
1379.9954919	1324.9930246	15194.8675391	3.1736972	0.3732613	0.0548739	0.5437074	0.2232603	0.0000000	0.0000000
1374.9977128	1324.9930246	15189.7925000	3.1638380	0.3529137	0.0373160	0.5379729	0.2230616	0.0000000	0.0000000
1369.9938149	1324.9930246	15184.9517090	3.1539789	0.3328997	0.0449026	0.5164965	0.2260753	0.0000000	0.0000000
1364.9893972	1324.9930246	15179.8923535	3.1441197	0.3125521	0.0793600	0.4911534	0.2330770	0.0000000	0.0000000
1360.0037170	1324.9930246	15174.8329980	3.1342606	0.2922045	0.1514227	0.4851856	0.2256470	0.0000000	0.0000000
1354.9999390	1324.9930246	15169.7736426	3.1244014	0.2721905	0.2037423	0.4664500	0.2267151	0.0000000	0.0000000
1349.9905185	1324.9930246	15164.9442578	3.1145423	0.2518430	0.2248613	0.4594022	0.2283218	0.0000000	0.0000000
1344.9967843	1324.9930246	15159.8950195	3.1046831	0.2318289	0.1802009	0.4374771	0.2294821	0.0000000	0.0000000
1340.0058595	1324.9930246	15154.8515625	3.0948239	0.2114814	0.1402605	0.4365822	0.2299232	0.0000000	0.0000000
1334.9945685	1324.9930246	15149.8081055	3.0849648	0.1914674	0.1720245	0.4110607	0.2291267	0.0000000	0.0000000
1330.0043482	1324.9930246	15144.9938965	3.0751056	0.1711198	0.2119001	0.4121160	0.2241304	0.0000000	0.0000000
1325.0067276	1324.9930246	15139.9511523	3.0652465	0.1507722	0.2339152	0.3869755	0.2281954	0.0000000	0.0000000
1320.0022339	1324.9930246	15134.9233789	3.0553873	0.1307582	0.1924114	0.3653490	0.2248267	0.0000000	0.0000000
1315.0052073	1324.9930246	15129.8956055	3.0455282	0.1104106	0.1311074	0.3566513	0.2284882	0.0000000	0.0000000
1310.0006648	1324.9930246	15124.8678320	3.0356690	0.0903966	0.1109650	0.3405806	0.2304554	0.0000000	0.0000000
1305.0029693	1324.9930246	15119.8400586	3.0258099	0.0700490	0.1092699	0.3208162	0.2331980	0.0000000	0.0000000
1300.0059589	1324.9930246	15114.8202344	3.0159507	0.0497015	0.0889744	0.3081126	0.2311333	0.0000000	0.0000000
1295.0063540	1324.9930246	15109.8083594	3.0060915	0.0296874	0.0864438	0.2894064	0.2297046	0.0000000	0.0000000
1290.0126310	1324.9930246	15104.7964844	2.9962324	0.0093399	0.0896301	0.2630541	0.2305901	0.0000000	0.0000000
1285.0068833	1324.9930246	15099.7846094	2.9863732	-0.0106741	0.0967621	0.2595100	0.2354674	0.0000000	0.0000000
1280.0085301	1324.9930246	15094.7727344	2.9765141	-0.0310217	0.1021042	0.2376597	0.2230503	0.0000000	0.0000000
1275.0093966	1324.9930246	15089.7762402	2.9666549	-0.0513693	0.1954197	0.2177002	0.2332921	0.0000000	0.0000000
1270.0009934	1324.9930246	15084.7804785	2.9567958	-0.0713833	0.3021835	0.1996783	0.2296606	0.0000000	0.0000000
1265.0031208	1324.9930246	15079.7847168	2.9469366	-0.0917309	0.3637339	0.1926816	0.2280474	0.0000000	0.0000000
1260.0129909	1324.9930246	15074.7889551	2.9370775	-0.1117449	0.2867689	0.1729271	0.2247700	0.0000000	0.0000000
1255.0147454	1324.9930246	15069.7997852	2.9272183	-0.1320925	0.2184816	0.1719177	0.2233665	0.0000000	0.0000000
1250.0237205	1324.9930246	15064.8201367	2.9173592	-0.1524400	0.1279407	0.1575618	0.2251666	0.0000000	0.0000000
