1599.9954356	1564.9971518	15654.8409766	2.8156376	0.5183629	0.0349265	0.8112741	0.4130051	0.0000000	1565.0000000
1594.9925208	1564.9971518	15649.9380469	2.8056408	0.4983488	0.0505266	0.8745382	0.4114834	0.0000000	0.0000000
1590.0036367	1564.9971518	15644.7899707	2.7957817	0.4780013	0.0586074	0.8647588	0.4254598	0.0000000	0.0000000
1584.9953866	1564.9971518	15639.8870410	2.7859225	0.4579873	0.0590400	0.8630906	0.4326488	0.0000000	0.0000000
1579.9988693	1564.9971518	15634.9912305	2.7760634	0.4376397	0.0655432	0.8719535	0.4241470	0.0000000	0.0000000
1574.9903821	1564.9971518	15629.8597656	2.7662042	0.4172921	0.0679744	0.8259767	0.4305482	0.0000000	0.0000000
1569.9935429	1564.9971518	15624.9726562	2.7563451	0.3972781	0.0697605	0.8346810	0.4248424	0.0000000	0.0000000
1564.9910956	1564.9971518	15619.8411914	2.7464859	0.3769305	0.0649609	0.7973765	0.4306412	0.0000000	0.0000000
1559.9998645	1564.9971518	15614.9540820	2.7366268	0.3569165	0.0571650	0.7559662	0.4324298	0.0000000	0.0000000
1554.9972408	1564.9971518	15609.8322266	2.7267676	0.3365689	0.0567452	0.7550983	0.4288624	0.0000000	0.0000000
1549.9908346	1564.9971518	15604.9611328	2.7169085	0.3162214	0.0587433	0.7424378	0.4364730	0.0000000	0.0000000
1545.0061240	1564.9971518	15599.8464844	2.7070493	0.2962073	0.0618002	0.7387328	0.4368490	0.0000000	0.0000000
1539.9981617	1564.9971518	15594.9753906	2.6971901	0.2758598	0.0707853	0.7257561	0.4297666	0.0000000	0.0000000
1534.9898781	1564.9971518	15589.8607422	2.6873310	0.2558458	0.0720210	0.7310115	0.4199877	0.0000000	0.0000000
1529.9946542	1564.9971518	15584.7578125	2.6774718	0.2354982	0.0888359	0.7373661	0.4146406	0.0000000	0.0000000
1525.0057058	1564.9971518	15579.9023437	2.6676127	0.2154842	0.0951124	0.7223828	0.4265432	0.0000000	0.0000000
1519.9916865	1564.9971518	15574.8041016	2.6577535	0.1951366	0.0924410	0.7150962	0.4245659	0.0000000	0.0000000
1514.9965539	1564.9971518	15569.9486328	2.6478944	0.1747890	0.0925260	0.6947048	0.4229984	0.0000000	0.0000000
1510.0011622	1564.9971518	15564.8503906	2.6380352	0.1547750	0.0652053	0.7018932	0.4211914	0.0000000	0.0000000
1504.9991342	1564.9971518	15559.7663867	2.6281761	0.1344274	0.0366965	0.7093671	0.4221454	0.0000000	0.0000000
1499.9935148	1564.9971518	15554.9267383	2.6183169	0.1144134	0.0211960	0.7173568	0.4240004	0.0000000	0.0000000
1495.0012710	1564.9971518	15549.8451074	2.6084577	0.0940658	0.0163224	0.7136542	0.4313361	0.0000000	0.0000000
1489.9975133	1564.9971518	15544.7634766	2.5985986	0.0737183	0.0192238	0.7249288	0.4281027	0.0000000	0.0000000
1485.0010010	1564.9971518	15539.9238281	2.5887394	0.0537043	0.0195013	0.7217283	0.4299877	0.0000000	0.0000000
1480.0039702	1564.9971518	15534.8586035	2.5788803	0.0333567	0.0186234	0.6864238	0.4343079	0.0000000	0.0000000
1475.0006089	1564.9971518	15529.7933789	2.5690211	0.0133427	0.0155116	0.6895747	0.4272806	0.0000000	0.0000000
1470.0101807	1564.9971518	15524.9693555	2.5591620	-0.0070049	0.0140144	0.6694934	0.4309893	0.0000000	0.0000000
1464.9996160	1564.9971518	15519.9041309	2.5493028	-0.0273525	0.0177278	0.6665958	0.4256264	0.0000000	0.0000000
1460.0031723	1564.9971518	15514.8420312	2.5394437	-0.0473665	0.0253783	0.6681994	0.4278265	0.0000000	0.0000000
1455.0066100	1564.9971518	15509.7932129	2.5295845	-0.0677141	0.0229858	0.6330042	0.4321910	0.0000000	0.0000000
1449.9959945	1564.9971518	15504.9848145	2.5197254	-0.0877281	0.0245679	0.6553562	0.4271504	0.0000000	0.0000000
1444.9966097	1564.9971518	15499.9359961	2.5098662	-0.1080757	0.0222357	0.6450310	0.4321560	0.0000000	0.0000000
1439.9983277	1564.9971518	15494.8871777	2.5000070	-0.1284232	0.0188923	0.6344767	0.4302050	0.0000000	0.0000000
1435.0050512	1564.9971518	15489.8445312	2.4901479	-0.1484372	0.0188488	0.6406814	0.4272514	0.0000000	0.0000000
1429.9991600	1564.9971518	15484.8119141	2.4802887	-0.1687848	0.0171648	0.6127754	0.4332294	0.0000000	0.0000000
1424.9928269	1564.9971518	15479.7792969	2.4704296	-0.1887988	0.0130081	0.6084690	0.4256577	0.0000000	0.0000000
1420.0059019	1564.9971518	15474.9863281	2.4605704	-0.2091464	0.0136381	0.5986489	0.4289815	0.0000000	0.0000000
1414.9937701	1564.9971518	15469.9537109	2.4507113	-0.2291604	0.0134326	0.5838392	0.4353989	0.0000000	0.0000000
1409.9999070	1564.9971518	15464.9302344	2.4408521	-0.2495080	0.0190991	0.5781914	0.4327775	0.0000000	0.0000000
1405.0002814	1564.9971518	15459.9136133	2.4309930	-0.2698556	0.0168856	0.5684929	0.4322980	0.0000000	0.0000000
1399.9939120	1564.9971518	15454.8969922	2.4211338	-0.2898696	0.0167491	0.5603254	0.4284531	0.0000000	0.0000000
1395.0031046	1564.9971518	15449.8803711	2.4112746	-0.3102172	0.0149456	0.5657282	0.4305161	0.0000000	0.0000000
1389.9916327	1564.9971518	15444.8637500	2.4014155	-0.3302312	0.0122367	0.5470685	0.4300603	0.0000000	0.0000000
1385.0053575	1564.9971518	15439.8602441	2.3915563	-0.3505787	0.0116191	0.5473684	0.4239197	0.0000000	0.0000000
1380.0015352	1564.9971518	15434.8598242	2.3816972	-0.3709263	0.0124235	0.5359478	0.4234370	0.0000000	0.0000000
1374.9977128	1564.9971518	15429.8594043	2.3718380	-0.3909403	0.0118273	0.5300620	0.4243867	0.0000000	0.0000000
1369.9998590	1564.9971518	15424.8589844	2.3619789	-0.4112879	0.0133643	0.5161281	0.4312422	0.0000000	0.0000000
1364.9954405	1564.9971518	15419.8593262	2.3521197	-0.4313019	0.0166536	0.4962844	0.4360859	0.0000000	0.0000000
1360.0158033	1564.9971518	15414.8749023	2.3422606	-0.4516495	0.0164913	0.4851187	0.4219572	0.0000000	0.0000000
1354.9999390	1564.9971518	15409.8904785	2.3324014	-0.4719971	0.0233704	0.4693956	0.4226095	0.0000000	0.0000000
1349.9905185	1564.9971518	15404.9060547	2.3225423	-0.4920111	0.0263274	0.4530472	0.4204784	0.0000000	0.0000000
1345.0035932	1564.9971518	15399.9216309	2.3126831	-0.5123587	0.0244844	0.4323810	0.4425380	0.0000000	0.0000000
1340.0058595	1564.9971518	15394.9417773	2.3028239	-0.5323727	0.0252731	0.4294408	0.4273892	0.0000000	0.0000000
1334.9945685	1564.9971518	15389.9733496	2.2929648	-0.5527202	0.0178671	0.4067424	0.4271282	0.0000000	0.0000000
1330.0043482	1564.9971518	15384.7683301	2.2831056	-0.5730678	0.0151007	0.3901183	0.4210673	0.0000000	0.0000000
1325.0067276	1564.9971518	15379.7999023	2.2732465	-0.5930818	0.0120630	0.3799100	0.4244988	0.0000000	0.0000000
1320.0090417	1564.9971518	15374.8314746	2.2633873	-0.6134294	0.0137229	0.3535602	0.4328591	0.0000000	0.0000000
1314.9983984	1564.9971518	15369.8720703	2.2535282	-0.6334434	0.0165475	0.3298572	0.4245579	0.0000000	0.0000000
1309.9938559	1564.9971518	15364.9194336	2.2436690	-0.6537910	0.0169109	0.3178950	0.4282315	0.0000000	0.0000000
1305.0029693	1564.9971518	15359.9667969	2.2338099	-0.6738050	0.0195907	0.3115859	0.4165154	0.0000000	0.0000000
1300.0059589	1564.9971518	15354.7783203	2.2239507	-0.6941526	0.0170975	0.2972937	0.4173202	0.0000000	0.0000000
1295.0063540	1564.9971518	15349.8256836	2.2140915	-0.7145002	0.0161410	0.2693859	0.4260250	0.0000000	0.0000000
1290.0126310	1564.9971518	15344.8864062	2.2042324	-0.7345142	0.0163668	0.2607953	0.4184004	0.0000000	0.0000000
1285.0068833	1564.9971518	15339.9493555	2.1943732	-0.7548617	0.0139064	0.2432225	0.4139024	0.0000000	0.0000000
1280.0011129	1564.9971518	15334.7772070	2.1845141	-0.7748757	0.0117698	0.2232151	0.4187975	0.0000000	0.0000000
1275.0093966	1564.9971518	15329.8401562	2.1746549	-0.7952233	0.0135242	0.2076403	0.4184921	0.0000000	0.0000000
1270.0009934	1564.9971518	15324.9053613	2.1647958	-0.8155709	0.0166669	0.1928978	0.4213981	0.0000000	0.0000000
1265.0031208	1564.9971518	15319.9841016	2.1549366	-0.8355849	0.0164087	0.1853875	0.4185700	0.0000000	0.0000000
1260.0129909	1564.9971518	15314.8284961	2.1450775	-0.8559325	0.0175874	0.1722318	0.4125637	0.0000000	0.0000000
1255.0147454	1564.9971518	15309.9072363	2.1352183	-0.8759465	0.0158328	0.1522418	0.4156587	0.0000000	0.0000000
1250.0237205	1564.9971518	15304.9859766	2.1253592	-0.8962941	0.0158781	0.1439823	0.4128700	0.0000000	0.0000000
