1599.9954356	1459.9995105	15549.8451074	3.1618800	0.8439241	0.0297953	0.7979538	0.3804779	0.0000000	1460.0000000
1594.9925208	1459.9995105	15544.7634766	3.1521408	0.8239101	0.0481892	0.8699882	0.3735951	0.0000000	0.0000000
1589.9980278	1459.9995105	15539.9238281	3.1422817	0.8035625	0.0468807	0.8682355	0.3768710	0.0000000	0.0000000
1584.9953866	1459.9995105	15534.8586035	3.1324225	0.7832149	0.0349525	0.8511232	0.3733101	0.0000000	0.0000000
1579.9932605	1459.9995105	15529.7933789	3.1225634	0.7632009	0.0275590	0.8621193	0.3706941	0.0000000	0.0000000
1574.9903821	1459.9995105	15524.9693555	3.1127042	0.7428533	0.0184135	0.8295963	0.3807349	0.0000000	0.0000000
1569.9935429	1459.9995105	15519.9041309	3.1028451	0.7228393	0.0200758	0.8009540	0.3810177	0.0000000	0.0000000
1564.9910956	1459.9995105	15514.8420312	3.0929859	0.7024917	0.0201934	0.7929204	0.3722078	0.0000000	0.0000000
1559.9998645	1459.9995105	15509.7932129	3.0831268	0.6821442	0.0295195	0.7602125	0.3700889	0.0000000	0.0000000
1554.9972408	1459.9995105	15504.9848145	3.0732676	0.6621302	0.0384073	0.7578192	0.3764349	0.0000000	0.0000000
1549.9908346	1459.9995105	15499.9359961	3.0634085	0.6417826	0.0397903	0.7458413	0.3709138	0.0000000	0.0000000
1544.9998486	1459.9995105	15494.8871777	3.0535493	0.6217686	0.0608540	0.7546007	0.3745697	0.0000000	0.0000000
1539.9918854	1459.9995105	15489.8445312	3.0436901	0.6014210	0.1082231	0.7271071	0.3760703	0.0000000	0.0000000
1534.9961535	1459.9995105	15484.8119141	3.0338310	0.5814070	0.1523641	0.7376970	0.3787360	0.0000000	0.0000000
1529.9946542	1459.9995105	15479.7792969	3.0239718	0.5610594	0.1973370	0.7328206	0.3712935	0.0000000	0.0000000
1525.0057058	1459.9995105	15474.9863281	3.0141127	0.5407118	0.2557795	0.7348261	0.3714796	0.0000000	0.0000000
1519.9916865	1459.9995105	15469.9537109	3.0042535	0.5206978	0.2618540	0.7107927	0.3740284	0.0000000	0.0000000
1514.9965539	1459.9995105	15464.9302344	2.9943944	0.5003502	0.2712872	0.6783721	0.3837576	0.0000000	0.0000000
1509.9948860	1459.9995105	15459.9136133	2.9845352	0.4803362	0.2444154	0.6891272	0.3847339	0.0000000	0.0000000
1504.9991342	1459.9995105	15454.8969922	2.9746761	0.4599887	0.1770433	0.6948551	0.3828098	0.0000000	0.0000000
1499.9935148	1459.9995105	15449.8803711	2.9648169	0.4396411	0.1447742	0.6831541	0.3714674	0.0000000	0.0000000
1494.9945089	1459.9995105	15444.8637500	2.9549577	0.4196271	0.1447173	0.6872030	0.3874088	0.0000000	0.0000000
1489.9975133	1459.9995105	15439.8602441	2.9450986	0.3992795	0.1255189	0.7211211	0.3770162	0.0000000	0.0000000
1485.0010010	1459.9995105	15434.8598242	2.9352394	0.3792655	0.0796046	0.7102157	0.3838460	0.0000000	0.0000000
1479.9972092	1459.9995105	15429.8594043	2.9253803	0.3589179	0.0531812	0.7181674	0.3768407	0.0000000	0.0000000
1475.0006089	1459.9995105	15424.8589844	2.9155211	0.3385703	0.0584252	0.6990081	0.3768804	0.0000000	0.0000000
1470.0034186	1459.9995105	15419.8593262	2.9056620	0.3185563	0.0936870	0.6845382	0.3733973	0.0000000	0.0000000
1464.9928549	1459.9995105	15414.8749023	2.8958028	0.2982087	0.1057275	0.6669248	0.3738638	0.0000000	0.0000000
1459.9964112	1459.9995105	15409.8904785	2.8859437	0.2781947	0.0879594	0.6650363	0.3727024	0.0000000	0.0000000
1455.0066100	1459.9995105	15404.9060547	2.8760845	0.2578472	0.0532642	0.6449523	0.3783284	0.0000000	0.0000000
1449.9892324	1459.9995105	15399.9216309	2.8662254	0.2374996	0.0337833	0.6652694	0.3723872	0.0000000	0.0000000
1444.9966097	1459.9995105	15394.9417773	2.8563662	0.2174856	0.0187286	0.6429406	0.3800969	0.0000000	0.0000000
1439.9983277	1459.9995105	15389.9733496	2.8465070	0.1971380	0.0429688	0.6313395	0.3811652	0.0000000	0.0000000
1435.0050512	1459.9995105	15384.7683301	2.8366479	0.1771240	0.1044949	0.6236008	0.3766720	0.0000000	0.0000000
1429.9929097	1459.9995105	15379.7999023	2.8267887	0.1567764	0.1702697	0.6203748	0.3737056	0.0000000	0.0000000
1424.9928269	1459.9995105	15374.8314746	2.8169296	0.1367624	0.1673682	0.6210502	0.3799288	0.0000000	0.0000000
1420.0059019	1459.9995105	15369.8720703	2.8070704	0.1164148	0.1612312	0.5966360	0.3751118	0.0000000	0.0000000
1414.9875199	1459.9995105	15364.9194336	2.7972113	0.0960672	0.1196724	0.5835387	0.3732144	0.0000000	0.0000000
1409.9936575	1459.9995105	15359.9667969	2.7873521	0.0760532	0.1020885	0.5735761	0.3728988	0.0000000	0.0000000
1404.9940311	1459.9995105	15354.7783203	2.7774930	0.0557057	0.0784703	0.5698130	0.3706901	0.0000000	0.0000000
1399.9876626	1459.9995105	15349.8256836	2.7676338	0.0356917	0.0737679	0.5553978	0.3759840	0.0000000	0.0000000
1394.9969913	1459.9995105	15344.8864062	2.7577746	0.0153441	0.0574706	0.5554692	0.3655831	0.0000000	0.0000000
1389.9916327	1459.9995105	15339.9493555	2.7479155	-0.0050035	0.0549172	0.5388857	0.3654865	0.0000000	0.0000000
1385.0053575	1459.9995105	15334.7772070	2.7380563	-0.0250175	0.0490466	0.5358764	0.3732820	0.0000000	0.0000000
1379.9954919	1459.9995105	15329.8401562	2.7281972	-0.0453651	0.0448594	0.5213831	0.3739835	0.0000000	0.0000000
1374.9977128	1459.9995105	15324.9053613	2.7183380	-0.0653791	0.0292852	0.5185464	0.3671633	0.0000000	0.0000000
1369.9938149	1459.9995105	15319.9841016	2.7084789	-0.0857267	0.0309386	0.5015631	0.3721807	0.0000000	0.0000000
1364.9893972	1459.9995105	15314.8284961	2.6986197	-0.1060743	0.0598694	0.4954086	0.3702858	0.0000000	0.0000000
1360.0037170	1459.9995105	15309.9072363	2.6887606	-0.1260883	0.1072454	0.4742391	0.3712992	0.0000000	0.0000000
1354.9999390	1459.9995105	15304.9859766	2.6789014	-0.1464358	0.1265126	0.4613179	0.3732932	0.0000000	0.0000000
1349.9905185	1459.9995105	15299.8376953	2.6690423	-0.1664498	0.1281461	0.4397741	0.3772293	0.0000000	0.0000000
1344.9967843	1459.9995105	15294.9318164	2.6591831	-0.1867974	0.1053762	0.4400474	0.3804850	0.0000000	0.0000000
1340.0058595	1459.9995105	15289.7923242	2.6493239	-0.2071450	0.0873199	0.4277124	0.3778157	0.0000000	0.0000000
1334.9945685	1459.9995105	15284.8864453	2.6394648	-0.2271590	0.0956456	0.3996000	0.3836019	0.0000000	0.0000000
1330.0043482	1459.9995105	15279.9805664	2.6296056	-0.2475066	0.1218877	0.3906362	0.3751657	0.0000000	0.0000000
1324.9999187	1459.9995105	15274.8536914	2.6197465	-0.2675206	0.1389344	0.3665549	0.3769351	0.0000000	0.0000000
1320.0022339	1459.9995105	15269.9633984	2.6098873	-0.2878682	0.1244653	0.3599419	0.3739321	0.0000000	0.0000000
1314.9983984	1459.9995105	15264.8402344	2.6000282	-0.3078822	0.0792111	0.3338955	0.3798685	0.0000000	0.0000000
1309.9938559	1459.9995105	15259.9499414	2.5901690	-0.3282298	0.0623779	0.3230989	0.3697262	0.0000000	0.0000000
1305.0029693	1459.9995105	15254.8289746	2.5803099	-0.3485773	0.0544816	0.3121461	0.3696094	0.0000000	0.0000000
1300.0059589	1459.9995105	15249.9540625	2.5704507	-0.3685913	0.0456002	0.2911263	0.3736702	0.0000000	0.0000000
1294.9989791	1459.9995105	15244.8470117	2.5605915	-0.3889389	0.0571382	0.2758458	0.3771170	0.0000000	0.0000000
1290.0052150	1459.9995105	15239.9720996	2.5507324	-0.4089529	0.0617438	0.2609490	0.3704348	0.0000000	0.0000000
1285.0068833	1459.9995105	15234.8650488	2.5408732	-0.4293005	0.0565690	0.2475822	0.3776215	0.0000000	0.0000000
1280.0011129	1459.9995105	15229.9973633	2.5310141	-0.4496481	0.0683800	0.2262179	0.3718412	0.0000000	0.0000000
1275.0019807	1459.9995105	15224.9062109	2.5211549	-0.4696621	0.1072780	0.2102490	0.3737499	0.0000000	0.0000000
1270.0009934	1459.9995105	15219.8150586	2.5112958	-0.4900097	0.1725804	0.1904679	0.3720689	0.0000000	0.0000000
1264.9950068	1459.9995105	15214.9553223	2.5014366	-0.5100237	0.2071370	0.1758739	0.3804850	0.0000000	0.0000000
1260.0048768	1459.9995105	15209.8641699	2.4915775	-0.5303713	0.1659368	0.1640173	0.3758766	0.0000000	0.0000000
1255.0147454	1459.9995105	15204.7869336	2.4817183	-0.5507188	0.1157266	0.1456603	0.3750938	0.0000000	0.0000000
1250.0156050	1459.9995105	15199.9425781	2.4718592	-0.5707328	0.0714760	0.1381144	0.3827604	0.0000000	0.0000000
