1599.9954356	1364.9984599	15454.8969922	3.4754328	1.1384636	0.0326293	0.8036885	0.2687304	0.0000000	1365.0000000
1594.9925208	1364.9984599	15449.8803711	3.4656408	1.1184496	0.0373179	0.8719450	0.2693494	0.0000000	0.0000000
1589.9980278	1364.9984599	15444.8637500	3.4557817	1.0981020	0.0349845	0.8598977	0.2709959	0.0000000	0.0000000
1584.9897793	1364.9984599	15439.8602441	3.4459225	1.0777544	0.0375723	0.8879830	0.2688678	0.0000000	0.0000000
1579.9932605	1364.9984599	15434.8598242	3.4360634	1.0577404	0.0393646	0.8668574	0.2748988	0.0000000	0.0000000
1574.9903821	1364.9984599	15429.8594043	3.4262042	1.0373928	0.0326404	0.8371228	0.2783501	0.0000000	0.0000000
1569.9879348	1364.9984599	15424.8589844	3.4163451	1.0173788	0.0227380	0.8130336	0.2761650	0.0000000	0.0000000
1564.9854875	1364.9984599	15419.8593262	3.4064859	0.9970313	0.0266907	0.7976225	0.2706139	0.0000000	0.0000000
1559.9942564	1364.9984599	15414.8749023	3.3966268	0.9766837	0.0275093	0.7656852	0.2688574	0.0000000	0.0000000
1554.9916320	1364.9984599	15409.8904785	3.3867676	0.9566697	0.0372256	0.7615820	0.2718075	0.0000000	0.0000000
1549.9908346	1364.9984599	15404.9060547	3.3769085	0.9363221	0.0517531	0.7612737	0.2676553	0.0000000	0.0000000
1544.9998486	1364.9984599	15399.9216309	3.3670493	0.9163081	0.0592120	0.7381721	0.2724808	0.0000000	0.0000000
1539.9918854	1364.9984599	15394.9417773	3.3571901	0.8959605	0.0988663	0.7394320	0.2723076	0.0000000	0.0000000
1534.9898781	1364.9984599	15389.9733496	3.3473310	0.8756129	0.1500129	0.7364256	0.2770658	0.0000000	0.0000000
1529.9946542	1364.9984599	15384.7683301	3.3374718	0.8555989	0.1964193	0.7369835	0.2715847	0.0000000	0.0000000
1524.9994304	1364.9984599	15379.7999023	3.3276127	0.8352513	0.2815215	0.7131850	0.2778281	0.0000000	0.0000000
1519.9854112	1364.9984599	15374.8314746	3.3177535	0.8152373	0.3037329	0.7046145	0.2733488	0.0000000	0.0000000
1514.9902785	1364.9984599	15369.8720703	3.3078944	0.7948898	0.3256652	0.7070462	0.2710950	0.0000000	0.0000000
1509.9948860	1364.9984599	15364.9194336	3.2980352	0.7745422	0.3054409	0.6998460	0.2693095	0.0000000	0.0000000
1504.9865834	1364.9984599	15359.9667969	3.2881761	0.7545282	0.2223130	0.6983663	0.2708931	0.0000000	0.0000000
1499.9935148	1364.9984599	15354.7783203	3.2783169	0.7341806	0.1628953	0.7025783	0.2718118	0.0000000	0.0000000
1494.9877468	1364.9984599	15349.8256836	3.2684577	0.7141666	0.1373463	0.7200375	0.2686560	0.0000000	0.0000000
1489.9907524	1364.9984599	15344.8864062	3.2585986	0.6938190	0.1013304	0.7242720	0.2664047	0.0000000	0.0000000
1485.0010010	1364.9984599	15339.9493555	3.2487394	0.6738050	0.0620013	0.7185684	0.2658306	0.0000000	0.0000000
1479.9904481	1364.9984599	15334.7772070	3.2388803	0.6534574	0.0377966	0.7146364	0.2689221	0.0000000	0.0000000
1474.9870847	1364.9984599	15329.8401562	3.2290211	0.6331098	0.0403824	0.6941944	0.2672266	0.0000000	0.0000000
1469.9966565	1364.9984599	15324.9053613	3.2191620	0.6130958	0.0749454	0.6938384	0.2694089	0.0000000	0.0000000
1464.9928549	1364.9984599	15319.9841016	3.2093028	0.5927483	0.1040743	0.6787888	0.2706003	0.0000000	0.0000000
1459.9896501	1364.9984599	15314.8284961	3.1994437	0.5727342	0.1058406	0.6896604	0.2695010	0.0000000	0.0000000
1454.9998480	1364.9984599	15309.9072363	3.1895845	0.5523867	0.0634600	0.6682515	0.2701348	0.0000000	0.0000000
1449.9892324	1364.9984599	15304.9859766	3.1797254	0.5320391	0.0324220	0.6641543	0.2637311	0.0000000	0.0000000
1444.9900742	1364.9984599	15299.8376953	3.1698662	0.5120251	0.0146281	0.6591702	0.2656561	0.0000000	0.0000000
1439.9920783	1364.9984599	15294.9318164	3.1600070	0.4916775	0.0346511	0.6478012	0.2616359	0.0000000	0.0000000
1434.9988018	1364.9984599	15289.7923242	3.1501479	0.4716635	0.0902974	0.6245286	0.2660338	0.0000000	0.0000000
1429.9929097	1364.9984599	15284.8864453	3.1402887	0.4513159	0.1568342	0.6197799	0.2633951	0.0000000	0.0000000
1424.9928269	1364.9984599	15279.9805664	3.1304296	0.4309683	0.1626086	0.6011836	0.2630746	0.0000000	0.0000000
1419.9996525	1364.9984599	15274.8536914	3.1205704	0.4109543	0.1587084	0.5871314	0.2700931	0.0000000	0.0000000
1414.9812696	1364.9984599	15269.9633984	3.1107113	0.3906068	0.1224250	0.5975659	0.2578197	0.0000000	0.0000000
1409.9936575	1364.9984599	15264.8402344	3.1008521	0.3705927	0.1005729	0.5868153	0.2658003	0.0000000	0.0000000
1404.9940311	1364.9984599	15259.9499414	3.0909930	0.3502452	0.0804463	0.5666972	0.2657137	0.0000000	0.0000000
1399.9814132	1364.9984599	15254.8289746	3.0811338	0.3298976	0.0632134	0.5627383	0.2621143	0.0000000	0.0000000
1394.9908780	1364.9984599	15249.9540625	3.0712746	0.3098836	0.0495687	0.5438192	0.2631549	0.0000000	0.0000000
1389.9855886	1364.9984599	15244.8470117	3.0614155	0.2895360	0.0455848	0.5482910	0.2641595	0.0000000	0.0000000
1384.9993143	1364.9984599	15239.9720996	3.0515563	0.2695220	0.0424048	0.5428048	0.2700062	0.0000000	0.0000000
1379.9894486	1364.9984599	15234.8650488	3.0416972	0.2491744	0.0311112	0.5304548	0.2683890	0.0000000	0.0000000
1374.9977128	1364.9984599	15229.9973633	3.0318380	0.2288268	0.0230714	0.5274235	0.2637111	0.0000000	0.0000000
1369.9938149	1364.9984599	15224.9062109	3.0219789	0.2088128	0.0295643	0.5302496	0.2614044	0.0000000	0.0000000
1364.9893972	1364.9984599	15219.8150586	3.0121197	0.1884653	0.0576223	0.4890339	0.2653059	0.0000000	0.0000000
1359.9976739	1364.9984599	15214.9553223	3.0022606	0.1684512	0.1056410	0.4814575	0.2680619	0.0000000	0.0000000
1354.9999390	1364.9984599	15209.8641699	2.9924014	0.1481037	0.1298613	0.4723363	0.2663063	0.0000000	0.0000000
1349.9905185	1364.9984599	15204.7869336	2.9825423	0.1280897	0.1387882	0.4533671	0.2665078	0.0000000	0.0000000
1344.9899754	1364.9984599	15199.9425781	2.9726831	0.1077421	0.1143801	0.4402296	0.2616860	0.0000000	0.0000000
1340.0058595	1364.9984599	15194.8675391	2.9628239	0.0873945	0.0990059	0.4324118	0.2598341	0.0000000	0.0000000
1334.9877606	1364.9984599	15189.7925000	2.9529648	0.0673805	0.1153329	0.4230637	0.2629117	0.0000000	0.0000000
1329.9975394	1364.9984599	15184.9517090	2.9431056	0.0470329	0.1278370	0.4083657	0.2613991	0.0000000	0.0000000
1324.9999187	1364.9984599	15179.8923535	2.9332465	0.0270189	0.1448129	0.3857712	0.2605143	0.0000000	0.0000000
1320.0022339	1364.9984599	15174.8329980	2.9233873	0.0066713	0.1317284	0.3664696	0.2684104	0.0000000	0.0000000
1314.9915895	1364.9984599	15169.7736426	2.9135282	-0.0136762	0.0833501	0.3417142	0.2628275	0.0000000	0.0000000
1309.9938559	1364.9984599	15164.9442578	2.9036690	-0.0336902	0.0698081	0.3300105	0.2661240	0.0000000	0.0000000
1304.9961614	1364.9984599	15159.8950195	2.8938099	-0.0540378	0.0634982	0.3155045	0.2650615	0.0000000	0.0000000
1299.9991501	1364.9984599	15154.8515625	2.8839507	-0.0740518	0.0628177	0.3035647	0.2662179	0.0000000	0.0000000
1294.9989791	1364.9984599	15149.8081055	2.8740915	-0.0943994	0.0632789	0.2774324	0.2651007	0.0000000	0.0000000
1290.0052150	1364.9984599	15144.9938965	2.8642324	-0.1147470	0.0705857	0.2662141	0.2695969	0.0000000	0.0000000
1284.9994674	1364.9984599	15139.9511523	2.8543732	-0.1347610	0.0747921	0.2573997	0.2655994	0.0000000	0.0000000
1280.0011129	1364.9984599	15134.9233789	2.8445141	-0.1551086	0.0851351	0.2359027	0.2667116	0.0000000	0.0000000
1275.0019807	1364.9984599	15129.8956055	2.8346549	-0.1751226	0.1215452	0.2128612	0.2686376	0.0000000	0.0000000
1269.9933574	1364.9984599	15124.8678320	2.8247958	-0.1954702	0.1989337	0.2070990	0.2675535	0.0000000	0.0000000
1264.9950068	1364.9984599	15119.8400586	2.8149366	-0.2158177	0.2216661	0.1912594	0.2621168	0.0000000	0.0000000
1260.0048768	1364.9984599	15114.8202344	2.8050775	-0.2358317	0.1903842	0.1774584	0.2662196	0.0000000	0.0000000
1255.0066299	1364.9984599	15109.8083594	2.7952183	-0.2561793	0.1436984	0.1700006	0.2687666	0.0000000	0.0000000
1250.0074895	1364.9984599	15104.7964844	2.7853592	-0.2761933	0.0872664	0.1579315	0.2686942	0.0000000	0.0000000
