1599.9894452	1504.9888994	15594.9753906	3.0134427	0.7044931	0.0537822	0.8217520	0.4095779	0.0000000	1505.0000000
1594.9984053	1504.9888994	15589.8607422	3.0036408	0.6841456	0.0301765	0.8676480	0.4153549	0.0000000	0.0000000
1590.0036367	1504.9888994	15584.7578125	2.9937817	0.6641316	0.0179089	0.8842272	0.4117970	0.0000000	0.0000000
1584.9953866	1504.9888994	15579.9023437	2.9839225	0.6437840	0.0175242	0.8800884	0.4080516	0.0000000	0.0000000
1580.0044781	1504.9888994	15574.8041016	2.9740634	0.6237700	0.0267378	0.8622625	0.4087501	0.0000000	0.0000000
1574.9959902	1504.9888994	15569.9486328	2.9642042	0.6034224	0.0376544	0.8594817	0.4073901	0.0000000	0.0000000
1569.9991510	1504.9888994	15564.8503906	2.9543451	0.5830748	0.0659249	0.8399912	0.4103098	0.0000000	0.0000000
1564.9910956	1504.9888994	15559.7663867	2.9444859	0.5630608	0.0906112	0.8112036	0.4055087	0.0000000	0.0000000
1559.9998645	1504.9888994	15554.9267383	2.9346268	0.5427132	0.1274608	0.7742818	0.4088922	0.0000000	0.0000000
1555.0028496	1504.9888994	15549.8451074	2.9247676	0.5226992	0.1704025	0.7802205	0.4119984	0.0000000	0.0000000
1549.9965481	1504.9888994	15544.7634766	2.9149085	0.5023516	0.1717076	0.7691278	0.4095988	0.0000000	0.0000000
1545.0061240	1504.9888994	15539.9238281	2.9050493	0.4823376	0.1455991	0.7504484	0.4089064	0.0000000	0.0000000
1539.9981617	1504.9888994	15534.8586035	2.8951901	0.4619901	0.1323602	0.7459174	0.4114126	0.0000000	0.0000000
1535.0024289	1504.9888994	15529.7933789	2.8853310	0.4416425	0.1512642	0.7507392	0.4073068	0.0000000	0.0000000
1529.9946542	1504.9888994	15524.9693555	2.8754718	0.4216285	0.1816190	0.7465678	0.4047128	0.0000000	0.0000000
1525.0057058	1504.9888994	15519.9041309	2.8656127	0.4012809	0.1873572	0.7427852	0.4007366	0.0000000	0.0000000
1520.0042370	1504.9888994	15514.8420312	2.8557535	0.3812669	0.2107479	0.7210708	0.4059631	0.0000000	0.0000000
1514.9965539	1504.9888994	15509.7932129	2.8458944	0.3609193	0.2489496	0.7184887	0.4065100	0.0000000	0.0000000
1510.0011622	1504.9888994	15504.9848145	2.8360352	0.3405717	0.2306997	0.7163711	0.4070215	0.0000000	0.0000000
1504.9991342	1504.9888994	15499.9359961	2.8261761	0.3205577	0.1599459	0.7098483	0.4125431	0.0000000	0.0000000
1499.9998464	1504.9888994	15494.8871777	2.8163169	0.3002101	0.1376754	0.7404008	0.4065433	0.0000000	0.0000000
1495.0012710	1504.9888994	15489.8445312	2.8064577	0.2801961	0.1214712	0.7370831	0.4052033	0.0000000	0.0000000
1489.9975133	1504.9888994	15484.8119141	2.7965986	0.2598486	0.1142299	0.7515720	0.4124935	0.0000000	0.0000000
1485.0077631	1504.9888994	15479.7792969	2.7867394	0.2395010	0.0799308	0.7388217	0.4045414	0.0000000	0.0000000
1480.0039702	1504.9888994	15474.9863281	2.7768803	0.2194870	0.0843945	0.7319254	0.4092666	0.0000000	0.0000000
1475.0006089	1504.9888994	15469.9537109	2.7670211	0.1991394	0.1393654	0.7141216	0.4074380	0.0000000	0.0000000
1470.0101807	1504.9888994	15464.9302344	2.7571620	0.1791254	0.2262689	0.6875681	0.4077163	0.0000000	0.0000000
1464.9996160	1504.9888994	15459.9136133	2.7473028	0.1587778	0.2726844	0.6811795	0.4075315	0.0000000	0.0000000
1460.0031723	1504.9888994	15454.8969922	2.7374437	0.1384302	0.2237429	0.6684949	0.4120267	0.0000000	0.0000000
1455.0133719	1504.9888994	15449.8803711	2.7275845	0.1184162	0.1241793	0.6844133	0.4117146	0.0000000	0.0000000
1449.9959945	1504.9888994	15444.8637500	2.7177254	0.0980686	0.0581624	0.6782075	0.4122780	0.0000000	0.0000000
1445.0031453	1504.9888994	15439.8602441	2.7078662	0.0780546	0.0541526	0.6722582	0.4093998	0.0000000	0.0000000
1440.0045771	1504.9888994	15434.8598242	2.6980070	0.0577071	0.1612811	0.6620906	0.4098379	0.0000000	0.0000000
1435.0050512	1504.9888994	15429.8594043	2.6881479	0.0376931	0.3474272	0.6555698	0.4118073	0.0000000	0.0000000
1429.9991600	1504.9888994	15424.8589844	2.6782887	0.0173455	0.4915616	0.6437263	0.4126172	0.0000000	0.0000000
1424.9990761	1504.9888994	15419.8593262	2.6684296	-0.0030021	0.5189619	0.6234024	0.4157130	0.0000000	0.0000000
1420.0059019	1504.9888994	15414.8749023	2.6585704	-0.0230161	0.4282250	0.6062994	0.4096434	0.0000000	0.0000000
1414.9937701	1504.9888994	15409.8904785	2.6487113	-0.0433637	0.3294143	0.6081152	0.4152288	0.0000000	0.0000000
1409.9999070	1504.9888994	15404.9060547	2.6388521	-0.0633777	0.2543550	0.5828897	0.4101798	0.0000000	0.0000000
1405.0065316	1504.9888994	15399.9216309	2.6289930	-0.0837253	0.2043557	0.5915364	0.4079244	0.0000000	0.0000000
1399.9939120	1504.9888994	15394.9417773	2.6191338	-0.1040729	0.1692035	0.5687612	0.4135819	0.0000000	0.0000000
1394.9969913	1504.9888994	15389.9733496	2.6092746	-0.1240869	0.1407211	0.5601149	0.4081807	0.0000000	0.0000000
1389.9976768	1504.9888994	15384.7683301	2.5994155	-0.1444344	0.1235778	0.5611412	0.4082869	0.0000000	0.0000000
1385.0053575	1504.9888994	15379.7999023	2.5895563	-0.1644484	0.1001895	0.5524601	0.4122216	0.0000000	0.0000000
1379.9954919	1504.9888994	15374.8314746	2.5796972	-0.1847960	0.0641608	0.5464587	0.4047477	0.0000000	0.0000000
1375.0037561	1504.9888994	15369.8720703	2.5698380	-0.2051436	0.0495902	0.5418309	0.4164031	0.0000000	0.0000000
1369.9998590	1504.9888994	15364.9194336	2.5599789	-0.2251576	0.0870343	0.5131940	0.4171679	0.0000000	0.0000000
1364.9954405	1504.9888994	15359.9667969	2.5501197	-0.2455052	0.2026143	0.4897264	0.4137888	0.0000000	0.0000000
1360.0097601	1504.9888994	15354.7783203	2.5402606	-0.2655192	0.3317306	0.4828989	0.4170193	0.0000000	0.0000000
1354.9999390	1504.9888994	15349.8256836	2.5304014	-0.2858668	0.3623793	0.4758248	0.4100524	0.0000000	0.0000000
1349.9905185	1504.9888994	15344.8864062	2.5205423	-0.3062144	0.3457534	0.4570968	0.4166126	0.0000000	0.0000000
1345.0035932	1504.9888994	15339.9493555	2.5106831	-0.3262284	0.2430582	0.4367052	0.4170294	0.0000000	0.0000000
1340.0126684	1504.9888994	15334.7772070	2.5008239	-0.3465759	0.2142521	0.4292988	0.4161593	0.0000000	0.0000000
1335.0013764	1504.9888994	15329.8401562	2.4909648	-0.3665899	0.3073993	0.4141244	0.4187551	0.0000000	0.0000000
1330.0043482	1504.9888994	15324.9053613	2.4811056	-0.3869375	0.4063829	0.4087739	0.4209037	0.0000000	0.0000000
1325.0135365	1504.9888994	15319.9841016	2.4712465	-0.4072851	0.3982839	0.3806897	0.4186782	0.0000000	0.0000000
1320.0090417	1504.9888994	15314.8284961	2.4613873	-0.4272991	0.3261292	0.3726079	0.4189932	0.0000000	0.0000000
1315.0052073	1504.9888994	15309.9072363	2.4515282	-0.4476467	0.1841171	0.3553709	0.4089376	0.0000000	0.0000000
1310.0006648	1504.9888994	15304.9859766	2.4416690	-0.4676607	0.1067061	0.3350198	0.4199122	0.0000000	0.0000000
1305.0097771	1504.9888994	15299.8376953	2.4318099	-0.4880083	0.0642057	0.3219714	0.4143881	0.0000000	0.0000000
1300.0127676	1504.9888994	15294.9318164	2.4219507	-0.5080223	0.0635382	0.3009725	0.4161041	0.0000000	0.0000000
1295.0063540	1504.9888994	15289.7923242	2.4120915	-0.5283699	0.0925770	0.2851582	0.4141141	0.0000000	0.0000000
1290.0052150	1504.9888994	15284.8864453	2.4022324	-0.5487174	0.1291345	0.2755364	0.4026993	0.0000000	0.0000000
1285.0142992	1504.9888994	15279.9805664	2.3923732	-0.5687314	0.1420760	0.2534408	0.4081799	0.0000000	0.0000000
1280.0085301	1504.9888994	15274.8536914	2.3825141	-0.5890790	0.2115282	0.2460845	0.4062388	0.0000000	0.0000000
1275.0093966	1504.9888994	15269.9633984	2.3726549	-0.6090930	0.3983058	0.2215217	0.4142424	0.0000000	0.0000000
1270.0009934	1504.9888994	15264.8402344	2.3627958	-0.6294406	0.5718605	0.2056733	0.4113308	0.0000000	0.0000000
1265.0112348	1504.9888994	15259.9499414	2.3529366	-0.6497882	0.5096995	0.1867029	0.4052448	0.0000000	0.0000000
1260.0129909	1504.9888994	15254.8289746	2.3430775	-0.6698022	0.4033978	0.1840945	0.4042441	0.0000000	0.0000000
1255.0147454	1504.9888994	15249.9540625	2.3332183	-0.6901498	0.2457256	0.1607229	0.4158423	0.0000000	0.0000000
1250.0237205	1504.9888994	15244.8470117	2.3233592	-0.7101638	0.1276556	0.1538386	0.4106502	0.0000000	0.0000000
