1599.9954356	1334.9874796	15424.8589844	3.5745022	1.2315287	0.0300271	0.8189794	0.2496091	0.0000000	1335.0000000
1594.9925208	1334.9874796	15419.8593262	3.5646408	1.2111812	0.0812875	0.8782592	0.2449631	0.0000000	0.0000000
1589.9980278	1334.9874796	15414.8749023	3.5547817	1.1911672	0.0902955	0.8818150	0.2453678	0.0000000	0.0000000
1584.9897793	1334.9874796	15409.8904785	3.5449225	1.1708196	0.0837855	0.8763497	0.2399806	0.0000000	0.0000000
1579.9932605	1334.9874796	15404.9060547	3.5350634	1.1508056	0.0643235	0.8472404	0.2468379	0.0000000	0.0000000
1574.9847739	1334.9874796	15399.9216309	3.5252042	1.1304580	0.0499965	0.8523728	0.2465817	0.0000000	0.0000000
1569.9935429	1334.9874796	15394.9417773	3.5153451	1.1101104	0.0400115	0.8401925	0.2393616	0.0000000	0.0000000
1564.9910956	1334.9874796	15389.9733496	3.5054859	1.0900964	0.0336224	0.7992974	0.2399876	0.0000000	0.0000000
1559.9998645	1334.9874796	15384.7683301	3.4956268	1.0697488	0.0353936	0.7863143	0.2431237	0.0000000	0.0000000
1554.9916320	1334.9874796	15379.7999023	3.4857676	1.0497348	0.0398229	0.7644646	0.2385690	0.0000000	0.0000000
1549.9908346	1334.9874796	15374.8314746	3.4759085	1.0293872	0.0623853	0.7687724	0.2416677	0.0000000	0.0000000
1544.9998486	1334.9874796	15369.8720703	3.4660493	1.0090397	0.0876353	0.7411947	0.2397595	0.0000000	0.0000000
1539.9918854	1334.9874796	15364.9194336	3.4561901	0.9890257	0.1344493	0.7430845	0.2396545	0.0000000	0.0000000
1534.9898781	1334.9874796	15359.9667969	3.4463310	0.9686781	0.2044194	0.7463468	0.2410902	0.0000000	0.0000000
1529.9946542	1334.9874796	15354.7783203	3.4364718	0.9486641	0.2718516	0.7547924	0.2434559	0.0000000	0.0000000
1524.9994304	1334.9874796	15349.8256836	3.4266127	0.9283165	0.3546368	0.7251206	0.2421003	0.0000000	0.0000000
1519.9916865	1334.9874796	15344.8864062	3.4167535	0.9079689	0.4296332	0.7179597	0.2400454	0.0000000	0.0000000
1514.9902785	1334.9874796	15339.9493555	3.4068944	0.8879549	0.4201576	0.7111338	0.2424605	0.0000000	0.0000000
1509.9948860	1334.9874796	15334.7772070	3.3970352	0.8676073	0.4347018	0.7089199	0.2444814	0.0000000	0.0000000
1504.9928588	1334.9874796	15329.8401562	3.3871761	0.8475933	0.3914644	0.7161030	0.2415785	0.0000000	0.0000000
1499.9935148	1334.9874796	15324.9053613	3.3773169	0.8272457	0.2802759	0.7117896	0.2383175	0.0000000	0.0000000
1494.9877468	1334.9874796	15319.9841016	3.3674577	0.8068982	0.2152507	0.7281181	0.2369659	0.0000000	0.0000000
1489.9975133	1334.9874796	15314.8284961	3.3575986	0.7868842	0.1600691	0.7254558	0.2366605	0.0000000	0.0000000
1485.0010010	1334.9874796	15309.9072363	3.3477394	0.7665366	0.1031421	0.7312996	0.2355729	0.0000000	0.0000000
1479.9972092	1334.9874796	15304.9859766	3.3378803	0.7465226	0.0460787	0.7245703	0.2403336	0.0000000	0.0000000
1474.9938468	1334.9874796	15299.8376953	3.3280211	0.7261750	0.0479037	0.7024780	0.2396741	0.0000000	0.0000000
1469.9966565	1334.9874796	15294.9318164	3.3181620	0.7061610	0.1095129	0.6856516	0.2442058	0.0000000	0.0000000
1464.9928549	1334.9874796	15289.7923242	3.3083028	0.6858134	0.1504376	0.6820253	0.2375300	0.0000000	0.0000000
1459.9964112	1334.9874796	15284.8864453	3.2984437	0.6654658	0.1339568	0.6767569	0.2366393	0.0000000	0.0000000
1455.0066100	1334.9874796	15279.9805664	3.2885845	0.6454518	0.0853243	0.6833057	0.2424763	0.0000000	0.0000000
1449.9892324	1334.9874796	15274.8536914	3.2787254	0.6251042	0.0506812	0.6831561	0.2455292	0.0000000	0.0000000
1444.9966097	1334.9874796	15269.9633984	3.2688662	0.6050902	0.0316638	0.6657660	0.2443485	0.0000000	0.0000000
1439.9983277	1334.9874796	15264.8402344	3.2590070	0.5847427	0.0686847	0.6572765	0.2445243	0.0000000	0.0000000
1435.0050512	1334.9874796	15259.9499414	3.2491479	0.5643951	0.1766581	0.6445175	0.2458744	0.0000000	0.0000000
1429.9929097	1334.9874796	15254.8289746	3.2392887	0.5443811	0.2839531	0.6430224	0.2448848	0.0000000	0.0000000
1424.9928269	1334.9874796	15249.9540625	3.2294296	0.5240335	0.3123787	0.6349600	0.2426969	0.0000000	0.0000000
1419.9996525	1334.9874796	15244.8470117	3.2195704	0.5040195	0.2760333	0.6221777	0.2462643	0.0000000	0.0000000
1414.9875199	1334.9874796	15239.9720996	3.2097113	0.4836719	0.2113086	0.6078733	0.2447445	0.0000000	0.0000000
1409.9936575	1334.9874796	15234.8650488	3.1998521	0.4633243	0.1721039	0.6062756	0.2434409	0.0000000	0.0000000
1404.9940311	1334.9874796	15229.9973633	3.1899930	0.4433103	0.1418245	0.5909987	0.2410381	0.0000000	0.0000000
1399.9814132	1334.9874796	15224.9062109	3.1801338	0.4229627	0.0943455	0.5632208	0.2470303	0.0000000	0.0000000
1394.9969913	1334.9874796	15219.8150586	3.1702746	0.4029487	0.0809962	0.5643440	0.2466143	0.0000000	0.0000000
1389.9855886	1334.9874796	15214.9553223	3.1604155	0.3826012	0.0718239	0.5612490	0.2425635	0.0000000	0.0000000
1384.9993143	1334.9874796	15209.8641699	3.1505563	0.3622536	0.0754675	0.5449468	0.2401025	0.0000000	0.0000000
1379.9894486	1334.9874796	15204.7869336	3.1406972	0.3422396	0.0536542	0.5570869	0.2440784	0.0000000	0.0000000
1374.9977128	1334.9874796	15199.9425781	3.1308380	0.3218920	0.0384120	0.5373558	0.2364857	0.0000000	0.0000000
1369.9938149	1334.9874796	15194.8675391	3.1209789	0.3018780	0.0460214	0.5247135	0.2435046	0.0000000	0.0000000
1364.9893972	1334.9874796	15189.7925000	3.1111197	0.2815304	0.0882632	0.5107849	0.2417816	0.0000000	0.0000000
1359.9976739	1334.9874796	15184.9517090	3.1012606	0.2615164	0.1677460	0.5051110	0.2474210	0.0000000	0.0000000
1354.9938949	1334.9874796	15179.8923535	3.0914014	0.2411688	0.2284169	0.4825165	0.2421832	0.0000000	0.0000000
1349.9905185	1334.9874796	15174.8329980	3.0815423	0.2208212	0.2565907	0.4661526	0.2463778	0.0000000	0.0000000
1344.9967843	1334.9874796	15169.7736426	3.0716831	0.2008072	0.1927566	0.4496327	0.2428278	0.0000000	0.0000000
1340.0058595	1334.9874796	15164.9442578	3.0618239	0.1804597	0.1543684	0.4263832	0.2460310	0.0000000	0.0000000
1334.9945685	1334.9874796	15159.8950195	3.0519648	0.1604456	0.1785969	0.4220094	0.2430640	0.0000000	0.0000000
1329.9975394	1334.9874796	15154.8515625	3.0421056	0.1400981	0.2670967	0.4208163	0.2377960	0.0000000	0.0000000
1325.0067276	1334.9874796	15149.8081055	3.0322465	0.1197505	0.2798193	0.3978082	0.2412397	0.0000000	0.0000000
1320.0022339	1334.9874796	15144.9938965	3.0223873	0.0997365	0.2301992	0.3800293	0.2378090	0.0000000	0.0000000
1314.9915895	1334.9874796	15139.9511523	3.0125282	0.0793889	0.1431833	0.3539457	0.2398743	0.0000000	0.0000000
1309.9938559	1334.9874796	15134.9233789	3.0026690	0.0593749	0.1295251	0.3400629	0.2471638	0.0000000	0.0000000
1304.9961614	1334.9874796	15129.8956055	2.9928099	0.0390273	0.1158275	0.3159375	0.2381012	0.0000000	0.0000000
1300.0059589	1334.9874796	15124.8678320	2.9829507	0.0186797	0.0963982	0.3061674	0.2392983	0.0000000	0.0000000
1294.9989791	1334.9874796	15119.8400586	2.9730915	-0.0013343	0.0892876	0.2928949	0.2352097	0.0000000	0.0000000
1290.0126310	1334.9874796	15114.8202344	2.9632324	-0.0216818	0.0931508	0.2689630	0.2408452	0.0000000	0.0000000
1285.0068833	1334.9874796	15109.8083594	2.9533732	-0.0416959	0.0954175	0.2496940	0.2446534	0.0000000	0.0000000
1280.0011129	1334.9874796	15104.7964844	2.9435141	-0.0620434	0.1106780	0.2336856	0.2397565	0.0000000	0.0000000
1275.0019807	1334.9874796	15099.7846094	2.9336549	-0.0823910	0.2068871	0.2272599	0.2448922	0.0000000	0.0000000
1270.0009934	1334.9874796	15094.7727344	2.9237958	-0.1024050	0.3538627	0.2075105	0.2479531	0.0000000	0.0000000
1264.9950068	1334.9874796	15089.7762402	2.9139366	-0.1227526	0.3652391	0.1933695	0.2448784	0.0000000	0.0000000
1260.0129909	1334.9874796	15084.7804785	2.9040775	-0.1427666	0.2789055	0.1819270	0.2417380	0.0000000	0.0000000
1255.0147454	1334.9874796	15079.7847168	2.8942183	-0.1631142	0.2117566	0.1761331	0.2460653	0.0000000	0.0000000
1250.0156050	1334.9874796	15074.7889551	2.8843592	-0.1831282	0.1262778	0.1629773	0.2423141	0.0000000	0.0000000
