1599.9954356	1344.9927615	15434.8598242	3.5414790	1.2005070	0.0735504	0.8219414	0.2591274	0.0000000	1345.0000000
1594.9925208	1344.9927615	15429.8594043	3.5316408	1.1801594	0.1101860	0.8808292	0.2591928	0.0000000	0.0000000
1589.9980278	1344.9927615	15424.8589844	3.5217817	1.1601454	0.1094762	0.8977316	0.2566235	0.0000000	0.0000000
1584.9897793	1344.9927615	15419.8593262	3.5119225	1.1397979	0.0919781	0.8806139	0.2571399	0.0000000	0.0000000
1579.9932605	1344.9927615	15414.8749023	3.5020634	1.1197838	0.0670431	0.8624630	0.2593141	0.0000000	0.0000000
1574.9903821	1344.9927615	15409.8904785	3.4922042	1.0994363	0.0562820	0.8514691	0.2559774	0.0000000	0.0000000
1569.9879348	1344.9927615	15404.9060547	3.4823451	1.0790887	0.0523815	0.8265255	0.2585270	0.0000000	0.0000000
1564.9910956	1344.9927615	15399.9216309	3.4724859	1.0590747	0.0444994	0.8065717	0.2590868	0.0000000	0.0000000
1559.9998645	1344.9927615	15394.9417773	3.4626268	1.0387271	0.0428915	0.7826605	0.2604570	0.0000000	0.0000000
1554.9972408	1344.9927615	15389.9733496	3.4527676	1.0187131	0.0432321	0.7714290	0.2628739	0.0000000	0.0000000
1549.9908346	1344.9927615	15384.7683301	3.4429085	0.9983655	0.0598352	0.7527153	0.2595642	0.0000000	0.0000000
1544.9998486	1344.9927615	15379.7999023	3.4330493	0.9780179	0.0916359	0.7559550	0.2580981	0.0000000	0.0000000
1539.9918854	1344.9927615	15374.8314746	3.4231901	0.9580039	0.1335170	0.7422781	0.2592103	0.0000000	0.0000000
1534.9898781	1344.9927615	15369.8720703	3.4133310	0.9376564	0.1829288	0.7419295	0.2591801	0.0000000	0.0000000
1529.9946542	1344.9927615	15364.9194336	3.4034718	0.9176423	0.2271334	0.7465059	0.2538058	0.0000000	0.0000000
1525.0057058	1344.9927615	15359.9667969	3.3936127	0.8972948	0.3234739	0.7394942	0.2628519	0.0000000	0.0000000
1519.9916865	1344.9927615	15354.7783203	3.3837535	0.8772808	0.3904668	0.7155335	0.2606837	0.0000000	0.0000000
1514.9965539	1344.9927615	15349.8256836	3.3738944	0.8569332	0.4358545	0.7142829	0.2569404	0.0000000	0.0000000
1509.9948860	1344.9927615	15344.8864062	3.3640352	0.8365856	0.3980118	0.7095807	0.2587648	0.0000000	0.0000000
1504.9928588	1344.9927615	15339.9493555	3.3541761	0.8165716	0.3259263	0.7019072	0.2572266	0.0000000	0.0000000
1499.9935148	1344.9927615	15334.7772070	3.3443169	0.7962240	0.2503588	0.7088340	0.2586785	0.0000000	0.0000000
1494.9945089	1344.9927615	15329.8401562	3.3344577	0.7762100	0.2206494	0.7258840	0.2660510	0.0000000	0.0000000
1489.9975133	1344.9927615	15324.9053613	3.3245986	0.7558624	0.1733458	0.7303652	0.2573317	0.0000000	0.0000000
1485.0010010	1344.9927615	15319.9841016	3.3147394	0.7355149	0.0967145	0.7323206	0.2589537	0.0000000	0.0000000
1479.9972092	1344.9927615	15314.8284961	3.3048803	0.7155009	0.0453322	0.7151492	0.2600186	0.0000000	0.0000000
1474.9938468	1344.9927615	15309.9072363	3.2950211	0.6951533	0.0561643	0.6944976	0.2657012	0.0000000	0.0000000
1470.0034186	1344.9927615	15304.9859766	3.2851620	0.6751393	0.1075372	0.6959894	0.2630939	0.0000000	0.0000000
1464.9928549	1344.9927615	15299.8376953	3.2753028	0.6547917	0.1282167	0.6870440	0.2638160	0.0000000	0.0000000
1459.9964112	1344.9927615	15294.9318164	3.2654437	0.6344441	0.1495269	0.6954494	0.2595060	0.0000000	0.0000000
1454.9998480	1344.9927615	15289.7923242	3.2555845	0.6144301	0.1018149	0.6919951	0.2607129	0.0000000	0.0000000
1449.9892324	1344.9927615	15284.8864453	3.2457254	0.5940825	0.0525944	0.6743672	0.2632924	0.0000000	0.0000000
1444.9966097	1344.9927615	15279.9805664	3.2358662	0.5740685	0.0219503	0.6737285	0.2567307	0.0000000	0.0000000
1439.9920783	1344.9927615	15274.8536914	3.2260070	0.5537209	0.0599475	0.6498200	0.2581342	0.0000000	0.0000000
1435.0050512	1344.9927615	15269.9633984	3.2161479	0.5333734	0.1515115	0.6536392	0.2625002	0.0000000	0.0000000
1429.9929097	1344.9927615	15264.8402344	3.2062887	0.5133594	0.2492416	0.6325242	0.2538361	0.0000000	0.0000000
1424.9928269	1344.9927615	15259.9499414	3.1964296	0.4930118	0.2704779	0.6127543	0.2549113	0.0000000	0.0000000
1420.0059019	1344.9927615	15254.8289746	3.1865704	0.4729978	0.2544615	0.6058578	0.2576489	0.0000000	0.0000000
1414.9875199	1344.9927615	15249.9540625	3.1767113	0.4526502	0.1988734	0.6007488	0.2556835	0.0000000	0.0000000
1409.9936575	1344.9927615	15244.8470117	3.1668521	0.4326362	0.1763230	0.5750104	0.2635883	0.0000000	0.0000000
1405.0002814	1344.9927615	15239.9720996	3.1569930	0.4122886	0.1326379	0.5712234	0.2591879	0.0000000	0.0000000
1399.9876626	1344.9927615	15234.8650488	3.1471338	0.3919410	0.0919252	0.5589485	0.2578264	0.0000000	0.0000000
1394.9969913	1344.9927615	15229.9973633	3.1372746	0.3719270	0.0769294	0.5516218	0.2539436	0.0000000	0.0000000
1389.9855886	1344.9927615	15224.9062109	3.1274155	0.3515794	0.0700936	0.5428477	0.2538307	0.0000000	0.0000000
1384.9993143	1344.9927615	15219.8150586	3.1175563	0.3315654	0.0782759	0.5391030	0.2549985	0.0000000	0.0000000
1379.9894486	1344.9927615	15214.9553223	3.1076972	0.3112179	0.0532228	0.5437339	0.2520068	0.0000000	0.0000000
1374.9977128	1344.9927615	15209.8641699	3.0978380	0.2908703	0.0417471	0.5192191	0.2614738	0.0000000	0.0000000
1369.9938149	1344.9927615	15204.7869336	3.0879789	0.2708563	0.0513660	0.5116953	0.2560255	0.0000000	0.0000000
1364.9893972	1344.9927615	15199.9425781	3.0781197	0.2505087	0.0905441	0.4987792	0.2499031	0.0000000	0.0000000
1360.0037170	1344.9927615	15194.8675391	3.0682606	0.2304947	0.1682076	0.4910349	0.2551227	0.0000000	0.0000000
1354.9999390	1344.9927615	15189.7925000	3.0584014	0.2101471	0.2176150	0.4724800	0.2539734	0.0000000	0.0000000
1349.9905185	1344.9927615	15184.9517090	3.0485423	0.1897995	0.2431357	0.4484785	0.2557583	0.0000000	0.0000000
1344.9967843	1344.9927615	15179.8923535	3.0386831	0.1697855	0.2082460	0.4507511	0.2547017	0.0000000	0.0000000
1340.0058595	1344.9927615	15174.8329980	3.0288239	0.1494379	0.1597947	0.4305294	0.2546135	0.0000000	0.0000000
1334.9945685	1344.9927615	15169.7736426	3.0189648	0.1294239	0.1766831	0.4209522	0.2593752	0.0000000	0.0000000
1329.9975394	1344.9927615	15164.9442578	3.0091056	0.1090764	0.2306543	0.4052274	0.2567128	0.0000000	0.0000000
1325.0067276	1344.9927615	15159.8950195	2.9992465	0.0887288	0.2532889	0.3784011	0.2531663	0.0000000	0.0000000
1320.0022339	1344.9927615	15154.8515625	2.9893873	0.0687148	0.2135898	0.3731970	0.2540363	0.0000000	0.0000000
1314.9983984	1344.9927615	15149.8081055	2.9795282	0.0483672	0.1516127	0.3563844	0.2505116	0.0000000	0.0000000
1309.9938559	1344.9927615	15144.9938965	2.9696690	0.0283532	0.1329578	0.3280614	0.2550840	0.0000000	0.0000000
1305.0029693	1344.9927615	15139.9511523	2.9598099	0.0080056	0.1186793	0.3143707	0.2578910	0.0000000	0.0000000
1300.0059589	1344.9927615	15134.9233789	2.9499507	-0.0123420	0.1049244	0.2994003	0.2490790	0.0000000	0.0000000
1295.0063540	1344.9927615	15129.8956055	2.9400915	-0.0323560	0.0961481	0.2861255	0.2555491	0.0000000	0.0000000
1290.0052150	1344.9927615	15124.8678320	2.9302324	-0.0527036	0.0939193	0.2683705	0.2578168	0.0000000	0.0000000
1285.0068833	1344.9927615	15119.8400586	2.9203732	-0.0727176	0.0932137	0.2570491	0.2505457	0.0000000	0.0000000
1280.0011129	1344.9927615	15114.8202344	2.9105141	-0.0930651	0.1103611	0.2325967	0.2520223	0.0000000	0.0000000
1275.0019807	1344.9927615	15109.8083594	2.9006549	-0.1130792	0.1970388	0.2222661	0.2551948	0.0000000	0.0000000
1270.0009934	1344.9927615	15104.7964844	2.8907958	-0.1334267	0.2911600	0.2076677	0.2533999	0.0000000	0.0000000
1264.9950068	1344.9927615	15099.7846094	2.8809366	-0.1537743	0.3387079	0.1963419	0.2573132	0.0000000	0.0000000
1260.0048768	1344.9927615	15094.7727344	2.8710775	-0.1737883	0.2667047	0.1837882	0.2554519	0.0000000	0.0000000
1255.0147454	1344.9927615	15089.7762402	2.8612183	-0.1941359	0.1966606	0.1720753	0.2505424	0.0000000	0.0000000
1250.0156050	1344.9927615	15084.7804785	2.8513592	-0.2141499	0.1296129	0.1618044	0.2520498	0.0000000	0.0000000
