1599.9954356	1440.0004191	15529.7933789	3.2279262	0.9059675	0.0106138	0.8046973	0.3543767	0.0000000	1440.0000000
1594.9925208	1440.0004191	15524.9693555	3.2181408	0.8859535	0.0078030	0.8447683	0.3530397	0.0000000	0.0000000
1589.9980278	1440.0004191	15519.9041309	3.2082817	0.8656059	0.0209614	0.8749363	0.3447484	0.0000000	0.0000000
1584.9953866	1440.0004191	15514.8420312	3.1984225	0.8452583	0.0278488	0.8772158	0.3469142	0.0000000	0.0000000
1579.9932605	1440.0004191	15509.7932129	3.1885634	0.8252443	0.0300885	0.8715020	0.3483677	0.0000000	0.0000000
1574.9903821	1440.0004191	15504.9848145	3.1787042	0.8048968	0.0303347	0.8516211	0.3520795	0.0000000	0.0000000
1569.9935429	1440.0004191	15499.9359961	3.1688451	0.7848828	0.0300918	0.8296716	0.3572454	0.0000000	0.0000000
1564.9910956	1440.0004191	15494.8871777	3.1589859	0.7645352	0.0326273	0.8040982	0.3463663	0.0000000	0.0000000
1559.9998645	1440.0004191	15489.8445312	3.1491268	0.7441876	0.0346353	0.7727697	0.3494614	0.0000000	0.0000000
1554.9972408	1440.0004191	15484.8119141	3.1392676	0.7241736	0.0459568	0.7675183	0.3487915	0.0000000	0.0000000
1549.9908346	1440.0004191	15479.7792969	3.1294085	0.7038260	0.0609569	0.7620054	0.3547633	0.0000000	0.0000000
1544.9998486	1440.0004191	15474.9863281	3.1195493	0.6838120	0.0775879	0.7556259	0.3483617	0.0000000	0.0000000
1539.9918854	1440.0004191	15469.9537109	3.1096901	0.6634644	0.1070071	0.7619971	0.3404313	0.0000000	0.0000000
1534.9898781	1440.0004191	15464.9302344	3.0998310	0.6431168	0.1149199	0.7551685	0.3391959	0.0000000	0.0000000
1529.9946542	1440.0004191	15459.9136133	3.0899718	0.6231028	0.1499551	0.7428150	0.3438816	0.0000000	0.0000000
1525.0057058	1440.0004191	15454.8969922	3.0801127	0.6027553	0.1454193	0.7334867	0.3534194	0.0000000	0.0000000
1519.9916865	1440.0004191	15449.8803711	3.0702535	0.5827413	0.1501506	0.7272819	0.3497878	0.0000000	0.0000000
1514.9965539	1440.0004191	15444.8637500	3.0603944	0.5623937	0.1564639	0.7259956	0.3457761	0.0000000	0.0000000
1509.9948860	1440.0004191	15439.8602441	3.0505352	0.5420461	0.1123062	0.7032091	0.3497750	0.0000000	0.0000000
1504.9928588	1440.0004191	15434.8598242	3.0406761	0.5220321	0.0820684	0.6913425	0.3532489	0.0000000	0.0000000
1499.9935148	1440.0004191	15429.8594043	3.0308169	0.5016845	0.0537778	0.7089512	0.3493486	0.0000000	0.0000000
1494.9945089	1440.0004191	15424.8589844	3.0209577	0.4816705	0.0459406	0.7251913	0.3465053	0.0000000	0.0000000
1489.9975133	1440.0004191	15419.8593262	3.0110986	0.4613229	0.0272499	0.7217850	0.3477450	0.0000000	0.0000000
1485.0010010	1440.0004191	15414.8749023	3.0012394	0.4409753	0.0180341	0.7147030	0.3410837	0.0000000	0.0000000
1479.9972092	1440.0004191	15409.8904785	2.9913803	0.4209613	0.0178474	0.6975818	0.3434596	0.0000000	0.0000000
1474.9938468	1440.0004191	15404.9060547	2.9815211	0.4006138	0.0289058	0.6839193	0.3451937	0.0000000	0.0000000
1470.0034186	1440.0004191	15399.9216309	2.9716620	0.3805998	0.0358629	0.6926354	0.3426926	0.0000000	0.0000000
1464.9996160	1440.0004191	15394.9417773	2.9618028	0.3602522	0.0438281	0.6795123	0.3476973	0.0000000	0.0000000
1460.0031723	1440.0004191	15389.9733496	2.9519437	0.3402382	0.0399974	0.6898125	0.3384402	0.0000000	0.0000000
1455.0066100	1440.0004191	15384.7683301	2.9420845	0.3198906	0.0226455	0.6785820	0.3431425	0.0000000	0.0000000
1449.9892324	1440.0004191	15379.7999023	2.9322254	0.2995430	0.0110719	0.6696502	0.3433019	0.0000000	0.0000000
1444.9966097	1440.0004191	15374.8314746	2.9223662	0.2795290	0.0068650	0.6465016	0.3495958	0.0000000	0.0000000
1439.9983277	1440.0004191	15369.8720703	2.9125070	0.2591814	0.0192363	0.6501124	0.3511602	0.0000000	0.0000000
1435.0050512	1440.0004191	15364.9194336	2.9026479	0.2391674	0.0430620	0.6441854	0.3476420	0.0000000	0.0000000
1429.9929097	1440.0004191	15359.9667969	2.8927887	0.2188198	0.0558950	0.6286116	0.3471386	0.0000000	0.0000000
1424.9928269	1440.0004191	15354.7783203	2.8829296	0.1984723	0.0589579	0.6029816	0.3482389	0.0000000	0.0000000
1420.0059019	1440.0004191	15349.8256836	2.8730704	0.1784583	0.0568934	0.6061218	0.3508250	0.0000000	0.0000000
1414.9875199	1440.0004191	15344.8864062	2.8632113	0.1581107	0.0462023	0.6031274	0.3439701	0.0000000	0.0000000
1409.9936575	1440.0004191	15339.9493555	2.8533521	0.1380967	0.0307468	0.5973306	0.3429016	0.0000000	0.0000000
1404.9940311	1440.0004191	15334.7772070	2.8434930	0.1177491	0.0272117	0.5798657	0.3501987	0.0000000	0.0000000
1399.9876626	1440.0004191	15329.8401562	2.8336338	0.0974015	0.0237598	0.5666484	0.3460368	0.0000000	0.0000000
1394.9969913	1440.0004191	15324.9053613	2.8237746	0.0773875	0.0235546	0.5649412	0.3467036	0.0000000	0.0000000
1389.9916327	1440.0004191	15319.9841016	2.8139155	0.0570399	0.0253540	0.5504531	0.3499645	0.0000000	0.0000000
1385.0053575	1440.0004191	15314.8284961	2.8040563	0.0370259	0.0261206	0.5591383	0.3432622	0.0000000	0.0000000
1379.9954919	1440.0004191	15309.9072363	2.7941972	0.0166783	0.0235256	0.5535368	0.3440259	0.0000000	0.0000000
1374.9977128	1440.0004191	15304.9859766	2.7843380	-0.0036692	0.0194817	0.5363955	0.3461180	0.0000000	0.0000000
1369.9938149	1440.0004191	15299.8376953	2.7744789	-0.0236832	0.0190580	0.5210613	0.3505800	0.0000000	0.0000000
1364.9893972	1440.0004191	15294.9318164	2.7646197	-0.0440308	0.0268890	0.5085071	0.3500017	0.0000000	0.0000000
1360.0037170	1440.0004191	15289.7923242	2.7547606	-0.0640448	0.0382017	0.4878135	0.3503654	0.0000000	0.0000000
1354.9999390	1440.0004191	15284.8864453	2.7449014	-0.0843924	0.0564106	0.4763756	0.3455723	0.0000000	0.0000000
1349.9905185	1440.0004191	15279.9805664	2.7350423	-0.1044064	0.0440553	0.4590492	0.3461610	0.0000000	0.0000000
1344.9967843	1440.0004191	15274.8536914	2.7251831	-0.1247540	0.0391055	0.4561077	0.3362629	0.0000000	0.0000000
1340.0058595	1440.0004191	15269.9633984	2.7153239	-0.1451016	0.0336807	0.4302472	0.3384102	0.0000000	0.0000000
1334.9945685	1440.0004191	15264.8402344	2.7054648	-0.1651156	0.0466604	0.4178312	0.3486340	0.0000000	0.0000000
1330.0043482	1440.0004191	15259.9499414	2.6956056	-0.1854632	0.0635854	0.4104642	0.3375942	0.0000000	0.0000000
1325.0067276	1440.0004191	15254.8289746	2.6857465	-0.2054772	0.0639476	0.3867482	0.3443433	0.0000000	0.0000000
1320.0022339	1440.0004191	15249.9540625	2.6758873	-0.2258247	0.0565298	0.3693101	0.3449108	0.0000000	0.0000000
1314.9983984	1440.0004191	15244.8470117	2.6660282	-0.2461723	0.0393232	0.3504730	0.3463837	0.0000000	0.0000000
1309.9938559	1440.0004191	15239.9720996	2.6561690	-0.2661863	0.0275294	0.3347910	0.3403294	0.0000000	0.0000000
1305.0029693	1440.0004191	15234.8650488	2.6463099	-0.2865339	0.0209663	0.3233597	0.3465509	0.0000000	0.0000000
1300.0059589	1440.0004191	15229.9973633	2.6364507	-0.3065479	0.0192362	0.3146576	0.3348084	0.0000000	0.0000000
1294.9989791	1440.0004191	15224.9062109	2.6265915	-0.3268955	0.0246306	0.2956613	0.3446116	0.0000000	0.0000000
1290.0052150	1440.0004191	15219.8150586	2.6167324	-0.3472431	0.0269878	0.2719763	0.3481124	0.0000000	0.0000000
1285.0068833	1440.0004191	15214.9553223	2.6068732	-0.3672571	0.0321936	0.2610584	0.3451060	0.0000000	0.0000000
1280.0011129	1440.0004191	15209.8641699	2.5970141	-0.3876047	0.0439941	0.2306343	0.3474906	0.0000000	0.0000000
1275.0093966	1440.0004191	15204.7869336	2.5871549	-0.4076187	0.0610150	0.2325092	0.3462783	0.0000000	0.0000000
1270.0009934	1440.0004191	15199.9425781	2.5772958	-0.4279662	0.0791287	0.2146171	0.3367963	0.0000000	0.0000000
1264.9950068	1440.0004191	15194.8675391	2.5674366	-0.4483138	0.0761893	0.2094097	0.3397904	0.0000000	0.0000000
1260.0129909	1440.0004191	15189.7925000	2.5575775	-0.4683278	0.0629690	0.1879542	0.3384695	0.0000000	0.0000000
1255.0147454	1440.0004191	15184.9517090	2.5477183	-0.4886754	0.0458942	0.1704125	0.3373783	0.0000000	0.0000000
1250.0156050	1440.0004191	15179.8923535	2.5378592	-0.5086894	0.0316599	0.1532489	0.3439218	0.0000000	0.0000000
