1599.9954356	1319.9921414	15409.8904785	3.6238700	1.2778945	0.0549713	0.8067960	0.2291643	0.0000000	1320.0000000
1594.9925208	1319.9921414	15404.9060547	3.6141408	1.2578805	0.0996271	0.8640825	0.2288331	0.0000000	0.0000000
1589.9980278	1319.9921414	15399.9216309	3.6042817	1.2375329	0.0861824	0.8601253	0.2351126	0.0000000	0.0000000
1584.9953866	1319.9921414	15394.9417773	3.5944225	1.2175189	0.0718026	0.8891078	0.2282463	0.0000000	0.0000000
1579.9988693	1319.9921414	15389.9733496	3.5845634	1.1971714	0.0562448	0.8676018	0.2287102	0.0000000	0.0000000
1574.9903821	1319.9921414	15384.7683301	3.5747042	1.1768238	0.0406583	0.8564042	0.2294640	0.0000000	0.0000000
1569.9935429	1319.9921414	15379.7999023	3.5648451	1.1568098	0.0351570	0.8450914	0.2264262	0.0000000	0.0000000
1564.9910956	1319.9921414	15374.8314746	3.5549859	1.1364622	0.0286343	0.8049633	0.2249703	0.0000000	0.0000000
1559.9998645	1319.9921414	15369.8720703	3.5451268	1.1164482	0.0275015	0.7852506	0.2285123	0.0000000	0.0000000
1554.9972408	1319.9921414	15364.9194336	3.5352676	1.0961006	0.0289000	0.7909634	0.2267699	0.0000000	0.0000000
1549.9908346	1319.9921414	15359.9667969	3.5254085	1.0757530	0.0299128	0.7770669	0.2280770	0.0000000	0.0000000
1544.9998486	1319.9921414	15354.7783203	3.5155493	1.0557390	0.0521425	0.7654918	0.2232432	0.0000000	0.0000000
1539.9981617	1319.9921414	15349.8256836	3.5056901	1.0353914	0.0934800	0.7552073	0.2297393	0.0000000	0.0000000
1534.9898781	1319.9921414	15344.8864062	3.4958310	1.0153774	0.1358733	0.7502121	0.2303340	0.0000000	0.0000000
1529.9946542	1319.9921414	15339.9493555	3.4859718	0.9950299	0.1845432	0.7432255	0.2256785	0.0000000	0.0000000
1525.0057058	1319.9921414	15334.7772070	3.4761127	0.9746823	0.2340365	0.7379700	0.2272179	0.0000000	0.0000000
1519.9979617	1319.9921414	15329.8401562	3.4662535	0.9546683	0.3203656	0.7335587	0.2248649	0.0000000	0.0000000
1514.9965539	1319.9921414	15324.9053613	3.4563944	0.9343207	0.4015853	0.7043627	0.2281783	0.0000000	0.0000000
1510.0011622	1319.9921414	15319.9841016	3.4465352	0.9143067	0.3414899	0.7185427	0.2304965	0.0000000	0.0000000
1504.9928588	1319.9921414	15314.8284961	3.4366761	0.8939591	0.2677156	0.7184419	0.2323973	0.0000000	0.0000000
1499.9935148	1319.9921414	15309.9072363	3.4268169	0.8736115	0.1899402	0.7207365	0.2292224	0.0000000	0.0000000
1494.9945089	1319.9921414	15304.9859766	3.4169577	0.8535975	0.1438175	0.7317778	0.2251985	0.0000000	0.0000000
1489.9975133	1319.9921414	15299.8376953	3.4070986	0.8332499	0.1222692	0.7342771	0.2243450	0.0000000	0.0000000
1485.0010010	1319.9921414	15294.9318164	3.3972394	0.8132359	0.0645421	0.7331908	0.2299585	0.0000000	0.0000000
1479.9972092	1319.9921414	15289.7923242	3.3873803	0.7928884	0.0375691	0.7394385	0.2278411	0.0000000	0.0000000
1475.0006089	1319.9921414	15284.8864453	3.3775211	0.7728743	0.0461686	0.7203096	0.2276813	0.0000000	0.0000000
1470.0034186	1319.9921414	15279.9805664	3.3676620	0.7525268	0.0884094	0.6970259	0.2311949	0.0000000	0.0000000
1464.9928549	1319.9921414	15274.8536914	3.3578028	0.7321792	0.1099434	0.6961676	0.2231268	0.0000000	0.0000000
1460.0031723	1319.9921414	15269.9633984	3.3479437	0.7121652	0.1145370	0.6905220	0.2285946	0.0000000	0.0000000
1455.0066100	1319.9921414	15264.8402344	3.3380845	0.6918176	0.0742646	0.6824791	0.2274623	0.0000000	0.0000000
1449.9959945	1319.9921414	15259.9499414	3.3282254	0.6718036	0.0399536	0.6736579	0.2300482	0.0000000	0.0000000
1444.9966097	1319.9921414	15254.8289746	3.3183662	0.6514560	0.0271339	0.6779893	0.2235686	0.0000000	0.0000000
1439.9983277	1319.9921414	15249.9540625	3.3085070	0.6311084	0.0599587	0.6553816	0.2277676	0.0000000	0.0000000
1435.0050512	1319.9921414	15244.8470117	3.2986479	0.6110944	0.1528713	0.6450194	0.2336751	0.0000000	0.0000000
1429.9929097	1319.9921414	15239.9720996	3.2887887	0.5907469	0.2350164	0.6386787	0.2312786	0.0000000	0.0000000
1424.9928269	1319.9921414	15234.8650488	3.2789296	0.5707328	0.2425768	0.6272848	0.2273463	0.0000000	0.0000000
1420.0059019	1319.9921414	15229.9973633	3.2690704	0.5503853	0.1899359	0.6275538	0.2261135	0.0000000	0.0000000
1414.9937701	1319.9921414	15224.9062109	3.2592113	0.5300377	0.1734194	0.6078413	0.2277483	0.0000000	0.0000000
1409.9999070	1319.9921414	15219.8150586	3.2493521	0.5100237	0.1440780	0.5945253	0.2275723	0.0000000	0.0000000
1405.0002814	1319.9921414	15214.9553223	3.2394930	0.4896761	0.1003215	0.5816310	0.2322151	0.0000000	0.0000000
1399.9876626	1319.9921414	15209.8641699	3.2296338	0.4696621	0.0687190	0.5718112	0.2274681	0.0000000	0.0000000
1394.9969913	1319.9921414	15204.7869336	3.2197746	0.4493145	0.0592889	0.5618446	0.2254849	0.0000000	0.0000000
1389.9916327	1319.9921414	15199.9425781	3.2099155	0.4289669	0.0544366	0.5621505	0.2246560	0.0000000	0.0000000
1385.0053575	1319.9921414	15194.8675391	3.2000563	0.4089529	0.0538206	0.5649856	0.2290084	0.0000000	0.0000000
1379.9954919	1319.9921414	15189.7925000	3.1901972	0.3886054	0.0520598	0.5518524	0.2287384	0.0000000	0.0000000
1374.9977128	1319.9921414	15184.9517090	3.1803380	0.3685913	0.0341847	0.5420938	0.2278208	0.0000000	0.0000000
1369.9998590	1319.9921414	15179.8923535	3.1704789	0.3482438	0.0387794	0.5319105	0.2251625	0.0000000	0.0000000
1364.9893972	1319.9921414	15174.8329980	3.1606197	0.3282298	0.0673253	0.4960377	0.2302744	0.0000000	0.0000000
1360.0037170	1319.9921414	15169.7736426	3.1507606	0.3078822	0.1370906	0.4921537	0.2316976	0.0000000	0.0000000
1354.9999390	1319.9921414	15164.9442578	3.1409014	0.2875346	0.1997450	0.4770881	0.2300715	0.0000000	0.0000000
1349.9905185	1319.9921414	15159.8950195	3.1310423	0.2675206	0.2007637	0.4644928	0.2286931	0.0000000	0.0000000
1345.0035932	1319.9921414	15154.8515625	3.1211831	0.2471730	0.1643235	0.4494779	0.2304720	0.0000000	0.0000000
1340.0058595	1319.9921414	15149.8081055	3.1113239	0.2271590	0.1335712	0.4366326	0.2267856	0.0000000	0.0000000
1334.9945685	1319.9921414	15144.9938965	3.1014648	0.2068114	0.1540063	0.4314498	0.2347131	0.0000000	0.0000000
1330.0043482	1319.9921414	15139.9511523	3.0916056	0.1864639	0.1928802	0.4103405	0.2332754	0.0000000	0.0000000
1325.0067276	1319.9921414	15134.9233789	3.0817465	0.1664498	0.2062026	0.3902670	0.2324230	0.0000000	0.0000000
1320.0022339	1319.9921414	15129.8956055	3.0718873	0.1461023	0.1561042	0.3807387	0.2283009	0.0000000	0.0000000
1314.9983984	1319.9921414	15124.8678320	3.0620282	0.1260883	0.1163190	0.3510525	0.2314628	0.0000000	0.0000000
1309.9938559	1319.9921414	15119.8400586	3.0521690	0.1057407	0.0991100	0.3390023	0.2282555	0.0000000	0.0000000
1305.0029693	1319.9921414	15114.8202344	3.0423099	0.0853931	0.0923450	0.3244946	0.2308589	0.0000000	0.0000000
1300.0059589	1319.9921414	15109.8083594	3.0324507	0.0653791	0.0829063	0.3083359	0.2227671	0.0000000	0.0000000
1295.0063540	1319.9921414	15104.7964844	3.0225915	0.0450315	0.0836305	0.2882791	0.2321030	0.0000000	0.0000000
1290.0126310	1319.9921414	15099.7846094	3.0127324	0.0250175	0.0875917	0.2762133	0.2280996	0.0000000	0.0000000
1285.0142992	1319.9921414	15094.7727344	3.0028732	0.0046699	0.0900111	0.2570176	0.2316659	0.0000000	0.0000000
1280.0011129	1319.9921414	15089.7762402	2.9930141	-0.0156776	0.1080210	0.2355231	0.2327959	0.0000000	0.0000000
1275.0093966	1319.9921414	15084.7804785	2.9831549	-0.0356917	0.1734398	0.2212939	0.2277465	0.0000000	0.0000000
1270.0009934	1319.9921414	15079.7847168	2.9732958	-0.0560392	0.2624877	0.2035337	0.2302220	0.0000000	0.0000000
1265.0031208	1319.9921414	15074.7889551	2.9634366	-0.0760532	0.3156876	0.2016788	0.2245940	0.0000000	0.0000000
1260.0129909	1319.9921414	15069.7997852	2.9535775	-0.0964008	0.2440054	0.1821482	0.2262839	0.0000000	0.0000000
1255.0147454	1319.9921414	15064.8201367	2.9437183	-0.1164148	0.1982412	0.1684846	0.2247877	0.0000000	0.0000000
1250.0156050	1319.9921414	15059.8404883	2.9338592	-0.1367624	0.1125508	0.1532046	0.2278848	0.0000000	0.0000000
