1599.9894452	1514.9953046	15604.9611328	2.9804196	0.6734714	0.0977969	0.7904544	0.4068660	0.0000000	1515.0000000
1594.9925208	1514.9953046	15599.8464844	2.9706408	0.6531239	0.0336018	0.8485368	0.3986466	0.0000000	0.0000000
1590.0036367	1514.9953046	15594.9753906	2.9607817	0.6331098	0.0100341	0.8735138	0.4049884	0.0000000	0.0000000
1584.9953866	1514.9953046	15589.8607422	2.9509225	0.6127623	0.0123455	0.8734611	0.4058986	0.0000000	0.0000000
1580.0044781	1514.9953046	15584.7578125	2.9410634	0.5927483	0.0327800	0.8499413	0.4092944	0.0000000	0.0000000
1574.9903821	1514.9953046	15579.9023437	2.9312042	0.5724007	0.0607191	0.8228591	0.4065035	0.0000000	0.0000000
1569.9935429	1514.9953046	15574.8041016	2.9213451	0.5523867	0.0957955	0.8232105	0.4048136	0.0000000	0.0000000
1564.9910956	1514.9953046	15569.9486328	2.9114859	0.5320391	0.1583723	0.7779390	0.4101073	0.0000000	0.0000000
1559.9998645	1514.9953046	15564.8503906	2.9016268	0.5116915	0.2434825	0.7654495	0.4122070	0.0000000	0.0000000
1555.0028496	1514.9953046	15559.7663867	2.8917676	0.4916775	0.3673357	0.7645538	0.4061937	0.0000000	0.0000000
1549.9965481	1514.9953046	15554.9267383	2.8819085	0.4713299	0.4593716	0.7575338	0.4118435	0.0000000	0.0000000
1545.0061240	1514.9953046	15549.8451074	2.8720493	0.4513159	0.4887993	0.7435059	0.4102609	0.0000000	0.0000000
1539.9981617	1514.9953046	15544.7634766	2.8621901	0.4309683	0.5001549	0.7361952	0.4047842	0.0000000	0.0000000
1534.9961535	1514.9953046	15539.9238281	2.8523310	0.4106208	0.4678389	0.7556646	0.4016791	0.0000000	0.0000000
1529.9946542	1514.9953046	15534.8586035	2.8424718	0.3906068	0.4089406	0.7511909	0.4089910	0.0000000	0.0000000
1525.0057058	1514.9953046	15529.7933789	2.8326127	0.3702592	0.3290847	0.7460929	0.4076040	0.0000000	0.0000000
1519.9979617	1514.9953046	15524.9693555	2.8227535	0.3502452	0.2496891	0.7361121	0.4037087	0.0000000	0.0000000
1514.9965539	1514.9953046	15519.9041309	2.8128944	0.3298976	0.2130795	0.7148306	0.4082900	0.0000000	0.0000000
1510.0011622	1514.9953046	15514.8420312	2.8030352	0.3095500	0.2699241	0.7146165	0.4116851	0.0000000	0.0000000
1504.9991342	1514.9953046	15509.7932129	2.7931761	0.2895360	0.2339080	0.7159740	0.4140457	0.0000000	0.0000000
1499.9998464	1514.9953046	15504.9848145	2.7833169	0.2691884	0.1707029	0.7161594	0.4070625	0.0000000	0.0000000
1495.0012710	1514.9953046	15499.9359961	2.7734577	0.2491744	0.1431639	0.7277575	0.4091272	0.0000000	0.0000000
1489.9975133	1514.9953046	15494.8871777	2.7635986	0.2288268	0.1077950	0.7190617	0.4149487	0.0000000	0.0000000
1485.0010010	1514.9953046	15489.8445312	2.7537394	0.2084793	0.0886595	0.7072943	0.4119188	0.0000000	0.0000000
1480.0039702	1514.9953046	15484.8119141	2.7438803	0.1884653	0.1217930	0.7257017	0.4050563	0.0000000	0.0000000
1475.0073710	1514.9953046	15479.7792969	2.7340211	0.1681177	0.2125581	0.7136602	0.4072918	0.0000000	0.0000000
1470.0101807	1514.9953046	15474.9863281	2.7241620	0.1481037	0.3089650	0.6866091	0.4150742	0.0000000	0.0000000
1464.9996160	1514.9953046	15469.9537109	2.7143028	0.1277561	0.3395055	0.6819724	0.4139489	0.0000000	0.0000000
1460.0031723	1514.9953046	15464.9302344	2.7044437	0.1077421	0.2487911	0.6721574	0.4077223	0.0000000	0.0000000
1455.0133719	1514.9953046	15459.9136133	2.6945845	0.0873945	0.1538416	0.6781039	0.4068016	0.0000000	0.0000000
1449.9959945	1514.9953046	15454.8969922	2.6847254	0.0670469	0.0794078	0.6797278	0.3996770	0.0000000	0.0000000
1445.0031453	1514.9953046	15449.8803711	2.6748662	0.0470329	0.0838458	0.6563508	0.4048317	0.0000000	0.0000000
1439.9983277	1514.9953046	15444.8637500	2.6650070	0.0266853	0.2241427	0.6456476	0.4134148	0.0000000	0.0000000
1435.0050512	1514.9953046	15439.8602441	2.6551479	0.0066713	0.3805211	0.6342716	0.4072455	0.0000000	0.0000000
1429.9991600	1514.9953046	15434.8598242	2.6452887	-0.0136762	0.4961096	0.6262874	0.4090866	0.0000000	0.0000000
1424.9990761	1514.9953046	15429.8594043	2.6354296	-0.0340238	0.5457939	0.6206914	0.4105817	0.0000000	0.0000000
1420.0059019	1514.9953046	15424.8589844	2.6255704	-0.0540378	0.4439125	0.6218726	0.3983229	0.0000000	0.0000000
1414.9937701	1514.9953046	15419.8593262	2.6157113	-0.0743854	0.3409761	0.6028059	0.4048868	0.0000000	0.0000000
1409.9936575	1514.9953046	15414.8749023	2.6058521	-0.0943994	0.2662126	0.5801277	0.4023385	0.0000000	0.0000000
1405.0002814	1514.9953046	15409.8904785	2.5959930	-0.1147470	0.2374227	0.5781597	0.4100559	0.0000000	0.0000000
1399.9939120	1514.9953046	15404.9060547	2.5861338	-0.1350946	0.1727950	0.5652737	0.4008755	0.0000000	0.0000000
1394.9969913	1514.9953046	15399.9216309	2.5762746	-0.1551086	0.1791355	0.5725281	0.3995497	0.0000000	0.0000000
1389.9916327	1514.9953046	15394.9417773	2.5664155	-0.1754562	0.1512560	0.5597590	0.4041599	0.0000000	0.0000000
1385.0053575	1514.9953046	15389.9733496	2.5565563	-0.1954702	0.1095989	0.5444829	0.4005017	0.0000000	0.0000000
1379.9954919	1514.9953046	15384.7683301	2.5466972	-0.2158177	0.0709717	0.5306891	0.4004143	0.0000000	0.0000000
1375.0037561	1514.9953046	15379.7999023	2.5368380	-0.2361653	0.0530486	0.5248926	0.4021141	0.0000000	0.0000000
1369.9938149	1514.9953046	15374.8314746	2.5269789	-0.2561793	0.1237224	0.5288569	0.4117771	0.0000000	0.0000000
1364.9893972	1514.9953046	15369.8720703	2.5171197	-0.2765269	0.2642390	0.5089347	0.4018749	0.0000000	0.0000000
1360.0097601	1514.9953046	15364.9194336	2.5072606	-0.2965409	0.4281287	0.4828667	0.4087816	0.0000000	0.0000000
1354.9999390	1514.9953046	15359.9667969	2.4974014	-0.3168885	0.4641918	0.4678442	0.4119252	0.0000000	0.0000000
1349.9905185	1514.9953046	15354.7783203	2.4875423	-0.3369025	0.4121863	0.4585161	0.4082288	0.0000000	0.0000000
1345.0035932	1514.9953046	15349.8256836	2.4776831	-0.3572501	0.2811819	0.4413789	0.4069024	0.0000000	0.0000000
1340.0058595	1514.9953046	15344.8864062	2.4678239	-0.3775977	0.2452129	0.4508385	0.4016718	0.0000000	0.0000000
1335.0013764	1514.9953046	15339.9493555	2.4579648	-0.3976117	0.3538839	0.4293820	0.4016350	0.0000000	0.0000000
1330.0043482	1514.9953046	15334.7772070	2.4481056	-0.4179592	0.4537402	0.4052903	0.3980955	0.0000000	0.0000000
1325.0067276	1514.9953046	15329.8401562	2.4382465	-0.4379732	0.4555990	0.3825878	0.4047675	0.0000000	0.0000000
1320.0090417	1514.9953046	15324.9053613	2.4283873	-0.4583208	0.3531565	0.3694053	0.4095474	0.0000000	0.0000000
1314.9983984	1514.9953046	15319.9841016	2.4185282	-0.4786684	0.2123578	0.3507952	0.4030547	0.0000000	0.0000000
1310.0006648	1514.9953046	15314.8284961	2.4086690	-0.4986824	0.1142321	0.3339961	0.4041338	0.0000000	0.0000000
1305.0029693	1514.9953046	15309.9072363	2.3988099	-0.5190300	0.0711304	0.3154107	0.4077998	0.0000000	0.0000000
1300.0059589	1514.9953046	15304.9859766	2.3889507	-0.5390440	0.0658501	0.3001920	0.4071340	0.0000000	0.0000000
1295.0063540	1514.9953046	15299.8376953	2.3790915	-0.5593916	0.0978070	0.2829105	0.4036293	0.0000000	0.0000000
1290.0052150	1514.9953046	15294.9318164	2.3692324	-0.5797392	0.1333125	0.2611133	0.3989724	0.0000000	0.0000000
1285.0068833	1514.9953046	15289.7923242	2.3593732	-0.5997532	0.1687589	0.2490704	0.4024166	0.0000000	0.0000000
1280.0011129	1514.9953046	15284.8864453	2.3495141	-0.6201007	0.2484133	0.2341677	0.4001707	0.0000000	0.0000000
1275.0093966	1514.9953046	15279.9805664	2.3396549	-0.6401147	0.4542621	0.2154528	0.4033001	0.0000000	0.0000000
1270.0009934	1514.9953046	15274.8536914	2.3297958	-0.6604623	0.6010414	0.2033481	0.4037146	0.0000000	0.0000000
1264.9950068	1514.9953046	15269.9633984	2.3199366	-0.6808099	0.5942417	0.1886929	0.4025006	0.0000000	0.0000000
1260.0211049	1514.9953046	15264.8402344	2.3100775	-0.7008239	0.4702925	0.1718667	0.4103114	0.0000000	0.0000000
1255.0147454	1514.9953046	15259.9499414	2.3002183	-0.7211715	0.3040876	0.1669679	0.4046812	0.0000000	0.0000000
1250.0156050	1514.9953046	15254.8289746	2.2903592	-0.7411855	0.1552195	0.1439000	0.4114829	0.0000000	0.0000000
