1599.9954356	1349.9890296	15439.8602441	3.5251343	1.1851629	0.0893656	0.7921315	0.2576338	0.0000000	1350.0000000
1594.9925208	1349.9890296	15434.8598242	3.5151408	1.1648154	0.1251102	0.8203338	0.2604763	0.0000000	0.0000000
1589.9980278	1349.9890296	15429.8594043	3.5052817	1.1444678	0.1303809	0.8767826	0.2616921	0.0000000	0.0000000
1584.9897793	1349.9890296	15424.8589844	3.4954225	1.1244538	0.0890670	0.8537617	0.2549537	0.0000000	0.0000000
1579.9932605	1349.9890296	15419.8593262	3.4855634	1.1041062	0.0795240	0.8336785	0.2611553	0.0000000	0.0000000
1574.9847739	1349.9890296	15414.8749023	3.4757042	1.0840922	0.0677612	0.8517313	0.2621035	0.0000000	0.0000000
1569.9935429	1349.9890296	15409.8904785	3.4658451	1.0637446	0.0520376	0.8192230	0.2591514	0.0000000	0.0000000
1564.9854875	1349.9890296	15404.9060547	3.4559859	1.0433970	0.0427550	0.7916679	0.2585266	0.0000000	0.0000000
1559.9998645	1349.9890296	15399.9216309	3.4461268	1.0233830	0.0418237	0.7926168	0.2595336	0.0000000	0.0000000
1554.9972408	1349.9890296	15394.9417773	3.4362676	1.0030355	0.0457518	0.7534025	0.2595125	0.0000000	0.0000000
1549.9908346	1349.9890296	15389.9733496	3.4264085	0.9830214	0.0512039	0.7496710	0.2547949	0.0000000	0.0000000
1544.9998486	1349.9890296	15384.7683301	3.4165493	0.9626739	0.0844276	0.7502094	0.2601558	0.0000000	0.0000000
1539.9918854	1349.9890296	15379.7999023	3.4066901	0.9423263	0.1243168	0.7197018	0.2600675	0.0000000	0.0000000
1534.9898781	1349.9890296	15374.8314746	3.3968310	0.9223123	0.1984248	0.7359376	0.2551558	0.0000000	0.0000000
1529.9946542	1349.9890296	15369.8720703	3.3869718	0.9019647	0.2659957	0.7286834	0.2620861	0.0000000	0.0000000
1524.9994304	1349.9890296	15364.9194336	3.3771127	0.8819507	0.3309514	0.7411663	0.2556724	0.0000000	0.0000000
1519.9916865	1349.9890296	15359.9667969	3.3672535	0.8616031	0.4257614	0.7109507	0.2603363	0.0000000	0.0000000
1514.9965539	1349.9890296	15354.7783203	3.3573944	0.8412555	0.4573108	0.7047507	0.2590335	0.0000000	0.0000000
1509.9948860	1349.9890296	15349.8256836	3.3475352	0.8212415	0.4467709	0.7122048	0.2552572	0.0000000	0.0000000
1504.9928588	1349.9890296	15344.8864062	3.3376761	0.8008940	0.3485165	0.7002536	0.2613717	0.0000000	0.0000000
1499.9935148	1349.9890296	15339.9493555	3.3278169	0.7808799	0.2465897	0.6990763	0.2611155	0.0000000	0.0000000
1494.9877468	1349.9890296	15334.7772070	3.3179577	0.7605324	0.2096205	0.7294307	0.2576834	0.0000000	0.0000000
1489.9975133	1349.9890296	15329.8401562	3.3080986	0.7405184	0.1578832	0.7230399	0.2486576	0.0000000	0.0000000
1485.0010010	1349.9890296	15324.9053613	3.2982394	0.7201708	0.1017114	0.6963172	0.2574946	0.0000000	0.0000000
1479.9904481	1349.9890296	15319.9841016	3.2883803	0.6998232	0.0478679	0.6716160	0.2638497	0.0000000	0.0000000
1474.9938468	1349.9890296	15314.8284961	3.2785211	0.6798092	0.0530487	0.7024513	0.2481627	0.0000000	0.0000000
1469.9966565	1349.9890296	15309.9072363	3.2686620	0.6594616	0.1010775	0.6882365	0.2570651	0.0000000	0.0000000
1464.9996160	1349.9890296	15304.9859766	3.2588028	0.6394476	0.1342357	0.6690852	0.2525336	0.0000000	0.0000000
1459.9964112	1349.9890296	15299.8376953	3.2489437	0.6191000	0.1482445	0.6548408	0.2602952	0.0000000	0.0000000
1455.0066100	1349.9890296	15294.9318164	3.2390845	0.5987525	0.0895956	0.6743851	0.2563754	0.0000000	0.0000000
1449.9892324	1349.9890296	15289.7923242	3.2292254	0.5787385	0.0537090	0.6563444	0.2588528	0.0000000	0.0000000
1444.9966097	1349.9890296	15284.8864453	3.2193662	0.5583909	0.0263466	0.6663060	0.2566410	0.0000000	0.0000000
1439.9920783	1349.9890296	15279.9805664	3.2095070	0.5383769	0.0585719	0.6443816	0.2575273	0.0000000	0.0000000
1434.9988018	1349.9890296	15274.8536914	3.1996479	0.5180293	0.1508541	0.6282929	0.2571777	0.0000000	0.0000000
1429.9929097	1349.9890296	15269.9633984	3.1897887	0.4976817	0.2398647	0.6187085	0.2592966	0.0000000	0.0000000
1424.9928269	1349.9890296	15264.8402344	3.1799296	0.4776677	0.2656232	0.6046589	0.2616078	0.0000000	0.0000000
1419.9996525	1349.9890296	15259.9499414	3.1700704	0.4573201	0.2394647	0.5956638	0.2598771	0.0000000	0.0000000
1414.9875199	1349.9890296	15254.8289746	3.1602113	0.4373061	0.2002645	0.6101925	0.2592371	0.0000000	0.0000000
1409.9936575	1349.9890296	15249.9540625	3.1503521	0.4169585	0.1613547	0.5919548	0.2563257	0.0000000	0.0000000
1405.0002814	1349.9890296	15244.8470117	3.1404930	0.3966110	0.1263661	0.5699566	0.2563579	0.0000000	0.0000000
1399.9876626	1349.9890296	15239.9720996	3.1306338	0.3765970	0.0993529	0.5735675	0.2576730	0.0000000	0.0000000
1394.9969913	1349.9890296	15234.8650488	3.1207746	0.3562494	0.0770199	0.5678607	0.2550582	0.0000000	0.0000000
1389.9855886	1349.9890296	15229.9973633	3.1109155	0.3362354	0.0706671	0.5512166	0.2637872	0.0000000	0.0000000
1385.0053575	1349.9890296	15224.9062109	3.1010563	0.3158878	0.0694098	0.5457891	0.2629717	0.0000000	0.0000000
1379.9954919	1349.9890296	15219.8150586	3.0911972	0.2955402	0.0598824	0.5211898	0.2626908	0.0000000	0.0000000
1374.9916695	1349.9890296	15214.9553223	3.0813380	0.2755262	0.0397744	0.5162302	0.2560048	0.0000000	0.0000000
1369.9938149	1349.9890296	15209.8641699	3.0714789	0.2551786	0.0422380	0.5043457	0.2636550	0.0000000	0.0000000
1364.9893972	1349.9890296	15204.7869336	3.0616197	0.2351646	0.0799586	0.4904308	0.2606676	0.0000000	0.0000000
1360.0037170	1349.9890296	15199.9425781	3.0517606	0.2148170	0.1628612	0.4824645	0.2539651	0.0000000	0.0000000
1354.9999390	1349.9890296	15194.8675391	3.0419014	0.1948030	0.2329185	0.4637893	0.2591531	0.0000000	0.0000000
1349.9905185	1349.9890296	15189.7925000	3.0320423	0.1744555	0.2430673	0.4491061	0.2623303	0.0000000	0.0000000
1344.9967843	1349.9890296	15184.9517090	3.0221831	0.1541079	0.1953445	0.4424198	0.2649329	0.0000000	0.0000000
1340.0058595	1349.9890296	15179.8923535	3.0123239	0.1340939	0.1448691	0.4254028	0.2630137	0.0000000	0.0000000
1334.9945685	1349.9890296	15174.8329980	3.0024648	0.1137463	0.1975176	0.4221929	0.2531353	0.0000000	0.0000000
1330.0043482	1349.9890296	15169.7736426	2.9926056	0.0937323	0.2331642	0.4061041	0.2536267	0.0000000	0.0000000
1324.9999187	1349.9890296	15164.9442578	2.9827465	0.0733847	0.2658804	0.3766790	0.2557361	0.0000000	0.0000000
1320.0022339	1349.9890296	15159.8950195	2.9728873	0.0530371	0.2278716	0.3558352	0.2591381	0.0000000	0.0000000
1314.9983984	1349.9890296	15154.8515625	2.9630282	0.0330231	0.1454426	0.3417699	0.2579812	0.0000000	0.0000000
1309.9938559	1349.9890296	15149.8081055	2.9531690	0.0126755	0.1166841	0.3256841	0.2593423	0.0000000	0.0000000
1304.9961614	1349.9890296	15144.9938965	2.9433099	-0.0073385	0.1182469	0.3152260	0.2637699	0.0000000	0.0000000
1299.9991501	1349.9890296	15139.9511523	2.9334507	-0.0276860	0.1048357	0.2906440	0.2635397	0.0000000	0.0000000
1294.9989791	1349.9890296	15134.9233789	2.9235915	-0.0480336	0.0953193	0.2695719	0.2579514	0.0000000	0.0000000
1290.0052150	1349.9890296	15129.8956055	2.9137324	-0.0680476	0.1021125	0.2710809	0.2560625	0.0000000	0.0000000
1284.9994674	1349.9890296	15124.8678320	2.9038732	-0.0883952	0.1019561	0.2416671	0.2558720	0.0000000	0.0000000
1280.0011129	1349.9890296	15119.8400586	2.8940141	-0.1084092	0.1263729	0.2370824	0.2496688	0.0000000	0.0000000
1275.0093966	1349.9890296	15114.8202344	2.8841549	-0.1287568	0.1742014	0.2137498	0.2555470	0.0000000	0.0000000
1270.0009934	1349.9890296	15109.8083594	2.8742958	-0.1491044	0.3030802	0.1966835	0.2534053	0.0000000	0.0000000
1265.0031208	1349.9890296	15104.7964844	2.8644366	-0.1691184	0.3510089	0.1836498	0.2567639	0.0000000	0.0000000
1260.0129909	1349.9890296	15099.7846094	2.8545775	-0.1894660	0.2959231	0.1708412	0.2576224	0.0000000	0.0000000
1255.0147454	1349.9890296	15094.7727344	2.8447183	-0.2094800	0.1908466	0.1628662	0.2623239	0.0000000	0.0000000
1250.0156050	1349.9890296	15089.7762402	2.8348592	-0.2298275	0.1367334	0.1418130	0.2604817	0.0000000	0.0000000
