2639.9943618	1250.0093221	13884.9569824	4.0201474	2.3019447	0.0376427	0.4463309	0.0974348	7188.5000000	2640.0000000
2639.9943618	1255.0083965	13879.8694629	3.9944628	2.2739251	0.0566168	0.4361488	0.0994941	7191.1000000	0.0000000
2639.9943618	1260.0090730	13874.8187988	3.9691117	2.2459055	0.0685746	0.4519601	0.0977992	7193.7000000	0.0000000
2639.9943618	1265.0065966	13869.9811523	3.9434271	2.2178859	0.0835154	0.4421450	0.1027192	7196.2000000	0.0000000
2639.9943618	1269.9994179	13864.9500000	3.9180760	2.1898662	0.1149834	0.4510259	0.1100256	7198.8000000	0.0000000
2639.9943618	1275.0032816	13859.9188477	3.8923913	2.1618466	0.1082494	0.4492202	0.1146227	7201.4000000	0.0000000
2639.9943618	1279.9945858	13854.9367187	3.8670403	2.1341606	0.1037015	0.4489058	0.1268619	7204.0000000	0.0000000
2639.9943618	1285.0039494	13849.9692969	3.8413556	2.1061410	0.0982599	0.4690055	0.1405020	7206.6000000	0.0000000
2639.9943618	1290.0015653	13844.8108203	3.8160045	2.0781214	0.0796487	0.4471851	0.1490968	7209.3000000	0.0000000
2639.9943618	1294.9882746	13839.8433984	3.7906535	2.0501017	0.0473030	0.4586497	0.1522285	7211.9000000	0.0000000
2639.9943618	1300.0131757	13834.9450684	3.7649688	2.0220821	0.0315507	0.4510665	0.1472564	7214.5000000	0.0000000
2639.9943618	1305.0131413	13829.8612109	3.7396177	1.9940625	0.0434651	0.4532770	0.1564796	7217.2000000	0.0000000
2639.9943618	1310.0015170	13824.9656445	3.7139331	1.9660429	0.0616385	0.4684262	0.1583029	7219.8000000	0.0000000
2639.9943618	1315.0061629	13819.8970215	3.6885820	1.9380233	0.0687273	0.4568214	0.1785175	7222.5000000	0.0000000
2639.9943618	1320.0007853	13814.8954297	3.6628974	1.9100037	0.0601206	0.4605545	0.1774269	7225.2000000	0.0000000
2639.9943618	1325.0046642	13809.8938379	3.6375463	1.8819841	0.0266124	0.4452804	0.1867642	7227.9000000	0.0000000
2639.9943618	1330.0054664	13804.8922461	3.6118616	1.8539644	0.0333430	0.4523079	0.1900096	7230.6000000	0.0000000
2639.9943618	1335.0009231	13799.9363574	3.5865106	1.8259448	0.0458729	0.4526151	0.1956002	7233.3000000	0.0000000
2639.9943618	1339.9933394	13794.8479590	3.5611595	1.7979252	0.0381772	0.4567159	0.1964888	7236.1000000	0.0000000
2639.9943618	1344.9949594	13789.9412891	3.5354748	1.7699056	0.0336567	0.4534716	0.2032504	7238.8000000	0.0000000
2639.9943618	1350.0133115	13784.8528906	3.5101238	1.7418860	0.0544554	0.4540753	0.2025814	7241.6000000	0.0000000
2639.9943618	1355.0004858	13779.9513477	3.4844391	1.7138664	0.0726532	0.4650490	0.2119425	7244.2000000	0.0000000
2639.9943618	1360.0111868	13774.8279395	3.4590880	1.6858468	0.0356804	0.4562029	0.2252753	7246.9000000	0.0000000
2639.9943618	1365.0037279	13769.8942871	3.4334034	1.6581607	0.0612023	0.4470929	0.2250491	7249.5000000	0.0000000
2639.9943618	1370.0053554	13764.9611523	3.4080523	1.6301411	0.1010946	0.4693170	0.2308518	7252.1000000	0.0000000
2639.9943618	1375.0107430	13759.8517187	3.3823677	1.6021215	0.0571899	0.4513695	0.2296393	7254.8000000	0.0000000
2639.9943618	1380.0116173	13754.9315234	3.3570166	1.5741019	0.0400984	0.4470023	0.2291187	7257.4000000	0.0000000
2639.9943618	1385.0020152	13749.8220898	3.3316655	1.5460823	0.0369427	0.4671314	0.2280405	7260.1000000	0.0000000
2639.9943618	1390.0089011	13744.9055859	3.3059809	1.5180626	0.0277079	0.4566167	0.2462654	7262.7000000	0.0000000
2639.9943618	1395.0187476	13739.9991016	3.2806298	1.4900430	0.0538729	0.4637986	0.2441587	7265.3000000	0.0000000
2639.9943618	1400.0107098	13734.9039062	3.2549451	1.4620234	0.0690886	0.4662935	0.2581525	7268.0000000	0.0000000
2639.9943618	1405.0190454	13729.9974219	3.2295940	1.4340038	0.0749238	0.4790900	0.2659336	7270.6000000	0.0000000
2639.9943618	1410.0029134	13724.9088281	3.2039094	1.4059842	0.0766716	0.4619854	0.2787806	7273.3000000	0.0000000
2639.9943618	1415.0105118	13719.8273437	3.1785583	1.3779646	0.1024558	0.4764596	0.2735549	7276.0000000	0.0000000
2639.9943618	1420.0070239	13714.9340625	3.1528737	1.3499450	0.1308859	0.4822815	0.2728738	7278.6000000	0.0000000
2639.9943618	1425.0131305	13709.8525781	3.1275226	1.3219253	0.1768921	0.4897629	0.2774563	7281.3000000	0.0000000
2639.9943618	1430.0089334	13704.9691309	3.1018380	1.2939057	0.1705505	0.4848938	0.2846325	7283.9000000	0.0000000
2639.9943618	1435.0062360	13699.9016211	3.0764869	1.2658861	0.1342319	0.5014180	0.2910654	7286.6000000	0.0000000
2639.9943618	1440.0079430	13694.8341113	3.0511358	1.2378665	0.0643340	0.4797842	0.3025636	7289.3000000	0.0000000
2639.9943618	1445.0045465	13689.9542871	3.0254511	1.2098469	0.0307899	0.4794133	0.3201885	7291.9000000	0.0000000
2639.9943618	1450.0113701	13684.9002344	3.0001001	1.1821608	0.0085281	0.4746270	0.3234750	7294.6000000	0.0000000
2639.9943618	1455.0072718	13679.8466992	2.9744154	1.1541412	0.0876816	0.4741356	0.3335459	7297.3000000	0.0000000
2639.9943618	1460.0126296	13674.9803320	2.9490643	1.1261216	0.2035159	0.4941936	0.3246062	7299.9000000	0.0000000
2639.9943618	1465.0136350	13669.9298437	2.9233797	1.0981020	0.2005338	0.4941417	0.3283484	7302.6000000	0.0000000
2639.9943618	1470.0117513	13664.8900195	2.8980286	1.0700824	0.1574083	0.4919769	0.3284215	7305.3000000	0.0000000
2639.9943618	1475.0185396	13659.8501953	2.8723440	1.0420628	0.0996365	0.4960794	0.3293189	7308.0000000	0.0000000
2639.9943618	1480.0087583	13654.9970312	2.8469929	1.0140432	0.0192617	0.4755230	0.3363518	7310.6000000	0.0000000
2639.9943618	1485.0076465	13649.9639355	2.8216418	0.9860235	0.0553806	0.4850681	0.3547295	7313.3000000	0.0000000
2639.9943618	1490.0165779	13644.9380859	2.7959572	0.9580039	0.4313096	0.5178005	0.3707435	7316.0000000	0.0000000
2639.9943618	1495.0018842	13639.9122363	2.7706061	0.9299843	0.6000786	0.5379902	0.3787600	7318.7000000	0.0000000
2639.9943618	1500.0086715	13634.8863867	2.7449214	0.9019647	0.4601587	0.5148567	0.3665492	7321.4000000	0.0000000
2639.9943618	1505.0125874	13629.8709961	2.7195704	0.8739451	0.6966553	0.5493303	0.3500947	7324.1000000	0.0000000
2639.9943618	1510.0051304	13624.8585937	2.6938857	0.8459255	0.9173896	0.5981373	0.3547579	7326.8000000	0.0000000
2639.9943618	1515.0140255	13619.8461914	2.6685346	0.8179059	0.8892242	0.5769944	0.3609039	7329.5000000	0.0000000
2639.9943618	1520.0129811	13614.8348047	2.6428500	0.7898863	0.7410337	0.5471022	0.3722136	7332.2000000	0.0000000
2639.9943618	1525.0140722	13609.8361133	2.6174989	0.7618666	0.4651937	0.5122340	0.3725587	7334.9000000	0.0000000
2639.9943618	1530.0052970	13604.8374219	2.5921478	0.7338470	0.2737224	0.5025649	0.3967236	7337.6000000	0.0000000
2639.9943618	1535.0120450	13599.8387305	2.5664632	0.7061610	0.1180690	0.4790950	0.3987852	7340.3000000	0.0000000
2639.9943618	1540.0145659	13594.8450195	2.5411121	0.6781414	0.0443680	0.4721697	0.3993513	7343.0000000	0.0000000
2639.9943618	1545.0016629	13589.8597754	2.5154275	0.6501218	0.0170155	0.4679199	0.3958552	7345.7000000	0.0000000
