2939.9933757	1250.0164739	14184.9497852	4.0201474	2.0921312	0.0039955	0.4400906	0.0984312	7038.3000000	2940.0000000
2939.9933757	1255.0083965	14179.9391992	3.9944628	2.0641115	0.0041770	0.4442105	0.1060225	7040.9000000	0.0000000
2939.9933757	1260.0090730	14174.8946289	3.9691117	2.0360919	0.0071047	0.4312774	0.1101508	7043.5000000	0.0000000
2939.9933757	1265.0136988	14169.8251367	3.9434271	2.0080723	0.0083156	0.4327758	0.1118239	7046.1000000	0.0000000
2939.9933757	1270.0065068	14164.9506250	3.9180760	1.9800527	0.0123525	0.4336159	0.1179016	7048.6000000	0.0000000
2939.9933757	1275.0103515	14159.8811328	3.8923913	1.9520331	0.0091876	0.4508641	0.1223009	7051.2000000	0.0000000
2939.9933757	1280.0087077	14154.9732520	3.8670403	1.9240135	0.0080234	0.4398939	0.1384699	7053.7000000	0.0000000
2939.9933757	1284.9969032	14149.8527246	3.8413556	1.8959939	0.0058534	0.4343491	0.1439246	7056.3000000	0.0000000
2939.9933757	1290.0085889	14144.9291406	3.8160045	1.8679742	0.0069836	0.4452424	0.1538907	7058.8000000	0.0000000
2939.9933757	1295.0023166	14139.8086133	3.7906535	1.8399546	0.0043582	0.4346939	0.1601107	7061.4000000	0.0000000
2939.9933757	1300.0061827	14134.8531152	3.7649688	1.8119350	0.0049495	0.4448018	0.1575187	7063.9000000	0.0000000
2939.9933757	1305.0061646	14129.8875391	3.7396177	1.7839154	0.0040223	0.4379113	0.1683254	7066.4000000	0.0000000
2939.9933757	1310.0084776	14124.9219629	3.7139331	1.7558958	0.0025504	0.4439191	0.1750144	7068.9000000	0.0000000
2939.9933757	1315.0061629	14119.9563867	3.6885820	1.7278762	0.0030212	0.4333433	0.1809564	7071.4000000	0.0000000
2939.9933757	1320.0007853	14114.9644629	3.6628974	1.6998566	0.0025505	0.4394351	0.1894562	7073.9000000	0.0000000
2939.9933757	1325.0046642	14109.9642187	3.6375463	1.6718370	0.0026733	0.4369202	0.1902754	7076.4000000	0.0000000
2939.9933757	1330.0054664	14104.9639746	3.6118616	1.6441509	0.0014088	0.4384555	0.1911638	7078.9000000	0.0000000
2939.9933757	1335.0078092	14099.9637305	3.5865106	1.6161313	0.0156356	0.4502814	0.1895691	7081.4000000	0.0000000
2939.9933757	1339.9933394	14094.9430762	3.5611595	1.5881117	0.0175737	0.4526692	0.2003022	7083.9000000	0.0000000
2939.9933757	1344.9949594	14089.9159766	3.5354748	1.5600921	0.0136531	0.4375591	0.2022145	7086.4000000	0.0000000
2939.9933757	1350.0133115	14084.8888770	3.5101238	1.5320725	0.0077474	0.4387930	0.2207567	7088.9000000	0.0000000
2939.9933757	1355.0073124	14079.8617773	3.4844391	1.5040528	0.0050656	0.4354794	0.2316613	7091.4000000	0.0000000
2939.9933757	1360.0111868	14074.8196484	3.4590880	1.4760332	0.0029767	0.4396069	0.2319036	7093.9000000	0.0000000
2939.9933757	1365.0037279	14069.9746484	3.4334034	1.4480136	0.0016047	0.4351226	0.2406177	7096.3000000	0.0000000
2939.9933757	1370.0121378	14064.9277734	3.4080523	1.4199940	0.0025769	0.4385424	0.2338262	7098.8000000	0.0000000
2939.9933757	1375.0175101	14059.8808984	3.3823677	1.3919744	0.0027208	0.4372656	0.2399990	7101.3000000	0.0000000
2939.9933757	1380.0183702	14054.8252344	3.3570166	1.3639548	0.0016683	0.4472100	0.2431315	7103.8000000	0.0000000
2939.9933757	1384.9952665	14049.9685156	3.3316655	1.3359352	0.0015934	0.4476525	0.2487111	7106.2000000	0.0000000
2939.9933757	1390.0156257	14044.9094336	3.3059809	1.3079155	0.0009568	0.4476195	0.2476184	7108.7000000	0.0000000
2939.9933757	1395.0187476	14039.8503516	3.2806298	1.2798959	0.0004557	0.4447743	0.2581747	7111.2000000	0.0000000
2939.9933757	1400.0107098	14034.9905078	3.2549451	1.2518763	0.0017849	0.4465575	0.2754072	7113.6000000	0.0000000
2939.9933757	1405.0190454	14029.9265430	3.2295940	1.2238567	0.0094442	0.4369585	0.2833135	7116.1000000	0.0000000
2939.9933757	1410.0162492	14024.8625781	3.2039094	1.1958371	0.0170602	0.4401699	0.2874319	7118.6000000	0.0000000
2939.9933757	1415.0171650	14019.7986133	3.1785583	1.1681510	0.0225813	0.4445393	0.2834634	7121.1000000	0.0000000
2939.9933757	1420.0070239	14014.9385254	3.1528737	1.1401314	0.0416792	0.4409519	0.2792590	7123.5000000	0.0000000
2939.9933757	1425.0197563	14009.8767578	3.1275226	1.1121118	0.0561530	0.4528187	0.2894955	7126.0000000	0.0000000
2939.9933757	1430.0089334	14004.8149902	3.1018380	1.0840922	0.0513174	0.4423844	0.2820895	7128.5000000	0.0000000
2939.9933757	1435.0062360	13999.9556934	3.0764869	1.0560726	0.0309797	0.4445657	0.2979229	7130.9000000	0.0000000
2939.9933757	1440.0145261	13994.8995312	3.0511358	1.0280530	0.0130834	0.4421676	0.3065381	7133.4000000	0.0000000
2939.9933757	1445.0176878	13989.8477734	3.0254511	1.0000334	0.0035846	0.4509327	0.3275807	7135.9000000	0.0000000
2939.9933757	1450.0179264	13984.9980859	3.0001001	0.9720137	0.0013395	0.4440275	0.3252926	7138.3000000	0.0000000
2939.9933757	1455.0203578	13979.9463281	2.9744154	0.9439941	0.0011285	0.4457098	0.3238969	7140.8000000	0.0000000
2939.9933757	1460.0191583	13974.9034570	2.9490643	0.9159745	0.0003822	0.4331019	0.3370248	7143.3000000	0.0000000
2939.9933757	1465.0136350	13969.8687891	2.9233797	0.8879549	0.0095018	0.4459889	0.3249305	7145.8000000	0.0000000
2939.9933757	1470.0182537	13964.8341211	2.8980286	0.8599353	0.0149540	0.4506287	0.3377988	7148.3000000	0.0000000
2939.9933757	1475.0250288	13959.7994531	2.8723440	0.8319157	0.0097489	0.4440739	0.3486251	7150.8000000	0.0000000
2939.9933757	1480.0152336	13954.9780078	2.8469929	0.8038961	0.0107833	0.4481847	0.3492649	7153.2000000	0.0000000
2939.9933757	1485.0141097	13949.9679980	2.8216418	0.7758764	0.0014514	0.4417385	0.3542914	7155.7000000	0.0000000
2939.9933757	1490.0165779	13944.9579883	2.7959572	0.7478568	0.0026594	0.4429203	0.3764640	7158.2000000	0.0000000
2939.9933757	1495.0147552	13939.9479785	2.7706061	0.7198372	0.0049382	0.4398384	0.3661257	7160.7000000	0.0000000
2939.9933757	1500.0086715	13934.9533203	2.7449214	0.6921512	0.0159854	0.4513363	0.3730993	7163.2000000	0.0000000
2939.9933757	1505.0125874	13929.9752930	2.7195704	0.6641316	0.0726587	0.4567759	0.3632272	7165.7000000	0.0000000
2939.9933757	1510.0115275	13924.9972656	2.6938857	0.6361119	0.1003575	0.4747966	0.3594341	7168.2000000	0.0000000
2939.9933757	1514.9948621	13919.8201172	2.6685346	0.6080923	0.0791792	0.4542846	0.3547545	7170.8000000	0.0000000
2939.9933757	1520.0002394	13914.8625293	2.6428500	0.5800727	0.0675833	0.4462485	0.3756337	7173.3000000	0.0000000
2939.9933757	1525.0077139	13909.9238086	2.6174989	0.5520531	0.0323885	0.4616242	0.3846688	7175.8000000	0.0000000
2939.9933757	1530.0179884	13904.9850879	2.5921478	0.5240335	0.0110616	0.4502589	0.3944020	7178.3000000	0.0000000
2939.9933757	1535.0183774	13899.8488184	2.5664632	0.4960139	0.0024819	0.4416235	0.4026133	7180.9000000	0.0000000
2939.9933757	1540.0145659	13894.9363477	2.5411121	0.4679943	0.0004182	0.4577868	0.4042930	7183.4000000	0.0000000
2939.9933757	1545.0079704	13889.8488281	2.5154275	0.4399746	0.0003995	0.4352595	0.4014425	7186.0000000	0.0000000
