2769.9876127	1250.0021703	14014.9385254	4.0201474	2.2108809	0.1929412	0.8570088	0.1028207	7123.5000000	2770.0000000
2769.9876127	1255.0083965	14009.8767578	3.9944628	2.1828613	0.2371198	0.8571168	0.1064760	7126.0000000	0.0000000
2769.9876127	1260.0019540	14004.8149902	3.9691117	2.1548417	0.2027490	0.8201519	0.1007092	7128.5000000	0.0000000
2769.9876127	1265.0065966	13999.9556934	3.9434271	2.1271557	0.2254805	0.8622661	0.1053723	7130.9000000	0.0000000
2769.9876127	1270.0065068	13994.8995312	3.9180760	2.0991361	0.1871245	0.8726373	0.1127883	7133.4000000	0.0000000
2769.9876127	1275.0174213	13989.8477734	3.8923913	2.0711164	0.1226383	0.8180762	0.1216130	7135.9000000	0.0000000
2769.9876127	1280.0087077	13984.9980859	3.8670403	2.0430968	0.0645748	0.7928137	0.1281649	7138.3000000	0.0000000
2769.9876127	1285.0180272	13979.9463281	3.8413556	2.0150772	0.0538992	0.8233731	0.1358453	7140.8000000	0.0000000
2769.9876127	1290.0085889	13974.9034570	3.8160045	1.9870576	0.0214083	0.8423657	0.1392631	7143.3000000	0.0000000
2769.9876127	1295.0093248	13969.8687891	3.7906535	1.9590380	0.0447419	0.8535490	0.1482570	7145.8000000	0.0000000
2769.9876127	1300.0061827	13964.8341211	3.7649688	1.9310184	0.0441615	0.7952746	0.1538405	7148.3000000	0.0000000
2769.9876127	1305.0061646	13959.7994531	3.7396177	1.9029988	0.0485166	0.8409628	0.1601356	7150.8000000	0.0000000
2769.9876127	1310.0084776	13954.9780078	3.7139331	1.8749792	0.0784641	0.8548230	0.1620673	7153.2000000	0.0000000
2769.9876127	1315.0131095	13949.9679980	3.6885820	1.8469595	0.0363777	0.9049580	0.1661708	7155.7000000	0.0000000
2769.9876127	1320.0077159	13944.9579883	3.6628974	1.8189399	0.0209642	0.8620713	0.1800531	7158.2000000	0.0000000
2769.9876127	1325.0115809	13939.9479785	3.6375463	1.7909203	0.0138052	0.8520258	0.1842733	7160.7000000	0.0000000
2769.9876127	1330.0123662	13934.9533203	3.6118616	1.7629007	0.0186674	0.8299533	0.1949146	7163.2000000	0.0000000
2769.9876127	1335.0009231	13929.9752930	3.5865106	1.7348811	0.1097258	0.9096438	0.1957150	7165.7000000	0.0000000
2769.9876127	1340.0002250	13924.9972656	3.5611595	1.7068615	0.0877136	0.8573530	0.1878723	7168.2000000	0.0000000
2769.9876127	1345.0018259	13919.8201172	3.5354748	1.6788419	0.0508906	0.8627864	0.1957308	7170.8000000	0.0000000
2769.9876127	1350.0133115	13914.8625293	3.5101238	1.6511558	0.0299221	0.8790982	0.2051133	7173.3000000	0.0000000
2769.9876127	1355.0073124	13909.9238086	3.4844391	1.6231362	0.0327310	0.9174776	0.2102179	7175.8000000	0.0000000
2769.9876127	1360.0111868	13904.9850879	3.4590880	1.5951166	0.0267607	0.8766367	0.2255858	7178.3000000	0.0000000
2769.9876127	1365.0037279	13899.8488184	3.4334034	1.5670970	0.0173424	0.8797742	0.2216996	7180.9000000	0.0000000
2769.9876127	1370.0053554	13894.9363477	3.4080523	1.5390774	0.0120640	0.8485949	0.2240289	7183.4000000	0.0000000
2769.9876127	1375.0175101	13889.8488281	3.3823677	1.5110577	0.0200538	0.8827951	0.2305365	7186.0000000	0.0000000
2769.9876127	1380.0183702	13884.9569824	3.3570166	1.4830381	0.0177794	0.8969750	0.2280193	7188.5000000	0.0000000
2769.9876127	1385.0087539	13879.8694629	3.3316655	1.4550185	0.0346604	0.8939373	0.2385530	7191.1000000	0.0000000
2769.9876127	1390.0156257	13874.8187988	3.3059809	1.4269989	0.0294347	0.8607136	0.2444463	7193.7000000	0.0000000
2769.9876127	1395.0187476	13869.9811523	3.2806298	1.3989793	0.0224340	0.9262827	0.2409459	7196.2000000	0.0000000
2769.9876127	1400.0107098	13864.9500000	3.2549451	1.3709597	0.0201292	0.8794063	0.2549938	7198.8000000	0.0000000
2769.9876127	1405.0190454	13859.9188477	3.2295940	1.3429401	0.0156924	0.8963103	0.2729508	7201.4000000	0.0000000
2769.9876127	1410.0095813	13854.9367187	3.2039094	1.3149204	0.0293372	0.9201243	0.2775731	7204.0000000	0.0000000
2769.9876127	1415.0105118	13849.9692969	3.1785583	1.2869008	0.0547637	0.9108126	0.2774677	7206.6000000	0.0000000
2769.9876127	1420.0003845	13844.8108203	3.1528737	1.2588812	0.0973505	0.9180335	0.2753380	7209.3000000	0.0000000
2769.9876127	1425.0131305	13839.8433984	3.1275226	1.2308616	0.0836835	0.8822096	0.2826996	7211.9000000	0.0000000
2769.9876127	1430.0089334	13834.9450684	3.1018380	1.2028420	0.0846929	0.9289579	0.2835870	7214.5000000	0.0000000
2769.9876127	1435.0128346	13829.8612109	3.0764869	1.1751559	0.1118125	0.9220698	0.2974526	7217.2000000	0.0000000
2769.9876127	1440.0145261	13824.9656445	3.0511358	1.1471363	0.0928762	0.9305547	0.3095424	7219.8000000	0.0000000
2769.9876127	1445.0111172	13819.8970215	3.0254511	1.1191167	0.0560787	0.9565443	0.3122747	7222.5000000	0.0000000
2769.9876127	1450.0179264	13814.8954297	3.0001001	1.0910971	0.0227191	0.9415659	0.3340147	7225.2000000	0.0000000
2769.9876127	1455.0138148	13809.8938379	2.9744154	1.0630775	0.0181447	0.8858909	0.3283181	7227.9000000	0.0000000
2769.9876127	1460.0061008	13804.8922461	2.9490643	1.0350579	0.0300208	0.9236564	0.3370319	7230.6000000	0.0000000
2769.9876127	1465.0071186	13799.9363574	2.9233797	1.0070383	0.0655895	0.9362810	0.3218672	7233.3000000	0.0000000
2769.9876127	1470.0182537	13794.8479590	2.8980286	0.9790186	0.0692029	0.9490665	0.3258623	7236.1000000	0.0000000
2769.9876127	1475.0185396	13789.9412891	2.8723440	0.9509990	0.0429827	0.8950950	0.3399533	7238.8000000	0.0000000
2769.9876127	1480.0087583	13784.8528906	2.8469929	0.9229794	0.0240165	0.9377070	0.3386693	7241.6000000	0.0000000
2769.9876127	1485.0076465	13779.9513477	2.8216418	0.8949598	0.0481272	0.9347042	0.3569137	7244.2000000	0.0000000
2769.9876127	1490.0101286	13774.8279395	2.7959572	0.8669402	0.0410537	0.9290615	0.3764005	7246.9000000	0.0000000
2769.9876127	1495.0083197	13769.8942871	2.7706061	0.8389206	0.2165260	0.9579431	0.3666641	7249.5000000	0.0000000
2769.9876127	1500.0086715	13764.9611523	2.7449214	0.8109010	0.5430366	0.9817473	0.3721632	7252.1000000	0.0000000
2769.9876127	1505.0189963	13759.8517187	2.7195704	0.7828814	0.5372461	0.9772570	0.3542780	7254.8000000	0.0000000
2769.9876127	1509.9987309	13754.9315234	2.6938857	1.3712932	0.3999764	0.9497317	0.3597618	7257.4000000	0.0000000
2769.9876127	1515.0140255	13749.8220898	2.6685346	0.7268421	0.2791503	0.9609563	0.3678618	7260.1000000	0.0000000
2769.9876127	1520.0129811	13744.9055859	2.6428500	0.6991561	0.1594154	0.9336904	0.3858701	7262.7000000	0.0000000
2769.9876127	1525.0140722	13739.9991016	2.6174989	0.6711365	0.1814310	0.9556040	0.3879412	7265.3000000	0.0000000
2769.9876127	1530.0116427	13734.9039062	2.5921478	0.6431168	0.1841569	0.9132316	0.3936920	7268.0000000	0.0000000
2769.9876127	1535.0120450	13729.9974219	2.5664632	0.6150972	0.1018018	0.9379885	0.3991347	7270.6000000	0.0000000
2769.9876127	1540.0145659	13724.9088281	2.5411121	0.5870776	0.0488674	0.9505429	0.3974592	7273.3000000	0.0000000
2769.9876127	1545.0079704	13719.8273437	2.5154275	0.5590580	0.0165674	0.9189163	0.4097544	7276.0000000	0.0000000
