2929.9892661	1250.0093221	14174.8946289	4.0201474	2.0991361	0.0058661	0.4952151	0.1015638	7043.5000000	2930.0000000
2929.9892661	1255.0083965	14169.8251367	3.9944628	2.0711164	0.0070704	0.5023335	0.1048738	7046.1000000	0.0000000
2929.9892661	1260.0090730	14164.9506250	3.9691117	2.0430968	0.0097970	0.4952500	0.1057374	7048.6000000	0.0000000
2929.9892661	1264.9994933	14159.8811328	3.9434271	2.0150772	0.0119739	0.5070614	0.1101465	7051.2000000	0.0000000
2929.9892661	1270.0065068	14154.9732520	3.9180760	1.9870576	0.0128816	0.4990509	0.1171556	7053.7000000	0.0000000
2929.9892661	1275.0103515	14149.8527246	3.8923913	1.9590380	0.0163728	0.4940881	0.1263550	7056.3000000	0.0000000
2929.9892661	1280.0087077	14144.9291406	3.8670403	1.9310184	0.0095023	0.4854988	0.1359973	7058.8000000	0.0000000
2929.9892661	1285.0109883	14139.8086133	3.8413556	1.9029988	0.0108759	0.4978941	0.1443165	7061.4000000	0.0000000
2929.9892661	1290.0085889	14134.8531152	3.8160045	1.8749792	0.0073279	0.4856185	0.1518867	7063.9000000	0.0000000
2929.9892661	1295.0023166	14129.8875391	3.7906535	1.8469595	0.0044607	0.4930686	0.1586964	7066.4000000	0.0000000
2929.9892661	1300.0131757	14124.9219629	3.7649688	1.8189399	0.0052850	0.4959136	0.1603702	7068.9000000	0.0000000
2929.9892661	1305.0061646	14119.9563867	3.7396177	1.7909203	0.0049282	0.4866636	0.1649192	7071.4000000	0.0000000
2929.9892661	1310.0015170	14114.9644629	3.7139331	1.7629007	0.0029414	0.5049744	0.1772894	7073.9000000	0.0000000
2929.9892661	1315.0061629	14109.9642187	3.6885820	1.7348811	0.0021112	0.4950171	0.1770720	7076.4000000	0.0000000
2929.9892661	1320.0077159	14104.9639746	3.6628974	1.7068615	0.0018270	0.5041585	0.1916781	7078.9000000	0.0000000
2929.9892661	1325.0115809	14099.9637305	3.6375463	1.6788419	0.0139435	0.4643765	0.1905992	7081.4000000	0.0000000
2929.9892661	1330.0123662	14094.9430762	3.6118616	1.6511558	0.0189814	0.4975386	0.1935273	7083.9000000	0.0000000
2929.9892661	1335.0009231	14089.9159766	3.5865106	1.6231362	0.0205961	0.4974264	0.1997394	7086.4000000	0.0000000
2929.9892661	1339.9933394	14084.8888770	3.5611595	1.5951166	0.0100554	0.5071461	0.2003815	7088.9000000	0.0000000
2929.9892661	1345.0018259	14079.8617773	3.5354748	1.5670970	0.0037865	0.4952892	0.2119246	7091.4000000	0.0000000
2929.9892661	1350.0133115	14074.8196484	3.5101238	1.5390774	0.0032496	0.4882467	0.2171569	7093.9000000	0.0000000
2929.9892661	1355.0073124	14069.9746484	3.4844391	1.5110577	0.0029044	0.5053635	0.2287839	7096.3000000	0.0000000
2929.9892661	1360.0111868	14064.9277734	3.4590880	1.4830381	0.0050219	0.5003230	0.2344157	7098.8000000	0.0000000
2929.9892661	1365.0105236	14059.8808984	3.4334034	1.4550185	0.0042284	0.4871519	0.2435989	7101.3000000	0.0000000
2929.9892661	1370.0053554	14054.8252344	3.4080523	1.4269989	0.0032391	0.4971672	0.2543215	7103.8000000	0.0000000
2929.9892661	1375.0107430	14049.9685156	3.3823677	1.3989793	0.0019159	0.4915236	0.2483571	7106.2000000	0.0000000
2929.9892661	1380.0116173	14044.9094336	3.3570166	1.3709597	0.0021991	0.5069113	0.2402036	7108.7000000	0.0000000
2929.9892661	1385.0020152	14039.8503516	3.3316655	1.3712932	0.0005404	0.4941832	0.2491888	7111.2000000	0.0000000
2929.9892661	1390.0156257	14034.9905078	3.3059809	1.3149204	0.0020360	0.5045652	0.2575809	7113.6000000	0.0000000
2929.9892661	1395.0120380	14029.9265430	3.2806298	1.2869008	0.0066063	0.4998997	0.2636122	7116.1000000	0.0000000
2929.9892661	1400.0107098	14024.8625781	3.2549451	1.2588812	0.0158464	0.4770215	0.2835770	7118.6000000	0.0000000
2929.9892661	1405.0123646	14019.7986133	3.2295940	1.2308616	0.0171556	0.4879083	0.2876283	7121.1000000	0.0000000
2929.9892661	1410.0095813	14014.9385254	3.2039094	1.2028420	0.0241171	0.4645558	0.2843295	7123.5000000	0.0000000
2929.9892661	1415.0171650	14009.8767578	3.1785583	1.1751559	0.0397793	0.4936383	0.2843424	7126.0000000	0.0000000
2929.9892661	1420.0070239	14004.8149902	3.1528737	1.1471363	0.0491096	0.5021249	0.2922460	7128.5000000	0.0000000
2929.9892661	1425.0197563	13999.9556934	3.1275226	1.1191167	0.0426594	0.5032858	0.2821873	7130.9000000	0.0000000
2929.9892661	1430.0089334	13994.8995312	3.1018380	1.0910971	0.0350494	0.5093892	0.2820992	7133.4000000	0.0000000
2929.9892661	1435.0128346	13989.8477734	3.0764869	1.0630775	0.0205392	0.4826865	0.3014017	7135.9000000	0.0000000
2929.9892661	1440.0145261	13984.9980859	3.0511358	1.0350579	0.0096072	0.4951852	0.3136626	7138.3000000	0.0000000
2929.9892661	1445.0111172	13979.9463281	3.0254511	1.0070383	0.0050302	0.4952987	0.3319331	7140.8000000	0.0000000
2929.9892661	1450.0113701	13974.9034570	3.0001001	0.9790186	0.0013422	0.4906930	0.3262953	7143.3000000	0.0000000
2929.9892661	1455.0072718	13969.8687891	2.9744154	0.9509990	0.0054758	0.4798329	0.3279430	7145.8000000	0.0000000
2929.9892661	1460.0126296	13964.8341211	2.9490643	0.9229794	0.0100306	0.4146936	0.3292621	7148.3000000	0.0000000
2929.9892661	1465.0006021	13959.7994531	2.9233797	0.8949598	0.0122567	0.4768226	0.3228516	7150.8000000	0.0000000
2929.9892661	1470.0182537	13954.9780078	2.8980286	0.8669402	0.0216218	0.4999113	0.3363311	7153.2000000	0.0000000
2929.9892661	1475.0185396	13949.9679980	2.8723440	0.8389206	0.0067712	0.4804037	0.3452725	7155.7000000	0.0000000
2929.9892661	1480.0087583	13944.9579883	2.8469929	0.8109010	0.0023881	0.4853994	0.3661705	7158.2000000	0.0000000
2929.9892661	1485.0076465	13939.9479785	2.8216418	0.7828814	0.0003019	0.4707886	0.3708525	7160.7000000	0.0000000
2929.9892661	1490.0165779	13934.9533203	2.7959572	0.7548617	0.0043937	0.5106597	0.3777394	7163.2000000	0.0000000
2929.9892661	1495.0147552	13929.9752930	2.7706061	0.7268421	0.0367627	0.4854158	0.3822566	7165.7000000	0.0000000
2929.9892661	1500.0150951	13924.9972656	2.7449214	0.6991561	0.0587000	0.4968038	0.3702260	7168.2000000	0.0000000
2929.9892661	1505.0125874	13919.8201172	2.7195704	0.6711365	0.0862000	0.4947861	0.3660647	7170.8000000	0.0000000
2929.9892661	1510.0115275	13914.8625293	2.6938857	0.6431168	0.0948577	0.4865359	0.3650841	7173.3000000	0.0000000
2929.9892661	1515.0076411	13909.9238086	2.6685346	0.6150972	0.0597491	0.5004127	0.3695165	7175.8000000	0.0000000
2929.9892661	1520.0002394	13904.9850879	2.6428500	0.5870776	0.0397397	0.4861543	0.3659617	7178.3000000	0.0000000
2929.9892661	1525.0140722	13899.8488184	2.6174989	0.5590580	0.0123070	0.4528969	0.3718369	7180.9000000	0.0000000
2929.9892661	1530.0052970	13894.9363477	2.5921478	0.5310384	0.0057452	0.4938566	0.3807872	7183.4000000	0.0000000
2929.9892661	1535.0183774	13889.8488281	2.5664632	0.5030188	0.0020092	0.4567927	0.3894318	7186.0000000	0.0000000
2929.9892661	1540.0145659	13884.9569824	2.5411121	0.4749992	0.0009039	0.3982754	0.3895458	7188.5000000	0.0000000
2929.9892661	1545.0079704	13879.8694629	2.5154275	0.4469796	0.0009036	0.4965875	0.3762618	7191.1000000	0.0000000
