2549.9859170	1250.0093221	13794.8479590	4.0201474	2.3649888	0.0183292	0.2385304	0.1093422	7236.1000000	2550.0000000
2549.9859170	1255.0083965	13789.9412891	3.9944628	2.3369692	0.0214556	0.2358417	0.1106887	7238.8000000	0.0000000
2549.9859170	1260.0019540	13784.8528906	3.9691117	2.3089496	0.0401385	0.2446058	0.1087042	7241.6000000	0.0000000
2549.9859170	1265.0065966	13779.9513477	3.9434271	2.2809300	0.0586545	0.2392454	0.1152227	7244.2000000	0.0000000
2549.9859170	1270.0065068	13774.8279395	3.9180760	2.2529104	0.0516537	0.2360241	0.1209276	7246.9000000	0.0000000
2549.9859170	1275.0103515	13769.8942871	3.8923913	2.2248908	0.1142645	0.2421277	0.1285140	7249.5000000	0.0000000
2549.9859170	1280.0157631	13764.9611523	3.8670403	2.1968711	0.1374070	0.2493977	0.1368877	7252.1000000	0.0000000
2549.9859170	1285.0109883	13759.8517187	3.8413556	2.1688515	0.0648689	0.2461514	0.1483135	7254.8000000	0.0000000
2549.9859170	1290.0085889	13754.9315234	3.8160045	2.1411655	0.0228843	0.2356191	0.1526857	7257.4000000	0.0000000
2549.9859170	1295.0023166	13749.8220898	3.7906535	2.1131459	0.0091567	0.2358759	0.1540959	7260.1000000	0.0000000
2549.9859170	1300.0131757	13744.9055859	3.7649688	2.0851263	0.0143977	0.2322551	0.1600555	7262.7000000	0.0000000
2549.9859170	1305.0061646	13739.9991016	3.7396177	2.0571066	0.0200219	0.2332911	0.1681252	7265.3000000	0.0000000
2549.9859170	1310.0084776	13734.9039062	3.7139331	2.0290870	0.0217611	0.2401464	0.1717020	7268.0000000	0.0000000
2549.9859170	1315.0131095	13729.9974219	3.6885820	2.0010674	0.0147214	0.2358123	0.1823137	7270.6000000	0.0000000
2549.9859170	1320.0077159	13724.9088281	3.6628974	1.9730478	0.0193669	0.2413785	0.1903876	7273.3000000	0.0000000
2549.9859170	1325.0115809	13719.8273437	3.6375463	1.9450282	0.0209702	0.2397660	0.1986934	7276.0000000	0.0000000
2549.9859170	1330.0123662	13714.9340625	3.6118616	1.9170086	0.0226162	0.2393330	0.1950847	7278.6000000	0.0000000
2549.9859170	1335.0009231	13709.8525781	3.5865106	1.8889890	0.0108564	0.2368235	0.1999307	7281.3000000	0.0000000
2549.9859170	1339.9933394	13704.9691309	3.5611595	1.8609693	0.0049805	0.2360778	0.2022974	7283.9000000	0.0000000
2549.9859170	1345.0018259	13699.9016211	3.5354748	1.8329497	0.0063621	0.2321106	0.2026707	7286.6000000	0.0000000
2549.9859170	1350.0064703	13694.8341113	3.5101238	1.8049301	0.0066969	0.2356492	0.2148431	7289.3000000	0.0000000
2549.9859170	1355.0073124	13689.9542871	3.4844391	1.7769105	0.0062706	0.2349008	0.2292035	7291.9000000	0.0000000
2549.9859170	1360.0111868	13684.9002344	3.4590880	1.7488909	0.0212965	0.2272520	0.2311412	7294.6000000	0.0000000
2549.9859170	1365.0037279	13679.8466992	3.4334034	1.7208713	0.0877650	0.2424117	0.2356650	7297.3000000	0.0000000
2549.9859170	1370.0121378	13674.9803320	3.4080523	1.6928517	0.0525665	0.2365138	0.2441013	7299.9000000	0.0000000
2549.9859170	1375.0175101	13669.9298437	3.3823677	1.6651656	0.0189260	0.2353954	0.2402134	7302.6000000	0.0000000
2549.9859170	1380.0183702	13664.8900195	3.3570166	1.6371460	0.0104800	0.2355850	0.2355671	7305.3000000	0.0000000
2549.9859170	1385.0020152	13659.8501953	3.3316655	1.6091264	0.0048333	0.2304332	0.2416129	7308.0000000	0.0000000
2549.9859170	1390.0089011	13654.9970312	3.3059809	1.5811068	0.0015756	0.2361285	0.2444452	7310.6000000	0.0000000
2549.9859170	1395.0187476	13649.9639355	3.2806298	1.5530872	0.0337471	0.2402329	0.2607416	7313.3000000	0.0000000
2549.9859170	1400.0040141	13644.9380859	3.2549451	1.5250675	0.1049651	0.2468135	0.2667130	7316.0000000	0.0000000
2549.9859170	1405.0123646	13639.9122363	3.2295940	1.4970479	0.0845834	0.2454655	0.2804148	7318.7000000	0.0000000
2549.9859170	1410.0029134	13634.8863867	3.2039094	1.4690283	0.0330559	0.2376798	0.2789605	7321.4000000	0.0000000
2549.9859170	1415.0171650	13629.8709961	3.1785583	1.4410087	0.0432627	0.2423987	0.2822692	7324.1000000	0.0000000
2549.9859170	1420.0070239	13624.8585937	3.1528737	1.4129891	0.0756630	0.2413021	0.2781144	7326.8000000	0.0000000
2549.9859170	1425.0131305	13619.8461914	3.1275226	1.3849695	0.0954386	0.2405125	0.2798431	7329.5000000	0.0000000
2549.9859170	1430.0023232	13614.8348047	3.1018380	1.3569499	0.0920056	0.2337418	0.2829242	7332.2000000	0.0000000
2549.9859170	1435.0128346	13609.8361133	3.0764869	1.3289303	0.0642227	0.2451339	0.2941252	7334.9000000	0.0000000
2549.9859170	1440.0079430	13604.8374219	3.0511358	1.3009106	0.0385088	0.2422462	0.3190599	7337.6000000	0.0000000
2549.9859170	1445.0176878	13599.8387305	3.0254511	1.2728910	0.0133982	0.2380309	0.3214555	7340.3000000	0.0000000
2549.9859170	1450.0179264	13594.8450195	3.0001001	1.2448714	0.0058275	0.2389707	0.3201047	7343.0000000	0.0000000
2549.9859170	1455.0138148	13589.8597754	2.9744154	1.2168518	0.0109659	0.2371206	0.3254845	7345.7000000	0.0000000
2549.9859170	1460.0191583	13584.8745312	2.9490643	1.1891657	0.0237098	0.2400129	0.3337858	7348.4000000	0.0000000
2549.9859170	1465.0136350	13579.8892871	2.9233797	1.1611461	0.0395079	0.2359576	0.3329429	7351.1000000	0.0000000
2549.9859170	1470.0117513	13574.9131836	2.8980286	1.1331265	0.0368641	0.2425806	0.3449992	7353.8000000	0.0000000
2549.9859170	1475.0185396	13569.9416504	2.8723440	1.1051069	0.0321589	0.2416986	0.3489512	7356.5000000	0.0000000
2549.9859170	1480.0152336	13564.9701172	2.8469929	1.0770873	0.0171055	0.2406542	0.3651825	7359.2000000	0.0000000
2549.9859170	1485.0141097	13559.9985840	2.8216418	1.0490677	0.0082534	0.2415944	0.3715861	7361.9000000	0.0000000
2549.9859170	1490.0165779	13554.8563672	2.7959572	1.0210481	0.0199474	0.2432507	0.3732391	7364.7000000	0.0000000
2549.9859170	1495.0018842	13549.8982812	2.7706061	0.9930285	0.0436362	0.2433607	0.3861890	7367.4000000	0.0000000
2549.9859170	1500.0150951	13544.9401953	2.7449214	0.9650088	0.0512576	0.2449436	0.3739263	7370.1000000	0.0000000
2549.9859170	1505.0189963	13539.9860156	2.7195704	0.9369892	0.0970638	0.2510031	0.3645995	7372.8000000	0.0000000
2549.9859170	1510.0115275	13534.8579687	2.6938857	0.9089696	0.1401278	0.2517858	0.3702638	7375.6000000	0.0000000
2549.9859170	1515.0076411	13529.9130664	2.6685346	0.8809500	0.1593413	0.2576512	0.3758002	7378.3000000	0.0000000
2549.9859170	1520.0066103	13524.9681641	2.6428500	0.8529304	0.1275840	0.2564852	0.3841663	7381.0000000	0.0000000
2549.9859170	1525.0077139	13519.8490820	2.6174989	0.8249108	0.0747185	0.2499696	0.3876130	7383.8000000	0.0000000
2549.9859170	1530.0052970	13514.9176270	2.5921478	0.7968912	0.0498771	0.2395967	0.3990060	7386.5000000	0.0000000
2549.9859170	1535.0183774	13509.9861719	2.5664632	0.7688715	0.0235742	0.2400826	0.4079341	7389.2000000	0.0000000
2549.9859170	1540.0145659	13504.8720703	2.5411121	0.7408519	0.0079642	0.2355297	0.4097571	7392.0000000	0.0000000
2549.9859170	1545.0079704	13499.9540625	2.5154275	0.7131659	0.0029299	0.2412947	0.4102438	7394.7000000	0.0000000
