3049.9890222	1250.0093221	14294.8761914	4.0201474	2.0150772	0.0006953	0.2066133	0.1136981	6981.3000000	3050.0000000
3049.9890222	1255.0012629	14289.8724219	3.9944628	1.9870576	0.0011073	0.1968773	0.1145142	6983.8000000	0.0000000
3049.9890222	1260.0019540	14284.8924414	3.9691117	1.9590380	0.0011818	0.2059492	0.1166853	6986.3000000	0.0000000
3049.9890222	1265.0065966	14279.9124609	3.9434271	1.9310184	0.0012333	0.2008551	0.1228909	6988.8000000	0.0000000
3049.9890222	1269.9994179	14274.9324805	3.9180760	1.9029988	0.0016786	0.2044116	0.1266642	6991.3000000	0.0000000
3049.9890222	1275.0032816	14269.8269629	3.8923913	1.8749792	0.0014465	0.1962594	0.1396080	6993.9000000	0.0000000
3049.9890222	1279.9945858	14264.9439062	3.8670403	1.8469595	0.0011957	0.2060555	0.1472040	6996.4000000	0.0000000
3049.9890222	1285.0039494	14259.8655273	3.8413556	1.8189399	0.0016064	0.2058269	0.1558263	6999.0000000	0.0000000
3049.9890222	1290.0015653	14254.9824707	3.8160045	1.7909203	0.0011157	0.2151630	0.1598943	7001.5000000	0.0000000
3049.9890222	1295.0023166	14249.9961719	3.7906535	1.7629007	0.0008055	0.2114625	0.1709899	7004.1000000	0.0000000
3049.9890222	1300.0061827	14244.8408594	3.7649688	1.7348811	0.0004812	0.2157560	0.1659695	7006.8000000	0.0000000
3049.9890222	1304.9991859	14239.8764844	3.7396177	1.7068615	0.0005336	0.2111901	0.1746571	7009.4000000	0.0000000
3049.9890222	1310.0084776	14234.9121094	3.7139331	1.6788419	0.0012030	0.1966113	0.1856361	7012.0000000	0.0000000
3049.9890222	1315.0061629	14229.8345801	3.6885820	1.6511558	0.0010673	0.2001289	0.1937881	7014.7000000	0.0000000
3049.9890222	1320.0007853	14224.9451074	3.6628974	1.6231362	0.0009673	0.2039652	0.1980485	7017.3000000	0.0000000
3049.9890222	1325.0046642	14219.8675781	3.6375463	1.5951166	0.0012179	0.2060870	0.2066992	7020.0000000	0.0000000
3049.9890222	1330.0054664	14214.9655078	3.6118616	1.5670970	0.0006851	0.1957452	0.2046545	7022.6000000	0.0000000
3049.9890222	1335.0009231	14209.8312891	3.5865106	1.5390774	0.0005953	0.2069248	0.2125035	7025.3000000	0.0000000
3049.9890222	1339.9933394	14204.8872266	3.5611595	1.5110577	0.0006738	0.2083590	0.2084926	7027.9000000	0.0000000
3049.9890222	1345.0018259	14199.9431641	3.5354748	1.4830381	0.0005282	0.1969197	0.2171578	7030.5000000	0.0000000
3049.9890222	1350.0064703	14194.9709570	3.5101238	1.4550185	0.0008274	0.2053940	0.2338615	7033.1000000	0.0000000
3049.9890222	1355.0004858	14189.9603711	3.4844391	1.4269989	0.0010510	0.2035577	0.2402849	7035.7000000	0.0000000
3049.9890222	1360.0111868	14184.9497852	3.4590880	1.3989793	0.0009622	0.2101381	0.2478353	7038.3000000	0.0000000
3049.9890222	1365.0037279	14179.9391992	3.4334034	1.3709597	0.0010024	0.1995857	0.2476220	7040.9000000	0.0000000
3049.9890222	1370.0053554	14174.8946289	3.4080523	1.3429401	0.0009868	0.2097158	0.2424810	7043.5000000	0.0000000
3049.9890222	1375.0107430	14169.8251367	3.3823677	1.3149204	0.0006531	0.1990469	0.2499460	7046.1000000	0.0000000
3049.9890222	1380.0183702	14164.9506250	3.3570166	1.2869008	0.0007443	0.2027776	0.2558442	7048.6000000	0.0000000
3049.9890222	1385.0087539	14159.8811328	3.3316655	1.2588812	0.0004985	0.1824745	0.2586265	7051.2000000	0.0000000
3049.9890222	1390.0089011	14154.9732520	3.3059809	1.2308616	0.0004594	0.1893844	0.2686746	7053.7000000	0.0000000
3049.9890222	1395.0120380	14149.8527246	3.2806298	1.2028420	0.0006865	0.1942916	0.2737201	7056.3000000	0.0000000
3049.9890222	1400.0107098	14144.9291406	3.2549451	1.1751559	0.0007991	0.2046016	0.2828514	7058.8000000	0.0000000
3049.9890222	1405.0123646	14139.8086133	3.2295940	1.1471363	0.0009027	0.1969255	0.2922083	7061.4000000	0.0000000
3049.9890222	1410.0095813	14134.8531152	3.2039094	1.1191167	0.0009810	0.1940239	0.2861007	7063.9000000	0.0000000
3049.9890222	1415.0105118	14129.8875391	3.1785583	1.0910971	0.0008099	0.1880769	0.2859818	7066.4000000	0.0000000
3049.9890222	1420.0003845	14124.9219629	3.1528737	1.0630775	0.0007268	0.2104222	0.2864688	7068.9000000	0.0000000
3049.9890222	1425.0131305	14119.9563867	3.1275226	1.0350579	0.0012866	0.1921138	0.2915923	7071.4000000	0.0000000
3049.9890222	1430.0089334	14114.9644629	3.1018380	1.0070383	0.0011561	0.1995187	0.2949865	7073.9000000	0.0000000
3049.9890222	1435.0128346	14109.9642187	3.0764869	0.9790186	0.0006461	0.1975022	0.3019644	7076.4000000	0.0000000
3049.9890222	1440.0079430	14104.9639746	3.0511358	0.9509990	0.0003330	0.1899066	0.3210273	7078.9000000	0.0000000
3049.9890222	1445.0045465	14099.9637305	3.0254511	0.9229794	0.0007357	0.1860680	0.3263785	7081.4000000	0.0000000
3049.9890222	1450.0113701	14094.9430762	3.0001001	0.8949598	0.0033065	0.1895750	0.3421738	7083.9000000	0.0000000
3049.9890222	1455.0007288	14089.9159766	2.9744154	0.8669402	0.0016857	0.2059999	0.3281096	7086.4000000	0.0000000
3049.9890222	1460.0061008	14084.8888770	2.9490643	0.8389206	0.0011362	0.1837653	0.3379657	7088.9000000	0.0000000
3049.9890222	1465.0006021	14079.8617773	2.9233797	0.8109010	0.0011603	0.1961868	0.3512179	7091.4000000	0.0000000
3049.9890222	1470.0117513	14074.8196484	2.8980286	0.7828814	0.0009622	0.1945259	0.3450667	7093.9000000	0.0000000
3049.9890222	1475.0185396	14069.9746484	2.8723440	0.7548617	0.0003566	0.2131854	0.3400702	7096.3000000	0.0000000
3049.9890222	1480.0152336	14064.9277734	2.8469929	0.7268421	0.0007444	0.2087891	0.3474943	7098.8000000	0.0000000
3049.9890222	1485.0076465	14059.8808984	2.8216418	0.6991561	0.0004393	0.1958514	0.3635538	7101.3000000	0.0000000
3049.9890222	1490.0101286	14054.8252344	2.7959572	0.6711365	0.0013660	0.1979377	0.3731732	7103.8000000	0.0000000
3049.9890222	1495.0018842	14049.9685156	2.7706061	0.6431168	0.0007676	0.1967087	0.3772035	7106.2000000	0.0000000
3049.9890222	1500.0086715	14044.9094336	2.7449214	0.6150972	0.0016830	0.1859456	0.3804260	7108.7000000	0.0000000
3049.9890222	1504.9997690	14039.8503516	2.7195704	0.5870776	0.0029375	0.1872343	0.3625131	7111.2000000	0.0000000
3049.9890222	1510.0115275	14034.9905078	2.6938857	0.5590580	0.0041675	0.1854840	0.3552660	7113.6000000	0.0000000
3049.9890222	1515.0076411	14029.9265430	2.6685346	0.5310384	0.0028671	0.1925923	0.3509795	7116.1000000	0.0000000
3049.9890222	1520.0066103	14024.8625781	2.6428500	0.5030188	0.0012604	0.2035370	0.3666890	7118.6000000	0.0000000
3049.9890222	1525.0140722	14019.7986133	2.6174989	0.4749992	0.0010397	0.2025098	0.3828413	7121.1000000	0.0000000
3049.9890222	1530.0052970	14014.9385254	2.5921478	0.4469796	0.0004390	0.1886213	0.3982487	7123.5000000	0.0000000
3049.9890222	1535.0120450	14009.8767578	2.5664632	0.4189599	0.0005905	0.1939437	0.4010610	7126.0000000	0.0000000
3049.9890222	1540.0082451	14004.8149902	2.5411121	0.3909403	0.0002216	0.1874097	0.3911170	7128.5000000	0.0000000
3049.9890222	1545.0079704	13999.9556934	2.5154275	0.3629207	0.0001710	0.2017018	0.4009568	7130.9000000	0.0000000
