3059.9855001	1250.0093221	14304.8034766	4.0201474	2.0080723	0.0008613	0.1627097	0.1088585	6976.4000000	3060.0000000
3059.9855001	1255.0012629	14299.9411328	3.9944628	1.9800527	0.0011606	0.1562710	0.1115663	6978.8000000	0.0000000
3059.9855001	1260.0019540	14294.8761914	3.9691117	1.9520331	0.0011934	0.1569088	0.1112793	6981.3000000	0.0000000
3059.9855001	1265.0065966	14289.8724219	3.9434271	1.9240135	0.0010471	0.1504858	0.1206772	6983.8000000	0.0000000
3059.9855001	1269.9994179	14284.8924414	3.9180760	1.8959939	0.0010188	0.1741740	0.1289525	6986.3000000	0.0000000
3059.9855001	1275.0032816	14279.9124609	3.8923913	1.8679742	0.0008716	0.1607422	0.1342910	6988.8000000	0.0000000
3059.9855001	1280.0016522	14274.9324805	3.8670403	1.8399546	0.0012551	0.1518937	0.1467000	6991.3000000	0.0000000
3059.9855001	1285.0039494	14269.8269629	3.8413556	1.8119350	0.0006893	0.1501237	0.1519741	6993.9000000	0.0000000
3059.9855001	1290.0015653	14264.9439062	3.8160045	1.7839154	0.0006633	0.1441051	0.1579814	6996.4000000	0.0000000
3059.9855001	1295.0023166	14259.8655273	3.7906535	1.7558958	0.0007894	0.1433496	0.1558835	6999.0000000	0.0000000
3059.9855001	1300.0131757	14254.9824707	3.7649688	1.7278762	0.0004861	0.1507944	0.1640963	7001.5000000	0.0000000
3059.9855001	1305.0061646	14249.9961719	3.7396177	1.6998566	0.0005321	0.1477328	0.1663092	7004.1000000	0.0000000
3059.9855001	1310.0015170	14244.8408594	3.7139331	1.6718370	0.0007484	0.1548246	0.1750713	7006.8000000	0.0000000
3059.9855001	1315.0061629	14239.8764844	3.6885820	1.6441509	0.0008369	0.1586639	0.1826534	7009.4000000	0.0000000
3059.9855001	1320.0007853	14234.9121094	3.6628974	1.6161313	0.0014578	0.1351172	0.1982343	7012.0000000	0.0000000
3059.9855001	1325.0046642	14229.8345801	3.6375463	1.5881117	0.0010161	0.1520577	0.2013915	7014.7000000	0.0000000
3059.9855001	1330.0123662	14224.9451074	3.6118616	1.5600921	0.0007948	0.1499154	0.2088389	7017.3000000	0.0000000
3059.9855001	1335.0078092	14219.8675781	3.5865106	1.5320725	0.0007323	0.1370398	0.2066152	7020.0000000	0.0000000
3059.9855001	1340.0002250	14214.9655078	3.5611595	1.5040528	0.0002919	0.1445156	0.2116250	7022.6000000	0.0000000
3059.9855001	1344.9949594	14209.8312891	3.5354748	1.4760332	0.0004357	0.1570149	0.2118723	7025.3000000	0.0000000
3059.9855001	1350.0064703	14204.8872266	3.5101238	1.4480136	0.0004930	0.1572206	0.2261628	7027.9000000	0.0000000
3059.9855001	1355.0004858	14199.9431641	3.4844391	1.4199940	0.0003979	0.1505077	0.2268795	7030.5000000	0.0000000
3059.9855001	1360.0111868	14194.9709570	3.4590880	1.3919744	0.0006661	0.1471538	0.2346807	7033.1000000	0.0000000
3059.9855001	1365.0037279	14189.9603711	3.4334034	1.3639548	0.0006230	0.1533290	0.2450140	7035.7000000	0.0000000
3059.9855001	1370.0053554	14184.9497852	3.4080523	1.3359352	0.0010160	0.1525986	0.2516959	7038.3000000	0.0000000
3059.9855001	1375.0107430	14179.9391992	3.3823677	1.3079155	0.0008240	0.1530251	0.2545181	7040.9000000	0.0000000
3059.9855001	1380.0116173	14174.8946289	3.3570166	1.2798959	0.0004856	0.1563621	0.2444990	7043.5000000	0.0000000
3059.9855001	1385.0020152	14169.8251367	3.3316655	1.2518763	0.0003214	0.1489089	0.2606660	7046.1000000	0.0000000
3059.9855001	1390.0089011	14164.9506250	3.3059809	1.2238567	0.0006904	0.1426238	0.2599053	7048.6000000	0.0000000
3059.9855001	1395.0120380	14159.8811328	3.2806298	1.1958371	0.0004683	0.1599204	0.2702968	7051.2000000	0.0000000
3059.9855001	1400.0107098	14154.9732520	3.2549451	1.1681510	0.0001990	0.1553173	0.2729093	7053.7000000	0.0000000
3059.9855001	1405.0190454	14149.8527246	3.2295940	1.1401314	0.0003229	0.1631252	0.2854388	7056.3000000	0.0000000
3059.9855001	1410.0095813	14144.9291406	3.2039094	1.1121118	0.0007452	0.1719771	0.2913984	7058.8000000	0.0000000
3059.9855001	1415.0171650	14139.8086133	3.1785583	1.0840922	0.0008434	0.1685761	0.2924388	7061.4000000	0.0000000
3059.9855001	1420.0003845	14134.8531152	3.1528737	1.0560726	0.0003640	0.1674126	0.2929877	7063.9000000	0.0000000
3059.9855001	1425.0131305	14129.8875391	3.1275226	1.0280530	0.0009285	0.1592356	0.2995006	7066.4000000	0.0000000
3059.9855001	1430.0089334	14124.9219629	3.1018380	1.0000334	0.0010096	0.1734575	0.2974813	7068.9000000	0.0000000
3059.9855001	1435.0062360	14119.9563867	3.0764869	0.9720137	0.0007153	0.1545364	0.3104705	7071.4000000	0.0000000
3059.9855001	1440.0013598	14114.9644629	3.0511358	0.9439941	0.0006292	0.1681500	0.3126388	7073.9000000	0.0000000
3059.9855001	1444.9979720	14109.9642187	3.0254511	0.9159745	0.0016439	0.1584761	0.3312623	7076.4000000	0.0000000
3059.9855001	1450.0113701	14104.9639746	3.0001001	0.8879549	0.0003574	0.1630320	0.3367484	7078.9000000	0.0000000
3059.9855001	1455.0072718	14099.9637305	2.9744154	0.8599353	0.0015311	0.1641021	0.3304829	7081.4000000	0.0000000
3059.9855001	1460.0126296	14094.9430762	2.9490643	0.8319157	0.0019924	0.1602496	0.3428930	7083.9000000	0.0000000
3059.9855001	1465.0071186	14089.9159766	2.9233797	0.8038961	0.0017445	0.1574846	0.3259689	7086.4000000	0.0000000
3059.9855001	1470.0117513	14084.8888770	2.8980286	0.7758764	0.0008057	0.1581722	0.3460045	7088.9000000	0.0000000
3059.9855001	1475.0120503	14079.8617773	2.8723440	0.7478568	0.0005118	0.1533044	0.3496179	7091.4000000	0.0000000
3059.9855001	1480.0087583	14074.8196484	2.8469929	0.7198372	0.0004980	0.1639556	0.3604663	7093.9000000	0.0000000
3059.9855001	1485.0076465	14069.9746484	2.8216418	0.6921512	0.0002642	0.1582124	0.3799862	7096.3000000	0.0000000
3059.9855001	1490.0036793	14064.9277734	2.7959572	0.6641316	0.0008468	0.1604508	0.3963451	7098.8000000	0.0000000
3059.9855001	1495.0083197	14059.8808984	2.7706061	0.6361119	0.0009976	0.1562564	0.3882863	7101.3000000	0.0000000
3059.9855001	1500.0022480	14054.8252344	2.7449214	0.6080923	0.0013546	0.1593492	0.3840081	7103.8000000	0.0000000
3059.9855001	1505.0061784	14049.9685156	2.7195704	0.5800727	0.0030898	0.1608009	0.3727723	7106.2000000	0.0000000
3059.9855001	1510.0115275	14044.9094336	2.6938857	0.5520531	0.0035118	0.1576627	0.3750850	7108.7000000	0.0000000
3059.9855001	1515.0012567	14039.8503516	2.6685346	0.5240335	0.0031250	0.1573019	0.3780261	7111.2000000	0.0000000
3059.9855001	1520.0129811	14034.9905078	2.6428500	0.4960139	0.0033538	0.1548081	0.3959000	7113.6000000	0.0000000
3059.9855001	1525.0140722	14029.9265430	2.6174989	0.4679943	0.0016609	0.1522180	0.3957891	7116.1000000	0.0000000
3059.9855001	1530.0116427	14024.8625781	2.5921478	0.4399746	0.0010815	0.1520662	0.4015740	7118.6000000	0.0000000
3059.9855001	1535.0120450	14019.7986133	2.5664632	0.4119550	0.0006036	0.1535922	0.4088743	7121.1000000	0.0000000
3059.9855001	1540.0145659	14014.9385254	2.5411121	0.3839354	0.0001084	0.1441440	0.4067294	7123.5000000	0.0000000
3059.9855001	1545.0079704	14009.8767578	2.5154275	0.3559158	0.0001523	0.1451510	0.4152854	7126.0000000	0.0000000
