2649.9927604	1250.0093221	13894.9363477	4.0201474	2.2949398	0.0457003	0.4929906	0.1074767	7183.4000000	2650.0000000
2649.9927604	1255.0012629	13889.8488281	3.9944628	2.2669202	0.0606653	0.4994952	0.1023918	7186.0000000	0.0000000
2649.9927604	1260.0090730	13884.9569824	3.9691117	2.2389006	0.0722906	0.4932300	0.1096862	7188.5000000	0.0000000
2649.9927604	1265.0065966	13879.8694629	3.9434271	2.2108809	0.1436407	0.5149695	0.1125486	7191.1000000	0.0000000
2649.9927604	1270.0135944	13874.8187988	3.9180760	2.1828613	0.1397897	0.4965781	0.1262247	7193.7000000	0.0000000
2649.9927604	1275.0032816	13869.9811523	3.8923913	2.1548417	0.1291257	0.5143178	0.1237654	7196.2000000	0.0000000
2649.9927604	1279.9945858	13864.9500000	3.8670403	2.1271557	0.1092155	0.5038466	0.1371420	7198.8000000	0.0000000
2649.9927604	1285.0039494	13859.9188477	3.8413556	2.0991361	0.0763445	0.4866139	0.1444216	7201.4000000	0.0000000
2649.9927604	1290.0015653	13854.9367187	3.8160045	2.0711164	0.0659628	0.4944453	0.1455825	7204.0000000	0.0000000
2649.9927604	1295.0093248	13849.9692969	3.7906535	2.0430968	0.0747760	0.4982390	0.1510040	7206.6000000	0.0000000
2649.9927604	1300.0061827	13844.8108203	3.7649688	2.0150772	0.0662487	0.4957301	0.1555543	7209.3000000	0.0000000
2649.9927604	1305.0131413	13839.8433984	3.7396177	1.9870576	0.0380516	0.5057568	0.1587092	7211.9000000	0.0000000
2649.9927604	1310.0015170	13834.9450684	3.7139331	1.9590380	0.0265975	0.4866093	0.1704462	7214.5000000	0.0000000
2649.9927604	1315.0061629	13829.8612109	3.6885820	1.9310184	0.0557888	0.4905409	0.1827291	7217.2000000	0.0000000
2649.9927604	1320.0007853	13824.9656445	3.6628974	1.9029988	0.0819531	0.5083726	0.1768732	7219.8000000	0.0000000
2649.9927604	1325.0046642	13819.8970215	3.6375463	1.8749792	0.1102740	0.4998086	0.1901871	7222.5000000	0.0000000
2649.9927604	1330.0054664	13814.8954297	3.6118616	1.8469595	0.0621461	0.4961961	0.1973077	7225.2000000	0.0000000
2649.9927604	1335.0078092	13809.8938379	3.5865106	1.8189399	0.0172505	0.4940032	0.1994557	7227.9000000	0.0000000
2649.9927604	1339.9933394	13804.8922461	3.5611595	1.7909203	0.0142068	0.4927066	0.2019252	7230.6000000	0.0000000
2649.9927604	1345.0018259	13799.9363574	3.5354748	1.7629007	0.0441208	0.4810795	0.2125701	7233.3000000	0.0000000
2649.9927604	1349.9996284	13794.8479590	3.5101238	1.7348811	0.0475988	0.4923611	0.2266165	7236.1000000	0.0000000
2649.9927604	1355.0073124	13789.9412891	3.4844391	1.7068615	0.0491340	0.4888259	0.2267749	7238.8000000	0.0000000
2649.9927604	1360.0111868	13784.8528906	3.4590880	1.6788419	0.0519448	0.4867759	0.2349305	7241.6000000	0.0000000
2649.9927604	1365.0105236	13779.9513477	3.4334034	1.6511558	0.0705308	0.5043467	0.2346685	7244.2000000	0.0000000
2649.9927604	1370.0121378	13774.8279395	3.4080523	1.6231362	0.0217639	0.4823057	0.2456406	7246.9000000	0.0000000
2649.9927604	1375.0107430	13769.8942871	3.3823677	1.5951166	0.0352958	0.4868926	0.2421234	7249.5000000	0.0000000
2649.9927604	1380.0116173	13764.9611523	3.3570166	1.5670970	0.0787437	0.4933407	0.2456354	7252.1000000	0.0000000
2649.9927604	1385.0020152	13759.8517187	3.3316655	1.5390774	0.0680437	0.4858276	0.2455601	7254.8000000	0.0000000
2649.9927604	1390.0089011	13754.9315234	3.3059809	1.5110577	0.0476687	0.4792347	0.2565061	7257.4000000	0.0000000
2649.9927604	1395.0120380	13749.8220898	3.2806298	1.4830381	0.0318938	0.4835249	0.2561969	7260.1000000	0.0000000
2649.9927604	1400.0174055	13744.9055859	3.2549451	1.4550185	0.0228617	0.4856165	0.2691502	7262.7000000	0.0000000
2649.9927604	1405.0190454	13739.9991016	3.2295940	1.4269989	0.0587980	0.4761821	0.2686516	7265.3000000	0.0000000
2649.9927604	1410.0095813	13734.9039062	3.2039094	1.3989793	0.0942723	0.4857427	0.2700653	7268.0000000	0.0000000
2649.9927604	1415.0105118	13729.9974219	3.1785583	1.3709597	0.0981984	0.5002710	0.2756740	7270.6000000	0.0000000
2649.9927604	1420.0070239	13724.9088281	3.1528737	1.3429401	0.1400538	0.4964611	0.2812174	7273.3000000	0.0000000
2649.9927604	1425.0197563	13719.8273437	3.1275226	1.3149204	0.1503809	0.4975613	0.2889926	7276.0000000	0.0000000
2649.9927604	1430.0089334	13714.9340625	3.1018380	1.2869008	0.1461099	0.4939392	0.2952242	7278.6000000	0.0000000
2649.9927604	1435.0128346	13709.8525781	3.0764869	1.2588812	0.1392904	0.5053552	0.3029067	7281.3000000	0.0000000
2649.9927604	1440.0145261	13704.9691309	3.0511358	1.2308616	0.0751812	0.4747361	0.3028986	7283.9000000	0.0000000
2649.9927604	1445.0111172	13699.9016211	3.0254511	1.2028420	0.0356641	0.4907001	0.3149424	7286.6000000	0.0000000
2649.9927604	1450.0113701	13694.8341113	3.0001001	1.1751559	0.0157119	0.4797283	0.3279186	7289.3000000	0.0000000
2649.9927604	1455.0072718	13689.9542871	2.9744154	1.1471363	0.0157236	0.4688612	0.3316489	7291.9000000	0.0000000
2649.9927604	1460.0061008	13684.9002344	2.9490643	1.1191167	0.0150931	0.4736598	0.3304423	7294.6000000	0.0000000
2649.9927604	1464.9940744	13679.8466992	2.9233797	1.0910971	0.1258462	0.4891073	0.3268607	7297.3000000	0.0000000
2649.9927604	1470.0117513	13674.9803320	2.8980286	1.0630775	0.2385967	0.4997764	0.3150879	7299.9000000	0.0000000
2649.9927604	1475.0185396	13669.9298437	2.8723440	1.0350579	0.1282692	0.4923860	0.3318622	7302.6000000	0.0000000
2649.9927604	1480.0087583	13664.8900195	2.8469929	1.0070383	0.0489631	0.4707222	0.3393178	7305.3000000	0.0000000
2649.9927604	1485.0076465	13659.8501953	2.8216418	0.9790186	0.0254960	0.4730418	0.3536345	7308.0000000	0.0000000
2649.9927604	1490.0101286	13654.9970312	2.7959572	0.9509990	0.0057286	0.4599255	0.3647465	7310.6000000	0.0000000
2649.9927604	1495.0083197	13649.9639355	2.7706061	0.9229794	0.1655062	0.4711245	0.3606050	7313.3000000	0.0000000
2649.9927604	1500.0086715	13644.9380859	2.7449214	0.8949598	0.6972072	0.5487581	0.3535565	7316.0000000	0.0000000
2649.9927604	1505.0125874	13639.9122363	2.7195704	0.8669402	0.8525876	0.5790346	0.3588569	7318.7000000	0.0000000
2649.9927604	1510.0051304	13634.8863867	2.6938857	0.8389206	0.7025302	0.5580750	0.3420608	7321.4000000	0.0000000
2649.9927604	1515.0076411	13629.8709961	2.6685346	0.8109010	0.6631622	0.5337328	0.3582178	7324.1000000	0.0000000
2649.9927604	1520.0066103	13624.8585937	2.6428500	0.7828814	0.7162830	0.5512546	0.3586069	7326.8000000	0.0000000
2649.9927604	1525.0140722	13619.8461914	2.6174989	0.7548617	0.5036636	0.5161742	0.3775606	7329.5000000	0.0000000
2649.9927604	1530.0116427	13614.8348047	2.5921478	0.7268421	0.3230573	0.4957708	0.3818298	7332.2000000	0.0000000
2649.9927604	1535.0120450	13609.8361133	2.5664632	0.6991561	0.1240612	0.4719841	0.3834338	7334.9000000	0.0000000
2649.9927604	1540.0082451	13604.8374219	2.5411121	0.6711365	0.0538971	0.4628251	0.3911106	7337.6000000	0.0000000
2649.9927604	1545.0079704	13599.8387305	2.5154275	0.6431168	0.0178705	0.4583555	0.3885493	7340.3000000	0.0000000
