2899.9952540	1250.0021703	14144.9291406	4.0201474	2.1201508	0.0101681	0.6540825	0.1020083	7058.8000000	2900.0000000
2899.9952540	1255.0083965	14139.8086133	3.9944628	2.0921312	0.0129517	0.6376676	0.1031948	7061.4000000	0.0000000
2899.9952540	1260.0019540	14134.8531152	3.9691117	2.0641115	0.0158630	0.6355125	0.1091637	7063.9000000	0.0000000
2899.9952540	1265.0065966	14129.8875391	3.9434271	2.0360919	0.0186830	0.6434570	0.1099775	7066.4000000	0.0000000
2899.9952540	1270.0065068	14124.9219629	3.9180760	2.0080723	0.0198580	0.6174841	0.1086263	7068.9000000	0.0000000
2899.9952540	1275.0103515	14119.9563867	3.8923913	1.9800527	0.0162377	0.6518073	0.1203416	7071.4000000	0.0000000
2899.9952540	1280.0016522	14114.9644629	3.8670403	1.9520331	0.0143115	0.6394295	0.1344033	7073.9000000	0.0000000
2899.9952540	1285.0039494	14109.9642187	3.8413556	1.9240135	0.0078434	0.6364249	0.1409331	7076.4000000	0.0000000
2899.9952540	1290.0015653	14104.9639746	3.8160045	1.8959939	0.0064342	0.6509205	0.1426969	7078.9000000	0.0000000
2899.9952540	1295.0023166	14099.9637305	3.7906535	1.8679742	0.0127615	0.5839397	0.1524366	7081.4000000	0.0000000
2899.9952540	1300.0131757	14094.9430762	3.7649688	1.8399546	0.0183556	0.6468526	0.1547266	7083.9000000	0.0000000
2899.9952540	1304.9991859	14089.9159766	3.7396177	1.8119350	0.0163889	0.6502351	0.1694935	7086.4000000	0.0000000
2899.9952540	1310.0084776	14084.8888770	3.7139331	1.7839154	0.0112205	0.6169960	0.1691018	7088.9000000	0.0000000
2899.9952540	1315.0131095	14079.8617773	3.6885820	1.7558958	0.0123611	0.6426741	0.1860222	7091.4000000	0.0000000
2899.9952540	1320.0077159	14074.8196484	3.6628974	1.7278762	0.0080868	0.6298291	0.1825472	7093.9000000	0.0000000
2899.9952540	1325.0115809	14069.9746484	3.6375463	1.6998566	0.0061456	0.6218161	0.1991019	7096.3000000	0.0000000
2899.9952540	1330.0054664	14064.9277734	3.6118616	1.6718370	0.0078336	0.6226013	0.1920695	7098.8000000	0.0000000
2899.9952540	1334.9940251	14059.8808984	3.5865106	1.6441509	0.0085488	0.6024343	0.1965769	7101.3000000	0.0000000
2899.9952540	1339.9864533	14054.8252344	3.5611595	1.6161313	0.0054744	0.6202509	0.1916025	7103.8000000	0.0000000
2899.9952540	1345.0018259	14049.9685156	3.5354748	1.5881117	0.0053098	0.6471024	0.2110314	7106.2000000	0.0000000
2899.9952540	1350.0064703	14044.9094336	3.5101238	1.5600921	0.0049695	0.6549844	0.2061045	7108.7000000	0.0000000
2899.9952540	1355.0073124	14039.8503516	3.4844391	1.5320725	0.0029996	0.6058659	0.2151083	7111.2000000	0.0000000
2899.9952540	1360.0111868	14034.9905078	3.4590880	1.5040528	0.0038563	0.6388125	0.2242137	7113.6000000	0.0000000
2899.9952540	1365.0037279	14029.9265430	3.4334034	1.4760332	0.0077356	0.6320310	0.2313853	7116.1000000	0.0000000
2899.9952540	1370.0053554	14024.8625781	3.4080523	1.4480136	0.0296575	0.6534486	0.2340599	7118.6000000	0.0000000
2899.9952540	1375.0107430	14019.7986133	3.3823677	1.4199940	0.0251218	0.6637151	0.2252488	7121.1000000	0.0000000
2899.9952540	1380.0183702	14014.9385254	3.3570166	1.3919744	0.0307198	0.6575408	0.2346771	7123.5000000	0.0000000
2899.9952540	1385.0020152	14009.8767578	3.3316655	1.3639548	0.0327625	0.6264523	0.2435689	7126.0000000	0.0000000
2899.9952540	1390.0156257	14004.8149902	3.3059809	1.3359352	0.0265745	0.6243099	0.2468020	7128.5000000	0.0000000
2899.9952540	1395.0187476	13999.9556934	3.2806298	1.3079155	0.0212028	0.6235094	0.2443038	7130.9000000	0.0000000
2899.9952540	1400.0174055	13994.8995312	3.2549451	1.2798959	0.0143162	0.6107474	0.2514680	7133.4000000	0.0000000
2899.9952540	1405.0123646	13989.8477734	3.2295940	1.2518763	0.0116902	0.6465569	0.2678265	7135.9000000	0.0000000
2899.9952540	1410.0095813	13984.9980859	3.2039094	1.2238567	0.0145034	0.6217448	0.2713669	7138.3000000	0.0000000
2899.9952540	1415.0105118	13979.9463281	3.1785583	1.1958371	0.0148489	0.6459996	0.2772069	7140.8000000	0.0000000
2899.9952540	1419.9937321	13974.9034570	3.1528737	1.1681510	0.0112856	0.6185330	0.2760447	7143.3000000	0.0000000
2899.9952540	1425.0197563	13969.8687891	3.1275226	1.1401314	0.0153324	0.6547213	0.2725646	7145.8000000	0.0000000
2899.9952540	1430.0155436	13964.8341211	3.1018380	1.1121118	0.0395433	0.6595164	0.2759331	7148.3000000	0.0000000
2899.9952540	1435.0128346	13959.7994531	3.0764869	1.0840922	0.0243657	0.6498483	0.2863185	7150.8000000	0.0000000
2899.9952540	1440.0079430	13954.9780078	3.0511358	1.0560726	0.0265345	0.6530816	0.2942521	7153.2000000	0.0000000
2899.9952540	1445.0111172	13949.9679980	3.0254511	1.0280530	0.0081772	0.6491309	0.3026283	7155.7000000	0.0000000
2899.9952540	1450.0179264	13944.9579883	3.0001001	1.0000334	0.0028796	0.6516839	0.3192319	7158.2000000	0.0000000
2899.9952540	1455.0072718	13939.9479785	2.9744154	0.9720137	0.0040172	0.6487438	0.3186782	7160.7000000	0.0000000
2899.9952540	1460.0061008	13934.9533203	2.9490643	0.9439941	0.0026267	0.6501581	0.3112888	7163.2000000	0.0000000
2899.9952540	1465.0071186	13929.9752930	2.9233797	0.9159745	0.0142947	0.6617372	0.3143932	7165.7000000	0.0000000
2899.9952540	1470.0117513	13924.9972656	2.8980286	0.8879549	0.0297308	0.6554827	0.3160214	7168.2000000	0.0000000
2899.9952540	1475.0185396	13919.8201172	2.8723440	0.8599353	0.0238917	0.6468897	0.3255663	7170.8000000	0.0000000
2899.9952540	1480.0152336	13914.8625293	2.8469929	0.8319157	0.0218474	0.6505077	0.3271484	7173.3000000	0.0000000
2899.9952540	1485.0076465	13909.9238086	2.8216418	0.8038961	0.0142542	0.6578892	0.3646637	7175.8000000	0.0000000
2899.9952540	1490.0165779	13904.9850879	2.7959572	0.7758764	0.0121552	0.6417252	0.3673588	7178.3000000	0.0000000
2899.9952540	1495.0018842	13899.8488184	2.7706061	0.7478568	0.0197903	0.6482108	0.3461581	7180.9000000	0.0000000
2899.9952540	1500.0150951	13894.9363477	2.7449214	0.7198372	0.0373077	0.6566024	0.3411878	7183.4000000	0.0000000
2899.9952540	1505.0125874	13889.8488281	2.7195704	0.6921512	0.0549159	0.6636752	0.3504176	7186.0000000	0.0000000
2899.9952540	1510.0051304	13884.9569824	2.6938857	0.6641316	0.0700133	0.6563399	0.3480526	7188.5000000	0.0000000
2899.9952540	1515.0076411	13879.8694629	2.6685346	0.6361119	0.0851725	0.6621812	0.3569806	7191.1000000	0.0000000
2899.9952540	1520.0066103	13874.8187988	2.6428500	0.6080923	0.0521843	0.6549837	0.3700907	7193.7000000	0.0000000
2899.9952540	1525.0140722	13869.9811523	2.6174989	0.5800727	0.0256677	0.6555628	0.3826268	7196.2000000	0.0000000
2899.9952540	1530.0116427	13864.9500000	2.5921478	0.5520531	0.0162693	0.6590519	0.3873058	7198.8000000	0.0000000
2899.9952540	1535.0183774	13859.9188477	2.5664632	0.5240335	0.0100524	0.6557095	0.3941956	7201.4000000	0.0000000
2899.9952540	1540.0145659	13854.9367187	2.5411121	0.4960139	0.0034348	0.6468865	0.3848041	7204.0000000	0.0000000
2899.9952540	1545.0079704	13849.9692969	2.5154275	0.4679943	0.0024930	0.6421814	0.3966444	7206.6000000	0.0000000
