2749.9869743	1250.0093221	13994.8995312	4.0201474	2.2248908	0.0809331	0.8814284	0.1045980	7133.4000000	2750.0000000
2749.9869743	1255.0012629	13989.8477734	3.9944628	2.1968711	0.0761237	0.9019309	0.1097572	7135.9000000	0.0000000
2749.9869743	1260.0090730	13984.9980859	3.9691117	2.1688515	0.0850874	0.8695683	0.1128348	7138.3000000	0.0000000
2749.9869743	1265.0136988	13979.9463281	3.9434271	2.1411655	0.1056764	0.8865289	0.1174662	7140.8000000	0.0000000
2749.9869743	1270.0135944	13974.9034570	3.9180760	2.1131459	0.0767841	0.8470274	0.1290801	7143.3000000	0.0000000
2749.9869743	1275.0103515	13969.8687891	3.8923913	2.0851263	0.1603092	0.8729285	0.1371073	7145.8000000	0.0000000
2749.9869743	1280.0087077	13964.8341211	3.8670403	2.0571066	0.1571829	0.8319944	0.1436711	7148.3000000	0.0000000
2749.9869743	1285.0039494	13959.7994531	3.8413556	2.0290870	0.0880292	0.8644197	0.1526272	7150.8000000	0.0000000
2749.9869743	1290.0085889	13954.9780078	3.8160045	2.0010674	0.0950758	0.8898180	0.1492368	7153.2000000	0.0000000
2749.9869743	1295.0093248	13949.9679980	3.7906535	1.9730478	0.0363042	0.8676094	0.1603344	7155.7000000	0.0000000
2749.9869743	1300.0131757	13944.9579883	3.7649688	1.9450282	0.0157676	0.8561192	0.1595785	7158.2000000	0.0000000
2749.9869743	1305.0131413	13939.9479785	3.7396177	1.9170086	0.0090015	0.8099312	0.1740127	7160.7000000	0.0000000
2749.9869743	1310.0084776	13934.9533203	3.7139331	1.8889890	0.0242075	0.8508460	0.1859651	7163.2000000	0.0000000
2749.9869743	1315.0061629	13929.9752930	3.6885820	1.8609693	0.0842896	0.8427647	0.1877762	7165.7000000	0.0000000
2749.9869743	1320.0007853	13924.9972656	3.6628974	1.8329497	0.1518881	0.8937317	0.2037336	7168.2000000	0.0000000
2749.9869743	1325.0046642	13919.8201172	3.6375463	1.8049301	0.1290673	0.8324215	0.2016349	7170.8000000	0.0000000
2749.9869743	1330.0054664	13914.8625293	3.6118616	1.7769105	0.0816072	0.8364350	0.2027542	7173.3000000	0.0000000
2749.9869743	1335.0009231	13909.9238086	3.5865106	1.7488909	0.0322947	0.8372091	0.2074094	7175.8000000	0.0000000
2749.9869743	1339.9933394	13904.9850879	3.5611595	1.7208713	0.0086304	0.8806472	0.2132999	7178.3000000	0.0000000
2749.9869743	1345.0018259	13899.8488184	3.5354748	1.6928517	0.0090872	0.8637478	0.2131663	7180.9000000	0.0000000
2749.9869743	1350.0133115	13894.9363477	3.5101238	1.6651656	0.0237673	0.8239756	0.2240156	7183.4000000	0.0000000
2749.9869743	1355.0073124	13889.8488281	3.4844391	1.6371460	0.0282300	0.8672385	0.2328716	7186.0000000	0.0000000
2749.9869743	1360.0111868	13884.9569824	3.4590880	1.6091264	0.0223162	0.8373793	0.2481930	7188.5000000	0.0000000
2749.9869743	1365.0037279	13879.8694629	3.4334034	1.5811068	0.0279376	0.8582673	0.2459298	7191.1000000	0.0000000
2749.9869743	1370.0121378	13874.8187988	3.4080523	1.5530872	0.0176417	0.8158978	0.2477926	7193.7000000	0.0000000
2749.9869743	1375.0175101	13869.9811523	3.3823677	1.5250675	0.0224774	0.8355993	0.2430178	7196.2000000	0.0000000
2749.9869743	1380.0251231	13864.9500000	3.3570166	1.4970479	0.0199103	0.8111044	0.2398837	7198.8000000	0.0000000
2749.9869743	1385.0154927	13859.9188477	3.3316655	1.4690283	0.0192421	0.8485216	0.2471460	7201.4000000	0.0000000
2749.9869743	1390.0089011	13854.9367187	3.3059809	1.4410087	0.0094954	0.8206600	0.2494415	7204.0000000	0.0000000
2749.9869743	1395.0120380	13849.9692969	3.2806298	1.4129891	0.0128367	0.8165669	0.2602487	7206.6000000	0.0000000
2749.9869743	1400.0107098	13844.8108203	3.2549451	1.3849695	0.0163187	0.8307261	0.2616030	7209.3000000	0.0000000
2749.9869743	1405.0123646	13839.8433984	3.2295940	1.3569499	0.0079985	0.8389972	0.2760300	7211.9000000	0.0000000
2749.9869743	1410.0095813	13834.9450684	3.2039094	1.3289303	0.0125507	0.8076600	0.2842383	7214.5000000	0.0000000
2749.9869743	1415.0171650	13829.8612109	3.1785583	1.3009106	0.0606833	0.8375678	0.2806439	7217.2000000	0.0000000
2749.9869743	1419.9937321	13824.9656445	3.1528737	1.2728910	0.0812727	0.8199165	0.2809009	7219.8000000	0.0000000
2749.9869743	1425.0197563	13819.8970215	3.1275226	1.2448714	0.1112762	0.8197527	0.2911459	7222.5000000	0.0000000
2749.9869743	1430.0089334	13814.8954297	3.1018380	1.2168518	0.1177388	0.8460410	0.2863180	7225.2000000	0.0000000
2749.9869743	1435.0128346	13809.8938379	3.0764869	1.1891657	0.0589496	0.8239276	0.2974490	7227.9000000	0.0000000
2749.9869743	1440.0145261	13804.8922461	3.0511358	1.1611461	0.0226390	0.8410553	0.3020316	7230.6000000	0.0000000
2749.9869743	1445.0111172	13799.9363574	3.0254511	1.1331265	0.0119736	0.8570265	0.3209550	7233.3000000	0.0000000
2749.9869743	1450.0113701	13794.8479590	3.0001001	1.1051069	0.0081257	0.8063607	0.3294569	7236.1000000	0.0000000
2749.9869743	1455.0072718	13789.9412891	2.9744154	1.0770873	0.0084277	0.8368205	0.3288302	7238.8000000	0.0000000
2749.9869743	1460.0126296	13784.8528906	2.9490643	1.0490677	0.0304438	0.8545847	0.3201189	7241.6000000	0.0000000
2749.9869743	1465.0136350	13779.9513477	2.9233797	1.0210481	0.0560586	0.8146509	0.3249390	7244.2000000	0.0000000
2749.9869743	1470.0182537	13774.8279395	2.8980286	0.9930285	0.0295723	0.8417047	0.3327317	7246.9000000	0.0000000
2749.9869743	1475.0250288	13769.8942871	2.8723440	0.9650088	0.0494835	0.8490073	0.3334426	7249.5000000	0.0000000
2749.9869743	1480.0152336	13764.9611523	2.8469929	0.9369892	0.1050183	0.8460502	0.3487865	7252.1000000	0.0000000
2749.9869743	1485.0141097	13759.8517187	2.8216418	0.9089696	0.0495289	0.8349216	0.3471513	7254.8000000	0.0000000
2749.9869743	1490.0165779	13754.9315234	2.7959572	0.8809500	0.0273170	0.8747379	0.3602222	7257.4000000	0.0000000
2749.9869743	1495.0147552	13749.8220898	2.7706061	0.8529304	0.0300946	0.8050834	0.3637170	7260.1000000	0.0000000
2749.9869743	1500.0086715	13744.9055859	2.7449214	0.8249108	0.0784611	0.8398089	0.3677033	7262.7000000	0.0000000
2749.9869743	1505.0061784	13739.9991016	2.7195704	0.7968912	0.3090295	0.8415434	0.3536593	7265.3000000	0.0000000
2749.9869743	1510.0115275	13734.9039062	2.6938857	0.7688715	0.3649418	0.8590805	0.3458042	7268.0000000	0.0000000
2749.9869743	1515.0076411	13729.9974219	2.6685346	0.7408519	0.2529224	0.8446311	0.3451875	7270.6000000	0.0000000
2749.9869743	1520.0129811	13724.9088281	2.6428500	0.7131659	0.1898280	0.8417064	0.3529491	7273.3000000	0.0000000
2749.9869743	1525.0140722	13719.8273437	2.6174989	0.6851463	0.1552910	0.8608981	0.3628477	7276.0000000	0.0000000
2749.9869743	1530.0179884	13714.9340625	2.5921478	0.6571267	0.0688917	0.8560645	0.3836608	7278.6000000	0.0000000
2749.9869743	1535.0183774	13709.8525781	2.5664632	0.6291070	0.0679154	0.8414085	0.3908883	7281.3000000	0.0000000
2749.9869743	1540.0082451	13704.9691309	2.5411121	0.6010874	0.0353480	0.8887479	0.3961262	7283.9000000	0.0000000
2749.9869743	1545.0079704	13699.9016211	2.5154275	0.5730678	0.0203547	0.8818661	0.3858218	7286.6000000	0.0000000
