2509.9923310	1250.0093221	13754.9315234	4.0201474	2.3930084	0.0090460	0.1218993	0.1044805	7257.4000000	2510.0000000
2509.9923310	1255.0083965	13749.8220898	3.9944628	2.3649888	0.0142354	0.1272533	0.1042562	7260.1000000	0.0000000
2509.9923310	1260.0019540	13744.9055859	3.9691117	2.3369692	0.0135380	0.1301951	0.1131383	7262.7000000	0.0000000
2509.9923310	1265.0065966	13739.9991016	3.9434271	2.3089496	0.0265350	0.1286191	0.1095653	7265.3000000	0.0000000
2509.9923310	1270.0065068	13734.9039062	3.9180760	2.2809300	0.0468313	0.1287850	0.1199011	7268.0000000	0.0000000
2509.9923310	1275.0103515	13729.9974219	3.8923913	2.2529104	0.0309694	0.1178263	0.1257069	7270.6000000	0.0000000
2509.9923310	1280.0016522	13724.9088281	3.8670403	2.2248908	0.0197618	0.1205333	0.1353257	7273.3000000	0.0000000
2509.9923310	1284.9969032	13719.8273437	3.8413556	2.1968711	0.0125452	0.1279208	0.1445012	7276.0000000	0.0000000
2509.9923310	1290.0085889	13714.9340625	3.8160045	2.1688515	0.0130782	0.1300353	0.1420419	7278.6000000	0.0000000
2509.9923310	1295.0023166	13709.8525781	3.7906535	2.1411655	0.0098864	0.1249546	0.1563030	7281.3000000	0.0000000
2509.9923310	1300.0061827	13704.9691309	3.7649688	2.1131459	0.0060909	0.1325858	0.1561494	7283.9000000	0.0000000
2509.9923310	1304.9991859	13699.9016211	3.7396177	2.0851263	0.0047584	0.1284180	0.1616654	7286.6000000	0.0000000
2509.9923310	1310.0084776	13694.8341113	3.7139331	2.0571066	0.0043712	0.1255996	0.1711143	7289.3000000	0.0000000
2509.9923310	1315.0131095	13689.9542871	3.6885820	2.0290870	0.0044933	0.1233770	0.1845197	7291.9000000	0.0000000
2509.9923310	1320.0077159	13684.9002344	3.6628974	2.0010674	0.0045621	0.1317849	0.1786848	7294.6000000	0.0000000
2509.9923310	1325.0115809	13679.8466992	3.6375463	1.9730478	0.0468417	0.1399481	0.1842876	7297.3000000	0.0000000
2509.9923310	1330.0054664	13674.9803320	3.6118616	1.9450282	0.0436353	0.1384642	0.1971818	7299.9000000	0.0000000
2509.9923310	1335.0009231	13669.9298437	3.5865106	1.9170086	0.0176781	0.1226678	0.1944064	7302.6000000	0.0000000
2509.9923310	1340.0002250	13664.8900195	3.5611595	1.8889890	0.0088081	0.1267587	0.1946199	7305.3000000	0.0000000
2509.9923310	1345.0018259	13659.8501953	3.5354748	1.8609693	0.0044010	0.1220526	0.1964944	7308.0000000	0.0000000
2509.9923310	1350.0064703	13654.9970312	3.5101238	1.8329497	0.0054417	0.1319428	0.2016202	7310.6000000	0.0000000
2509.9923310	1355.0004858	13649.9639355	3.4844391	1.8049301	0.0379022	0.1374480	0.2226873	7313.3000000	0.0000000
2509.9923310	1360.0111868	13644.9380859	3.4590880	1.7769105	0.0865952	0.1375245	0.2311119	7316.0000000	0.0000000
2509.9923310	1365.0037279	13639.9122363	3.4334034	1.7488909	0.0700249	0.1394155	0.2304238	7318.7000000	0.0000000
2509.9923310	1370.0053554	13634.8863867	3.4080523	1.7208713	0.0257915	0.1365106	0.2299553	7321.4000000	0.0000000
2509.9923310	1375.0107430	13629.8709961	3.3823677	1.6928517	0.0147059	0.1421246	0.2303273	7324.1000000	0.0000000
2509.9923310	1380.0116173	13624.8585937	3.3570166	1.6651656	0.0134370	0.1315391	0.2423889	7326.8000000	0.0000000
2509.9923310	1385.0087539	13619.8461914	3.3316655	1.6371460	0.0170181	0.1339447	0.2431378	7329.5000000	0.0000000
2509.9923310	1390.0089011	13614.8348047	3.3059809	1.6091264	0.0181862	0.1458007	0.2419015	7332.2000000	0.0000000
2509.9923310	1395.0187476	13609.8361133	3.2806298	1.5811068	0.0164218	0.1411621	0.2567366	7334.9000000	0.0000000
2509.9923310	1400.0174055	13604.8374219	3.2549451	1.5530872	0.0107321	0.1348495	0.2680728	7337.6000000	0.0000000
2509.9923310	1405.0190454	13599.8387305	3.2295940	1.5250675	0.0123734	0.1392083	0.2816422	7340.3000000	0.0000000
2509.9923310	1410.0095813	13594.8450195	3.2039094	1.4970479	0.0178179	0.1385908	0.2728071	7343.0000000	0.0000000
2509.9923310	1415.0171650	13589.8597754	3.1785583	1.4690283	0.0203558	0.1411241	0.2657339	7345.7000000	0.0000000
2509.9923310	1420.0070239	13584.8745312	3.1528737	1.4410087	0.0367175	0.1356157	0.2768604	7348.4000000	0.0000000
2509.9923310	1425.0131305	13579.8892871	3.1275226	1.4129891	0.0498016	0.1448257	0.2760342	7351.1000000	0.0000000
2509.9923310	1430.0155436	13574.9131836	3.1018380	1.3849695	0.0530566	0.1380752	0.2911115	7353.8000000	0.0000000
2509.9923310	1435.0062360	13569.9416504	3.0764869	1.3569499	0.0410032	0.1408773	0.2880485	7356.5000000	0.0000000
2509.9923310	1440.0145261	13564.9701172	3.0511358	1.3289303	0.0272938	0.1306520	0.3095853	7359.2000000	0.0000000
2509.9923310	1445.0176878	13559.9985840	3.0254511	1.3009106	0.0132019	0.1324545	0.3189607	7361.9000000	0.0000000
2509.9923310	1450.0179264	13554.8563672	3.0001001	1.2728910	0.0061145	0.1466006	0.3298198	7364.7000000	0.0000000
2509.9923310	1455.0138148	13549.8982812	2.9744154	1.2448714	0.0088651	0.1414789	0.3327951	7367.4000000	0.0000000
2509.9923310	1460.0191583	13544.9401953	2.9490643	1.2168518	0.0211609	0.1470544	0.3269810	7370.1000000	0.0000000
2509.9923310	1465.0071186	13539.9860156	2.9233797	1.1891657	0.0244520	0.1385365	0.3242139	7372.8000000	0.0000000
2509.9923310	1470.0117513	13534.8579687	2.8980286	1.1611461	0.0298313	0.1371575	0.3374673	7375.6000000	0.0000000
2509.9923310	1475.0185396	13529.9130664	2.8723440	1.1331265	0.0254298	0.1445968	0.3273853	7378.3000000	0.0000000
2509.9923310	1480.0087583	13524.9681641	2.8469929	1.1051069	0.0138911	0.1325441	0.3486848	7381.0000000	0.0000000
2509.9923310	1485.0141097	13519.8490820	2.8216418	1.0770873	0.0120647	0.1344354	0.3601531	7383.8000000	0.0000000
2509.9923310	1490.0165779	13514.9176270	2.7959572	1.0490677	0.0152552	0.1273314	0.3784031	7386.5000000	0.0000000
2509.9923310	1495.0147552	13509.9861719	2.7706061	1.0210481	0.0333018	0.1381685	0.3664537	7389.2000000	0.0000000
2509.9923310	1500.0150951	13504.8720703	2.7449214	0.9930285	0.0416107	0.1311567	0.3616854	7392.0000000	0.0000000
2509.9923310	1505.0125874	13499.9540625	2.7195704	0.9650088	0.0734896	0.1419675	0.3570617	7394.7000000	0.0000000
2509.9923310	1510.0115275	13494.8539062	2.6938857	0.9369892	0.0879905	0.1468186	0.3656816	7397.5000000	0.0000000
2509.9923310	1515.0076411	13489.9358984	2.6685346	0.9089696	0.1053595	0.1545420	0.3552360	7400.2000000	0.0000000
2509.9923310	1520.0066103	13484.8406250	2.6428500	0.8809500	0.1081486	0.1621434	0.3802305	7403.0000000	0.0000000
2509.9923310	1525.0013557	13479.9358008	2.6174989	0.8529304	0.0682631	0.1490747	0.3837908	7405.7000000	0.0000000
2509.9923310	1530.0179884	13474.8493164	2.5921478	0.8249108	0.0425597	0.1448564	0.3984778	7408.5000000	0.0000000
2509.9923310	1535.0183774	13469.9444922	2.5664632	0.7968912	0.0175237	0.1474747	0.4065880	7411.2000000	0.0000000
2509.9923310	1540.0145659	13464.8677734	2.5411121	0.7688715	0.0081813	0.1384963	0.4062782	7414.0000000	0.0000000
2509.9923310	1545.0079704	13459.9761328	2.5154275	0.7408519	0.0032499	0.1459133	0.4132871	7416.7000000	0.0000000
