2919.9889908	1250.0093221	14164.9506250	4.0201474	2.1061410	0.0055845	0.4845671	0.1056373	7048.6000000	2920.0000000
2919.9889908	1255.0083965	14159.8811328	3.9944628	2.0781214	0.0094243	0.5607448	0.1095438	7051.2000000	0.0000000
2919.9889908	1260.0019540	14154.9732520	3.9691117	2.0501017	0.0118132	0.5593482	0.1099386	7053.7000000	0.0000000
2919.9889908	1265.0065966	14149.8527246	3.9434271	2.0220821	0.0134274	0.5495591	0.1186190	7056.3000000	0.0000000
2919.9889908	1270.0135944	14144.9291406	3.9180760	1.9940625	0.0136398	0.5366950	0.1205349	7058.8000000	0.0000000
2919.9889908	1275.0103515	14139.8086133	3.8923913	1.9660429	0.0123091	0.5379738	0.1241100	7061.4000000	0.0000000
2919.9889908	1280.0087077	14134.8531152	3.8670403	1.9380233	0.0109526	0.5487612	0.1330720	7063.9000000	0.0000000
2919.9889908	1285.0109883	14129.8875391	3.8413556	1.9100037	0.0094486	0.5631045	0.1418602	7066.4000000	0.0000000
2919.9889908	1290.0085889	14124.9219629	3.8160045	1.8819841	0.0066427	0.5474302	0.1517511	7068.9000000	0.0000000
2919.9889908	1295.0093248	14119.9563867	3.7906535	1.8539644	0.0066185	0.5390259	0.1483610	7071.4000000	0.0000000
2919.9889908	1300.0061827	14114.9644629	3.7649688	1.8259448	0.0056443	0.5469567	0.1573181	7073.9000000	0.0000000
2919.9889908	1305.0131413	14109.9642187	3.7396177	1.7979252	0.0031990	0.5629823	0.1666642	7076.4000000	0.0000000
2919.9889908	1310.0084776	14104.9639746	3.7139331	1.7699056	0.0022953	0.5561157	0.1694021	7078.9000000	0.0000000
2919.9889908	1315.0061629	14099.9637305	3.6885820	1.7418860	0.0087766	0.5473207	0.1800586	7081.4000000	0.0000000
2919.9889908	1320.0007853	14094.9430762	3.6628974	1.7138664	0.0207225	0.5479746	0.1863716	7083.9000000	0.0000000
2919.9889908	1325.0046642	14089.9159766	3.6375463	1.6858468	0.0215765	0.5555009	0.1931523	7086.4000000	0.0000000
2919.9889908	1330.0123662	14084.8888770	3.6118616	1.6581607	0.0190310	0.5582423	0.1916123	7088.9000000	0.0000000
2919.9889908	1335.0078092	14079.8617773	3.5865106	1.6301411	0.0079740	0.5450900	0.2015061	7091.4000000	0.0000000
2919.9889908	1340.0002250	14074.8196484	3.5611595	1.6021215	0.0041025	0.5525591	0.2006306	7093.9000000	0.0000000
2919.9889908	1344.9949594	14069.9746484	3.5354748	1.5741019	0.0031189	0.5463967	0.2023286	7096.3000000	0.0000000
2919.9889908	1350.0064703	14064.9277734	3.5101238	1.5460823	0.0066974	0.5629258	0.2143352	7098.8000000	0.0000000
2919.9889908	1355.0073124	14059.8808984	3.4844391	1.5180626	0.0079954	0.5612548	0.2149175	7101.3000000	0.0000000
2919.9889908	1360.0111868	14054.8252344	3.4590880	1.4900430	0.0071324	0.5482452	0.2322856	7103.8000000	0.0000000
2919.9889908	1365.0037279	14049.9685156	3.4334034	1.4620234	0.0041444	0.5629137	0.2382493	7106.2000000	0.0000000
2919.9889908	1370.0053554	14044.9094336	3.4080523	1.4340038	0.0033066	0.5526300	0.2410220	7108.7000000	0.0000000
2919.9889908	1375.0107430	14039.8503516	3.3823677	1.4059842	0.0008826	0.5575835	0.2358016	7111.2000000	0.0000000
2919.9889908	1380.0183702	14034.9905078	3.3570166	1.3779646	0.0016154	0.5590646	0.2320906	7113.6000000	0.0000000
2919.9889908	1385.0020152	14029.9265430	3.3316655	1.3499450	0.0089202	0.5615320	0.2400631	7116.1000000	0.0000000
2919.9889908	1390.0089011	14024.8625781	3.3059809	1.3219253	0.0225281	0.5499987	0.2401045	7118.6000000	0.0000000
2919.9889908	1395.0120380	14019.7986133	3.2806298	1.2939057	0.0179554	0.5622146	0.2391613	7121.1000000	0.0000000
2919.9889908	1400.0107098	14014.9385254	3.2549451	1.2658861	0.0252744	0.5644941	0.2660659	7123.5000000	0.0000000
2919.9889908	1405.0190454	14009.8767578	3.2295940	1.2378665	0.0320701	0.5613137	0.2625753	7126.0000000	0.0000000
2919.9889908	1410.0162492	14004.8149902	3.2039094	1.2098469	0.0323759	0.5557709	0.2658713	7128.5000000	0.0000000
2919.9889908	1415.0105118	13999.9556934	3.1785583	1.1821608	0.0371102	0.5530481	0.2761906	7130.9000000	0.0000000
2919.9889908	1420.0070239	13994.8995312	3.1528737	1.1541412	0.0284454	0.5538193	0.2617490	7133.4000000	0.0000000
2919.9889908	1425.0197563	13989.8477734	3.1275226	1.1261216	0.0348187	0.5577145	0.2731190	7135.9000000	0.0000000
2919.9889908	1430.0089334	13984.9980859	3.1018380	1.0981020	0.0257555	0.5502090	0.2689988	7138.3000000	0.0000000
2919.9889908	1435.0128346	13979.9463281	3.0764869	1.0700824	0.0203967	0.5509052	0.2814900	7140.8000000	0.0000000
2919.9889908	1440.0079430	13974.9034570	3.0511358	1.0420628	0.0113740	0.5655452	0.2967728	7143.3000000	0.0000000
2919.9889908	1445.0111172	13969.8687891	3.0254511	1.0140432	0.0015654	0.5537127	0.3026760	7145.8000000	0.0000000
2919.9889908	1450.0179264	13964.8341211	3.0001001	0.9860235	0.0084333	0.5499464	0.3147767	7148.3000000	0.0000000
2919.9889908	1455.0138148	13959.7994531	2.9744154	0.9580039	0.0072657	0.5541343	0.3270175	7150.8000000	0.0000000
2919.9889908	1460.0126296	13954.9780078	2.9490643	0.9299843	0.0176251	0.5509031	0.3128088	7153.2000000	0.0000000
2919.9889908	1465.0071186	13949.9679980	2.9233797	0.9019647	0.0115209	0.5550059	0.3228389	7155.7000000	0.0000000
2919.9889908	1470.0117513	13944.9579883	2.8980286	0.8739451	0.0123760	0.5494852	0.3426792	7158.2000000	0.0000000
2919.9889908	1475.0185396	13939.9479785	2.8723440	0.8459255	0.0080361	0.5531038	0.3378431	7160.7000000	0.0000000
2919.9889908	1480.0152336	13934.9533203	2.8469929	0.8179059	0.0016747	0.5541328	0.3448397	7163.2000000	0.0000000
2919.9889908	1485.0141097	13929.9752930	2.8216418	0.7898863	0.0138781	0.5585482	0.3698782	7165.7000000	0.0000000
2919.9889908	1490.0165779	13924.9972656	2.7959572	0.7618666	0.0368658	0.5455916	0.3735514	7168.2000000	0.0000000
2919.9889908	1495.0147552	13919.8201172	2.7706061	0.7338470	0.0602015	0.5459923	0.3685364	7170.8000000	0.0000000
2919.9889908	1500.0086715	13914.8625293	2.7449214	0.7061610	0.0784509	0.5331567	0.3624252	7173.3000000	0.0000000
2919.9889908	1505.0125874	13909.9238086	2.7195704	0.6781414	0.0673152	0.5523460	0.3565485	7175.8000000	0.0000000
2919.9889908	1510.0115275	13904.9850879	2.6938857	0.6501218	0.0561721	0.5346328	0.3523843	7178.3000000	0.0000000
2919.9889908	1515.0076411	13899.8488184	2.6685346	0.6221021	0.0384744	0.5454952	0.3662791	7180.9000000	0.0000000
2919.9889908	1519.9938555	13894.9363477	2.6428500	0.5940825	0.0283629	0.5462162	0.3696765	7183.4000000	0.0000000
2919.9889908	1525.0077139	13889.8488281	2.6174989	0.5660629	0.0219253	0.5364564	0.3855021	7186.0000000	0.0000000
2919.9889908	1530.0052970	13884.9569824	2.5921478	0.5380433	0.0144683	0.5432379	0.3846494	7188.5000000	0.0000000
2919.9889908	1535.0120450	13879.8694629	2.5664632	0.5100237	0.0074606	0.5514833	0.4022228	7191.1000000	0.0000000
2919.9889908	1540.0145659	13874.8187988	2.5411121	0.4820041	0.0032932	0.5579959	0.4041530	7193.7000000	0.0000000
2919.9889908	1545.0079704	13869.9811523	2.5154275	0.4539845	0.0012522	0.5469431	0.4128145	7196.2000000	0.0000000
