2719.9908050	1250.0093221	13964.8341211	4.0201474	2.2459055	0.0587313	0.7806393	0.1035640	7148.3000000	2720.0000000
2719.9908050	1255.0012629	13959.7994531	3.9944628	2.2178859	0.0898260	0.8220086	0.1032125	7150.8000000	0.0000000
2719.9908050	1260.0090730	13954.9780078	3.9691117	2.1898662	0.0787863	0.8003301	0.0989355	7153.2000000	0.0000000
2719.9908050	1265.0065966	13949.9679980	3.9434271	2.1618466	0.0626057	0.8049806	0.1087553	7155.7000000	0.0000000
2719.9908050	1270.0065068	13944.9579883	3.9180760	2.1341606	0.0600527	0.7838125	0.1236068	7158.2000000	0.0000000
2719.9908050	1275.0103515	13939.9479785	3.8923913	2.1061410	0.0564083	0.7960283	0.1245403	7160.7000000	0.0000000
2719.9908050	1280.0087077	13934.9533203	3.8670403	2.0781214	0.0487410	0.7963403	0.1270304	7163.2000000	0.0000000
2719.9908050	1285.0039494	13929.9752930	3.8413556	2.0501017	0.1025717	0.8103120	0.1416586	7165.7000000	0.0000000
2719.9908050	1290.0085889	13924.9972656	3.8160045	2.0220821	0.0818456	0.8090313	0.1460061	7168.2000000	0.0000000
2719.9908050	1295.0023166	13919.8201172	3.7906535	1.9940625	0.0501661	0.7821933	0.1503729	7170.8000000	0.0000000
2719.9908050	1300.0131757	13914.8625293	3.7649688	1.9660429	0.0410740	0.7815814	0.1583510	7173.3000000	0.0000000
2719.9908050	1305.0061646	13909.9238086	3.7396177	1.9380233	0.0273545	0.7777057	0.1695554	7175.8000000	0.0000000
2719.9908050	1310.0084776	13904.9850879	3.7139331	1.9100037	0.0307288	0.8013136	0.1758328	7178.3000000	0.0000000
2719.9908050	1315.0131095	13899.8488184	3.6885820	1.8819841	0.0280872	0.7827489	0.1800886	7180.9000000	0.0000000
2719.9908050	1320.0077159	13894.9363477	3.6628974	1.8539644	0.0512701	0.8073506	0.1874180	7183.4000000	0.0000000
2719.9908050	1325.0115809	13889.8488281	3.6375463	1.8259448	0.0443756	0.8019910	0.1886582	7186.0000000	0.0000000
2719.9908050	1330.0054664	13884.9569824	3.6118616	1.7979252	0.0463053	0.7823209	0.1920211	7188.5000000	0.0000000
2719.9908050	1335.0078092	13879.8694629	3.5865106	1.7699056	0.0299667	0.8018764	0.1942120	7191.1000000	0.0000000
2719.9908050	1339.9933394	13874.8187988	3.5611595	1.7418860	0.0089802	0.7671134	0.1994191	7193.7000000	0.0000000
2719.9908050	1344.9949594	13869.9811523	3.5354748	1.7138664	0.0240706	0.8127909	0.2056205	7196.2000000	0.0000000
2719.9908050	1349.9996284	13864.9500000	3.5101238	1.6858468	0.0567742	0.8048352	0.2130186	7198.8000000	0.0000000
2719.9908050	1355.0073124	13859.9188477	3.4844391	1.6581607	0.0917279	0.8061647	0.2219913	7201.4000000	0.0000000
2719.9908050	1360.0111868	13854.9367187	3.4590880	1.6301411	0.0923557	0.7977374	0.2240499	7204.0000000	0.0000000
2719.9908050	1365.0105236	13849.9692969	3.4334034	1.6021215	0.0689421	0.8169638	0.2343309	7206.6000000	0.0000000
2719.9908050	1370.0121378	13844.8108203	3.4080523	1.5741019	0.0157963	0.7693533	0.2370839	7209.3000000	0.0000000
2719.9908050	1375.0175101	13839.8433984	3.3823677	1.5460823	0.0033370	0.8161372	0.2423243	7211.9000000	0.0000000
2719.9908050	1380.0251231	13834.9450684	3.3570166	1.5180626	0.0123647	0.7879954	0.2419396	7214.5000000	0.0000000
2719.9908050	1385.0087539	13829.8612109	3.3316655	1.4900430	0.0298318	0.8234193	0.2463192	7217.2000000	0.0000000
2719.9908050	1390.0156257	13824.9656445	3.3059809	1.4620234	0.0264420	0.8312134	0.2520140	7219.8000000	0.0000000
2719.9908050	1395.0187476	13819.8970215	3.2806298	1.4340038	0.0222745	0.8178988	0.2445626	7222.5000000	0.0000000
2719.9908050	1400.0107098	13814.8954297	3.2549451	1.4059842	0.0100037	0.8163020	0.2613704	7225.2000000	0.0000000
2719.9908050	1405.0190454	13809.8938379	3.2295940	1.3779646	0.0070769	0.8038115	0.2722382	7227.9000000	0.0000000
2719.9908050	1410.0095813	13804.8922461	3.2039094	1.3499450	0.0260404	0.8110569	0.2755432	7230.6000000	0.0000000
2719.9908050	1415.0171650	13799.9363574	3.1785583	1.3219253	0.0561365	0.8399083	0.2696014	7233.3000000	0.0000000
2719.9908050	1420.0003845	13794.8479590	3.1528737	1.2939057	0.0414811	0.8181659	0.2788628	7236.1000000	0.0000000
2719.9908050	1425.0131305	13789.9412891	3.1275226	1.2658861	0.0549170	0.8407885	0.2732778	7238.8000000	0.0000000
2719.9908050	1430.0023232	13784.8528906	3.1018380	1.2378665	0.0825498	0.8567575	0.2784446	7241.6000000	0.0000000
2719.9908050	1435.0128346	13779.9513477	3.0764869	1.2098469	0.0975023	0.8550250	0.2788252	7244.2000000	0.0000000
2719.9908050	1440.0145261	13774.8279395	3.0511358	1.1821608	0.0180431	0.8530824	0.2861865	7246.9000000	0.0000000
2719.9908050	1445.0111172	13769.8942871	3.0254511	1.1541412	0.0166010	0.8329639	0.3114338	7249.5000000	0.0000000
2719.9908050	1450.0113701	13764.9611523	3.0001001	1.1261216	0.0320469	0.8485911	0.3196195	7252.1000000	0.0000000
2719.9908050	1455.0138148	13759.8517187	2.9744154	1.0981020	0.0194884	0.8478189	0.3221989	7254.8000000	0.0000000
2719.9908050	1460.0126296	13754.9315234	2.9490643	1.0700824	0.0222988	0.8546456	0.3181615	7257.4000000	0.0000000
2719.9908050	1465.0071186	13749.8220898	2.9233797	1.0420628	0.0283586	0.8587599	0.3126472	7260.1000000	0.0000000
2719.9908050	1470.0117513	13744.9055859	2.8980286	1.0140432	0.0316188	0.8556638	0.3246159	7262.7000000	0.0000000
2719.9908050	1475.0250288	13739.9991016	2.8723440	0.9860235	0.0552118	0.8395210	0.3249497	7265.3000000	0.0000000
2719.9908050	1480.0152336	13734.9039062	2.8469929	0.9580039	0.0351671	0.8633718	0.3448811	7268.0000000	0.0000000
2719.9908050	1485.0076465	13729.9974219	2.8216418	0.9299843	0.0126937	0.8548515	0.3468486	7270.6000000	0.0000000
2719.9908050	1490.0165779	13724.9088281	2.7959572	0.9019647	0.0605444	0.8626892	0.3600820	7273.3000000	0.0000000
2719.9908050	1495.0147552	13719.8273437	2.7706061	0.8739451	0.1272008	0.8841962	0.3597503	7276.0000000	0.0000000
2719.9908050	1500.0086715	13714.9340625	2.7449214	0.8459255	0.2366631	0.9018148	0.3419937	7278.6000000	0.0000000
2719.9908050	1505.0125874	13709.8525781	2.7195704	0.8179059	0.2914116	0.9029848	0.3700692	7281.3000000	0.0000000
2719.9908050	1509.9987309	13704.9691309	2.6938857	0.7898863	0.2887733	0.8923037	0.3475164	7283.9000000	0.0000000
2719.9908050	1515.0012567	13699.9016211	2.6685346	0.7618666	0.2170615	0.8839890	0.3676986	7286.6000000	0.0000000
2719.9908050	1520.0002394	13694.8341113	2.6428500	0.7338470	0.0871687	0.8862061	0.3692849	7289.3000000	0.0000000
2719.9908050	1525.0140722	13689.9542871	2.6174989	0.7061610	0.0394211	0.8712547	0.3848595	7291.9000000	0.0000000
2719.9908050	1530.0116427	13684.9002344	2.5921478	0.6781414	0.0253009	0.8669028	0.3860400	7294.6000000	0.0000000
2719.9908050	1535.0120450	13679.8466992	2.5664632	0.6501218	0.0787913	0.8705383	0.3891746	7297.3000000	0.0000000
2719.9908050	1540.0145659	13674.9803320	2.5411121	0.6221021	0.0439734	0.8830237	0.3989739	7299.9000000	0.0000000
2719.9908050	1545.0079704	13669.9298437	2.5154275	0.5940825	0.0066161	0.8803745	0.4011096	7302.6000000	0.0000000
