2679.9938682	1250.0093221	13924.9972656	4.0201474	2.2739251	0.1244557	0.6813869	0.1054449	7168.2000000	2680.0000000
2679.9938682	1255.0083965	13919.8201172	3.9944628	2.2459055	0.1308214	0.6862499	0.1092382	7170.8000000	0.0000000
2679.9938682	1260.0019540	13914.8625293	3.9691117	2.2178859	0.1234264	0.6624009	0.1141205	7173.3000000	0.0000000
2679.9938682	1265.0065966	13909.9238086	3.9434271	2.1898662	0.1509774	0.6713341	0.1143362	7175.8000000	0.0000000
2679.9938682	1270.0065068	13904.9850879	3.9180760	2.1618466	0.1474425	0.6896937	0.1173646	7178.3000000	0.0000000
2679.9938682	1275.0103515	13899.8488184	3.8923913	2.1341606	0.1129838	0.6745056	0.1282443	7180.9000000	0.0000000
2679.9938682	1280.0087077	13894.9363477	3.8670403	2.1061410	0.1014614	0.6864916	0.1374058	7183.4000000	0.0000000
2679.9938682	1285.0039494	13889.8488281	3.8413556	2.0781214	0.0537781	0.6554856	0.1447460	7186.0000000	0.0000000
2679.9938682	1290.0085889	13884.9569824	3.8160045	2.0501017	0.0495591	0.6575386	0.1513517	7188.5000000	0.0000000
2679.9938682	1295.0023166	13879.8694629	3.7906535	2.0220821	0.0450963	0.6797451	0.1551515	7191.1000000	0.0000000
2679.9938682	1300.0061827	13874.8187988	3.7649688	1.9940625	0.0340881	0.6665166	0.1596061	7193.7000000	0.0000000
2679.9938682	1305.0061646	13869.9811523	3.7396177	1.9660429	0.0335870	0.6740495	0.1556436	7196.2000000	0.0000000
2679.9938682	1310.0015170	13864.9500000	3.7139331	1.9380233	0.0331064	0.6529201	0.1687360	7198.8000000	0.0000000
2679.9938682	1315.0061629	13859.9188477	3.6885820	1.9100037	0.0457911	0.6758799	0.1694619	7201.4000000	0.0000000
2679.9938682	1320.0077159	13854.9367187	3.6628974	1.8819841	0.0688319	0.6687758	0.1968524	7204.0000000	0.0000000
2679.9938682	1325.0046642	13849.9692969	3.6375463	1.8539644	0.1000713	0.6844848	0.1908132	7206.6000000	0.0000000
2679.9938682	1330.0054664	13844.8108203	3.6118616	1.8259448	0.0632352	0.6773541	0.1910431	7209.3000000	0.0000000
2679.9938682	1335.0009231	13839.8433984	3.5865106	1.7979252	0.0248722	0.6694772	0.1938815	7211.9000000	0.0000000
2679.9938682	1339.9933394	13834.9450684	3.5611595	1.7699056	0.0152347	0.6617377	0.1973739	7214.5000000	0.0000000
2679.9938682	1344.9949594	13829.8612109	3.5354748	1.7418860	0.0574327	0.6776563	0.2008624	7217.2000000	0.0000000
2679.9938682	1350.0064703	13824.9656445	3.5101238	1.7138664	0.0725707	0.6686654	0.2140485	7219.8000000	0.0000000
2679.9938682	1355.0004858	13819.8970215	3.4844391	1.6858468	0.0606517	0.6806952	0.2125833	7222.5000000	0.0000000
2679.9938682	1360.0111868	13814.8954297	3.4590880	1.6581607	0.0312333	0.6656270	0.2216948	7225.2000000	0.0000000
2679.9938682	1365.0105236	13809.8938379	3.4334034	1.6301411	0.0121105	0.6670499	0.2186049	7227.9000000	0.0000000
2679.9938682	1370.0121378	13804.8922461	3.4080523	1.6021215	0.0207697	0.6629373	0.2280271	7230.6000000	0.0000000
2679.9938682	1375.0107430	13799.9363574	3.3823677	1.5741019	0.0261849	0.6518154	0.2330795	7233.3000000	0.0000000
2679.9938682	1380.0183702	13794.8479590	3.3570166	1.5460823	0.0178285	0.6632832	0.2265265	7236.1000000	0.0000000
2679.9938682	1385.0087539	13789.9412891	3.3316655	1.5180626	0.0180889	0.6747251	0.2219233	7238.8000000	0.0000000
2679.9938682	1390.0156257	13784.8528906	3.3059809	1.4900430	0.0243956	0.6607605	0.2343303	7241.6000000	0.0000000
2679.9938682	1395.0187476	13779.9513477	3.2806298	1.4620234	0.0323542	0.6640217	0.2482833	7244.2000000	0.0000000
2679.9938682	1400.0107098	13774.8279395	3.2549451	1.4340038	0.0093116	0.6576874	0.2578865	7246.9000000	0.0000000
2679.9938682	1405.0123646	13769.8942871	3.2295940	1.4059842	0.0478599	0.6685674	0.2706168	7249.5000000	0.0000000
2679.9938682	1410.0095813	13764.9611523	3.2039094	1.3779646	0.1241101	0.6889872	0.2777566	7252.1000000	0.0000000
2679.9938682	1415.0171650	13759.8517187	3.1785583	1.3499450	0.1249529	0.6968541	0.2715698	7254.8000000	0.0000000
2679.9938682	1420.0003845	13754.9315234	3.1528737	1.3219253	0.0984183	0.6781998	0.2648616	7257.4000000	0.0000000
2679.9938682	1425.0131305	13749.8220898	3.1275226	1.2939057	0.0852329	0.6595917	0.2659661	7260.1000000	0.0000000
2679.9938682	1430.0089334	13744.9055859	3.1018380	1.2658861	0.0954512	0.6690877	0.2760519	7262.7000000	0.0000000
2679.9938682	1435.0128346	13739.9991016	3.0764869	1.2378665	0.1277111	0.6526199	0.2912838	7265.3000000	0.0000000
2679.9938682	1440.0145261	13734.9039062	3.0511358	1.2098469	0.1400750	0.6830349	0.2937446	7268.0000000	0.0000000
2679.9938682	1445.0111172	13729.9974219	3.0254511	1.1821608	0.0425962	0.6686007	0.3118844	7270.6000000	0.0000000
2679.9938682	1450.0179264	13724.9088281	3.0001001	1.1541412	0.0133969	0.6537147	0.3192037	7273.3000000	0.0000000
2679.9938682	1455.0138148	13719.8273437	2.9744154	1.1261216	0.0144463	0.6489210	0.3240635	7276.0000000	0.0000000
2679.9938682	1460.0191583	13714.9340625	2.9490643	1.0981020	0.0527002	0.6619407	0.3251179	7278.6000000	0.0000000
2679.9938682	1465.0136350	13709.8525781	2.9233797	1.0700824	0.0677933	0.6463693	0.3241229	7281.3000000	0.0000000
2679.9938682	1470.0182537	13704.9691309	2.8980286	1.0420628	0.0688809	0.6549151	0.3254711	7283.9000000	0.0000000
2679.9938682	1475.0185396	13699.9016211	2.8723440	1.0140432	0.0414172	0.6629512	0.3402817	7286.6000000	0.0000000
2679.9938682	1480.0087583	13694.8341113	2.8469929	0.9860235	0.0086750	0.6510825	0.3480353	7289.3000000	0.0000000
2679.9938682	1485.0076465	13689.9542871	2.8216418	0.9580039	0.0027991	0.6438427	0.3607584	7291.9000000	0.0000000
2679.9938682	1490.0165779	13684.9002344	2.7959572	0.9299843	0.0691147	0.6486032	0.3689856	7294.6000000	0.0000000
2679.9938682	1495.0083197	13679.8466992	2.7706061	0.9019647	0.3355670	0.6755575	0.3668954	7297.3000000	0.0000000
2679.9938682	1500.0022480	13674.9803320	2.7449214	0.8739451	0.3955166	0.6707947	0.3780866	7299.9000000	0.0000000
2679.9938682	1505.0125874	13669.9298437	2.7195704	0.8459255	0.2977618	0.6696868	0.3600048	7302.6000000	0.0000000
2679.9938682	1510.0179246	13664.8900195	2.6938857	0.8179059	0.3480867	0.6771340	0.3477788	7305.3000000	0.0000000
2679.9938682	1515.0076411	13659.8501953	2.6685346	0.7898863	0.2272841	0.6598043	0.3632999	7308.0000000	0.0000000
2679.9938682	1520.0129811	13654.9970312	2.6428500	0.7618666	0.0549520	0.6286130	0.3698331	7310.6000000	0.0000000
2679.9938682	1525.0140722	13649.9639355	2.6174989	0.7338470	0.1175364	0.6259446	0.3828894	7313.3000000	0.0000000
2679.9938682	1530.0116427	13644.9380859	2.5921478	0.7061610	0.3696783	0.6595786	0.3821661	7316.0000000	0.0000000
2679.9938682	1535.0183774	13639.9122363	2.5664632	0.6781414	0.2625366	0.6467899	0.3843882	7318.7000000	0.0000000
2679.9938682	1540.0145659	13634.8863867	2.5411121	0.6501218	0.0721241	0.6392349	0.3832739	7321.4000000	0.0000000
2679.9938682	1545.0079704	13629.8709961	2.5154275	0.6221021	0.0121600	0.6198234	0.3943914	7324.1000000	0.0000000
