2589.9950275	1250.0093221	13834.9450684	4.0201474	2.3369692	0.0246107	0.3458790	0.1044247	7214.5000000	2590.0000000
2589.9950275	1255.0012629	13829.8612109	3.9944628	2.3089496	0.0401088	0.3463652	0.1059299	7217.2000000	0.0000000
2589.9950275	1260.0019540	13824.9656445	3.9691117	2.2809300	0.0469735	0.3476697	0.1095460	7219.8000000	0.0000000
2589.9950275	1265.0065966	13819.8970215	3.9434271	2.2529104	0.0735940	0.3476373	0.1170055	7222.5000000	0.0000000
2589.9950275	1270.0065068	13814.8954297	3.9180760	2.2248908	0.0824995	0.3504738	0.1211798	7225.2000000	0.0000000
2589.9950275	1275.0103515	13809.8938379	3.8923913	2.1968711	0.0458358	0.3486746	0.1275321	7227.9000000	0.0000000
2589.9950275	1280.0016522	13804.8922461	3.8670403	2.1688515	0.0564105	0.3548185	0.1396422	7230.6000000	0.0000000
2589.9950275	1285.0039494	13799.9363574	3.8413556	2.1411655	0.0450991	0.3473373	0.1470962	7233.3000000	0.0000000
2589.9950275	1290.0015653	13794.8479590	3.8160045	2.1131459	0.0313364	0.3441220	0.1524458	7236.1000000	0.0000000
2589.9950275	1295.0023166	13789.9412891	3.7906535	2.0851263	0.0337952	0.3446253	0.1463002	7238.8000000	0.0000000
2589.9950275	1300.0061827	13784.8528906	3.7649688	2.0571066	0.0486558	0.3443212	0.1655302	7241.6000000	0.0000000
2589.9950275	1305.0061646	13779.9513477	3.7396177	2.0290870	0.0175161	0.3420481	0.1652120	7244.2000000	0.0000000
2589.9950275	1310.0015170	13774.8279395	3.7139331	2.0010674	0.0173087	0.3390464	0.1748489	7246.9000000	0.0000000
2589.9950275	1315.0061629	13769.8942871	3.6885820	1.9730478	0.0547776	0.3518541	0.1659939	7249.5000000	0.0000000
2589.9950275	1320.0007853	13764.9611523	3.6628974	1.9450282	0.0793047	0.3468419	0.1911101	7252.1000000	0.0000000
2589.9950275	1325.0115809	13759.8517187	3.6375463	1.9170086	0.0521062	0.3519808	0.1980083	7254.8000000	0.0000000
2589.9950275	1330.0054664	13754.9315234	3.6118616	1.8889890	0.0202902	0.3401845	0.1973245	7257.4000000	0.0000000
2589.9950275	1335.0009231	13749.8220898	3.5865106	1.8609693	0.0072476	0.3433816	0.1968306	7260.1000000	0.0000000
2589.9950275	1339.9933394	13744.9055859	3.5611595	1.8329497	0.0187936	0.3392996	0.2012487	7262.7000000	0.0000000
2589.9950275	1344.9949594	13739.9991016	3.5354748	1.8049301	0.0297975	0.3437457	0.2013534	7265.3000000	0.0000000
2589.9950275	1349.9996284	13734.9039062	3.5101238	1.7769105	0.0293175	0.3448403	0.2117085	7268.0000000	0.0000000
2589.9950275	1355.0004858	13729.9974219	3.4844391	1.7488909	0.0240493	0.3449116	0.2221234	7270.6000000	0.0000000
2589.9950275	1360.0111868	13724.9088281	3.4590880	1.7208713	0.0264340	0.3368364	0.2314797	7273.3000000	0.0000000
2589.9950275	1365.0037279	13719.8273437	3.4334034	1.6928517	0.0162433	0.3385145	0.2306841	7276.0000000	0.0000000
2589.9950275	1370.0053554	13714.9340625	3.4080523	1.6651656	0.0224580	0.3543789	0.2301102	7278.6000000	0.0000000
2589.9950275	1375.0107430	13709.8525781	3.3823677	1.6371460	0.0113571	0.3374131	0.2363250	7281.3000000	0.0000000
2589.9950275	1380.0183702	13704.9691309	3.4133894	1.6091264	0.0070903	0.3482511	0.2368763	7283.9000000	0.0000000
2589.9950275	1385.0087539	13699.9016211	3.3316655	1.5811068	0.0063628	0.3489735	0.2434899	7286.6000000	0.0000000
2589.9950275	1390.0089011	13694.8341113	3.3059809	1.5530872	0.0051354	0.3534591	0.2389627	7289.3000000	0.0000000
2589.9950275	1395.0120380	13689.9542871	3.2806298	1.5250675	0.0055646	0.3429067	0.2485614	7291.9000000	0.0000000
2589.9950275	1400.0107098	13684.9002344	3.2549451	1.4970479	0.0173643	0.3507813	0.2668647	7294.6000000	0.0000000
2589.9950275	1405.0123646	13679.8466992	3.2295940	1.4690283	0.0756844	0.3476580	0.2677694	7297.3000000	0.0000000
2589.9950275	1409.9962382	13674.9803320	3.2039094	1.4410087	0.0807762	0.3479824	0.2566700	7299.9000000	0.0000000
2589.9950275	1415.0171650	13669.9298437	3.1785583	1.4129891	0.0414585	0.3504215	0.2616812	7302.6000000	0.0000000
2589.9950275	1420.0003845	13664.8900195	3.1528737	1.3849695	0.0622753	0.3608090	0.2713798	7305.3000000	0.0000000
2589.9950275	1425.0197563	13659.8501953	3.1275226	1.3569499	0.0521163	0.3505376	0.2777942	7308.0000000	0.0000000
2589.9950275	1430.0155436	13654.9970312	3.1018380	1.3289303	0.0262493	0.3415645	0.2713335	7310.6000000	0.0000000
2589.9950275	1435.0128346	13649.9639355	3.0764869	1.3009106	0.0984336	0.3596555	0.2872925	7313.3000000	0.0000000
2589.9950275	1440.0145261	13644.9380859	3.0511358	1.2728910	0.2599500	0.3840568	0.2913529	7316.0000000	0.0000000
2589.9950275	1445.0111172	13639.9122363	3.0254511	1.2448714	0.1361256	0.3599225	0.3092974	7318.7000000	0.0000000
2589.9950275	1450.0113701	13634.8863867	3.0001001	1.2168518	0.0112349	0.3494489	0.3264590	7321.4000000	0.0000000
2589.9950275	1455.0072718	13629.8709961	2.9744154	1.1891657	0.0251165	0.3525101	0.3091075	7324.1000000	0.0000000
2589.9950275	1460.0061008	13624.8585937	2.9490643	1.1611461	0.0759712	0.3544873	0.3015765	7326.8000000	0.0000000
2589.9950275	1465.0071186	13619.8461914	2.9233797	1.1331265	0.1055421	0.3636958	0.3165851	7329.5000000	0.0000000
2589.9950275	1470.0182537	13614.8348047	2.8980286	1.1051069	0.1027102	0.3575916	0.3302302	7332.2000000	0.0000000
2589.9950275	1475.0185396	13609.8361133	2.8723440	1.0770873	0.0642599	0.3589983	0.3280615	7334.9000000	0.0000000
2589.9950275	1480.0087583	13604.8374219	2.8469929	1.0490677	0.0236277	0.3559059	0.3439689	7337.6000000	0.0000000
2589.9950275	1485.0141097	13599.8387305	2.8216418	1.0210481	0.0182306	0.3561498	0.3703746	7340.3000000	0.0000000
2589.9950275	1490.0165779	13594.8450195	2.7959572	0.9930285	0.0412130	0.3577264	0.3657932	7343.0000000	0.0000000
2589.9950275	1495.0083197	13589.8597754	2.7706061	0.9650088	0.0992053	0.3569916	0.3720942	7345.7000000	0.0000000
2589.9950275	1500.0086715	13584.8745312	2.7449214	0.9369892	0.1567532	0.3646087	0.3648906	7348.4000000	0.0000000
2589.9950275	1505.0061784	13579.8892871	2.7195704	0.9089696	0.2343636	0.3817712	0.3756331	7351.1000000	0.0000000
2589.9950275	1510.0115275	13574.9131836	2.6938857	0.8809500	0.2727623	0.3812798	0.3333801	7353.8000000	0.0000000
2589.9950275	1515.0012567	13569.9416504	2.6685346	0.8529304	0.2888947	0.3914872	0.3685060	7356.5000000	0.0000000
2589.9950275	1520.0066103	13564.9701172	2.6428500	0.8249108	0.2155934	0.3809967	0.3681578	7359.2000000	0.0000000
2589.9950275	1525.0140722	13559.9985840	2.6174989	0.7968912	0.1521880	0.3734910	0.3878914	7361.9000000	0.0000000
2589.9950275	1530.0116427	13554.8563672	2.5921478	0.7688715	0.0935250	0.3676116	0.3825494	7364.7000000	0.0000000
2589.9950275	1535.0183774	13549.8982812	2.5664632	0.7408519	0.0252047	0.3609568	0.4061641	7367.4000000	0.0000000
2589.9950275	1540.0145659	13544.9401953	2.5411121	0.7131659	0.0107709	0.3690964	0.3909753	7370.1000000	0.0000000
2589.9950275	1545.0079704	13539.9860156	2.5154275	0.6851463	0.0022932	0.3586213	0.3910618	7372.8000000	0.0000000
