2979.9891568	1250.0021703	14224.9451074	4.0201474	2.0641115	0.0029733	0.3054939	0.1106527	7017.3000000	2980.0000000
2979.9891568	1255.0083965	14219.8675781	3.9944628	2.0360919	0.0030405	0.3227217	0.1116680	7020.0000000	0.0000000
2979.9891568	1260.0019540	14214.9655078	3.9691117	2.0080723	0.0034443	0.3090708	0.1153824	7022.6000000	0.0000000
2979.9891568	1265.0065966	14209.8312891	3.9434271	1.9800527	0.0048397	0.3125305	0.1209659	7025.3000000	0.0000000
2979.9891568	1269.9994179	14204.8872266	3.9180760	1.9520331	0.0039893	0.3132273	0.1349265	7027.9000000	0.0000000
2979.9891568	1275.0103515	14199.9431641	3.8923913	1.9240135	0.0037023	0.3100234	0.1344050	7030.5000000	0.0000000
2979.9891568	1280.0087077	14194.9709570	3.8670403	1.8959939	0.0036678	0.3153833	0.1471400	7033.1000000	0.0000000
2979.9891568	1284.9969032	14189.9603711	3.8413556	1.8679742	0.0025876	0.3225309	0.1548190	7035.7000000	0.0000000
2979.9891568	1290.0085889	14184.9497852	3.8160045	1.8399546	0.0018082	0.3068308	0.1623938	7038.3000000	0.0000000
2979.9891568	1295.0023166	14179.9391992	3.7906535	1.8119350	0.0026979	0.3196005	0.1644149	7040.9000000	0.0000000
2979.9891568	1300.0061827	14174.8946289	3.7649688	1.7839154	0.0021234	0.3062157	0.1688079	7043.5000000	0.0000000
2979.9891568	1305.0061646	14169.8251367	3.7396177	1.7558958	0.0018190	0.3115237	0.1739773	7046.1000000	0.0000000
2979.9891568	1310.0015170	14164.9506250	3.7139331	1.7278762	0.0024185	0.3156376	0.1821343	7048.6000000	0.0000000
2979.9891568	1315.0061629	14159.8811328	3.6885820	1.6998566	0.0025712	0.3193063	0.1913026	7051.2000000	0.0000000
2979.9891568	1320.0007853	14154.9732520	3.6628974	1.6718370	0.0025916	0.3160935	0.1938366	7053.7000000	0.0000000
2979.9891568	1325.0115809	14149.8527246	3.6375463	1.6441509	0.0023357	0.3199194	0.2045812	7056.3000000	0.0000000
2979.9891568	1330.0054664	14144.9291406	3.6118616	1.6161313	0.0017699	0.3131713	0.2108173	7058.8000000	0.0000000
2979.9891568	1335.0009231	14139.8086133	3.5865106	1.5881117	0.0016508	0.3158297	0.2035546	7061.4000000	0.0000000
2979.9891568	1339.9933394	14134.8531152	3.5611595	1.5600921	0.0019695	0.3126974	0.2084829	7063.9000000	0.0000000
2979.9891568	1344.9880891	14129.8875391	3.5354748	1.5320725	0.0009547	0.3142925	0.2147909	7066.4000000	0.0000000
2979.9891568	1350.0064703	14124.9219629	3.5101238	1.5040528	0.0023689	0.3198671	0.2224724	7068.9000000	0.0000000
2979.9891568	1355.0004858	14119.9563867	3.4844391	1.4760332	0.0012598	0.3140536	0.2400908	7071.4000000	0.0000000
2979.9891568	1360.0111868	14114.9644629	3.4590880	1.4480136	0.0012181	0.3200068	0.2400031	7073.9000000	0.0000000
2979.9891568	1365.0037279	14109.9642187	3.4334034	1.4199940	0.0011274	0.3129933	0.2487333	7076.4000000	0.0000000
2979.9891568	1370.0053554	14104.9639746	3.4080523	1.3919744	0.0015928	0.3170275	0.2549265	7078.9000000	0.0000000
2979.9891568	1375.0107430	14099.9637305	3.3823677	1.3639548	0.0039960	0.3113395	0.2528643	7081.4000000	0.0000000
2979.9891568	1380.0183702	14094.9430762	3.3570166	1.3359352	0.0056487	0.3181735	0.2396371	7083.9000000	0.0000000
2979.9891568	1385.0087539	14089.9159766	3.3316655	1.3079155	0.0030096	0.3190176	0.2513153	7086.4000000	0.0000000
2979.9891568	1390.0089011	14084.8888770	3.3059809	1.2798959	0.0019114	0.3163201	0.2631327	7088.9000000	0.0000000
2979.9891568	1395.0187476	14079.8617773	3.2806298	1.2518763	0.0011605	0.2994127	0.2726406	7091.4000000	0.0000000
2979.9891568	1400.0107098	14074.8196484	3.2549451	1.2238567	0.0007737	0.3132393	0.2710587	7093.9000000	0.0000000
2979.9891568	1405.0190454	14069.9746484	3.2295940	1.1958371	0.0010952	0.3197566	0.2750667	7096.3000000	0.0000000
2979.9891568	1410.0029134	14064.9277734	3.2039094	1.1681510	0.0020850	0.3192889	0.2975182	7098.8000000	0.0000000
2979.9891568	1415.0171650	14059.8808984	3.1785583	1.1401314	0.0023528	0.3193890	0.2958450	7101.3000000	0.0000000
2979.9891568	1420.0003845	14054.8252344	3.1528737	1.1121118	0.0019049	0.3039644	0.2951429	7103.8000000	0.0000000
2979.9891568	1425.0197563	14049.9685156	3.1275226	1.0840922	0.0012952	0.2979917	0.2892448	7106.2000000	0.0000000
2979.9891568	1430.0089334	14044.9094336	3.1018380	1.0560726	0.0017955	0.3066985	0.2987334	7108.7000000	0.0000000
2979.9891568	1435.0194332	14039.8503516	3.0764869	1.0280530	0.0011420	0.3083445	0.2974380	7111.2000000	0.0000000
2979.9891568	1440.0079430	14034.9905078	3.0511358	1.0000334	0.0010116	0.3163699	0.3145116	7113.6000000	0.0000000
2979.9891568	1445.0111172	14029.9265430	3.0254511	0.9720137	0.0033083	0.3194429	0.3285870	7116.1000000	0.0000000
2979.9891568	1450.0179264	14024.8625781	3.0001001	0.9439941	0.0033627	0.3086617	0.3306887	7118.6000000	0.0000000
2979.9891568	1455.0072718	14019.7986133	2.9744154	0.9159745	0.0031647	0.3096212	0.3440031	7121.1000000	0.0000000
2979.9891568	1460.0061008	14014.9385254	2.9490643	0.8879549	0.0071869	0.3104716	0.3333590	7123.5000000	0.0000000
2979.9891568	1465.0006021	14009.8767578	2.9233797	0.8599353	0.0084764	0.3144337	0.3302484	7126.0000000	0.0000000
2979.9891568	1470.0117513	14004.8149902	2.8980286	0.8319157	0.0092469	0.3157697	0.3359518	7128.5000000	0.0000000
2979.9891568	1475.0185396	13999.9556934	2.8723440	0.8038961	0.0031600	0.3031635	0.3536155	7130.9000000	0.0000000
2979.9891568	1480.0087583	13994.8995312	2.8469929	0.7758764	0.0013466	0.3059959	0.3525284	7133.4000000	0.0000000
2979.9891568	1485.0076465	13989.8477734	2.8216418	0.7478568	0.0010219	0.3240365	0.3602849	7135.9000000	0.0000000
2979.9891568	1490.0101286	13984.9980859	2.7959572	0.7198372	0.0018573	0.2927391	0.3816639	7138.3000000	0.0000000
2979.9891568	1495.0018842	13979.9463281	2.7706061	0.6921512	0.0039385	0.3157395	0.3710109	7140.8000000	0.0000000
2979.9891568	1500.0086715	13974.9034570	2.7449214	0.6641316	0.0085962	0.3125167	0.3754353	7143.3000000	0.0000000
2979.9891568	1505.0061784	13969.8687891	2.7195704	0.6361119	0.0342080	0.3238158	0.3553699	7145.8000000	0.0000000
2979.9891568	1510.0051304	13964.8341211	2.6938857	0.6080923	0.0434076	0.3127091	0.3531776	7148.3000000	0.0000000
2979.9891568	1515.0012567	13959.7994531	2.6685346	0.5800727	0.0208572	0.3175455	0.3670973	7150.8000000	0.0000000
2979.9891568	1520.0002394	13954.9780078	2.6428500	0.5520531	0.0159745	0.3121758	0.3769301	7153.2000000	0.0000000
2979.9891568	1525.0077139	13949.9679980	2.6174989	0.5240335	0.0036300	0.3033770	0.3869292	7155.7000000	0.0000000
2979.9891568	1530.0052970	13944.9579883	2.5921478	0.4960139	0.0010066	0.2960756	0.3772177	7158.2000000	0.0000000
2979.9891568	1535.0120450	13939.9479785	2.5664632	0.4679943	0.0007638	0.3141260	0.3839644	7160.7000000	0.0000000
2979.9891568	1540.0082451	13934.9533203	2.5411121	0.4399746	0.0006595	0.3121222	0.3952194	7163.2000000	0.0000000
2979.9891568	1545.0079704	13929.9752930	2.5154275	0.4119550	0.0008326	0.2987134	0.3948751	7165.7000000	0.0000000
