3089.9879669	1250.0164739	14334.8912500	4.0201474	1.9870576	0.0002566	0.0403033	0.1007449	6961.7000000	3090.0000000
3089.9879669	1255.0012629	14329.9521191	3.9944628	1.9590380	0.0002074	0.0350455	0.1024414	6964.1000000	0.0000000
3089.9879669	1260.0090730	14324.8146680	3.9691117	1.9310184	0.0003743	0.0291237	0.1066698	6966.6000000	0.0000000
3089.9879669	1265.0065966	14319.8827148	3.9434271	1.9029988	0.0003617	0.0426532	0.1158214	6969.0000000	0.0000000
3089.9879669	1269.9994179	14314.9507617	3.9180760	1.8749792	0.0001658	0.0323075	0.1227844	6971.4000000	0.0000000
3089.9879669	1275.0032816	14309.8684180	3.8923913	1.8469595	0.0002797	0.0388545	0.1252114	6973.9000000	0.0000000
3089.9879669	1279.9945858	14304.8034766	3.8670403	1.8189399	0.0003752	0.0350774	0.1385885	6976.4000000	0.0000000
3089.9879669	1284.9969032	14299.9411328	3.8413556	1.7909203	0.0003098	0.0375612	0.1403282	6978.8000000	0.0000000
3089.9879669	1289.9945299	14294.8761914	3.8160045	1.7629007	0.0005295	0.0306450	0.1528734	6981.3000000	0.0000000
3089.9879669	1295.0023166	14289.8724219	3.7906535	1.7348811	0.0004713	0.0243912	0.1525237	6983.8000000	0.0000000
3089.9879669	1299.9991879	14284.8924414	3.7649688	1.7068615	0.0002417	0.0416481	0.1574711	6986.3000000	0.0000000
3089.9879669	1304.9991859	14279.9124609	3.7396177	1.6788419	0.0002084	0.0393380	0.1600922	6988.8000000	0.0000000
3089.9879669	1310.0015170	14274.9324805	3.7139331	1.6511558	0.0002927	0.0324434	0.1671144	6991.3000000	0.0000000
3089.9879669	1314.9992147	14269.8269629	3.6885820	1.6231362	0.0003878	0.0253718	0.1747205	6993.9000000	0.0000000
3089.9879669	1320.0007853	14264.9439062	3.6628974	1.5951166	0.0002621	0.0375720	0.1852352	6996.4000000	0.0000000
3089.9879669	1324.9977429	14259.8655273	3.6375463	1.5670970	0.0004196	0.0321372	0.1937972	6999.0000000	0.0000000
3089.9879669	1330.0054664	14254.9824707	3.6118616	1.5390774	0.0002755	0.0321232	0.1995610	7001.5000000	0.0000000
3089.9879669	1334.9940251	14249.9961719	3.5865106	1.5110577	0.0001598	0.0434501	0.1976956	7004.1000000	0.0000000
3089.9879669	1339.9933394	14244.8408594	3.5611595	1.4830381	0.0001094	0.0397888	0.2054760	7006.8000000	0.0000000
3089.9879669	1344.9949594	14239.8764844	3.5354748	1.4550185	0.0002841	0.0493124	0.2067340	7009.4000000	0.0000000
3089.9879669	1349.9996284	14234.9121094	3.5101238	1.4269989	0.0002336	0.0388711	0.2194093	7012.0000000	0.0000000
3089.9879669	1355.0004858	14229.8345801	3.4844391	1.3989793	0.0002764	0.0363342	0.2305775	7014.7000000	0.0000000
3089.9879669	1360.0111868	14224.9451074	3.4590880	1.3712932	0.0003044	0.0376234	0.2366288	7017.3000000	0.0000000
3089.9879669	1365.0037279	14219.8675781	3.4334034	1.3429401	0.0003362	0.0287804	0.2305138	7020.0000000	0.0000000
3089.9879669	1370.0053554	14214.9655078	3.4080523	1.3149204	0.0005421	0.0375922	0.2315504	7022.6000000	0.0000000
3089.9879669	1375.0107430	14209.8312891	3.3823677	1.2869008	0.0003160	0.0401478	0.2345010	7025.3000000	0.0000000
3089.9879669	1380.0116173	14204.8872266	3.3570166	1.2588812	0.0002382	0.0409772	0.2244216	7027.9000000	0.0000000
3089.9879669	1385.0087539	14199.9431641	3.3316655	1.2308616	0.0002826	0.0391895	0.2407733	7030.5000000	0.0000000
3089.9879669	1390.0089011	14194.9709570	3.3059809	1.2028420	0.0002622	0.0436022	0.2429347	7033.1000000	0.0000000
3089.9879669	1395.0120380	14189.9603711	3.2806298	1.1751559	0.0001720	0.0447484	0.2504618	7035.7000000	0.0000000
3089.9879669	1400.0107098	14184.9497852	3.2549451	1.1471363	0.0000439	0.0390160	0.2567979	7038.3000000	0.0000000
3089.9879669	1405.0190454	14179.9391992	3.2295940	1.1191167	0.0001859	0.0416003	0.2798496	7040.9000000	0.0000000
3089.9879669	1410.0095813	14174.8946289	3.2039094	1.0910971	0.0001611	0.0506847	0.2808554	7043.5000000	0.0000000
3089.9879669	1415.0105118	14169.8251367	3.1785583	1.0630775	0.0002031	0.0514753	0.2781736	7046.1000000	0.0000000
3089.9879669	1420.0003845	14164.9506250	3.1528737	1.0350579	0.0002546	0.0397445	0.2743796	7048.6000000	0.0000000
3089.9879669	1425.0131305	14159.8811328	3.1275226	1.0070383	0.0001803	0.0390256	0.2741161	7051.2000000	0.0000000
3089.9879669	1430.0023232	14154.9732520	3.1018380	0.9790186	0.0006377	0.0430026	0.2839592	7053.7000000	0.0000000
3089.9879669	1435.0062360	14149.8527246	3.0764869	0.9509990	0.0003079	0.0408856	0.2953565	7056.3000000	0.0000000
3089.9879669	1440.0079430	14144.9291406	3.0511358	0.9229794	0.0004180	0.0511213	0.2967660	7058.8000000	0.0000000
3089.9879669	1445.0045465	14139.8086133	3.0254511	0.8949598	0.0003737	0.0417101	0.3253512	7061.4000000	0.0000000
3089.9879669	1450.0113701	14134.8531152	3.0001001	0.8669402	0.0001569	0.0409918	0.3265408	7063.9000000	0.0000000
3089.9879669	1455.0072718	14129.8875391	2.9744154	0.8389206	0.0002004	0.0397808	0.3322830	7066.4000000	0.0000000
3089.9879669	1460.0061008	14124.9219629	2.9490643	0.8109010	0.0001934	0.0383408	0.3254336	7068.9000000	0.0000000
3089.9879669	1465.0006021	14119.9563867	2.9233797	0.7828814	0.0001479	0.0392502	0.3292336	7071.4000000	0.0000000
3089.9879669	1470.0117513	14114.9644629	2.8980286	0.7548617	0.0002937	0.0315978	0.3299448	7073.9000000	0.0000000
3089.9879669	1475.0185396	14109.9642187	2.8723440	0.7268421	0.0003632	0.0347417	0.3468521	7076.4000000	0.0000000
3089.9879669	1480.0087583	14104.9639746	2.8469929	0.6991561	0.0001843	0.0431493	0.3677899	7078.9000000	0.0000000
3089.9879669	1485.0076465	14099.9637305	2.8216418	0.6711365	0.0003922	0.0355901	0.3620288	7081.4000000	0.0000000
3089.9879669	1490.0101286	14094.9430762	2.7959572	0.6431168	0.0002460	0.0383359	0.3749133	7083.9000000	0.0000000
3089.9879669	1494.9954390	14089.9159766	2.7706061	0.6150972	0.0002271	0.0328716	0.3781758	7086.4000000	0.0000000
3089.9879669	1500.0022480	14084.8888770	2.7449214	0.5870776	0.0003851	0.0428727	0.3703932	7088.9000000	0.0000000
3089.9879669	1505.0061784	14079.8617773	2.7195704	0.5590580	0.0004596	0.0423375	0.3694071	7091.4000000	0.0000000
3089.9879669	1510.0115275	14074.8196484	2.6938857	0.5310384	0.0005039	0.0466901	0.3566127	7093.9000000	0.0000000
3089.9879669	1515.0012567	14069.9746484	2.6685346	0.5030188	0.0001797	0.0358729	0.3661826	7096.3000000	0.0000000
3089.9879669	1519.9938555	14064.9277734	2.6428500	0.4749992	0.0001677	0.0358698	0.3701613	7098.8000000	0.0000000
3089.9879669	1525.0013557	14059.8808984	2.6174989	0.4469796	0.0002157	0.0346731	0.3917437	7101.3000000	0.0000000
3089.9879669	1530.0116427	14054.8252344	2.5921478	0.4189599	0.0003115	0.0448544	0.3926618	7103.8000000	0.0000000
3089.9879669	1535.0120450	14049.9685156	2.5664632	0.3909403	0.0001840	0.0548713	0.3907761	7106.2000000	0.0000000
3089.9879669	1540.0082451	14044.9094336	2.5411121	0.3629207	0.0003680	0.0414871	0.4062268	7108.7000000	0.0000000
3089.9879669	1545.0079704	14039.8503516	2.5154275	0.3349011	0.0002245	0.0404382	0.3927244	7111.2000000	0.0000000
