2739.9942817	1250.0093221	13984.9980859	4.0201474	2.2318957	0.0538558	0.8598911	0.1071101	7138.3000000	2740.0000000
2739.9942817	1255.0012629	13979.9463281	3.9944628	2.2038760	0.0467343	0.8526135	0.1075786	7140.8000000	0.0000000
2739.9942817	1260.0090730	13974.9034570	3.9691117	2.1758564	0.0569222	0.8670753	0.1127772	7143.3000000	0.0000000
2739.9942817	1265.0065966	13969.8687891	3.9434271	2.1478368	0.1883232	0.9024629	0.1147277	7145.8000000	0.0000000
2739.9942817	1270.0065068	13964.8341211	3.9180760	2.1201508	0.2711371	0.9336306	0.1205636	7148.3000000	0.0000000
2739.9942817	1275.0032816	13959.7994531	3.8923913	2.0921312	0.1638236	0.8657537	0.1297396	7150.8000000	0.0000000
2739.9942817	1280.0016522	13954.9780078	3.8670403	2.0641115	0.1399025	0.8719558	0.1384075	7153.2000000	0.0000000
2739.9942817	1285.0039494	13949.9679980	3.8413556	2.0360919	0.0603623	0.8745487	0.1401187	7155.7000000	0.0000000
2739.9942817	1290.0015653	13944.9579883	3.8160045	2.0080723	0.0345273	0.8903020	0.1539872	7158.2000000	0.0000000
2739.9942817	1295.0023166	13939.9479785	3.7906535	1.9800527	0.0150859	0.8802145	0.1524088	7160.7000000	0.0000000
2739.9942817	1300.0131757	13934.9533203	3.7649688	1.9520331	0.0255695	0.8937648	0.1577703	7163.2000000	0.0000000
2739.9942817	1305.0131413	13929.9752930	3.7396177	1.9240135	0.0812277	0.8815879	0.1660580	7165.7000000	0.0000000
2739.9942817	1310.0084776	13924.9972656	3.7139331	1.8959939	0.0933157	0.9019888	0.1649525	7168.2000000	0.0000000
2739.9942817	1315.0131095	13919.8201172	3.6885820	1.8679742	0.1022422	0.8945026	0.1797273	7170.8000000	0.0000000
2739.9942817	1320.0077159	13914.8625293	3.6628974	1.8399546	0.0857118	0.8818715	0.1869580	7173.3000000	0.0000000
2739.9942817	1325.0115809	13909.9238086	3.6375463	1.8119350	0.0619229	0.9029592	0.1929296	7175.8000000	0.0000000
2739.9942817	1330.0192660	13904.9850879	3.6118616	1.7839154	0.0490411	0.9064818	0.2001262	7178.3000000	0.0000000
2739.9942817	1335.0009231	13899.8488184	3.5865106	1.7558958	0.0186411	0.8766569	0.1928810	7180.9000000	0.0000000
2739.9942817	1340.0002250	13894.9363477	3.5611595	1.7278762	0.0149008	0.8978467	0.1995112	7183.4000000	0.0000000
2739.9942817	1345.0086816	13889.8488281	3.5354748	1.6998566	0.0211284	0.8739739	0.2128865	7186.0000000	0.0000000
2739.9942817	1350.0064703	13884.9569824	3.5101238	1.6718370	0.0332672	0.8841684	0.2224497	7188.5000000	0.0000000
2739.9942817	1355.0073124	13879.8694629	3.4844391	1.6441509	0.0339773	0.8873556	0.2220842	7191.1000000	0.0000000
2739.9942817	1360.0111868	13874.8187988	3.4590880	1.6161313	0.0248210	0.9043771	0.2296722	7193.7000000	0.0000000
2739.9942817	1365.0037279	13869.9811523	3.4334034	1.5881117	0.0288384	0.8954804	0.2407538	7196.2000000	0.0000000
2739.9942817	1370.0121378	13864.9500000	3.4080523	1.5600921	0.0481808	0.9166850	0.2439425	7198.8000000	0.0000000
2739.9942817	1375.0107430	13859.9188477	3.3823677	1.5320725	0.0371779	0.9147097	0.2504063	7201.4000000	0.0000000
2739.9942817	1380.0183702	13854.9367187	3.3570166	1.5040528	0.0188671	0.8776504	0.2445950	7204.0000000	0.0000000
2739.9942817	1385.0087539	13849.9692969	3.3316655	1.4760332	0.0193540	0.9057348	0.2450851	7206.6000000	0.0000000
2739.9942817	1390.0089011	13844.8108203	3.3059809	1.4480136	0.0164103	0.8965355	0.2567476	7209.3000000	0.0000000
2739.9942817	1395.0120380	13839.8433984	3.2806298	1.4199940	0.0087977	0.9111198	0.2608865	7211.9000000	0.0000000
2739.9942817	1400.0107098	13834.9450684	3.2549451	1.3919744	0.0114995	0.8991957	0.2696209	7214.5000000	0.0000000
2739.9942817	1405.0123646	13829.8612109	3.2295940	1.3639548	0.0440574	0.9176334	0.2732780	7217.2000000	0.0000000
2739.9942817	1410.0095813	13824.9656445	3.2039094	1.3359352	0.0473499	0.8928140	0.2774998	7219.8000000	0.0000000
2739.9942817	1415.0171650	13819.8970215	3.1785583	1.3079155	0.0663842	0.9167579	0.2693302	7222.5000000	0.0000000
2739.9942817	1420.0003845	13814.8954297	3.1528737	1.2798959	0.0720146	0.9184688	0.2788739	7225.2000000	0.0000000
2739.9942817	1425.0131305	13809.8938379	3.1275226	1.2518763	0.0580732	0.9092161	0.2809088	7227.9000000	0.0000000
2739.9942817	1429.9957029	13804.8922461	3.1018380	1.2238567	0.0705389	0.9137023	0.2854491	7230.6000000	0.0000000
2739.9942817	1435.0128346	13799.9363574	3.0764869	1.1958371	0.1002522	0.9101454	0.2990468	7233.3000000	0.0000000
2739.9942817	1440.0079430	13794.8479590	3.0511358	1.1681510	0.0490095	0.8942357	0.3137433	7236.1000000	0.0000000
2739.9942817	1445.0045465	13789.9412891	3.0254511	1.1401314	0.0125266	0.8998910	0.3224052	7238.8000000	0.0000000
2739.9942817	1450.0179264	13784.8528906	3.0001001	1.1121118	0.0076392	0.8858513	0.3222224	7241.6000000	0.0000000
2739.9942817	1455.0138148	13779.9513477	2.9744154	1.0840922	0.0204711	0.8780840	0.3313337	7244.2000000	0.0000000
2739.9942817	1460.0126296	13774.8279395	2.9490643	1.0560726	0.0223237	0.9218106	0.3302232	7246.9000000	0.0000000
2739.9942817	1465.0006021	13769.8942871	2.9233797	1.0280530	0.0892498	0.9109313	0.3260064	7249.5000000	0.0000000
2739.9942817	1470.0117513	13764.9611523	2.8980286	1.0000334	0.1895375	0.9088530	0.3244241	7252.1000000	0.0000000
2739.9942817	1475.0120503	13759.8517187	2.8723440	0.9720137	0.1103905	0.9018823	0.3337576	7254.8000000	0.0000000
2739.9942817	1480.0087583	13754.9315234	2.8469929	0.9439941	0.0290990	0.9009160	0.3466034	7257.4000000	0.0000000
2739.9942817	1485.0076465	13749.8220898	2.8216418	0.9159745	0.0091450	0.9112610	0.3666630	7260.1000000	0.0000000
2739.9942817	1490.0101286	13744.9055859	2.7959572	0.8879549	0.0509463	0.8687210	0.3748660	7262.7000000	0.0000000
2739.9942817	1495.0083197	13739.9991016	2.7706061	0.8599353	0.2255217	0.9239130	0.3626758	7265.3000000	0.0000000
2739.9942817	1500.0022480	13734.9039062	2.7449214	0.8319157	0.2662415	0.9159740	0.3767040	7268.0000000	0.0000000
2739.9942817	1505.0061784	13729.9974219	2.7195704	0.8038961	0.2877338	0.9328854	0.3627766	7270.6000000	0.0000000
2739.9942817	1510.0115275	13724.9088281	2.6938857	0.7758764	0.3383384	0.9127672	0.3673956	7273.3000000	0.0000000
2739.9942817	1515.0076411	13719.8273437	2.6685346	0.7478568	0.3627849	0.9238308	0.3614299	7276.0000000	0.0000000
2739.9942817	1519.9938555	13714.9340625	2.6428500	0.7198372	0.2557562	0.8822619	0.3903305	7278.6000000	0.0000000
2739.9942817	1525.0013557	13709.8525781	2.6174989	0.6921512	0.2324988	0.9323053	0.3955337	7281.3000000	0.0000000
2739.9942817	1530.0116427	13704.9691309	2.5921478	0.6641316	0.1088257	0.9105839	0.3827373	7283.9000000	0.0000000
2739.9942817	1535.0183774	13699.9016211	2.5664632	0.6361119	0.0558845	0.9051874	0.3910288	7286.6000000	0.0000000
2739.9942817	1540.0145659	13694.8341113	2.5411121	0.6080923	0.0255021	0.8909131	0.3977584	7289.3000000	0.0000000
2739.9942817	1545.0079704	13689.9542871	2.5154275	0.5800727	0.0079291	0.8964801	0.4101956	7291.9000000	0.0000000
