3019.9947593	1250.0093221	14264.9439062	4.0201474	2.0360919	0.0010747	0.2638916	0.1129791	6996.4000000	3020.0000000
3019.9947593	1255.0012629	14259.8655273	3.9944628	2.0080723	0.0020250	0.2797810	0.1127885	6999.0000000	0.0000000
3019.9947593	1260.0019540	14254.9824707	3.9691117	1.9800527	0.0017336	0.2696820	0.1174191	7001.5000000	0.0000000
3019.9947593	1265.0136988	14249.9961719	3.9434271	1.9520331	0.0019224	0.2712316	0.1231660	7004.1000000	0.0000000
3019.9947593	1270.0065068	14244.8408594	3.9180760	1.9240135	0.0032709	0.2776371	0.1283803	7006.8000000	0.0000000
3019.9947593	1275.0103515	14239.8764844	3.8923913	1.8959939	0.0028590	0.2685924	0.1357059	7009.4000000	0.0000000
3019.9947593	1279.9945858	14234.9121094	3.8670403	1.8679742	0.0022524	0.2921560	0.1469983	7012.0000000	0.0000000
3019.9947593	1284.9969032	14229.8345801	3.8413556	1.8399546	0.0019358	0.2822080	0.1568178	7014.7000000	0.0000000
3019.9947593	1290.0015653	14224.9451074	3.8160045	1.8119350	0.0014366	0.2810291	0.1611056	7017.3000000	0.0000000
3019.9947593	1295.0023166	14219.8675781	3.7906535	1.7839154	0.0014103	0.2761205	0.1555707	7020.0000000	0.0000000
3019.9947593	1300.0061827	14214.9655078	3.7649688	1.7558958	0.0012891	0.2704281	0.1670974	7022.6000000	0.0000000
3019.9947593	1305.0061646	14209.8312891	3.7396177	1.7278762	0.0012250	0.2851909	0.1693143	7025.3000000	0.0000000
3019.9947593	1309.9945438	14204.8872266	3.7139331	1.6998566	0.0009463	0.2750615	0.1809403	7027.9000000	0.0000000
3019.9947593	1314.9992147	14199.9431641	3.6885820	1.6718370	0.0015077	0.2750189	0.1891127	7030.5000000	0.0000000
3019.9947593	1320.0007853	14194.9709570	3.6628974	1.6441509	0.0020642	0.2741639	0.1952939	7033.1000000	0.0000000
3019.9947593	1325.0046642	14189.9603711	3.6375463	1.6161313	0.0021633	0.2657174	0.2012080	7035.7000000	0.0000000
3019.9947593	1330.0054664	14184.9497852	3.6118616	1.5881117	0.0013134	0.2752589	0.2012993	7038.3000000	0.0000000
3019.9947593	1334.9940251	14179.9391992	3.5865106	1.5600921	0.0010413	0.2746896	0.2154944	7040.9000000	0.0000000
3019.9947593	1339.9933394	14174.8946289	3.5611595	1.5320725	0.0014176	0.2793475	0.2161238	7043.5000000	0.0000000
3019.9947593	1344.9949594	14169.8251367	3.5354748	1.5040528	0.0012871	0.2744983	0.2110088	7046.1000000	0.0000000
3019.9947593	1349.9996284	14164.9506250	3.5101238	1.4760332	0.0022903	0.2654933	0.2188886	7048.6000000	0.0000000
3019.9947593	1355.0004858	14159.8811328	3.4844391	1.4480136	0.0014105	0.2664010	0.2327263	7051.2000000	0.0000000
3019.9947593	1360.0111868	14154.9732520	3.4590880	1.4199940	0.0015265	0.2758097	0.2383468	7053.7000000	0.0000000
3019.9947593	1365.0037279	14149.8527246	3.4334034	1.3919744	0.0012015	0.2691696	0.2424338	7056.3000000	0.0000000
3019.9947593	1370.0053554	14144.9291406	3.4080523	1.3639548	0.0010151	0.2668573	0.2501137	7058.8000000	0.0000000
3019.9947593	1375.0107430	14139.8086133	3.3823677	1.3359352	0.0008885	0.2752345	0.2493283	7061.4000000	0.0000000
3019.9947593	1380.0048644	14134.8531152	3.3570166	1.3079155	0.0009647	0.2730087	0.2518582	7063.9000000	0.0000000
3019.9947593	1384.9952665	14129.8875391	3.3316655	1.2798959	0.0010725	0.2668950	0.2582872	7066.4000000	0.0000000
3019.9947593	1390.0089011	14124.9219629	3.3059809	1.2518763	0.0011154	0.2570565	0.2531223	7068.9000000	0.0000000
3019.9947593	1395.0120380	14119.9563867	3.2806298	1.2238567	0.0016853	0.2748087	0.2658351	7071.4000000	0.0000000
3019.9947593	1400.0107098	14114.9644629	3.2549451	1.1958371	0.0008967	0.2669855	0.2771672	7073.9000000	0.0000000
3019.9947593	1405.0123646	14109.9642187	3.2295940	1.1681510	0.0004197	0.2666834	0.2766942	7076.4000000	0.0000000
3019.9947593	1410.0029134	14104.9639746	3.2039094	1.1401314	0.0005183	0.2564961	0.2868060	7078.9000000	0.0000000
3019.9947593	1415.0171650	14099.9637305	3.1785583	1.1121118	0.0022588	0.2710703	0.2902332	7081.4000000	0.0000000
3019.9947593	1419.9937321	14094.9430762	3.1528737	1.0840922	0.0062889	0.2705950	0.2959154	7083.9000000	0.0000000
3019.9947593	1425.0197563	14089.9159766	3.1275226	1.0560726	0.0096984	0.2717647	0.2933318	7086.4000000	0.0000000
3019.9947593	1430.0089334	14084.8888770	3.1018380	1.0280530	0.0062657	0.2684025	0.2895483	7088.9000000	0.0000000
3019.9947593	1435.0062360	14079.8617773	3.0764869	1.0000334	0.0035710	0.2601448	0.3065424	7091.4000000	0.0000000
3019.9947593	1440.0145261	14074.8196484	3.0511358	0.9720137	0.0021914	0.2783986	0.3119111	7093.9000000	0.0000000
3019.9947593	1445.0111172	14069.9746484	3.0254511	0.9439941	0.0006796	0.2713215	0.3204514	7096.3000000	0.0000000
3019.9947593	1450.0048138	14064.9277734	3.0001001	0.9159745	0.0009304	0.2765813	0.3363644	7098.8000000	0.0000000
3019.9947593	1455.0072718	14059.8808984	2.9744154	0.8879549	0.0010568	0.2648861	0.3499360	7101.3000000	0.0000000
3019.9947593	1460.0061008	14054.8252344	2.9490643	0.8599353	0.0011169	0.2678770	0.3392743	7103.8000000	0.0000000
3019.9947593	1465.0136350	14049.9685156	2.9233797	0.8319157	0.0017784	0.2560553	0.3361736	7106.2000000	0.0000000
3019.9947593	1470.0117513	14044.9094336	2.8980286	0.8038961	0.0011572	0.2655635	0.3416024	7108.7000000	0.0000000
3019.9947593	1475.0185396	14039.8503516	2.8723440	0.7758764	0.0014408	0.2638623	0.3543926	7111.2000000	0.0000000
3019.9947593	1480.0152336	14034.9905078	2.8469929	0.7478568	0.0010901	0.2681801	0.3609751	7113.6000000	0.0000000
3019.9947593	1485.0076465	14029.9265430	2.8216418	0.7198372	0.0020232	0.2742100	0.3778616	7116.1000000	0.0000000
3019.9947593	1490.0165779	14024.8625781	2.7959572	0.6921512	0.0020852	0.2721392	0.3693527	7118.6000000	0.0000000
3019.9947593	1495.0083197	14019.7986133	2.7706061	0.6641316	0.0037183	0.2680723	0.3831996	7121.1000000	0.0000000
3019.9947593	1500.0086715	14014.9385254	2.7449214	0.6361119	0.0095500	0.2735120	0.3738346	7123.5000000	0.0000000
3019.9947593	1505.0125874	14009.8767578	2.7195704	0.6080923	0.0124858	0.2633689	0.3760800	7126.0000000	0.0000000
3019.9947593	1510.0115275	14004.8149902	2.6938857	0.5800727	0.0125815	0.2697533	0.3730209	7128.5000000	0.0000000
3019.9947593	1515.0076411	13999.9556934	2.6685346	0.5520531	0.0125688	0.2700367	0.3651545	7130.9000000	0.0000000
3019.9947593	1520.0066103	13994.8995312	2.6428500	0.5240335	0.0068783	0.2701251	0.3788305	7133.4000000	0.0000000
3019.9947593	1525.0140722	13989.8477734	2.6174989	0.4960139	0.0035262	0.2599077	0.3869922	7135.9000000	0.0000000
3019.9947593	1530.0052970	13984.9980859	2.5921478	0.4679943	0.0013436	0.2703033	0.4156735	7138.3000000	0.0000000
3019.9947593	1535.0120450	13979.9463281	2.5664632	0.4399746	0.0003628	0.2715494	0.4081021	7140.8000000	0.0000000
3019.9947593	1540.0145659	13974.9034570	2.5411121	0.4119550	0.0003447	0.2738573	0.4095980	7143.3000000	0.0000000
3019.9947593	1545.0016629	13969.8687891	2.5154275	0.3839354	0.0002655	0.2754259	0.4105090	7145.8000000	0.0000000
