2779.9954620	1250.0093221	14024.8625781	4.0201474	2.2038760	0.1472585	0.9168693	0.0953887	7118.6000000	2780.0000000
2779.9954620	1255.0012629	14019.7986133	3.9944628	2.1758564	0.1959141	0.9229926	0.0937085	7121.1000000	0.0000000
2779.9954620	1260.0090730	14014.9385254	3.9691117	2.1478368	0.3353502	0.9408541	0.1011613	7123.5000000	0.0000000
2779.9954620	1265.0065966	14009.8767578	3.9434271	2.1201508	0.4030892	0.9581167	0.1073473	7126.0000000	0.0000000
2779.9954620	1270.0135944	14004.8149902	3.9180760	2.0921312	0.4025735	0.9556629	0.1094630	7128.5000000	0.0000000
2779.9954620	1275.0032816	13999.9556934	3.8923913	2.0641115	0.2862295	0.9403060	0.1209431	7130.9000000	0.0000000
2779.9954620	1280.0016522	13994.8995312	3.8670403	2.0360919	0.1578645	0.9192207	0.1271675	7133.4000000	0.0000000
2779.9954620	1285.0039494	13989.8477734	3.8413556	2.0080723	0.0811362	0.9206239	0.1396759	7135.9000000	0.0000000
2779.9954620	1290.0015653	13984.9980859	3.8160045	1.9800527	0.0421602	0.9233396	0.1418021	7138.3000000	0.0000000
2779.9954620	1295.0093248	13979.9463281	3.7906535	1.9520331	0.0296534	0.9091354	0.1463164	7140.8000000	0.0000000
2779.9954620	1300.0131757	13974.9034570	3.7649688	1.9240135	0.0133875	0.8843668	0.1481167	7143.3000000	0.0000000
2779.9954620	1305.0131413	13969.8687891	3.7396177	1.8959939	0.0475223	0.8793384	0.1581779	7145.8000000	0.0000000
2779.9954620	1310.0015170	13964.8341211	3.7139331	1.8679742	0.0383969	0.8382761	0.1664491	7148.3000000	0.0000000
2779.9954620	1315.0131095	13959.7994531	3.6885820	1.8399546	0.0675774	0.8857531	0.1784915	7150.8000000	0.0000000
2779.9954620	1320.0077159	13954.9780078	3.6628974	1.8119350	0.1238999	0.9236903	0.1834924	7153.2000000	0.0000000
2779.9954620	1325.0115809	13949.9679980	3.6375463	1.7839154	0.0479226	0.9248295	0.1891090	7155.7000000	0.0000000
2779.9954620	1330.0054664	13944.9579883	3.6118616	1.7558958	0.0198198	0.9195143	0.1889607	7158.2000000	0.0000000
2779.9954620	1335.0009231	13939.9479785	3.5865106	1.7278762	0.0102983	0.8461834	0.2039960	7160.7000000	0.0000000
2779.9954620	1340.0070953	13934.9533203	3.5611595	1.6998566	0.0219246	0.8776099	0.1922594	7163.2000000	0.0000000
2779.9954620	1345.0018259	13929.9752930	3.5354748	1.6718370	0.0585714	0.8836544	0.1977385	7165.7000000	0.0000000
2779.9954620	1349.9996284	13924.9972656	3.5101238	1.6441509	0.0809991	0.8974279	0.2066174	7168.2000000	0.0000000
2779.9954620	1355.0073124	13919.8201172	3.4844391	1.6161313	0.0586075	0.8768927	0.2159757	7170.8000000	0.0000000
2779.9954620	1360.0111868	13914.8625293	3.4590880	1.5881117	0.0414840	0.8923284	0.2273102	7173.3000000	0.0000000
2779.9954620	1365.0037279	13909.9238086	3.4334034	1.5600921	0.0227529	0.8553880	0.2307837	7175.8000000	0.0000000
2779.9954620	1370.0053554	13904.9850879	3.4080523	1.5320725	0.0141381	0.8908248	0.2381045	7178.3000000	0.0000000
2779.9954620	1375.0107430	13899.8488184	3.3823677	1.5040528	0.0117617	0.9033745	0.2290148	7180.9000000	0.0000000
2779.9954620	1380.0183702	13894.9363477	3.3570166	1.4760332	0.0132510	0.8709109	0.2331809	7183.4000000	0.0000000
2779.9954620	1385.0087539	13889.8488281	3.3316655	1.4480136	0.0246165	0.8577323	0.2413608	7186.0000000	0.0000000
2779.9954620	1390.0089011	13884.9569824	3.3059809	1.4199940	0.0224746	0.9036275	0.2528953	7188.5000000	0.0000000
2779.9954620	1395.0187476	13879.8694629	3.2806298	1.3919744	0.0312102	0.8601765	0.2577744	7191.1000000	0.0000000
2779.9954620	1400.0107098	13874.8187988	3.2549451	1.3639548	0.0215103	0.8848130	0.2650435	7193.7000000	0.0000000
2779.9954620	1405.0123646	13869.9811523	3.2295940	1.3359352	0.0213013	0.8796753	0.2648848	7196.2000000	0.0000000
2779.9954620	1410.0095813	13864.9500000	3.2039094	1.3079155	0.0264856	0.8960458	0.2668706	7198.8000000	0.0000000
2779.9954620	1415.0105118	13859.9188477	3.1785583	1.2798959	0.0361223	0.8827210	0.2754204	7201.4000000	0.0000000
2779.9954620	1420.0136633	13854.9367187	3.1528737	1.2518763	0.0596832	0.8944898	0.2730432	7204.0000000	0.0000000
2779.9954620	1425.0197563	13849.9692969	3.1275226	1.2238567	0.1057301	0.9052687	0.2810933	7206.6000000	0.0000000
2779.9954620	1430.0089334	13844.8108203	3.1018380	1.1958371	0.1415912	0.9198823	0.2761637	7209.3000000	0.0000000
2779.9954620	1435.0062360	13839.8433984	3.0764869	1.1681510	0.0924395	0.8704979	0.2829701	7211.9000000	0.0000000
2779.9954620	1440.0145261	13834.9450684	3.0511358	1.1401314	0.0391605	0.8562455	0.3067158	7214.5000000	0.0000000
2779.9954620	1445.0045465	13829.8612109	3.0254511	1.1121118	0.0221708	0.8709120	0.2998010	7217.2000000	0.0000000
2779.9954620	1450.0113701	13824.9656445	3.0001001	1.0840922	0.0134366	0.8403270	0.3242618	7219.8000000	0.0000000
2779.9954620	1455.0072718	13819.8970215	2.9744154	1.0560726	0.0212363	0.8661708	0.3180837	7222.5000000	0.0000000
2779.9954620	1460.0126296	13814.8954297	2.9490643	1.0280530	0.0515927	0.8584673	0.3206179	7225.2000000	0.0000000
2779.9954620	1465.0071186	13809.8938379	2.9233797	1.0000334	0.0516797	0.8954446	0.3120010	7227.9000000	0.0000000
2779.9954620	1470.0182537	13804.8922461	2.8980286	0.9720137	0.0310703	0.8536204	0.3147567	7230.6000000	0.0000000
2779.9954620	1475.0185396	13799.9363574	2.8723440	0.9439941	0.0347360	0.8723372	0.3182720	7233.3000000	0.0000000
2779.9954620	1480.0152336	13794.8479590	2.8469929	0.9159745	0.0205753	0.8818070	0.3303836	7236.1000000	0.0000000
2779.9954620	1485.0076465	13789.9412891	2.8216418	0.8879549	0.0103038	0.8854852	0.3482255	7238.8000000	0.0000000
2779.9954620	1490.0165779	13784.8528906	2.7959572	0.8599353	0.0449783	0.8430615	0.3567570	7241.6000000	0.0000000
2779.9954620	1495.0147552	13779.9513477	2.7706061	0.8319157	0.1091124	0.8481840	0.3551851	7244.2000000	0.0000000
2779.9954620	1500.0150951	13774.8279395	2.7449214	0.8038961	0.0748232	0.8416089	0.3504110	7246.9000000	0.0000000
2779.9954620	1505.0125874	13769.8942871	2.7195704	0.7758764	0.3869059	0.9239286	0.3387119	7249.5000000	0.0000000
2779.9954620	1510.0051304	13764.9611523	2.6938857	0.7478568	0.6702765	0.9176203	0.3406608	7252.1000000	0.0000000
2779.9954620	1515.0076411	13759.8517187	2.6685346	0.7198372	0.5348026	0.8759834	0.3471320	7254.8000000	0.0000000
2779.9954620	1520.0129811	13754.9315234	2.6428500	0.6921512	0.3197175	0.8725536	0.3536681	7257.4000000	0.0000000
2779.9954620	1525.0077139	13749.8220898	2.6174989	0.6641316	0.1333567	0.8435997	0.3735403	7260.1000000	0.0000000
2779.9954620	1530.0116427	13744.9055859	2.5921478	0.6361119	0.0395962	0.8199871	0.3802666	7262.7000000	0.0000000
2779.9954620	1535.0120450	13739.9991016	2.5664632	0.6080923	0.0263833	0.8153877	0.3710448	7265.3000000	0.0000000
2779.9954620	1540.0145659	13734.9039062	2.5411121	0.5800727	0.0243411	0.8035565	0.3671128	7268.0000000	0.0000000
2779.9954620	1545.0079704	13729.9974219	2.5154275	0.5520531	0.0151292	0.8451126	0.3776846	7270.6000000	0.0000000
