2539.9916399	1250.0021703	13784.8528906	4.0201474	2.3719937	0.0210300	0.2061658	0.1097299	7241.6000000	2540.0000000
2539.9916399	1255.0083965	13779.9513477	3.9944628	2.3439741	0.0231222	0.2050770	0.1077811	7244.2000000	0.0000000
2539.9916399	1260.0019540	13774.8279395	3.9691117	2.3159545	0.0177314	0.2029486	0.1128588	7246.9000000	0.0000000
2539.9916399	1264.9994933	13769.8942871	3.9434271	2.2879349	0.0605581	0.2019287	0.1168464	7249.5000000	0.0000000
2539.9916399	1270.0065068	13764.9611523	3.9180760	2.2599153	0.1036179	0.2165751	0.1241128	7252.1000000	0.0000000
2539.9916399	1275.0103515	13759.8517187	3.8923913	2.2318957	0.0848170	0.2116847	0.1289601	7254.8000000	0.0000000
2539.9916399	1280.0087077	13754.9315234	3.8670403	2.2038760	0.0432114	0.2094242	0.1401178	7257.4000000	0.0000000
2539.9916399	1285.0109883	13749.8220898	3.8413556	2.1758564	0.0160913	0.2001945	0.1496049	7260.1000000	0.0000000
2539.9916399	1290.0085889	13744.9055859	3.8160045	2.1478368	0.0140016	0.1924769	0.1588201	7262.7000000	0.0000000
2539.9916399	1295.0093248	13739.9991016	3.7906535	2.1201508	0.0174481	0.2066443	0.1583475	7265.3000000	0.0000000
2539.9916399	1300.0061827	13734.9039062	3.7649688	2.0921312	0.0144973	0.2006765	0.1648489	7268.0000000	0.0000000
2539.9916399	1305.0131413	13729.9974219	3.7396177	2.0641115	0.0090258	0.1970205	0.1699054	7270.6000000	0.0000000
2539.9916399	1310.0084776	13724.9088281	3.7139331	2.0360919	0.0092281	0.1983727	0.1783771	7273.3000000	0.0000000
2539.9916399	1315.0131095	13719.8273437	3.6885820	2.0080723	0.0132212	0.1978450	0.1833569	7276.0000000	0.0000000
2539.9916399	1320.0077159	13714.9340625	3.6628974	1.9800527	0.0153016	0.1956632	0.1885984	7278.6000000	0.0000000
2539.9916399	1325.0115809	13709.8525781	3.6375463	1.9520331	0.0170706	0.2010000	0.1915850	7281.3000000	0.0000000
2539.9916399	1330.0123662	13704.9691309	3.6118616	1.9240135	0.0081532	0.2005709	0.1964574	7283.9000000	0.0000000
2539.9916399	1335.0078092	13699.9016211	3.5865106	1.8959939	0.0047374	0.2002205	0.2005618	7286.6000000	0.0000000
2539.9916399	1340.0002250	13694.8341113	3.5611595	1.8679742	0.0027761	0.2008361	0.2004782	7289.3000000	0.0000000
2539.9916399	1345.0018259	13689.9542871	3.5354748	1.8399546	0.0022004	0.2030798	0.2104262	7291.9000000	0.0000000
2539.9916399	1350.0064703	13684.9002344	3.5101238	1.8119350	0.0172964	0.1964581	0.2127499	7294.6000000	0.0000000
2539.9916399	1355.0073124	13679.8466992	3.4844391	1.7839154	0.0668549	0.2038550	0.2261585	7297.3000000	0.0000000
2539.9916399	1360.0111868	13674.9803320	3.4590880	1.7558958	0.0549375	0.2034388	0.2328980	7299.9000000	0.0000000
2539.9916399	1365.0105236	13669.9298437	3.4334034	1.7278762	0.0237266	0.2049470	0.2350487	7302.6000000	0.0000000
2539.9916399	1370.0053554	13664.8900195	3.4080523	1.6998566	0.0109227	0.1943164	0.2399457	7305.3000000	0.0000000
2539.9916399	1375.0107430	13659.8501953	3.3823677	1.6718370	0.0062671	0.1986162	0.2304059	7308.0000000	0.0000000
2539.9916399	1380.0116173	13654.9970312	3.3570166	1.6441509	0.0022634	0.2014010	0.2366827	7310.6000000	0.0000000
2539.9916399	1385.0020152	13649.9639355	3.3316655	1.6161313	0.0185435	0.2050846	0.2537493	7313.3000000	0.0000000
2539.9916399	1390.0089011	13644.9380859	3.3059809	1.5881117	0.0629506	0.2133640	0.2450139	7316.0000000	0.0000000
2539.9916399	1395.0120380	13639.9122363	3.2806298	1.5600921	0.0600087	0.2074279	0.2530010	7318.7000000	0.0000000
2539.9916399	1400.0174055	13634.8863867	3.2549451	1.5320725	0.0239554	0.2042395	0.2593285	7321.4000000	0.0000000
2539.9916399	1405.0190454	13629.8709961	3.2295940	1.5040528	0.0157451	0.1992581	0.2726693	7324.1000000	0.0000000
2539.9916399	1410.0095813	13624.8585937	3.2039094	1.4760332	0.0297535	0.2066554	0.2645924	7326.8000000	0.0000000
2539.9916399	1415.0171650	13619.8461914	3.1785583	1.4480136	0.0340668	0.2015403	0.2764314	7329.5000000	0.0000000
2539.9916399	1420.0070239	13614.8348047	3.1528737	1.4199940	0.0475804	0.2024628	0.2661630	7332.2000000	0.0000000
2539.9916399	1425.0197563	13609.8361133	3.1275226	1.3919744	0.0508958	0.2093293	0.2734811	7334.9000000	0.0000000
2539.9916399	1430.0155436	13604.8374219	3.1018380	1.3639548	0.0613936	0.2117512	0.2788179	7337.6000000	0.0000000
2539.9916399	1435.0128346	13599.8387305	3.0764869	1.3359352	0.0409840	0.2014463	0.2789678	7340.3000000	0.0000000
2539.9916399	1440.0145261	13594.8450195	3.0511358	1.3079155	0.0332360	0.2064559	0.2931061	7343.0000000	0.0000000
2539.9916399	1445.0045465	13589.8597754	3.0254511	1.2798959	0.0171176	0.2027997	0.3072029	7345.7000000	0.0000000
2539.9916399	1450.0113701	13584.8745312	3.0001001	1.2518763	0.0061238	0.1956096	0.3144362	7348.4000000	0.0000000
2539.9916399	1455.0072718	13579.8892871	2.9744154	1.2238567	0.0081781	0.1950524	0.3173618	7351.1000000	0.0000000
2539.9916399	1460.0191583	13574.9131836	2.9490643	1.1958371	0.0160040	0.2078646	0.3246218	7353.8000000	0.0000000
2539.9916399	1465.0071186	13569.9416504	2.9233797	1.1681510	0.0256245	0.2085576	0.3181715	7356.5000000	0.0000000
2539.9916399	1470.0182537	13564.9701172	2.8980286	1.1401314	0.0361973	0.2021759	0.3286968	7359.2000000	0.0000000
2539.9916399	1475.0185396	13559.9985840	2.8723440	1.1121118	0.0297642	0.2055698	0.3314562	7361.9000000	0.0000000
2539.9916399	1480.0152336	13554.8563672	2.8469929	1.0840922	0.0150504	0.2058842	0.3512764	7364.7000000	0.0000000
2539.9916399	1485.0141097	13549.8982812	2.8216418	1.0560726	0.0094109	0.2083848	0.3604351	7367.4000000	0.0000000
2539.9916399	1490.0101286	13544.9401953	2.7959572	1.0280530	0.0120669	0.2029409	0.3685824	7370.1000000	0.0000000
2539.9916399	1495.0018842	13539.9860156	2.7706061	1.0000334	0.0264562	0.2028740	0.3590040	7372.8000000	0.0000000
2539.9916399	1500.0086715	13534.8579687	2.7449214	0.9720137	0.0495996	0.2069137	0.3669179	7375.6000000	0.0000000
2539.9916399	1505.0125874	13529.9130664	2.7195704	0.9439941	0.1066796	0.2191397	0.3419899	7378.3000000	0.0000000
2539.9916399	1510.0051304	13524.9681641	2.6938857	0.9159745	0.0867162	0.2176793	0.3526671	7381.0000000	0.0000000
2539.9916399	1515.0076411	13519.8490820	2.6685346	0.8879549	0.1071200	0.2164464	0.3634901	7383.8000000	0.0000000
2539.9916399	1520.0002394	13514.9176270	2.6428500	0.8599353	0.1254094	0.2196383	0.3512593	7386.5000000	0.0000000
2539.9916399	1525.0140722	13509.9861719	2.6174989	0.8319157	0.0719404	0.2127417	0.3752885	7389.2000000	0.0000000
2539.9916399	1530.0179884	13504.8720703	2.5921478	0.8038961	0.0383790	0.2111220	0.3942709	7392.0000000	0.0000000
2539.9916399	1535.0120450	13499.9540625	2.5664632	0.7758764	0.0225746	0.2091980	0.3758124	7394.7000000	0.0000000
2539.9916399	1540.0082451	13494.8539062	2.5411121	0.7478568	0.0087378	0.2054790	0.3966003	7397.5000000	0.0000000
2539.9916399	1545.0016629	13489.9358984	2.5154275	0.7198372	0.0038232	0.2081669	0.3857932	7400.2000000	0.0000000
