3039.9893566	1250.0164739	14284.8924414	4.0201474	2.0220821	0.0016118	0.2153728	0.1080920	6986.3000000	3040.0000000
3039.9893566	1254.9941143	14279.9124609	3.9944628	1.9940625	0.0006904	0.2219616	0.1118712	6988.8000000	0.0000000
3039.9893566	1260.0019540	14274.9324805	3.9691117	1.9660429	0.0014677	0.2220407	0.1155554	6991.3000000	0.0000000
3039.9893566	1265.0065966	14269.8269629	3.9434271	1.9380233	0.0021371	0.2355100	0.1196963	6993.9000000	0.0000000
3039.9893566	1269.9994179	14264.9439062	3.9180760	1.9100037	0.0012821	0.2098212	0.1252230	6996.4000000	0.0000000
3039.9893566	1275.0032816	14259.8655273	3.8923913	1.8819841	0.0022400	0.2231862	0.1386952	6999.0000000	0.0000000
3039.9893566	1279.9945858	14254.9824707	3.8670403	1.8539644	0.0011860	0.2165278	0.1398823	7001.5000000	0.0000000
3039.9893566	1284.9969032	14249.9961719	3.8413556	1.8259448	0.0019199	0.2208032	0.1477677	7004.1000000	0.0000000
3039.9893566	1289.9945299	14244.8408594	3.8160045	1.7979252	0.0011290	0.2295707	0.1577941	7006.8000000	0.0000000
3039.9893566	1295.0023166	14239.8764844	3.7906535	1.7699056	0.0006423	0.2164091	0.1599985	7009.4000000	0.0000000
3039.9893566	1300.0131757	14234.9121094	3.7649688	1.7418860	0.0010579	0.2190054	0.1674407	7012.0000000	0.0000000
3039.9893566	1304.9991859	14229.8345801	3.7396177	1.7138664	0.0009332	0.2102009	0.1642100	7014.7000000	0.0000000
3039.9893566	1310.0015170	14224.9451074	3.7139331	1.6858468	0.0009100	0.2147679	0.1778915	7017.3000000	0.0000000
3039.9893566	1315.0061629	14219.8675781	3.6885820	1.6581607	0.0007461	0.2192963	0.1824014	7020.0000000	0.0000000
3039.9893566	1320.0007853	14214.9655078	3.6628974	1.6301411	0.0012466	0.2241271	0.1922235	7022.6000000	0.0000000
3039.9893566	1325.0046642	14209.8312891	3.6375463	1.6021215	0.0014843	0.2138971	0.2135652	7025.3000000	0.0000000
3039.9893566	1330.0054664	14204.8872266	3.6118616	1.5741019	0.0011744	0.2193314	0.2132704	7027.9000000	0.0000000
3039.9893566	1335.0009231	14199.9431641	3.5865106	1.5460823	0.0008809	0.2261056	0.2054756	7030.5000000	0.0000000
3039.9893566	1339.9933394	14194.9709570	3.5611595	1.5180626	0.0005498	0.2107573	0.2189251	7033.1000000	0.0000000
3039.9893566	1345.0086816	14189.9603711	3.5354748	1.4900430	0.0004286	0.2214074	0.2293624	7035.7000000	0.0000000
3039.9893566	1350.0064703	14184.9497852	3.5101238	1.4620234	0.0010790	0.2104526	0.2320874	7038.3000000	0.0000000
3039.9893566	1355.0004858	14179.9391992	3.4844391	1.4340038	0.0010577	0.2257650	0.2340017	7040.9000000	0.0000000
3039.9893566	1360.0111868	14174.8946289	3.4590880	1.4059842	0.0008522	0.2098202	0.2416139	7043.5000000	0.0000000
3039.9893566	1365.0037279	14169.8251367	3.4334034	1.3779646	0.0011526	0.2228781	0.2541254	7046.1000000	0.0000000
3039.9893566	1370.0053554	14164.9506250	3.4080523	1.3499450	0.0011769	0.2224956	0.2539080	7048.6000000	0.0000000
3039.9893566	1375.0107430	14159.8811328	3.3823677	1.3219253	0.0009132	0.2238145	0.2529928	7051.2000000	0.0000000
3039.9893566	1380.0048644	14154.9732520	3.3570166	1.2939057	0.0009220	0.2212601	0.2604780	7053.7000000	0.0000000
3039.9893566	1384.9952665	14149.8527246	3.3316655	1.2658861	0.0011877	0.2319668	0.2484530	7056.3000000	0.0000000
3039.9893566	1390.0089011	14144.9291406	3.3059809	1.2378665	0.0013993	0.2240656	0.2635459	7058.8000000	0.0000000
3039.9893566	1395.0120380	14139.8086133	3.2806298	1.2098469	0.0007522	0.2066692	0.2755497	7061.4000000	0.0000000
3039.9893566	1400.0174055	14134.8531152	3.2549451	1.1821608	0.0006384	0.2172748	0.2829431	7063.9000000	0.0000000
3039.9893566	1405.0190454	14129.8875391	3.2295940	1.1541412	0.0011426	0.2144832	0.2957943	7066.4000000	0.0000000
3039.9893566	1410.0029134	14124.9219629	3.2039094	1.1261216	0.0016921	0.2056254	0.2962509	7068.9000000	0.0000000
3039.9893566	1415.0171650	14119.9563867	3.1785583	1.0981020	0.0012158	0.2181326	0.2980068	7071.4000000	0.0000000
3039.9893566	1420.0003845	14114.9644629	3.1528737	1.0700824	0.0012866	0.2157157	0.2947470	7073.9000000	0.0000000
3039.9893566	1425.0131305	14109.9642187	3.1275226	1.0420628	0.0008827	0.2241799	0.2993674	7076.4000000	0.0000000
3039.9893566	1430.0089334	14104.9639746	3.1018380	1.0140432	0.0001780	0.2129336	0.3053069	7078.9000000	0.0000000
3039.9893566	1435.0062360	14099.9637305	3.0764869	0.9860235	0.0022085	0.2201804	0.3155158	7081.4000000	0.0000000
3039.9893566	1440.0079430	14094.9430762	3.0511358	0.9580039	0.0045040	0.2115636	0.3274979	7083.9000000	0.0000000
3039.9893566	1445.0111172	14089.9159766	3.0254511	0.9299843	0.0037351	0.2231314	0.3368806	7086.4000000	0.0000000
3039.9893566	1450.0113701	14084.8888770	3.0001001	0.9019647	0.0018651	0.2287721	0.3456692	7088.9000000	0.0000000
3039.9893566	1455.0072718	14079.8617773	2.9744154	0.8739451	0.0008787	0.2304417	0.3553206	7091.4000000	0.0000000
3039.9893566	1460.0061008	14074.8196484	2.9490643	0.8459255	0.0008556	0.2268971	0.3408750	7093.9000000	0.0000000
3039.9893566	1465.0006021	14069.9746484	2.9233797	0.8179059	0.0013346	0.2291935	0.3470147	7096.3000000	0.0000000
3039.9893566	1470.0117513	14064.9277734	2.8980286	0.7898863	0.0007964	0.2247966	0.3479198	7098.8000000	0.0000000
3039.9893566	1475.0185396	14059.8808984	2.8723440	0.7618666	0.0010536	0.2179303	0.3646085	7101.3000000	0.0000000
3039.9893566	1480.0087583	14054.8252344	2.8469929	0.7338470	0.0008594	0.2197318	0.3671124	7103.8000000	0.0000000
3039.9893566	1485.0076465	14049.9685156	2.8216418	0.7061610	0.0004316	0.2246502	0.3724520	7106.2000000	0.0000000
3039.9893566	1490.0101286	14044.9094336	2.7959572	0.6781414	0.0014509	0.2226566	0.3976793	7108.7000000	0.0000000
3039.9893566	1494.9889897	14039.8503516	2.7706061	0.6501218	0.0012775	0.2235311	0.3910555	7111.2000000	0.0000000
3039.9893566	1500.0086715	14034.9905078	2.7449214	0.6221021	0.0018480	0.2225866	0.3779358	7113.6000000	0.0000000
3039.9893566	1504.9997690	14029.9265430	2.7195704	0.5940825	0.0015679	0.2157129	0.3787025	7116.1000000	0.0000000
3039.9893566	1510.0179246	14024.8625781	2.6938857	0.5660629	0.0018126	0.2191569	0.3826998	7118.6000000	0.0000000
3039.9893566	1514.9948621	14019.7986133	2.6685346	0.5380433	0.0010892	0.2186100	0.3874139	7121.1000000	0.0000000
3039.9893566	1520.0129811	14014.9385254	2.6428500	0.5100237	0.0025719	0.2194080	0.3944058	7123.5000000	0.0000000
3039.9893566	1525.0140722	14009.8767578	2.6174989	0.4820041	0.0028979	0.2261892	0.3867369	7126.0000000	0.0000000
3039.9893566	1530.0052970	14004.8149902	2.5921478	0.4539845	0.0018391	0.2101445	0.4103425	7128.5000000	0.0000000
3039.9893566	1535.0120450	13999.9556934	2.5664632	0.4259648	0.0009581	0.2131327	0.4167441	7130.9000000	0.0000000
3039.9893566	1540.0145659	13994.8995312	2.5411121	0.3979452	0.0005297	0.2174556	0.4135388	7133.4000000	0.0000000
3039.9893566	1545.0079704	13989.8477734	2.5154275	0.3699256	0.0001041	0.2133833	0.4261509	7135.9000000	0.0000000
