2959.9949815	1250.0093221	14204.8872266	4.0201474	2.0781214	0.0030704	0.3726145	0.1089149	7027.9000000	2960.0000000
2959.9949815	1255.0012629	14199.9431641	3.9944628	2.0501017	0.0036017	0.3618190	0.1106403	7030.5000000	0.0000000
2959.9949815	1260.0019540	14194.9709570	3.9691117	2.0220821	0.0037001	0.3554659	0.1130359	7033.1000000	0.0000000
2959.9949815	1264.9994933	14189.9603711	3.9434271	1.9940625	0.0071655	0.3759335	0.1182686	7035.7000000	0.0000000
2959.9949815	1270.0065068	14184.9497852	3.9180760	1.9660429	0.0062869	0.3767706	0.1229596	7038.3000000	0.0000000
2959.9949815	1275.0032816	14179.9391992	3.8923913	1.9380233	0.0061062	0.3665197	0.1378728	7040.9000000	0.0000000
2959.9949815	1280.0016522	14174.8946289	3.8670403	1.9100037	0.0057128	0.3761693	0.1437656	7043.5000000	0.0000000
2959.9949815	1285.0039494	14169.8251367	3.8413556	1.8819841	0.0034094	0.3728348	0.1562448	7046.1000000	0.0000000
2959.9949815	1290.0015653	14164.9506250	3.8160045	1.8539644	0.0034943	0.3636246	0.1582017	7048.6000000	0.0000000
2959.9949815	1294.9952981	14159.8811328	3.7906535	1.8259448	0.0026390	0.3749030	0.1622686	7051.2000000	0.0000000
2959.9949815	1300.0061827	14154.9732520	3.7649688	1.7979252	0.0023917	0.3722720	0.1646189	7053.7000000	0.0000000
2959.9949815	1305.0061646	14149.8527246	3.7396177	1.7699056	0.0026643	0.3720442	0.1675065	7056.3000000	0.0000000
2959.9949815	1310.0084776	14144.9291406	3.7139331	1.7418860	0.0018514	0.3702489	0.1738566	7058.8000000	0.0000000
2959.9949815	1315.0061629	14139.8086133	3.6885820	1.7138664	0.0031989	0.3786636	0.1881718	7061.4000000	0.0000000
2959.9949815	1320.0007853	14134.8531152	3.6628974	1.6858468	0.0024834	0.3620375	0.1972937	7063.9000000	0.0000000
2959.9949815	1325.0046642	14129.8875391	3.6375463	1.6581607	0.0021204	0.3793047	0.2037504	7066.4000000	0.0000000
2959.9949815	1330.0054664	14124.9219629	3.6118616	1.6301411	0.0025221	0.3725759	0.1966140	7068.9000000	0.0000000
2959.9949815	1335.0009231	14119.9563867	3.5865106	1.6021215	0.0020543	0.3735156	0.1986498	7071.4000000	0.0000000
2959.9949815	1340.0002250	14114.9644629	3.5611595	1.5741019	0.0011611	0.3761813	0.2083226	7073.9000000	0.0000000
2959.9949815	1345.0018259	14109.9642187	3.5354748	1.5460823	0.0013363	0.3738545	0.2092145	7076.4000000	0.0000000
2959.9949815	1350.0133115	14104.9639746	3.5101238	1.5180626	0.0036853	0.3566166	0.2225426	7078.9000000	0.0000000
2959.9949815	1355.0004858	14099.9637305	3.4844391	1.4900430	0.0133185	0.3748390	0.2267789	7081.4000000	0.0000000
2959.9949815	1360.0111868	14094.9430762	3.4590880	1.4620234	0.0127360	0.3749641	0.2370894	7083.9000000	0.0000000
2959.9949815	1365.0037279	14089.9159766	3.4334034	1.4340038	0.0052664	0.3643744	0.2435640	7086.4000000	0.0000000
2959.9949815	1370.0053554	14084.8888770	3.4080523	1.4059842	0.0028507	0.3799954	0.2493315	7088.9000000	0.0000000
2959.9949815	1375.0107430	14079.8617773	3.3823677	1.3779646	0.0012657	0.3780730	0.2569749	7091.4000000	0.0000000
2959.9949815	1380.0183702	14074.8196484	3.3570166	1.3499450	0.0008652	0.3692880	0.2568312	7093.9000000	0.0000000
2959.9949815	1385.0020152	14069.9746484	3.3316655	1.3219253	0.0016248	0.3693102	0.2606516	7096.3000000	0.0000000
2959.9949815	1390.0089011	14064.9277734	3.3059809	1.2939057	0.0019033	0.3580924	0.2624598	7098.8000000	0.0000000
2959.9949815	1395.0053283	14059.8808984	3.2806298	1.2658861	0.0015355	0.3768641	0.2666508	7101.3000000	0.0000000
2959.9949815	1400.0107098	14054.8252344	3.2549451	1.2378665	0.0016198	0.3718836	0.2784843	7103.8000000	0.0000000
2959.9949815	1405.0190454	14049.9685156	3.2295940	1.2098469	0.0007307	0.3702983	0.2750198	7106.2000000	0.0000000
2959.9949815	1410.0095813	14044.9094336	3.2039094	1.1821608	0.0008008	0.3735464	0.2848770	7108.7000000	0.0000000
2959.9949815	1415.0105118	14039.8503516	3.1785583	1.1541412	0.0015359	0.3721797	0.2901809	7111.2000000	0.0000000
2959.9949815	1420.0003845	14034.9905078	3.1528737	1.1261216	0.0039244	0.3777258	0.2863668	7113.6000000	0.0000000
2959.9949815	1425.0131305	14029.9265430	3.1275226	1.0981020	0.0115143	0.3779746	0.2845355	7116.1000000	0.0000000
2959.9949815	1430.0023232	14024.8625781	3.1018380	1.0700824	0.0183691	0.3608224	0.3008362	7118.6000000	0.0000000
2959.9949815	1435.0128346	14019.7986133	3.0764869	1.0420628	0.0186602	0.3809767	0.3031997	7121.1000000	0.0000000
2959.9949815	1440.0145261	14014.9385254	3.0511358	1.0140432	0.0179941	0.3738540	0.3172899	7123.5000000	0.0000000
2959.9949815	1445.0111172	14009.8767578	3.0254511	0.9860235	0.0124121	0.3669158	0.3262224	7126.0000000	0.0000000
2959.9949815	1450.0113701	14004.8149902	3.0001001	0.9580039	0.0044285	0.3657745	0.3343584	7128.5000000	0.0000000
2959.9949815	1455.0138148	13999.9556934	2.9744154	0.9299843	0.0013435	0.3757398	0.3315277	7130.9000000	0.0000000
2959.9949815	1460.0126296	13994.8995312	2.9490643	0.9019647	0.0027506	0.3790409	0.3359458	7133.4000000	0.0000000
2959.9949815	1465.0071186	13989.8477734	2.9233797	0.8739451	0.0028884	0.3633201	0.3400603	7135.9000000	0.0000000
2959.9949815	1470.0052489	13984.9980859	2.8980286	0.8459255	0.0022230	0.3652189	0.3348124	7138.3000000	0.0000000
2959.9949815	1475.0120503	13979.9463281	2.8723440	0.8179059	0.0016918	0.3735763	0.3516226	7140.8000000	0.0000000
2959.9949815	1480.0152336	13974.9034570	2.8469929	0.7898863	0.0010341	0.3678455	0.3648068	7143.3000000	0.0000000
2959.9949815	1485.0076465	13969.8687891	2.8216418	0.7618666	0.0095660	0.3735175	0.3712919	7145.8000000	0.0000000
2959.9949815	1490.0165779	13964.8341211	2.7959572	0.7338470	0.0114205	0.3701915	0.3776010	7148.3000000	0.0000000
2959.9949815	1495.0147552	13959.7994531	2.7706061	0.7061610	0.0205518	0.3726140	0.3700104	7150.8000000	0.0000000
2959.9949815	1500.0150951	13954.9780078	2.7449214	0.6781414	0.0137651	0.3712598	0.3670549	7153.2000000	0.0000000
2959.9949815	1505.0125874	13949.9679980	2.7195704	0.6501218	0.0066217	0.3704981	0.3650535	7155.7000000	0.0000000
2959.9949815	1510.0051304	13944.9579883	2.6938857	0.6221021	0.0092355	0.3718721	0.3552008	7158.2000000	0.0000000
2959.9949815	1515.0076411	13939.9479785	2.6685346	0.5940825	0.0105261	0.3680033	0.3603206	7160.7000000	0.0000000
2959.9949815	1520.0129811	13934.9533203	2.6428500	0.5660629	0.0064620	0.3742583	0.3752139	7163.2000000	0.0000000
2959.9949815	1525.0140722	13929.9752930	2.6174989	0.5380433	0.0189797	0.3780977	0.3886294	7165.7000000	0.0000000
2959.9949815	1530.0116427	13924.9972656	2.5921478	0.5100237	0.0138503	0.3771316	0.4063621	7168.2000000	0.0000000
2959.9949815	1535.0120450	13919.8201172	2.5664632	0.4820041	0.0052135	0.3674534	0.4050909	7170.8000000	0.0000000
2959.9949815	1540.0082451	13914.8625293	2.5411121	0.4539845	0.0012991	0.3656624	0.3983987	7173.3000000	0.0000000
2959.9949815	1545.0016629	13909.9238086	2.5154275	0.4259648	0.0006921	0.3682943	0.4010274	7175.8000000	0.0000000
