2999.9895818	1250.0093221	14244.8408594	4.0201474	2.0501017	0.0017726	0.3060420	0.1125466	7006.8000000	3000.0000000
2999.9895818	1255.0012629	14239.8764844	3.9944628	2.0220821	0.0032906	0.3094014	0.1173661	7009.4000000	0.0000000
2999.9895818	1260.0019540	14234.9121094	3.9691117	1.9940625	0.0028948	0.3143669	0.1182520	7012.0000000	0.0000000
2999.9895818	1265.0136988	14229.8345801	3.9434271	1.9660429	0.0035819	0.3112640	0.1227299	7014.7000000	0.0000000
2999.9895818	1270.0065068	14224.9451074	3.9180760	1.9380233	0.0049845	0.3214858	0.1247838	7017.3000000	0.0000000
2999.9895818	1275.0103515	14219.8675781	3.8923913	1.9100037	0.0033879	0.3044680	0.1351692	7020.0000000	0.0000000
2999.9895818	1280.0087077	14214.9655078	3.8670403	1.8819841	0.0033373	0.3132438	0.1467078	7022.6000000	0.0000000
2999.9895818	1285.0039494	14209.8312891	3.8413556	1.8539644	0.0022428	0.3094004	0.1603141	7025.3000000	0.0000000
2999.9895818	1290.0085889	14204.8872266	3.8160045	1.8259448	0.0027938	0.3028117	0.1612999	7027.9000000	0.0000000
2999.9895818	1295.0023166	14199.9431641	3.7906535	1.7979252	0.0020168	0.3237496	0.1657981	7030.5000000	0.0000000
2999.9895818	1300.0061827	14194.9709570	3.7649688	1.7699056	0.0018727	0.3316445	0.1659639	7033.1000000	0.0000000
2999.9895818	1305.0061646	14189.9603711	3.7396177	1.7418860	0.0018218	0.3247903	0.1731881	7035.7000000	0.0000000
2999.9895818	1310.0015170	14184.9497852	3.7139331	1.7138664	0.0011251	0.3241372	0.1812173	7038.3000000	0.0000000
2999.9895818	1315.0061629	14179.9391992	3.6885820	1.6858468	0.0019734	0.3233378	0.1981650	7040.9000000	0.0000000
2999.9895818	1320.0007853	14174.8946289	3.6628974	1.6581607	0.0016907	0.3109490	0.1957236	7043.5000000	0.0000000
2999.9895818	1325.0115809	14169.8251367	3.6375463	1.6301411	0.0014227	0.3198217	0.2013262	7046.1000000	0.0000000
2999.9895818	1330.0123662	14164.9506250	3.6118616	1.6021215	0.0010779	0.2925099	0.2075439	7048.6000000	0.0000000
2999.9895818	1335.0009231	14159.8811328	3.5865106	1.5741019	0.0014211	0.3144773	0.1994179	7051.2000000	0.0000000
2999.9895818	1340.0002250	14154.9732520	3.5611595	1.5460823	0.0018634	0.3199346	0.2138326	7053.7000000	0.0000000
2999.9895818	1345.0018259	14149.8527246	3.5354748	1.5180626	0.0011072	0.3049407	0.2254497	7056.3000000	0.0000000
2999.9895818	1350.0133115	14144.9291406	3.5101238	1.4900430	0.0018722	0.3055660	0.2242601	7058.8000000	0.0000000
2999.9895818	1355.0004858	14139.8086133	3.4844391	1.4620234	0.0021760	0.3123198	0.2305145	7061.4000000	0.0000000
2999.9895818	1360.0111868	14134.8531152	3.4590880	1.4340038	0.0022059	0.3172195	0.2383854	7063.9000000	0.0000000
2999.9895818	1365.0037279	14129.8875391	3.4334034	1.4059842	0.0010865	0.2722722	0.2425887	7066.4000000	0.0000000
2999.9895818	1370.0053554	14124.9219629	3.4080523	1.3779646	0.0009697	0.3019320	0.2440737	7068.9000000	0.0000000
2999.9895818	1375.0107430	14119.9563867	3.3823677	1.3499450	0.0013560	0.3089335	0.2427355	7071.4000000	0.0000000
2999.9895818	1380.0116173	14114.9644629	3.3570166	1.3219253	0.0007103	0.3082108	0.2436797	7073.9000000	0.0000000
2999.9895818	1385.0087539	14109.9642187	3.3316655	1.2939057	0.0004066	0.3105371	0.2454907	7076.4000000	0.0000000
2999.9895818	1390.0089011	14104.9639746	3.3059809	1.2658861	0.0002798	0.3091389	0.2509380	7078.9000000	0.0000000
2999.9895818	1395.0187476	14099.9637305	3.2806298	1.2378665	0.0018420	0.3064899	0.2677269	7081.4000000	0.0000000
2999.9895818	1400.0107098	14094.9430762	3.2549451	1.2098469	0.0035853	0.3151799	0.2715234	7083.9000000	0.0000000
2999.9895818	1405.0123646	14089.9159766	3.2295940	1.1821608	0.0034468	0.3025450	0.2805724	7086.4000000	0.0000000
2999.9895818	1410.0029134	14084.8888770	3.2039094	1.1541412	0.0021257	0.3137153	0.2893275	7088.9000000	0.0000000
2999.9895818	1415.0171650	14079.8617773	3.1785583	1.1261216	0.0016687	0.3054493	0.2864652	7091.4000000	0.0000000
2999.9895818	1420.0070239	14074.8196484	3.1528737	1.0981020	0.0023544	0.3111466	0.2781299	7093.9000000	0.0000000
2999.9895818	1425.0197563	14069.9746484	3.1275226	1.0700824	0.0018402	0.3043444	0.2902304	7096.3000000	0.0000000
2999.9895818	1430.0155436	14064.9277734	3.1018380	1.0420628	0.0032140	0.2967520	0.2947554	7098.8000000	0.0000000
2999.9895818	1435.0128346	14059.8808984	3.0764869	1.0140432	0.0020466	0.3128618	0.3009578	7101.3000000	0.0000000
2999.9895818	1440.0145261	14054.8252344	3.0511358	0.9860235	0.0016649	0.3118528	0.3063285	7103.8000000	0.0000000
2999.9895818	1445.0045465	14049.9685156	3.0254511	0.9580039	0.0008372	0.3035231	0.3211473	7106.2000000	0.0000000
2999.9895818	1450.0113701	14044.9094336	3.0001001	0.9299843	0.0009254	0.3032321	0.3233070	7108.7000000	0.0000000
2999.9895818	1455.0007288	14039.8503516	2.9744154	0.9019647	0.0003221	0.3052456	0.3290822	7111.2000000	0.0000000
2999.9895818	1460.0061008	14034.9905078	2.9490643	0.8739451	0.0005007	0.3064071	0.3230083	7113.6000000	0.0000000
2999.9895818	1465.0071186	14029.9265430	2.9233797	0.8459255	0.0043239	0.3052322	0.3332120	7116.1000000	0.0000000
2999.9895818	1470.0117513	14024.8625781	2.8980286	0.8179059	0.0057203	0.2989977	0.3317218	7118.6000000	0.0000000
2999.9895818	1475.0185396	14019.7986133	2.8723440	0.7898863	0.0040137	0.2947535	0.3485884	7121.1000000	0.0000000
2999.9895818	1480.0087583	14014.9385254	2.8469929	0.7618666	0.0042522	0.3073500	0.3515649	7123.5000000	0.0000000
2999.9895818	1485.0141097	14009.8767578	2.8216418	0.7338470	0.0030771	0.3034213	0.3595077	7126.0000000	0.0000000
2999.9895818	1490.0101286	14004.8149902	2.7959572	0.7061610	0.0039536	0.3138860	0.3715237	7128.5000000	0.0000000
2999.9895818	1495.0018842	13999.9556934	2.7706061	0.6781414	0.0032380	0.3106633	0.3748754	7130.9000000	0.0000000
2999.9895818	1500.0150951	13994.8995312	2.7449214	0.6501218	0.0030734	0.3065469	0.3626244	7133.4000000	0.0000000
2999.9895818	1505.0061784	13989.8477734	2.7195704	0.6221021	0.0043417	0.3064507	0.3662870	7135.9000000	0.0000000
2999.9895818	1510.0115275	13984.9980859	2.6938857	0.5940825	0.0055503	0.3140435	0.3599296	7138.3000000	0.0000000
2999.9895818	1515.0076411	13979.9463281	2.6685346	0.5660629	0.0048341	0.3158136	0.3671547	7140.8000000	0.0000000
2999.9895818	1520.0129811	13974.9034570	2.6428500	0.5380433	0.0020771	0.3024213	0.3803593	7143.3000000	0.0000000
2999.9895818	1525.0077139	13969.8687891	2.6174989	0.5100237	0.0133540	0.3216867	0.3752566	7145.8000000	0.0000000
2999.9895818	1530.0116427	13964.8341211	2.5921478	0.4820041	0.0121931	0.3122195	0.3933972	7148.3000000	0.0000000
2999.9895818	1535.0120450	13959.7994531	2.5664632	0.4539845	0.0019552	0.3161863	0.4038257	7150.8000000	0.0000000
2999.9895818	1540.0082451	13954.9780078	2.5411121	0.4259648	0.0005217	0.3058297	0.3978206	7153.2000000	0.0000000
2999.9895818	1545.0016629	13949.9679980	2.5154275	0.3979452	0.0006371	0.3098406	0.3901178	7155.7000000	0.0000000
