2839.9911666	1250.0021703	14084.8888770	4.0201474	2.1618466	0.0256567	0.8256517	0.0940525	7088.9000000	2840.0000000
2839.9911666	1255.0012629	14079.8617773	3.9944628	2.1341606	0.0240635	0.8287152	0.0994552	7091.4000000	0.0000000
2839.9911666	1260.0090730	14074.8196484	3.9691117	2.1061410	0.0233538	0.8034755	0.1065154	7093.9000000	0.0000000
2839.9911666	1265.0065966	14069.9746484	3.9434271	2.0781214	0.0323711	0.8235789	0.1058439	7096.3000000	0.0000000
2839.9911666	1270.0135944	14064.9277734	3.9180760	2.0501017	0.0282808	0.8141964	0.1231646	7098.8000000	0.0000000
2839.9911666	1275.0032816	14059.8808984	3.8923913	2.0220821	0.0311494	0.8257041	0.1188337	7101.3000000	0.0000000
2839.9911666	1280.0016522	14054.8252344	3.8670403	1.9940625	0.0215900	0.8130211	0.1287919	7103.8000000	0.0000000
2839.9911666	1285.0039494	14049.9685156	3.8413556	1.9660429	0.0193445	0.8225877	0.1390104	7106.2000000	0.0000000
2839.9911666	1290.0015653	14044.9094336	3.8160045	1.9380233	0.0163425	0.8194918	0.1398580	7108.7000000	0.0000000
2839.9911666	1295.0023166	14039.8503516	3.7906535	1.9100037	0.0113580	0.8210204	0.1492358	7111.2000000	0.0000000
2839.9911666	1300.0131757	14034.9905078	3.7649688	1.8819841	0.0177397	0.7993894	0.1484911	7113.6000000	0.0000000
2839.9911666	1305.0131413	14029.9265430	3.7396177	1.8539644	0.0339626	0.8190460	0.1563438	7116.1000000	0.0000000
2839.9911666	1310.0084776	14024.8625781	3.7139331	1.8259448	0.0547798	0.8209834	0.1673369	7118.6000000	0.0000000
2839.9911666	1315.0061629	14019.7986133	3.6885820	1.7979252	0.0908312	0.8305466	0.1763120	7121.1000000	0.0000000
2839.9911666	1320.0007853	14014.9385254	3.6628974	1.7699056	0.1449491	0.8250701	0.1780890	7123.5000000	0.0000000
2839.9911666	1325.0046642	14009.8767578	3.6375463	1.7418860	0.1358879	0.8220303	0.1942008	7126.0000000	0.0000000
2839.9911666	1330.0054664	14004.8149902	3.6118616	1.7138664	0.0830917	0.8444816	0.1921877	7128.5000000	0.0000000
2839.9911666	1334.9940251	13999.9556934	3.5865106	1.6858468	0.0264329	0.8273100	0.1969916	7130.9000000	0.0000000
2839.9911666	1339.9933394	13994.8995312	3.5611595	1.6581607	0.0105529	0.8087428	0.1923401	7133.4000000	0.0000000
2839.9911666	1345.0018259	13989.8477734	3.5354748	1.6301411	0.0132649	0.8105879	0.2021005	7135.9000000	0.0000000
2839.9911666	1349.9996284	13984.9980859	3.5101238	1.6021215	0.0166018	0.8154708	0.2077961	7138.3000000	0.0000000
2839.9911666	1355.0073124	13979.9463281	3.4844391	1.5741019	0.0138649	0.8188782	0.2223528	7140.8000000	0.0000000
2839.9911666	1360.0111868	13974.9034570	3.4590880	1.5460823	0.0108475	0.8108480	0.2226318	7143.3000000	0.0000000
2839.9911666	1365.0105236	13969.8687891	3.4334034	1.5180626	0.0291289	0.8156758	0.2283595	7145.8000000	0.0000000
2839.9911666	1370.0121378	13964.8341211	3.4080523	1.4900430	0.0140398	0.8181699	0.2370150	7148.3000000	0.0000000
2839.9911666	1375.0107430	13959.7994531	3.3823677	1.4620234	0.0149957	0.8265498	0.2326543	7150.8000000	0.0000000
2839.9911666	1380.0183702	13954.9780078	3.3570166	1.4340038	0.0161107	0.8179612	0.2409384	7153.2000000	0.0000000
2839.9911666	1385.0087539	13949.9679980	3.3316655	1.4059842	0.0057961	0.8216220	0.2367523	7155.7000000	0.0000000
2839.9911666	1390.0089011	13944.9579883	3.3059809	1.3779646	0.0050549	0.8266397	0.2439312	7158.2000000	0.0000000
2839.9911666	1395.0120380	13939.9479785	3.2806298	1.3499450	0.0072001	0.8089376	0.2604229	7160.7000000	0.0000000
2839.9911666	1400.0174055	13934.9533203	3.2549451	1.3219253	0.0109816	0.8263521	0.2631116	7163.2000000	0.0000000
2839.9911666	1405.0190454	13929.9752930	3.2295940	1.2939057	0.0302153	0.8073750	0.2699114	7165.7000000	0.0000000
2839.9911666	1410.0095813	13924.9972656	3.2039094	1.2658861	0.0369633	0.8285717	0.2646356	7168.2000000	0.0000000
2839.9911666	1415.0105118	13919.8201172	3.1785583	1.2378665	0.0398202	0.7951293	0.2744691	7170.8000000	0.0000000
2839.9911666	1420.0070239	13914.8625293	3.1528737	1.2098469	0.0507574	0.7933621	0.2708643	7173.3000000	0.0000000
2839.9911666	1425.0131305	13909.9238086	3.1275226	1.1821608	0.0630333	0.8124550	0.2830045	7175.8000000	0.0000000
2839.9911666	1430.0089334	13904.9850879	3.1018380	1.1541412	0.0465310	0.8165010	0.2733245	7178.3000000	0.0000000
2839.9911666	1435.0128346	13899.8488184	3.0764869	1.1261216	0.0225624	0.8067824	0.2847872	7180.9000000	0.0000000
2839.9911666	1440.0079430	13894.9363477	3.0511358	1.0981020	0.0107760	0.8226550	0.3012789	7183.4000000	0.0000000
2839.9911666	1445.0045465	13889.8488281	3.0254511	1.0700824	0.0032485	0.8300341	0.3064561	7186.0000000	0.0000000
2839.9911666	1450.0179264	13884.9569824	3.0001001	1.0420628	0.0046565	0.8226327	0.3120436	7188.5000000	0.0000000
2839.9911666	1455.0072718	13879.8694629	2.9744154	1.0140432	0.0161780	0.8233245	0.3170243	7191.1000000	0.0000000
2839.9911666	1460.0061008	13874.8187988	2.9490643	0.9860235	0.0169012	0.8357832	0.3191152	7193.7000000	0.0000000
2839.9911666	1465.0006021	13869.9811523	2.9233797	0.9580039	0.0284397	0.8264679	0.3210866	7196.2000000	0.0000000
2839.9911666	1470.0182537	13864.9500000	2.8980286	0.9299843	0.0241184	0.8209002	0.3201097	7198.8000000	0.0000000
2839.9911666	1475.0185396	13859.9188477	2.8723440	0.9019647	0.0204829	0.8254945	0.3352708	7201.4000000	0.0000000
2839.9911666	1480.0087583	13854.9367187	2.8469929	0.8739451	0.0127732	0.8000484	0.3474721	7204.0000000	0.0000000
2839.9911666	1485.0076465	13849.9692969	2.8216418	0.8459255	0.0305852	0.8242456	0.3552817	7206.6000000	0.0000000
2839.9911666	1490.0165779	13844.8108203	2.7959572	0.8179059	0.0456780	0.8268223	0.3663477	7209.3000000	0.0000000
2839.9911666	1495.0018842	13839.8433984	2.7706061	0.7898863	0.0699769	0.8153275	0.3603855	7211.9000000	0.0000000
2839.9911666	1500.0086715	13834.9450684	2.7449214	0.7618666	0.1228842	0.8335485	0.3649089	7214.5000000	0.0000000
2839.9911666	1505.0125874	13829.8612109	2.7195704	0.7338470	0.2478699	0.8509199	0.3408042	7217.2000000	0.0000000
2839.9911666	1509.9987309	13824.9656445	2.6938857	0.7061610	0.2868263	0.8605811	0.3512206	7219.8000000	0.0000000
2839.9911666	1515.0140255	13819.8970215	2.6685346	0.6781414	0.2717644	0.8349002	0.3489689	7222.5000000	0.0000000
2839.9911666	1520.0129811	13814.8954297	2.6428500	0.6501218	0.1664788	0.8469061	0.3562266	7225.2000000	0.0000000
2839.9911666	1525.0077139	13809.8938379	2.6174989	0.6221021	0.0593545	0.8054218	0.3652726	7227.9000000	0.0000000
2839.9911666	1530.0179884	13804.8922461	2.5921478	0.5940825	0.0177999	0.8184309	0.3719978	7230.6000000	0.0000000
2839.9911666	1535.0120450	13799.9363574	2.5664632	0.5660629	0.0033242	0.7846052	0.3754229	7233.3000000	0.0000000
2839.9911666	1540.0145659	13794.8479590	2.5411121	0.5380433	0.0009208	0.8036232	0.3901819	7236.1000000	0.0000000
2839.9911666	1545.0079704	13789.9412891	2.5154275	0.5100237	0.0037122	0.7980641	0.3798405	7238.8000000	0.0000000
