2619.9898046	1250.0093221	13864.9500000	4.0201474	2.3159545	0.0380735	0.4012794	0.1082098	7198.8000000	2620.0000000
2619.9898046	1255.0083965	13859.9188477	3.9944628	2.2879349	0.0517489	0.4209804	0.1069001	7201.4000000	0.0000000
2619.9898046	1260.0090730	13854.9367187	3.9691117	2.2599153	0.0807180	0.4186343	0.1074989	7204.0000000	0.0000000
2619.9898046	1265.0136988	13849.9692969	3.9434271	2.2318957	0.1207983	0.4162158	0.1116191	7206.6000000	0.0000000
2619.9898046	1270.0065068	13844.8108203	3.9180760	2.2038760	0.1562042	0.4168746	0.1205072	7209.3000000	0.0000000
2619.9898046	1275.0103515	13839.8433984	3.8923913	2.1758564	0.0909669	0.4013578	0.1265773	7211.9000000	0.0000000
2619.9898046	1280.0016522	13834.9450684	3.8670403	2.1478368	0.0662419	0.3960894	0.1389476	7214.5000000	0.0000000
2619.9898046	1285.0039494	13829.8612109	3.8413556	2.1201508	0.0808737	0.4097142	0.1447122	7217.2000000	0.0000000
2619.9898046	1290.0015653	13824.9656445	3.8160045	2.0921312	0.0734760	0.4122124	0.1464387	7219.8000000	0.0000000
2619.9898046	1295.0023166	13819.8970215	3.7906535	2.0641115	0.0569695	0.4129408	0.1507701	7222.5000000	0.0000000
2619.9898046	1300.0131757	13814.8954297	3.7649688	2.0360919	0.0313583	0.4008200	0.1487244	7225.2000000	0.0000000
2619.9898046	1305.0061646	13809.8938379	3.7396177	2.0080723	0.0171394	0.4042250	0.1689904	7227.9000000	0.0000000
2619.9898046	1310.0084776	13804.8922461	3.7139331	1.9800527	0.0205414	0.4030139	0.1697271	7230.6000000	0.0000000
2619.9898046	1315.0131095	13799.9363574	3.6885820	1.9520331	0.0412657	0.4012376	0.1759669	7233.3000000	0.0000000
2619.9898046	1320.0077159	13794.8479590	3.6628974	1.9240135	0.0375535	0.4094137	0.1865519	7236.1000000	0.0000000
2619.9898046	1325.0115809	13789.9412891	3.6375463	1.8959939	0.0429253	0.4032811	0.1962310	7238.8000000	0.0000000
2619.9898046	1330.0123662	13784.8528906	3.6118616	1.8679742	0.0735665	0.4110399	0.1917681	7241.6000000	0.0000000
2619.9898046	1335.0009231	13779.9513477	3.5865106	1.8399546	0.0542976	0.3986818	0.1973639	7244.2000000	0.0000000
2619.9898046	1340.0070953	13774.8279395	3.5611595	1.8119350	0.0061658	0.3895949	0.2073123	7246.9000000	0.0000000
2619.9898046	1345.0018259	13769.8942871	3.5354748	1.7839154	0.0500146	0.4087023	0.2037351	7249.5000000	0.0000000
2619.9898046	1350.0064703	13764.9611523	3.5101238	1.7558958	0.1035083	0.4064480	0.2221183	7252.1000000	0.0000000
2619.9898046	1355.0073124	13759.8517187	3.4844391	1.7278762	0.0929529	0.4083225	0.2153938	7254.8000000	0.0000000
2619.9898046	1360.0111868	13754.9315234	3.4590880	1.6998566	0.0415886	0.3937803	0.2334503	7257.4000000	0.0000000
2619.9898046	1365.0037279	13749.8220898	3.4334034	1.6718370	0.0226592	0.3974940	0.2363463	7260.1000000	0.0000000
2619.9898046	1370.0053554	13744.9055859	3.4080523	1.6441509	0.0126976	0.3961377	0.2436597	7262.7000000	0.0000000
2619.9898046	1375.0107430	13739.9991016	3.3823677	1.6161313	0.0303220	0.3956597	0.2424735	7265.3000000	0.0000000
2619.9898046	1380.0116173	13734.9039062	3.3570166	1.5881117	0.0335494	0.3921599	0.2343746	7268.0000000	0.0000000
2619.9898046	1385.0087539	13729.9974219	3.3316655	1.5600921	0.0305311	0.4021377	0.2396239	7270.6000000	0.0000000
2619.9898046	1390.0089011	13724.9088281	3.3059809	1.5320725	0.0277986	0.3944163	0.2396754	7273.3000000	0.0000000
2619.9898046	1395.0187476	13719.8273437	3.2806298	1.5040528	0.0330564	0.4050223	0.2441934	7276.0000000	0.0000000
2619.9898046	1400.0174055	13714.9340625	3.2549451	1.4760332	0.0342039	0.4047224	0.2558879	7278.6000000	0.0000000
2619.9898046	1405.0123646	13709.8525781	3.2295940	1.4480136	0.0334736	0.4008280	0.2633470	7281.3000000	0.0000000
2619.9898046	1410.0029134	13704.9691309	3.2039094	1.4199940	0.0384338	0.4091989	0.2672520	7283.9000000	0.0000000
2619.9898046	1415.0105118	13699.9016211	3.1785583	1.3919744	0.0341663	0.4099138	0.2792854	7286.6000000	0.0000000
2619.9898046	1420.0070239	13694.8341113	3.1528737	1.3639548	0.0356119	0.4045071	0.2695555	7289.3000000	0.0000000
2619.9898046	1425.0131305	13689.9542871	3.1275226	1.3359352	0.0657170	0.4067761	0.2767871	7291.9000000	0.0000000
2619.9898046	1430.0089334	13684.9002344	3.1018380	1.3079155	0.0366656	0.3932345	0.2826281	7294.6000000	0.0000000
2619.9898046	1435.0128346	13679.8466992	3.0764869	1.2798959	0.1516168	0.4198157	0.2776950	7297.3000000	0.0000000
2619.9898046	1440.0145261	13674.9803320	3.0511358	1.2518763	0.2079586	0.4198375	0.3030579	7299.9000000	0.0000000
2619.9898046	1445.0111172	13669.9298437	3.0254511	1.2238567	0.0726536	0.4107824	0.3003253	7302.6000000	0.0000000
2619.9898046	1450.0113701	13664.8900195	3.0001001	1.1958371	0.0270562	0.3937658	0.3121902	7305.3000000	0.0000000
2619.9898046	1455.0072718	13659.8501953	2.9744154	1.1681510	0.0158224	0.3971633	0.3149992	7308.0000000	0.0000000
2619.9898046	1460.0126296	13654.9970312	2.9490643	1.1401314	0.0130525	0.3890507	0.3123629	7310.6000000	0.0000000
2619.9898046	1465.0071186	13649.9639355	2.9233797	1.1121118	0.0819987	0.4046239	0.3085963	7313.3000000	0.0000000
2619.9898046	1470.0182537	13644.9380859	2.8980286	1.0840922	0.2915933	0.4302802	0.3197644	7316.0000000	0.0000000
2619.9898046	1475.0185396	13639.9122363	2.8723440	1.0560726	0.2895088	0.4309539	0.3200151	7318.7000000	0.0000000
2619.9898046	1480.0087583	13634.8863867	2.8469929	1.0280530	0.0750500	0.4016344	0.3363363	7321.4000000	0.0000000
2619.9898046	1485.0076465	13629.8709961	2.8216418	1.0000334	0.0601434	0.4114168	0.3624690	7324.1000000	0.0000000
2619.9898046	1490.0101286	13624.8585937	2.7959572	0.9720137	0.1494104	0.4190123	0.3534045	7326.8000000	0.0000000
2619.9898046	1495.0083197	13619.8461914	2.7706061	0.9439941	0.1997023	0.4252765	0.3537526	7329.5000000	0.0000000
2619.9898046	1500.0086715	13614.8348047	2.7449214	0.9159745	0.2699015	0.4351129	0.3609069	7332.2000000	0.0000000
2619.9898046	1505.0061784	13609.8361133	2.7195704	0.8879549	0.2969923	0.4418950	0.3555131	7334.9000000	0.0000000
2619.9898046	1510.0051304	13604.8374219	2.6938857	0.8599353	0.3426119	0.4419674	0.3447990	7337.6000000	0.0000000
2619.9898046	1515.0076411	13599.8387305	2.6685346	0.8319157	0.3552817	0.4490071	0.3409418	7340.3000000	0.0000000
2619.9898046	1520.0066103	13594.8450195	2.6428500	0.8038961	0.2942045	0.4362282	0.3565526	7343.0000000	0.0000000
2619.9898046	1525.0013557	13589.8597754	2.6174989	0.7758764	0.2405758	0.4219790	0.3687219	7345.7000000	0.0000000
2619.9898046	1530.0116427	13584.8745312	2.5921478	0.7478568	0.1964908	0.4341741	0.3829948	7348.4000000	0.0000000
2619.9898046	1535.0183774	13579.8892871	2.5664632	0.7198372	0.0970193	0.4176132	0.3741028	7351.1000000	0.0000000
2619.9898046	1540.0145659	13574.9131836	2.5411121	0.6921512	0.0400649	0.4117661	0.3921227	7353.8000000	0.0000000
2619.9898046	1545.0079704	13569.9416504	2.5154275	0.6641316	0.0136941	0.4112905	0.3999259	7356.5000000	0.0000000
