2789.9898518	1250.0093221	14034.9905078	4.0201474	2.1968711	0.0414082	0.9522428	0.0985612	7113.6000000	2790.0000000
2789.9898518	1255.0083965	14029.9265430	3.9944628	2.1688515	0.1014121	0.9509762	0.0984762	7116.1000000	0.0000000
2789.9898518	1260.0090730	14024.8625781	3.9691117	2.1411655	0.2101486	0.9695004	0.1037199	7118.6000000	0.0000000
2789.9898518	1265.0136988	14019.7986133	3.9434271	2.1131459	0.3229910	0.9783629	0.1092948	7121.1000000	0.0000000
2789.9898518	1270.0065068	14014.9385254	3.9180760	2.0851263	0.4662960	0.9886764	0.1144738	7123.5000000	0.0000000
2789.9898518	1275.0103515	14009.8767578	3.8923913	2.0571066	0.4232931	0.9905131	0.1202046	7126.0000000	0.0000000
2789.9898518	1280.0016522	14004.8149902	3.8670403	2.0290870	0.2844014	0.9817566	0.1265902	7128.5000000	0.0000000
2789.9898518	1285.0039494	13999.9556934	3.8413556	2.0010674	0.1789347	0.9657374	0.1408955	7130.9000000	0.0000000
2789.9898518	1290.0015653	13994.8995312	3.8160045	1.9730478	0.0865804	0.9690717	0.1473115	7133.4000000	0.0000000
2789.9898518	1295.0023166	13989.8477734	3.7906535	1.9450282	0.0389369	0.9665674	0.1564056	7135.9000000	0.0000000
2789.9898518	1300.0131757	13984.9980859	3.7649688	1.9170086	0.0294604	0.9693103	0.1501782	7138.3000000	0.0000000
2789.9898518	1305.0131413	13979.9463281	3.7396177	1.8889890	0.0245070	0.9574445	0.1587878	7140.8000000	0.0000000
2789.9898518	1310.0084776	13974.9034570	3.7139331	1.8609693	0.0129821	0.9660010	0.1678547	7143.3000000	0.0000000
2789.9898518	1315.0131095	13969.8687891	3.6885820	1.8329497	0.0547970	0.9677501	0.1857755	7145.8000000	0.0000000
2789.9898518	1320.0077159	13964.8341211	3.6628974	1.8049301	0.0692383	0.9582725	0.1750956	7148.3000000	0.0000000
2789.9898518	1325.0046642	13959.7994531	3.6375463	1.7769105	0.0707732	0.9610050	0.1867871	7150.8000000	0.0000000
2789.9898518	1330.0054664	13954.9780078	3.6118616	1.7488909	0.1005562	0.9638519	0.1972645	7153.2000000	0.0000000
2789.9898518	1335.0009231	13949.9679980	3.5865106	1.7208713	0.0219761	0.9512915	0.1963589	7155.7000000	0.0000000
2789.9898518	1339.9933394	13944.9579883	3.5611595	1.6928517	0.0065906	0.9438423	0.1982675	7158.2000000	0.0000000
2789.9898518	1345.0018259	13939.9479785	3.5354748	1.6651656	0.0178835	0.9292622	0.1984067	7160.7000000	0.0000000
2789.9898518	1350.0133115	13934.9533203	3.5101238	1.6371460	0.0316072	0.9468197	0.2047341	7163.2000000	0.0000000
2789.9898518	1355.0073124	13929.9752930	3.4844391	1.6091264	0.0692656	0.9667921	0.2172023	7165.7000000	0.0000000
2789.9898518	1360.0111868	13924.9972656	3.4590880	1.5811068	0.0703401	0.9642444	0.2315100	7168.2000000	0.0000000
2789.9898518	1365.0037279	13919.8201172	3.4334034	1.5530872	0.0479890	0.9487880	0.2308920	7170.8000000	0.0000000
2789.9898518	1370.0053554	13914.8625293	3.4080523	1.5250675	0.0238071	0.9493173	0.2283477	7173.3000000	0.0000000
2789.9898518	1375.0175101	13909.9238086	3.3823677	1.4970479	0.0179866	0.9253428	0.2306721	7175.8000000	0.0000000
2789.9898518	1380.0183702	13904.9850879	3.3570166	1.4690283	0.0144552	0.9182230	0.2337553	7178.3000000	0.0000000
2789.9898518	1385.0087539	13899.8488184	3.3316655	1.4410087	0.0162218	0.9240210	0.2337889	7180.9000000	0.0000000
2789.9898518	1390.0089011	13894.9363477	3.3059809	1.4129891	0.0168905	0.9412051	0.2369885	7183.4000000	0.0000000
2789.9898518	1395.0120380	13889.8488281	3.2806298	1.3849695	0.0245574	0.9530792	0.2560571	7186.0000000	0.0000000
2789.9898518	1400.0107098	13884.9569824	3.2549451	1.3569499	0.0163058	0.9411924	0.2629102	7188.5000000	0.0000000
2789.9898518	1405.0123646	13879.8694629	3.2295940	1.3289303	0.0272245	0.9455739	0.2712412	7191.1000000	0.0000000
2789.9898518	1410.0095813	13874.8187988	3.2039094	1.3009106	0.0241534	0.8815361	0.2780426	7193.7000000	0.0000000
2789.9898518	1415.0171650	13869.9811523	3.1785583	1.2728910	0.0345316	0.9207661	0.2761834	7196.2000000	0.0000000
2789.9898518	1420.0070239	13864.9500000	3.1528737	1.2448714	0.0530746	0.9406035	0.2781499	7198.8000000	0.0000000
2789.9898518	1425.0197563	13859.9188477	3.1275226	1.2168518	0.0596631	0.8888250	0.2800526	7201.4000000	0.0000000
2789.9898518	1430.0155436	13854.9367187	3.1018380	1.1891657	0.0936953	0.9523970	0.2810820	7204.0000000	0.0000000
2789.9898518	1435.0194332	13849.9692969	3.0764869	1.1611461	0.0802271	0.8936967	0.2999779	7206.6000000	0.0000000
2789.9898518	1440.0079430	13844.8108203	3.0511358	1.1331265	0.0733943	0.9248534	0.3112695	7209.3000000	0.0000000
2789.9898518	1445.0111172	13839.8433984	3.0254511	1.1051069	0.0284269	0.9293693	0.3132258	7211.9000000	0.0000000
2789.9898518	1450.0113701	13834.9450684	3.0001001	1.0770873	0.0068995	0.9162703	0.3301108	7214.5000000	0.0000000
2789.9898518	1455.0072718	13829.8612109	2.9744154	1.0490677	0.0186561	0.9233252	0.3321184	7217.2000000	0.0000000
2789.9898518	1460.0126296	13824.9656445	2.9490643	1.0210481	0.0360985	0.9407111	0.3201487	7219.8000000	0.0000000
2789.9898518	1465.0071186	13819.8970215	2.9233797	0.9930285	0.0743796	0.9420286	0.3276603	7222.5000000	0.0000000
2789.9898518	1470.0117513	13814.8954297	2.8980286	0.9650088	0.0812072	0.9484556	0.3300475	7225.2000000	0.0000000
2789.9898518	1475.0120503	13809.8938379	2.8723440	0.9369892	0.0280237	0.9147510	0.3397510	7227.9000000	0.0000000
2789.9898518	1480.0152336	13804.8922461	2.8469929	0.9089696	0.0110146	0.9442860	0.3461458	7230.6000000	0.0000000
2789.9898518	1485.0011833	13799.9363574	2.8216418	0.8809500	0.0162759	0.9399706	0.3627886	7233.3000000	0.0000000
2789.9898518	1490.0036793	13794.8479590	2.7959572	0.8529304	0.0248240	0.9400289	0.3656428	7236.1000000	0.0000000
2789.9898518	1495.0018842	13789.9412891	2.7706061	0.8249108	0.0518489	0.9428129	0.3730665	7238.8000000	0.0000000
2789.9898518	1500.0086715	13784.8528906	2.7449214	0.7968912	0.1990792	0.9478447	0.3564822	7241.6000000	0.0000000
2789.9898518	1505.0061784	13779.9513477	2.7195704	0.7688715	0.3098467	0.9254959	0.3667839	7244.2000000	0.0000000
2789.9898518	1510.0115275	13774.8279395	2.6938857	0.7408519	0.2223033	0.9352988	0.3692374	7246.9000000	0.0000000
2789.9898518	1515.0076411	13769.8942871	2.6685346	0.7131659	0.4261860	0.9404160	0.3645166	7249.5000000	0.0000000
2789.9898518	1520.0129811	13764.9611523	2.6428500	0.6851463	0.6885842	0.9853662	0.3587774	7252.1000000	0.0000000
2789.9898518	1525.0140722	13759.8517187	2.6174989	0.6571267	0.4555913	0.9556452	0.3753401	7254.8000000	0.0000000
2789.9898518	1530.0116427	13754.9315234	2.5921478	0.6291070	0.2059695	0.9550571	0.3854800	7257.4000000	0.0000000
2789.9898518	1535.0183774	13749.8220898	2.5664632	0.6010874	0.0588384	0.9155394	0.3800791	7260.1000000	0.0000000
2789.9898518	1540.0145659	13744.9055859	2.5411121	0.5730678	0.0194412	0.9363292	0.3905015	7262.7000000	0.0000000
2789.9898518	1545.0079704	13739.9991016	2.5154275	0.5450482	0.0066439	0.9380856	0.3749999	7265.3000000	0.0000000
