2799.9892656	1250.0093221	14044.9094336	4.0201474	2.1898662	0.0171923	0.8928141	0.1000520	7108.7000000	2800.0000000
2799.9892656	1255.0083965	14039.8503516	3.9944628	2.1618466	0.0235510	0.8813224	0.1039514	7111.2000000	0.0000000
2799.9892656	1260.0090730	14034.9905078	3.9691117	2.1341606	0.0545823	0.8697894	0.1056122	7113.6000000	0.0000000
2799.9892656	1265.0136988	14029.9265430	3.9434271	2.1061410	0.1348766	0.8959585	0.1051172	7116.1000000	0.0000000
2799.9892656	1270.0135944	14024.8625781	3.9180760	2.0781214	0.2602639	0.9411007	0.1148652	7118.6000000	0.0000000
2799.9892656	1275.0103515	14019.7986133	3.8923913	2.0501017	0.2549098	0.8644281	0.1175935	7121.1000000	0.0000000
2799.9892656	1280.0016522	14014.9385254	3.8670403	2.0220821	0.2498428	0.8407405	0.1287312	7123.5000000	0.0000000
2799.9892656	1285.0039494	14009.8767578	3.8413556	1.9940625	0.2288771	0.8550818	0.1344084	7126.0000000	0.0000000
2799.9892656	1290.0015653	14004.8149902	3.8160045	1.9660429	0.1390703	0.8857357	0.1480601	7128.5000000	0.0000000
2799.9892656	1295.0093248	13999.9556934	3.7906535	1.9380233	0.0771229	0.9137920	0.1520153	7130.9000000	0.0000000
2799.9892656	1300.0131757	13994.8995312	3.7649688	1.9100037	0.0278618	0.8690936	0.1493853	7133.4000000	0.0000000
2799.9892656	1305.0201181	13989.8477734	3.7396177	1.8819841	0.0230562	0.8467736	0.1652858	7135.9000000	0.0000000
2799.9892656	1310.0084776	13984.9980859	3.7139331	1.8539644	0.0232998	0.8891428	0.1770697	7138.3000000	0.0000000
2799.9892656	1315.0131095	13979.9463281	3.6885820	1.8259448	0.0194464	0.8524046	0.1763685	7140.8000000	0.0000000
2799.9892656	1320.0077159	13974.9034570	3.6628974	1.7979252	0.0093008	0.8753179	0.1815502	7143.3000000	0.0000000
2799.9892656	1325.0115809	13969.8687891	3.6375463	1.7699056	0.0592191	0.8339450	0.1879445	7145.8000000	0.0000000
2799.9892656	1330.0054664	13964.8341211	3.6118616	1.7418860	0.0886913	0.8935820	0.1916609	7148.3000000	0.0000000
2799.9892656	1335.0078092	13959.7994531	3.5865106	1.7138664	0.0425190	0.8750038	0.1954948	7150.8000000	0.0000000
2799.9892656	1339.9933394	13954.9780078	3.5611595	1.6858468	0.0248300	0.8136807	0.2045584	7153.2000000	0.0000000
2799.9892656	1345.0018259	13949.9679980	3.5354748	1.6581607	0.0067042	0.8717829	0.1956248	7155.7000000	0.0000000
2799.9892656	1350.0064703	13944.9579883	3.5101238	1.6301411	0.0049132	0.8307240	0.2193735	7158.2000000	0.0000000
2799.9892656	1355.0073124	13939.9479785	3.4844391	1.6021215	0.0188716	0.8966830	0.2198064	7160.7000000	0.0000000
2799.9892656	1360.0111868	13934.9533203	3.4590880	1.5741019	0.0196656	0.8862761	0.2195305	7163.2000000	0.0000000
2799.9892656	1365.0037279	13929.9752930	3.4334034	1.5460823	0.0393829	0.8699812	0.2284981	7165.7000000	0.0000000
2799.9892656	1370.0053554	13924.9972656	3.4080523	1.5180626	0.0291909	0.8153633	0.2358447	7168.2000000	0.0000000
2799.9892656	1375.0175101	13919.8201172	3.3823677	1.4900430	0.0159786	0.8311995	0.2375242	7170.8000000	0.0000000
2799.9892656	1380.0183702	13914.8625293	3.3570166	1.4620234	0.0206200	0.8330678	0.2346627	7173.3000000	0.0000000
2799.9892656	1385.0020152	13909.9238086	3.3316655	1.4340038	0.0133846	0.8760320	0.2304060	7175.8000000	0.0000000
2799.9892656	1390.0156257	13904.9850879	3.3059809	1.4059842	0.0139250	0.8139054	0.2384628	7178.3000000	0.0000000
2799.9892656	1395.0053283	13899.8488184	3.2806298	1.3779646	0.0087565	0.8283098	0.2490313	7180.9000000	0.0000000
2799.9892656	1400.0107098	13894.9363477	3.2549451	1.3499450	0.0133278	0.8989516	0.2497097	7183.4000000	0.0000000
2799.9892656	1405.0190454	13889.8488281	3.2295940	1.3219253	0.0147382	0.7926881	0.2728320	7186.0000000	0.0000000
2799.9892656	1410.0162492	13884.9569824	3.2039094	1.2939057	0.0197780	0.8644975	0.2621649	7188.5000000	0.0000000
2799.9892656	1415.0171650	13879.8694629	3.1785583	1.2658861	0.0324659	0.8455424	0.2665322	7191.1000000	0.0000000
2799.9892656	1420.0070239	13874.8187988	3.1528737	1.2378665	0.0456876	0.8877313	0.2759824	7193.7000000	0.0000000
2799.9892656	1425.0197563	13869.9811523	3.1275226	1.2098469	0.0429614	0.8780414	0.2645990	7196.2000000	0.0000000
2799.9892656	1430.0155436	13864.9500000	3.1018380	1.1821608	0.0466141	0.8125524	0.2721017	7198.8000000	0.0000000
2799.9892656	1435.0128346	13859.9188477	3.0764869	1.1541412	0.0409485	0.8777970	0.2787098	7201.4000000	0.0000000
2799.9892656	1440.0145261	13854.9367187	3.0511358	1.1261216	0.0296531	0.9062824	0.2919904	7204.0000000	0.0000000
2799.9892656	1445.0111172	13849.9692969	3.0254511	1.0981020	0.0223658	0.8917974	0.2990940	7206.6000000	0.0000000
2799.9892656	1450.0113701	13844.8108203	3.0001001	1.0700824	0.0238677	0.8940526	0.3080836	7209.3000000	0.0000000
2799.9892656	1455.0203578	13839.8433984	2.9744154	1.0420628	0.0081616	0.8694003	0.3146057	7211.9000000	0.0000000
2799.9892656	1460.0126296	13834.9450684	2.9490643	1.0140432	0.0143986	0.8732959	0.3161110	7214.5000000	0.0000000
2799.9892656	1465.0136350	13829.8612109	2.9233797	0.9860235	0.0436868	0.9030110	0.3146439	7217.2000000	0.0000000
2799.9892656	1470.0182537	13824.9656445	2.8980286	0.9580039	0.0490795	0.8867990	0.3124519	7219.8000000	0.0000000
2799.9892656	1475.0185396	13819.8970215	2.8723440	0.9299843	0.0362134	0.8452512	0.3135275	7222.5000000	0.0000000
2799.9892656	1480.0152336	13814.8954297	2.8469929	0.9019647	0.0253435	0.9040957	0.3400643	7225.2000000	0.0000000
2799.9892656	1485.0141097	13809.8938379	2.8216418	0.8739451	0.0060156	0.9238195	0.3441149	7227.9000000	0.0000000
2799.9892656	1490.0165779	13804.8922461	2.7959572	0.8459255	0.0196981	0.8868233	0.3502360	7230.6000000	0.0000000
2799.9892656	1495.0147552	13799.9363574	2.7706061	0.8179059	0.0472926	0.8969982	0.3375770	7233.3000000	0.0000000
2799.9892656	1500.0086715	13794.8479590	2.7449214	0.7898863	0.0709930	0.9253406	0.3449826	7236.1000000	0.0000000
2799.9892656	1505.0125874	13789.9412891	2.7195704	0.7618666	0.1120394	0.9319833	0.3440914	7238.8000000	0.0000000
2799.9892656	1510.0115275	13784.8528906	2.6938857	0.7338470	0.2825679	0.9343754	0.3369157	7241.6000000	0.0000000
2799.9892656	1515.0076411	13779.9513477	2.6685346	0.7061610	0.3168163	0.9117063	0.3527310	7244.2000000	0.0000000
2799.9892656	1520.0002394	13774.8279395	2.6428500	0.6781414	0.1769592	0.9358545	0.3520983	7246.9000000	0.0000000
2799.9892656	1525.0140722	13769.8942871	2.6174989	0.6501218	0.1649064	0.9293985	0.3700951	7249.5000000	0.0000000
2799.9892656	1530.0116427	13764.9611523	2.5921478	0.6221021	0.2495554	0.9447140	0.3807794	7252.1000000	0.0000000
2799.9892656	1535.0120450	13759.8517187	2.5664632	0.5940825	0.1312051	0.9254393	0.3539428	7254.8000000	0.0000000
2799.9892656	1540.0145659	13754.9315234	2.5411121	0.5660629	0.0569634	0.9217139	0.3673196	7257.4000000	0.0000000
2799.9892656	1545.0079704	13749.8220898	2.5154275	0.5380433	0.0111699	0.8923626	0.4016589	7260.1000000	0.0000000
