2689.9939491	1250.0021703	13934.9533203	4.0201474	2.2669202	0.0455841	0.7113900	0.0961173	7163.2000000	2690.0000000
2689.9939491	1255.0012629	13929.9752930	3.9944628	2.2389006	0.1297990	0.7107487	0.0995387	7165.7000000	0.0000000
2689.9939491	1260.0090730	13924.9972656	3.9691117	2.2108809	0.1623610	0.7005748	0.1091064	7168.2000000	0.0000000
2689.9939491	1265.0136988	13919.8201172	3.9434271	2.1828613	0.1998597	0.7105303	0.1099158	7170.8000000	0.0000000
2689.9939491	1270.0135944	13914.8625293	3.9180760	2.1548417	0.2111771	0.7241340	0.1192124	7173.3000000	0.0000000
2689.9939491	1275.0103515	13909.9238086	3.8923913	2.1271557	0.1618708	0.7220490	0.1228824	7175.8000000	0.0000000
2689.9939491	1280.0087077	13904.9850879	3.8670403	2.0991361	0.0972614	0.7080723	0.1347698	7178.3000000	0.0000000
2689.9939491	1285.0039494	13899.8488184	3.8413556	2.0711164	0.0514526	0.6981172	0.1438610	7180.9000000	0.0000000
2689.9939491	1290.0085889	13894.9363477	3.8160045	2.0430968	0.0448734	0.7313517	0.1518822	7183.4000000	0.0000000
2689.9939491	1295.0023166	13889.8488281	3.7906535	2.0150772	0.0296243	0.7180665	0.1590275	7186.0000000	0.0000000
2689.9939491	1300.0201687	13884.9569824	3.7649688	1.9870576	0.0381448	0.7167108	0.1554348	7188.5000000	0.0000000
2689.9939491	1305.0131413	13879.8694629	3.7396177	1.9590380	0.0427371	0.7136764	0.1544891	7191.1000000	0.0000000
2689.9939491	1310.0154382	13874.8187988	3.7139331	1.9310184	0.0369700	0.7263688	0.1679351	7193.7000000	0.0000000
2689.9939491	1315.0131095	13869.9811523	3.6885820	1.9029988	0.0326913	0.7190341	0.1755228	7196.2000000	0.0000000
2689.9939491	1320.0077159	13864.9500000	3.6628974	1.8749792	0.0427242	0.7288139	0.1831001	7198.8000000	0.0000000
2689.9939491	1325.0115809	13859.9188477	3.6375463	1.8469595	0.0641735	0.7295637	0.1874229	7201.4000000	0.0000000
2689.9939491	1330.0123662	13854.9367187	3.6118616	1.8189399	0.0717620	0.7397448	0.1888765	7204.0000000	0.0000000
2689.9939491	1335.0009231	13849.9692969	3.5865106	1.7909203	0.0678962	0.7362494	0.1919597	7206.6000000	0.0000000
2689.9939491	1340.0070953	13844.8108203	3.5611595	1.7629007	0.0366445	0.7332168	0.1993356	7209.3000000	0.0000000
2689.9939491	1345.0018259	13839.8433984	3.5354748	1.7348811	0.0153435	0.7267305	0.1989381	7211.9000000	0.0000000
2689.9939491	1350.0133115	13834.9450684	3.5101238	1.7068615	0.0347927	0.7386570	0.2065189	7214.5000000	0.0000000
2689.9939491	1355.0004858	13829.8612109	3.4844391	1.6788419	0.0955404	0.7457059	0.2215277	7217.2000000	0.0000000
2689.9939491	1360.0111868	13824.9656445	3.4590880	1.6511558	0.0701368	0.7441011	0.2313801	7219.8000000	0.0000000
2689.9939491	1365.0105236	13819.8970215	3.4334034	1.6231362	0.0413320	0.7349863	0.2214211	7222.5000000	0.0000000
2689.9939491	1370.0121378	13814.8954297	3.4080523	1.5951166	0.0165217	0.7206292	0.2364624	7225.2000000	0.0000000
2689.9939491	1375.0175101	13809.8938379	3.3823677	1.5670970	0.0062352	0.7454420	0.2342114	7227.9000000	0.0000000
2689.9939491	1380.0183702	13804.8922461	3.3570166	1.5390774	0.0215920	0.7445518	0.2336609	7230.6000000	0.0000000
2689.9939491	1385.0020152	13799.9363574	3.3316655	1.5110577	0.0275409	0.7375206	0.2323386	7233.3000000	0.0000000
2689.9939491	1390.0089011	13794.8479590	3.3059809	1.4830381	0.0184965	0.7341231	0.2302167	7236.1000000	0.0000000
2689.9939491	1395.0120380	13789.9412891	3.2806298	1.4550185	0.0136759	0.7259375	0.2408063	7238.8000000	0.0000000
2689.9939491	1400.0040141	13784.8528906	3.2549451	1.4269989	0.0267380	0.7460737	0.2491043	7241.6000000	0.0000000
2689.9939491	1405.0190454	13779.9513477	3.2295940	1.3989793	0.0368003	0.7326221	0.2718669	7244.2000000	0.0000000
2689.9939491	1410.0095813	13774.8279395	3.2039094	1.3709597	0.0220327	0.7340211	0.2655448	7246.9000000	0.0000000
2689.9939491	1415.0105118	13769.8942871	3.1785583	1.3429401	0.1080377	0.7658666	0.2758701	7249.5000000	0.0000000
2689.9939491	1420.0003845	13764.9611523	3.1528737	1.3149204	0.2312955	0.7539298	0.2656729	7252.1000000	0.0000000
2689.9939491	1425.0197563	13759.8517187	3.1275226	1.2869008	0.2348671	0.7529389	0.2726990	7254.8000000	0.0000000
2689.9939491	1430.0155436	13754.9315234	3.1018380	1.2588812	0.1833634	0.7684102	0.2777965	7257.4000000	0.0000000
2689.9939491	1435.0128346	13749.8220898	3.0764869	1.2308616	0.1148317	0.7604611	0.2821841	7260.1000000	0.0000000
2689.9939491	1440.0079430	13744.9055859	3.0511358	1.2028420	0.0404113	0.7456607	0.2943622	7262.7000000	0.0000000
2689.9939491	1445.0045465	13739.9991016	3.0254511	1.1751559	0.0406921	0.7476718	0.3017750	7265.3000000	0.0000000
2689.9939491	1450.0113701	13734.9039062	3.0001001	1.1471363	0.0254259	0.7541198	0.2990270	7268.0000000	0.0000000
2689.9939491	1455.0072718	13729.9974219	2.9744154	1.1191167	0.0200082	0.7363279	0.3055104	7270.6000000	0.0000000
2689.9939491	1460.0191583	13724.9088281	2.9490643	1.0910971	0.0412909	0.7538174	0.3100494	7273.3000000	0.0000000
2689.9939491	1465.0136350	13719.8273437	2.9233797	1.0630775	0.0654369	0.7488407	0.3096338	7276.0000000	0.0000000
2689.9939491	1470.0182537	13714.9340625	2.8980286	1.0350579	0.0766821	0.7607279	0.3240698	7278.6000000	0.0000000
2689.9939491	1475.0185396	13709.8525781	2.8723440	1.0070383	0.0832042	0.7477299	0.3334732	7281.3000000	0.0000000
2689.9939491	1480.0152336	13704.9691309	2.8469929	0.9790186	0.0168508	0.7240322	0.3281295	7283.9000000	0.0000000
2689.9939491	1485.0141097	13699.9016211	2.8216418	0.9509990	0.0079149	0.7450038	0.3567505	7286.6000000	0.0000000
2689.9939491	1490.0165779	13694.8341113	2.7959572	0.9229794	0.0212726	0.7549418	0.3531600	7289.3000000	0.0000000
2689.9939491	1495.0147552	13689.9542871	2.7706061	0.8949598	0.0556400	0.7461819	0.3676006	7291.9000000	0.0000000
2689.9939491	1500.0086715	13684.9002344	2.7449214	0.8669402	0.2567980	0.7736383	0.3489399	7294.6000000	0.0000000
2689.9939491	1505.0061784	13679.8466992	2.7195704	0.8389206	0.7686520	0.8309540	0.3524628	7297.3000000	0.0000000
2689.9939491	1510.0179246	13674.9803320	2.6938857	0.8109010	0.7844722	0.8321762	0.3580816	7299.9000000	0.0000000
2689.9939491	1515.0140255	13669.9298437	2.6685346	0.7828814	0.5274956	0.7973578	0.3529419	7302.6000000	0.0000000
2689.9939491	1520.0129811	13664.8900195	2.6428500	0.7548617	0.4058147	0.7656240	0.3712523	7305.3000000	0.0000000
2689.9939491	1525.0140722	13659.8501953	2.6174989	0.7268421	0.2017926	0.7329464	0.3750958	7308.0000000	0.0000000
2689.9939491	1530.0116427	13654.9970312	2.5921478	0.6991561	0.0333323	0.7361192	0.3926600	7310.6000000	0.0000000
2689.9939491	1535.0120450	13649.9639355	2.5664632	0.6711365	0.0154935	0.7500193	0.3910093	7313.3000000	0.0000000
2689.9939491	1540.0082451	13644.9380859	2.5411121	0.6431168	0.0482322	0.7270731	0.3932737	7316.0000000	0.0000000
2689.9939491	1545.0142779	13639.9122363	2.5154275	0.6150972	0.0281921	0.7300795	0.3836095	7318.7000000	0.0000000
