2699.9940596	1250.0093221	13944.9579883	4.0201474	2.2599153	0.0342622	0.7761776	0.1026437	7158.2000000	2700.0000000
2699.9940596	1255.0083965	13939.9479785	3.9944628	2.2318957	0.0382758	0.7498544	0.1074584	7160.7000000	0.0000000
2699.9940596	1260.0090730	13934.9533203	3.9691117	2.2038760	0.0871213	0.7799577	0.1066836	7163.2000000	0.0000000
2699.9940596	1264.9994933	13929.9752930	3.9434271	2.1758564	0.1954739	0.7734090	0.1156030	7165.7000000	0.0000000
2699.9940596	1270.0065068	13924.9972656	3.9180760	2.1478368	0.2403495	0.7685879	0.1140043	7168.2000000	0.0000000
2699.9940596	1275.0103515	13919.8201172	3.8923913	2.1201508	0.2370109	0.7722899	0.1262821	7170.8000000	0.0000000
2699.9940596	1280.0087077	13914.8625293	3.8670403	2.0921312	0.1701945	0.7902833	0.1280638	7173.3000000	0.0000000
2699.9940596	1285.0109883	13909.9238086	3.8413556	2.0641115	0.0702914	0.7468113	0.1337195	7175.8000000	0.0000000
2699.9940596	1290.0015653	13904.9850879	3.8160045	2.0360919	0.0421494	0.7556749	0.1443744	7178.3000000	0.0000000
2699.9940596	1295.0023166	13899.8488184	3.7906535	2.0080723	0.0222964	0.7469707	0.1391295	7180.9000000	0.0000000
2699.9940596	1300.0061827	13894.9363477	3.7649688	1.9800527	0.0307209	0.7496541	0.1470940	7183.4000000	0.0000000
2699.9940596	1305.0061646	13889.8488281	3.7396177	1.9520331	0.0273348	0.7716445	0.1472260	7186.0000000	0.0000000
2699.9940596	1310.0015170	13884.9569824	3.7139331	1.9240135	0.0482216	0.7650912	0.1610092	7188.5000000	0.0000000
2699.9940596	1315.0061629	13879.8694629	3.6885820	1.8959939	0.0450209	0.7467549	0.1714736	7191.1000000	0.0000000
2699.9940596	1320.0007853	13874.8187988	3.6628974	1.8679742	0.0329308	0.7395166	0.1750980	7193.7000000	0.0000000
2699.9940596	1325.0046642	13869.9811523	3.6375463	1.8399546	0.0437604	0.7550629	0.1803632	7196.2000000	0.0000000
2699.9940596	1330.0054664	13864.9500000	3.6118616	1.8119350	0.0358149	0.7406965	0.1877202	7198.8000000	0.0000000
2699.9940596	1335.0009231	13859.9188477	3.5865106	1.7839154	0.0495206	0.7512153	0.1925808	7201.4000000	0.0000000
2699.9940596	1339.9933394	13854.9367187	3.5611595	1.7558958	0.0446122	0.7478279	0.2005754	7204.0000000	0.0000000
2699.9940596	1345.0018259	13849.9692969	3.5354748	1.7278762	0.0516157	0.7530122	0.1949587	7206.6000000	0.0000000
2699.9940596	1349.9996284	13844.8108203	3.5101238	1.6998566	0.0394133	0.7485119	0.2073154	7209.3000000	0.0000000
2699.9940596	1355.0004858	13839.8433984	3.4844391	1.6718370	0.0259377	0.7484805	0.2169379	7211.9000000	0.0000000
2699.9940596	1360.0111868	13834.9450684	3.4590880	1.6441509	0.0321166	0.7287493	0.2262345	7214.5000000	0.0000000
2699.9940596	1365.0105236	13829.8612109	3.4334034	1.6161313	0.0522596	0.7428666	0.2371110	7217.2000000	0.0000000
2699.9940596	1370.0053554	13824.9656445	3.4080523	1.5881117	0.0246840	0.7392675	0.2324147	7219.8000000	0.0000000
2699.9940596	1375.0175101	13819.8970215	3.3823677	1.5600921	0.0168436	0.7220023	0.2366354	7222.5000000	0.0000000
2699.9940596	1380.0183702	13814.8954297	3.3570166	1.5320725	0.0060669	0.7271933	0.2464591	7225.2000000	0.0000000
2699.9940596	1385.0087539	13809.8938379	3.3316655	1.5040528	0.0088405	0.7330824	0.2408317	7227.9000000	0.0000000
2699.9940596	1390.0156257	13804.8922461	3.3059809	1.4760332	0.0175338	0.7337138	0.2417920	7230.6000000	0.0000000
2699.9940596	1395.0120380	13799.9363574	3.2806298	1.4480136	0.0199911	0.7308537	0.2502363	7233.3000000	0.0000000
2699.9940596	1400.0107098	13794.8479590	3.2549451	1.4199940	0.0101160	0.7273933	0.2672997	7236.1000000	0.0000000
2699.9940596	1405.0123646	13789.9412891	3.2295940	1.3919744	0.0124084	0.7595805	0.2711440	7238.8000000	0.0000000
2699.9940596	1410.0029134	13784.8528906	3.2039094	1.3639548	0.0343339	0.7307558	0.2780253	7241.6000000	0.0000000
2699.9940596	1415.0171650	13779.9513477	3.1785583	1.3359352	0.0491556	0.7341896	0.2718470	7244.2000000	0.0000000
2699.9940596	1420.0070239	13774.8279395	3.1528737	1.3079155	0.0271726	0.7204282	0.2661233	7246.9000000	0.0000000
2699.9940596	1425.0197563	13769.8942871	3.1275226	1.2798959	0.1198306	0.7289932	0.2823678	7249.5000000	0.0000000
2699.9940596	1430.0155436	13764.9611523	3.1018380	1.2518763	0.2366393	0.7572256	0.2816815	7252.1000000	0.0000000
2699.9940596	1435.0128346	13759.8517187	3.0764869	1.2238567	0.1767568	0.7441234	0.2835734	7254.8000000	0.0000000
2699.9940596	1440.0145261	13754.9315234	3.0511358	1.1958371	0.0656913	0.7302191	0.2936293	7257.4000000	0.0000000
2699.9940596	1445.0111172	13749.8220898	3.0254511	1.1681510	0.0186102	0.7269420	0.3179351	7260.1000000	0.0000000
2699.9940596	1450.0113701	13744.9055859	3.0001001	1.1401314	0.0016089	0.7197887	0.3126665	7262.7000000	0.0000000
2699.9940596	1455.0138148	13739.9991016	2.9744154	1.1121118	0.0232517	0.7241233	0.3232658	7265.3000000	0.0000000
2699.9940596	1460.0191583	13734.9039062	2.9490643	1.0840922	0.0474968	0.7469170	0.3162659	7268.0000000	0.0000000
2699.9940596	1465.0136350	13729.9974219	2.9233797	1.0560726	0.0514595	0.7489966	0.3196698	7270.6000000	0.0000000
2699.9940596	1470.0182537	13724.9088281	2.8980286	1.0280530	0.0419592	0.7339035	0.3263007	7273.3000000	0.0000000
2699.9940596	1475.0185396	13719.8273437	2.8723440	1.0000334	0.0168632	0.7173172	0.3269539	7276.0000000	0.0000000
2699.9940596	1480.0087583	13714.9340625	2.8469929	0.9720137	0.0172125	0.7213207	0.3385317	7278.6000000	0.0000000
2699.9940596	1485.0076465	13709.8525781	2.8216418	0.9439941	0.0128566	0.7206636	0.3477297	7281.3000000	0.0000000
2699.9940596	1490.0101286	13704.9691309	2.7959572	0.9159745	0.0246962	0.7146907	0.3603988	7283.9000000	0.0000000
2699.9940596	1495.0147552	13699.9016211	2.7706061	0.8879549	0.0306105	0.7249341	0.3534445	7286.6000000	0.0000000
2699.9940596	1500.0086715	13694.8341113	2.7449214	0.8599353	0.0289266	0.7095048	0.3479987	7289.3000000	0.0000000
2699.9940596	1505.0125874	13689.9542871	2.7195704	0.8319157	0.1301918	0.7586338	0.3464087	7291.9000000	0.0000000
2699.9940596	1510.0051304	13684.9002344	2.6938857	0.8038961	0.2807944	0.7765510	0.3422460	7294.6000000	0.0000000
2699.9940596	1515.0076411	13679.8466992	2.6685346	0.7758764	0.6840613	0.8136598	0.3534891	7297.3000000	0.0000000
2699.9940596	1520.0129811	13674.9803320	2.6428500	0.7478568	0.6243888	0.7979547	0.3565247	7299.9000000	0.0000000
2699.9940596	1525.0140722	13669.9298437	2.6174989	0.7198372	0.2154543	0.7486983	0.3583591	7302.6000000	0.0000000
2699.9940596	1530.0116427	13664.8900195	2.5921478	0.6921512	0.1429739	0.7470036	0.3759110	7305.3000000	0.0000000
2699.9940596	1535.0183774	13659.8501953	2.5664632	0.6641316	0.0545802	0.7656839	0.3750205	7308.0000000	0.0000000
2699.9940596	1540.0145659	13654.9970312	2.5411121	0.6361119	0.0174354	0.7156030	0.3797068	7310.6000000	0.0000000
2699.9940596	1545.0079704	13649.9639355	2.5154275	0.6080923	0.0070962	0.7093329	0.3819692	7313.3000000	0.0000000
