2989.9909976	1250.0164739	14234.9121094	4.0201474	2.0571066	0.0027808	0.3112450	0.1066561	7012.0000000	2990.0000000
2989.9909976	1255.0012629	14229.8345801	3.9944628	2.0290870	0.0016682	0.3157550	0.1068702	7014.7000000	0.0000000
2989.9909976	1259.9948244	14224.9451074	3.9691117	2.0010674	0.0041313	0.3243040	0.1078181	7017.3000000	0.0000000
2989.9909976	1264.9994933	14219.8675781	3.9434271	1.9730478	0.0042394	0.3082795	0.1093859	7020.0000000	0.0000000
2989.9909976	1269.9994179	14214.9655078	3.9180760	1.9450282	0.0036771	0.3049919	0.1226019	7022.6000000	0.0000000
2989.9909976	1275.0103515	14209.8312891	3.8923913	1.9170086	0.0034883	0.3098141	0.1299089	7025.3000000	0.0000000
2989.9909976	1280.0087077	14204.8872266	3.8670403	1.8889890	0.0032649	0.3094758	0.1353781	7027.9000000	0.0000000
2989.9909976	1285.0039494	14199.9431641	3.8413556	1.8609693	0.0017521	0.3160637	0.1427008	7030.5000000	0.0000000
2989.9909976	1290.0085889	14194.9709570	3.8160045	1.8329497	0.0019257	0.3081299	0.1611572	7033.1000000	0.0000000
2989.9909976	1295.0023166	14189.9603711	3.7906535	1.8049301	0.0021030	0.3175534	0.1588886	7035.7000000	0.0000000
2989.9909976	1299.9991879	14184.9497852	3.7649688	1.7769105	0.0017588	0.3193224	0.1599570	7038.3000000	0.0000000
2989.9909976	1304.9991859	14179.9391992	3.7396177	1.7488909	0.0020118	0.3031058	0.1654116	7040.9000000	0.0000000
2989.9909976	1310.0015170	14174.8946289	3.7139331	1.7208713	0.0022069	0.3066353	0.1766555	7043.5000000	0.0000000
2989.9909976	1315.0061629	14169.8251367	3.6885820	1.6928517	0.0023458	0.2991284	0.1845663	7046.1000000	0.0000000
2989.9909976	1320.0007853	14164.9506250	3.6628974	1.6651656	0.0020244	0.3096692	0.1948339	7048.6000000	0.0000000
2989.9909976	1325.0046642	14159.8811328	3.6375463	1.6371460	0.0024000	0.3089470	0.1974153	7051.2000000	0.0000000
2989.9909976	1330.0054664	14154.9732520	3.6118616	1.6091264	0.0016072	0.3016897	0.1973569	7053.7000000	0.0000000
2989.9909976	1334.9940251	14149.8527246	3.5865106	1.5811068	0.0017563	0.3020183	0.2090767	7056.3000000	0.0000000
2989.9909976	1339.9933394	14144.9291406	3.5611595	1.5530872	0.0008550	0.3199750	0.2028173	7058.8000000	0.0000000
2989.9909976	1344.9949594	14139.8086133	3.5354748	1.5250675	0.0015302	0.3069607	0.2144961	7061.4000000	0.0000000
2989.9909976	1350.0064703	14134.8531152	3.5101238	1.4970479	0.0015856	0.3192372	0.2183350	7063.9000000	0.0000000
2989.9909976	1355.0004858	14129.8875391	3.4844391	1.4690283	0.0018231	0.3146383	0.2304081	7066.4000000	0.0000000
2989.9909976	1360.0111868	14124.9219629	3.4590880	1.4410087	0.0020836	0.3069434	0.2412538	7068.9000000	0.0000000
2989.9909976	1365.0037279	14119.9563867	3.4334034	1.4129891	0.0012592	0.3195536	0.2392502	7071.4000000	0.0000000
2989.9909976	1370.0053554	14114.9644629	3.4080523	1.3849695	0.0009102	0.3124092	0.2412133	7073.9000000	0.0000000
2989.9909976	1375.0107430	14109.9642187	3.3823677	1.3569499	0.0009323	0.3028431	0.2442234	7076.4000000	0.0000000
2989.9909976	1380.0116173	14104.9639746	3.3570166	1.3289303	0.0007722	0.3058898	0.2523834	7078.9000000	0.0000000
2989.9909976	1385.0020152	14099.9637305	3.3316655	1.3009106	0.0035941	0.3166299	0.2495123	7081.4000000	0.0000000
2989.9909976	1390.0089011	14094.9430762	3.3059809	1.2728910	0.0048698	0.3165206	0.2540023	7083.9000000	0.0000000
2989.9909976	1395.0120380	14089.9159766	3.2806298	1.2448714	0.0027640	0.3134948	0.2632837	7086.4000000	0.0000000
2989.9909976	1400.0107098	14084.8888770	3.2549451	1.2168518	0.0013003	0.3097664	0.2855669	7088.9000000	0.0000000
2989.9909976	1405.0190454	14079.8617773	3.2295940	1.1891657	0.0014355	0.3084507	0.2924059	7091.4000000	0.0000000
2989.9909976	1410.0095813	14074.8196484	3.2039094	1.1611461	0.0011245	0.3176191	0.2928215	7093.9000000	0.0000000
2989.9909976	1415.0105118	14069.9746484	3.1785583	1.1331265	0.0015306	0.3170452	0.2919492	7096.3000000	0.0000000
2989.9909976	1420.0003845	14064.9277734	3.1528737	1.1051069	0.0027769	0.3199458	0.2927202	7098.8000000	0.0000000
2989.9909976	1425.0131305	14059.8808984	3.1275226	1.0770873	0.0030675	0.3102981	0.2927947	7101.3000000	0.0000000
2989.9909976	1429.9957029	14054.8252344	3.1018380	1.0490677	0.0022667	0.3031183	0.2996534	7103.8000000	0.0000000
2989.9909976	1435.0128346	14049.9685156	3.0764869	1.0210481	0.0018586	0.3152733	0.2865519	7106.2000000	0.0000000
2989.9909976	1440.0079430	14044.9094336	3.0511358	0.9930285	0.0009175	0.3275761	0.3082085	7108.7000000	0.0000000
2989.9909976	1445.0111172	14039.8503516	3.0254511	0.9650088	0.0003955	0.3255187	0.3168097	7111.2000000	0.0000000
2989.9909976	1450.0113701	14034.9905078	3.0001001	0.9369892	0.0007174	0.3188558	0.3350067	7113.6000000	0.0000000
2989.9909976	1455.0138148	14029.9265430	2.9744154	0.9089696	0.0033936	0.3172983	0.3370791	7116.1000000	0.0000000
2989.9909976	1460.0126296	14024.8625781	2.9490643	0.8809500	0.0058699	0.3094175	0.3478153	7118.6000000	0.0000000
2989.9909976	1465.0006021	14019.7986133	2.9233797	0.8529304	0.0050924	0.3120880	0.3460409	7121.1000000	0.0000000
2989.9909976	1470.0117513	14014.9385254	2.8980286	0.8249108	0.0089272	0.3162787	0.3407170	7123.5000000	0.0000000
2989.9909976	1475.0185396	14009.8767578	2.8723440	0.7968912	0.0099247	0.3153709	0.3485381	7126.0000000	0.0000000
2989.9909976	1480.0087583	14004.8149902	2.8469929	0.7688715	0.0032825	0.3146309	0.3605486	7128.5000000	0.0000000
2989.9909976	1485.0076465	13999.9556934	2.8216418	0.7408519	0.0013914	0.3091001	0.3794534	7130.9000000	0.0000000
2989.9909976	1490.0101286	13994.8995312	2.7959572	0.7131659	0.0018466	0.3131443	0.3876484	7133.4000000	0.0000000
2989.9909976	1495.0018842	13989.8477734	2.7706061	0.6851463	0.0037831	0.3205010	0.3814630	7135.9000000	0.0000000
2989.9909976	1500.0022480	13984.9980859	2.7449214	0.6571267	0.0045940	0.3135808	0.3799096	7138.3000000	0.0000000
2989.9909976	1505.0061784	13979.9463281	2.7195704	0.6291070	0.0073960	0.3142727	0.3717932	7140.8000000	0.0000000
2989.9909976	1510.0115275	13974.9034570	2.6938857	0.6010874	0.0073739	0.3116845	0.3707911	7143.3000000	0.0000000
2989.9909976	1515.0076411	13969.8687891	2.6685346	0.5730678	0.0340399	0.3156404	0.3736620	7145.8000000	0.0000000
2989.9909976	1520.0066103	13964.8341211	2.6428500	0.5450482	0.0355518	0.3244913	0.3901582	7148.3000000	0.0000000
2989.9909976	1525.0140722	13959.7994531	2.6174989	0.5170286	0.0105696	0.3185166	0.3989779	7150.8000000	0.0000000
2989.9909976	1530.0052970	13954.9780078	2.5921478	0.4890090	0.0054532	0.3108605	0.4163167	7153.2000000	0.0000000
2989.9909976	1535.0183774	13949.9679980	2.5664632	0.4609894	0.0008510	0.3134739	0.4079821	7155.7000000	0.0000000
2989.9909976	1540.0145659	13944.9579883	2.5411121	0.4329697	0.0002245	0.3160183	0.4182968	7158.2000000	0.0000000
2989.9909976	1545.0142779	13939.9479785	2.5154275	0.4049501	0.0004249	0.3166973	0.4065521	7160.7000000	0.0000000
