2709.9901151	1250.0021703	13954.9780078	4.0201474	2.2529104	0.0640021	0.8498159	0.1038920	7153.2000000	2710.0000000
2709.9901151	1255.0083965	13949.9679980	3.9944628	2.2248908	0.0601410	0.8514329	0.1047017	7155.7000000	0.0000000
2709.9901151	1260.0019540	13944.9579883	3.9691117	2.1968711	0.0608751	0.8486532	0.1075493	7158.2000000	0.0000000
2709.9901151	1265.0065966	13939.9479785	3.9434271	2.1688515	0.0801931	0.8562096	0.1130529	7160.7000000	0.0000000
2709.9901151	1270.0065068	13934.9533203	3.9180760	2.1411655	0.1343944	0.8574303	0.1216199	7163.2000000	0.0000000
2709.9901151	1275.0103515	13929.9752930	3.8923913	2.1131459	0.2293997	0.8609052	0.1283170	7165.7000000	0.0000000
2709.9901151	1280.0087077	13924.9972656	3.8670403	2.0851263	0.2178134	0.8678936	0.1426152	7168.2000000	0.0000000
2709.9901151	1285.0109883	13919.8201172	3.8413556	2.0571066	0.1360834	0.8662280	0.1486436	7170.8000000	0.0000000
2709.9901151	1290.0015653	13914.8625293	3.8160045	2.0290870	0.0707332	0.8350277	0.1550746	7173.3000000	0.0000000
2709.9901151	1295.0023166	13909.9238086	3.7906535	2.0010674	0.0358146	0.8442267	0.1539065	7175.8000000	0.0000000
2709.9901151	1300.0061827	13904.9850879	3.7649688	1.9730478	0.0252180	0.8270122	0.1570807	7178.3000000	0.0000000
2709.9901151	1305.0061646	13899.8488184	3.7396177	1.9450282	0.0364073	0.8466654	0.1644595	7180.9000000	0.0000000
2709.9901151	1310.0084776	13894.9363477	3.7139331	1.9170086	0.0388947	0.8311954	0.1706657	7183.4000000	0.0000000
2709.9901151	1315.0131095	13889.8488281	3.6885820	1.8889890	0.0429834	0.8268450	0.1781224	7186.0000000	0.0000000
2709.9901151	1320.0077159	13884.9569824	3.6628974	1.8609693	0.0700605	0.8296482	0.1990997	7188.5000000	0.0000000
2709.9901151	1325.0046642	13879.8694629	3.6375463	1.8329497	0.0720615	0.8307172	0.2000188	7191.1000000	0.0000000
2709.9901151	1330.0123662	13874.8187988	3.6118616	1.8049301	0.0335103	0.8243738	0.1913724	7193.7000000	0.0000000
2709.9901151	1335.0078092	13869.9811523	3.5865106	1.7769105	0.0187416	0.8169635	0.1954283	7196.2000000	0.0000000
2709.9901151	1339.9933394	13864.9500000	3.5611595	1.7488909	0.0262509	0.8182758	0.2026506	7198.8000000	0.0000000
2709.9901151	1344.9949594	13859.9188477	3.5354748	1.7208713	0.0551407	0.8002457	0.2113455	7201.4000000	0.0000000
2709.9901151	1350.0064703	13854.9367187	3.5101238	1.6928517	0.0819833	0.8325936	0.2118285	7204.0000000	0.0000000
2709.9901151	1355.0073124	13849.9692969	3.4844391	1.6651656	0.1141644	0.8466616	0.2226798	7206.6000000	0.0000000
2709.9901151	1360.0111868	13844.8108203	3.4590880	1.6371460	0.0562191	0.8292295	0.2321052	7209.3000000	0.0000000
2709.9901151	1365.0037279	13839.8433984	3.4334034	1.6091264	0.0145767	0.8291543	0.2437824	7211.9000000	0.0000000
2709.9901151	1370.0121378	13834.9450684	3.4080523	1.5811068	0.0136578	0.8323489	0.2400394	7214.5000000	0.0000000
2709.9901151	1375.0175101	13829.8612109	3.3823677	1.5530872	0.0287515	0.8022327	0.2449166	7217.2000000	0.0000000
2709.9901151	1380.0183702	13824.9656445	3.3570166	1.5250675	0.0220314	0.8368347	0.2371875	7219.8000000	0.0000000
2709.9901151	1385.0020152	13819.8970215	3.3316655	1.4970479	0.0278584	0.8296841	0.2482863	7222.5000000	0.0000000
2709.9901151	1390.0089011	13814.8954297	3.3059809	1.4690283	0.0127728	0.8173272	0.2545458	7225.2000000	0.0000000
2709.9901151	1395.0120380	13809.8938379	3.2806298	1.4410087	0.0069026	0.8393362	0.2571403	7227.9000000	0.0000000
2709.9901151	1400.0107098	13804.8922461	3.2549451	1.4129891	0.0172837	0.8199707	0.2680084	7230.6000000	0.0000000
2709.9901151	1405.0190454	13799.9363574	3.2295940	1.3849695	0.0179728	0.8213939	0.2691156	7233.3000000	0.0000000
2709.9901151	1410.0029134	13794.8479590	3.2039094	1.3569499	0.0242489	0.7871619	0.2933989	7236.1000000	0.0000000
2709.9901151	1415.0171650	13789.9412891	3.1785583	1.3289303	0.0345718	0.8188406	0.2877988	7238.8000000	0.0000000
2709.9901151	1420.0070239	13784.8528906	3.1528737	1.3009106	0.0848733	0.8178457	0.2898792	7241.6000000	0.0000000
2709.9901151	1425.0197563	13779.9513477	3.1275226	1.2728910	0.1020227	0.8472490	0.2862806	7244.2000000	0.0000000
2709.9901151	1430.0155436	13774.8279395	3.1018380	1.2448714	0.0630355	0.8316023	0.2998073	7246.9000000	0.0000000
2709.9901151	1435.0194332	13769.8942871	3.0764869	1.2168518	0.1151564	0.8300058	0.3018387	7249.5000000	0.0000000
2709.9901151	1440.0079430	13764.9611523	3.0511358	1.1891657	0.1389631	0.8406664	0.3146238	7252.1000000	0.0000000
2709.9901151	1445.0111172	13759.8517187	3.0254511	1.1611461	0.0560206	0.8418703	0.3285391	7254.8000000	0.0000000
2709.9901151	1450.0179264	13754.9315234	3.0001001	1.1331265	0.0055432	0.8371624	0.3252914	7257.4000000	0.0000000
2709.9901151	1455.0072718	13749.8220898	2.9744154	1.1051069	0.0073650	0.8137999	0.3355386	7260.1000000	0.0000000
2709.9901151	1460.0126296	13744.9055859	2.9490643	1.0770873	0.0203274	0.7911344	0.3307028	7262.7000000	0.0000000
2709.9901151	1465.0071186	13739.9991016	2.9233797	1.0490677	0.1006299	0.8323622	0.3283922	7265.3000000	0.0000000
2709.9901151	1470.0182537	13734.9039062	2.8980286	1.0210481	0.0927241	0.8294528	0.3345497	7268.0000000	0.0000000
2709.9901151	1475.0185396	13729.9974219	2.8723440	0.9930285	0.0412789	0.8359379	0.3442286	7270.6000000	0.0000000
2709.9901151	1480.0087583	13724.9088281	2.8469929	0.9650088	0.0095609	0.8185242	0.3399984	7273.3000000	0.0000000
2709.9901151	1485.0076465	13719.8273437	2.8216418	0.9369892	0.0211307	0.8092537	0.3608463	7276.0000000	0.0000000
2709.9901151	1490.0101286	13714.9340625	2.7959572	0.9089696	0.0766110	0.8363021	0.3617568	7278.6000000	0.0000000
2709.9901151	1495.0083197	13709.8525781	2.7706061	0.8809500	0.1021760	0.8486918	0.3575913	7281.3000000	0.0000000
2709.9901151	1500.0086715	13704.9691309	2.7449214	0.8529304	0.1397672	0.8418037	0.3704199	7283.9000000	0.0000000
2709.9901151	1505.0125874	13699.9016211	2.7195704	0.8249108	0.1756223	0.8439197	0.3481768	7286.6000000	0.0000000
2709.9901151	1510.0115275	13694.8341113	2.6938857	0.7968912	0.1196484	0.8352789	0.3617229	7289.3000000	0.0000000
2709.9901151	1515.0012567	13689.9542871	2.6685346	0.7688715	0.1309852	0.8388467	0.3617693	7291.9000000	0.0000000
2709.9901151	1520.0066103	13684.9002344	2.6428500	0.7408519	0.1707429	0.8309337	0.3727579	7294.6000000	0.0000000
2709.9901151	1525.0140722	13679.8466992	2.6174989	0.7131659	0.4430444	0.8695143	0.3675974	7297.3000000	0.0000000
2709.9901151	1530.0116427	13674.9803320	2.5921478	0.6851463	0.2882661	0.8224212	0.3791513	7299.9000000	0.0000000
2709.9901151	1535.0183774	13669.9298437	2.5664632	0.6571267	0.0613969	0.8075875	0.3900150	7302.6000000	0.0000000
2709.9901151	1540.0145659	13664.8900195	2.5411121	0.6291070	0.0237721	0.8045940	0.3944446	7305.3000000	0.0000000
2709.9901151	1545.0079704	13659.8501953	2.5154275	0.6010874	0.0118690	0.7980929	0.4046632	7308.0000000	0.0000000
