3069.9898137	1250.0093221	14314.9507617	4.0201474	2.0010674	0.0004198	0.1034225	0.1097909	6971.4000000	3070.0000000
3069.9898137	1255.0012629	14309.8684180	3.9944628	1.9730478	0.0001962	0.1003892	0.1103428	6973.9000000	0.0000000
3069.9898137	1260.0019540	14304.8034766	3.9691117	1.9450282	0.0007939	0.1020162	0.1129803	6976.4000000	0.0000000
3069.9898137	1265.0136988	14299.9411328	3.9434271	1.9170086	0.0004974	0.1013463	0.1157162	6978.8000000	0.0000000
3069.9898137	1270.0065068	14294.8761914	3.9180760	1.8889890	0.0005291	0.0856000	0.1222531	6981.3000000	0.0000000
3069.9898137	1275.0032816	14289.8724219	3.8923913	1.8609693	0.0004596	0.1014293	0.1255110	6983.8000000	0.0000000
3069.9898137	1280.0016522	14284.8924414	3.8670403	1.8329497	0.0009995	0.1029990	0.1361563	6986.3000000	0.0000000
3069.9898137	1285.0039494	14279.9124609	3.8413556	1.8049301	0.0006954	0.1030361	0.1396909	6988.8000000	0.0000000
3069.9898137	1289.9945299	14274.9324805	3.8160045	1.7769105	0.0007540	0.0806246	0.1477819	6991.3000000	0.0000000
3069.9898137	1295.0023166	14269.8269629	3.7906535	1.7488909	0.0004806	0.1112847	0.1459276	6993.9000000	0.0000000
3069.9898137	1300.0061827	14264.9439062	3.7649688	1.7208713	0.0005724	0.1040822	0.1513540	6996.4000000	0.0000000
3069.9898137	1305.0131413	14259.8655273	3.7396177	1.6928517	0.0003878	0.1252112	0.1611599	6999.0000000	0.0000000
3069.9898137	1310.0015170	14254.9824707	3.7139331	1.6651656	0.0007488	0.1117178	0.1674999	7001.5000000	0.0000000
3069.9898137	1315.0061629	14249.9961719	3.6885820	1.6371460	0.0004730	0.1212871	0.1729746	7004.1000000	0.0000000
3069.9898137	1320.0007853	14244.8408594	3.6628974	1.6091264	0.0004961	0.1118278	0.1795678	7006.8000000	0.0000000
3069.9898137	1325.0046642	14239.8764844	3.6375463	1.5811068	0.0008951	0.1000546	0.1933510	7009.4000000	0.0000000
3069.9898137	1329.9985631	14234.9121094	3.6118616	1.5530872	0.0005106	0.1026515	0.1993597	7012.0000000	0.0000000
3069.9898137	1335.0009231	14229.8345801	3.5865106	1.5250675	0.0005654	0.1009940	0.2022028	7014.7000000	0.0000000
3069.9898137	1339.9933394	14224.9451074	3.5611595	1.4970479	0.0003141	0.1095609	0.1996390	7017.3000000	0.0000000
3069.9898137	1344.9949594	14219.8675781	3.5354748	1.4690283	0.0006633	0.1074063	0.2087644	7020.0000000	0.0000000
3069.9898137	1350.0064703	14214.9655078	3.5101238	1.4410087	0.0004576	0.1116061	0.2186090	7022.6000000	0.0000000
3069.9898137	1355.0004858	14209.8312891	3.4844391	1.4129891	0.0008811	0.1160685	0.2235076	7025.3000000	0.0000000
3069.9898137	1360.0111868	14204.8872266	3.4590880	1.3849695	0.0004019	0.0982666	0.2365576	7027.9000000	0.0000000
3069.9898137	1365.0105236	14199.9431641	3.4334034	1.3569499	0.0004520	0.0964629	0.2345772	7030.5000000	0.0000000
3069.9898137	1370.0121378	14194.9709570	3.4080523	1.3289303	0.0004529	0.1167957	0.2298164	7033.1000000	0.0000000
3069.9898137	1375.0175101	14189.9603711	3.3823677	1.3009106	0.0000845	0.1002361	0.2267773	7035.7000000	0.0000000
3069.9898137	1380.0116173	14184.9497852	3.3570166	1.2728910	0.0003010	0.1078479	0.2381545	7038.3000000	0.0000000
3069.9898137	1385.0020152	14179.9391992	3.3316655	1.2448714	0.0005260	0.1116730	0.2290784	7040.9000000	0.0000000
3069.9898137	1390.0089011	14174.8946289	3.3059809	1.2168518	0.0001531	0.1039028	0.2365109	7043.5000000	0.0000000
3069.9898137	1395.0120380	14169.8251367	3.2806298	1.1891657	0.0004250	0.1088203	0.2463792	7046.1000000	0.0000000
3069.9898137	1400.0107098	14164.9506250	3.2549451	1.1611461	0.0002559	0.0978108	0.2602322	7048.6000000	0.0000000
3069.9898137	1405.0123646	14159.8811328	3.2295940	1.1331265	0.0004895	0.0991174	0.2693956	7051.2000000	0.0000000
3069.9898137	1410.0029134	14154.9732520	3.2039094	1.1051069	0.0003445	0.0901765	0.2816719	7053.7000000	0.0000000
3069.9898137	1415.0105118	14149.8527246	3.1785583	1.0770873	0.0003792	0.0969324	0.2780421	7056.3000000	0.0000000
3069.9898137	1420.0003845	14144.9291406	3.1528737	1.0490677	0.0003064	0.0775990	0.2825914	7058.8000000	0.0000000
3069.9898137	1425.0131305	14139.8086133	3.1275226	1.0210481	0.0010718	0.1139114	0.2769406	7061.4000000	0.0000000
3069.9898137	1430.0089334	14134.8531152	3.1018380	0.9930285	0.0006080	0.1061198	0.2844863	7063.9000000	0.0000000
3069.9898137	1435.0062360	14129.8875391	3.0764869	0.9650088	0.0010284	0.1141267	0.2938666	7066.4000000	0.0000000
3069.9898137	1440.0079430	14124.9219629	3.0511358	0.9369892	0.0005291	0.0976097	0.2978495	7068.9000000	0.0000000
3069.9898137	1445.0111172	14119.9563867	3.0254511	0.9089696	0.0004065	0.1162108	0.3143905	7071.4000000	0.0000000
3069.9898137	1450.0048138	14114.9644629	3.0001001	0.8809500	0.0003842	0.1010991	0.3266071	7073.9000000	0.0000000
3069.9898137	1455.0072718	14109.9642187	2.9744154	0.8529304	0.0002349	0.0858022	0.3308267	7076.4000000	0.0000000
3069.9898137	1460.0061008	14104.9639746	2.9490643	0.8249108	0.0002546	0.1063811	0.3230120	7078.9000000	0.0000000
3069.9898137	1465.0136350	14099.9637305	2.9233797	0.7968912	0.0008936	0.0926552	0.3156816	7081.4000000	0.0000000
3069.9898137	1470.0182537	14094.9430762	2.8980286	0.7688715	0.0014554	0.0957518	0.3384552	7083.9000000	0.0000000
3069.9898137	1475.0185396	14089.9159766	2.8723440	0.7408519	0.0007372	0.1044999	0.3351591	7086.4000000	0.0000000
3069.9898137	1480.0087583	14084.8888770	2.8469929	0.7131659	0.0005728	0.0931465	0.3460121	7088.9000000	0.0000000
3069.9898137	1485.0076465	14079.8617773	2.8216418	0.6851463	0.0002019	0.0969651	0.3510292	7091.4000000	0.0000000
3069.9898137	1490.0101286	14074.8196484	2.7959572	0.6571267	0.0003469	0.0998406	0.3765194	7093.9000000	0.0000000
3069.9898137	1495.0018842	14069.9746484	2.7706061	0.6291070	0.0004889	0.1001704	0.3598883	7096.3000000	0.0000000
3069.9898137	1500.0086715	14064.9277734	2.7449214	0.6010874	0.0009670	0.1042782	0.3604448	7098.8000000	0.0000000
3069.9898137	1505.0061784	14059.8808984	2.7195704	0.5730678	0.0007538	0.1058390	0.3553018	7101.3000000	0.0000000
3069.9898137	1510.0051304	14054.8252344	2.6938857	0.5450482	0.0012714	0.0950663	0.3450371	7103.8000000	0.0000000
3069.9898137	1515.0076411	14049.9685156	2.6685346	0.5170286	0.0012035	0.1052983	0.3650563	7106.2000000	0.0000000
3069.9898137	1519.9938555	14044.9094336	2.6428500	0.4890090	0.0011910	0.1066582	0.3789587	7108.7000000	0.0000000
3069.9898137	1525.0077139	14039.8503516	2.6174989	0.4609894	0.0017747	0.0819060	0.3985520	7111.2000000	0.0000000
3069.9898137	1530.0116427	14034.9905078	2.5921478	0.4329697	0.0015201	0.1002314	0.3831129	7113.6000000	0.0000000
3069.9898137	1535.0120450	14029.9265430	2.5664632	0.4049501	0.0011129	0.1153326	0.3888748	7116.1000000	0.0000000
3069.9898137	1540.0082451	14024.8625781	2.5411121	0.3769305	0.0003781	0.1027969	0.3868674	7118.6000000	0.0000000
3069.9898137	1545.0079704	14019.7986133	2.5154275	0.3489109	0.0001613	0.0938412	0.4065524	7121.1000000	0.0000000
