2829.9945870	1250.0021703	14074.8196484	4.0201474	2.1688515	0.0159137	0.8565474	0.0956000	7093.9000000	2830.0000000
2829.9945870	1255.0012629	14069.9746484	3.9944628	2.1411655	0.0189305	0.8719943	0.0894716	7096.3000000	0.0000000
2829.9945870	1260.0019540	14064.9277734	3.9691117	2.1131459	0.0195311	0.8343715	0.0998980	7098.8000000	0.0000000
2829.9945870	1265.0065966	14059.8808984	3.9434271	2.0851263	0.0366088	0.8370653	0.1109725	7101.3000000	0.0000000
2829.9945870	1270.0135944	14054.8252344	3.9180760	2.0571066	0.0316982	0.8492315	0.1146044	7103.8000000	0.0000000
2829.9945870	1275.0103515	14049.9685156	3.8923913	2.0290870	0.0333400	0.8728539	0.1251456	7106.2000000	0.0000000
2829.9945870	1280.0087077	14044.9094336	3.8670403	2.0010674	0.0213679	0.8297720	0.1365381	7108.7000000	0.0000000
2829.9945870	1285.0039494	14039.8503516	3.8413556	1.9730478	0.0196646	0.8499254	0.1387336	7111.2000000	0.0000000
2829.9945870	1290.0085889	14034.9905078	3.8160045	1.9450282	0.0288567	0.8534811	0.1464407	7113.6000000	0.0000000
2829.9945870	1295.0023166	14029.9265430	3.7906535	1.9170086	0.0462258	0.8484754	0.1549833	7116.1000000	0.0000000
2829.9945870	1300.0131757	14024.8625781	3.7649688	1.8889890	0.0484240	0.8551049	0.1507728	7118.6000000	0.0000000
2829.9945870	1304.9991859	14019.7986133	3.7396177	1.8609693	0.0517554	0.8560664	0.1535593	7121.1000000	0.0000000
2829.9945870	1310.0015170	14014.9385254	3.7139331	1.8329497	0.0695226	0.7714367	0.1649441	7123.5000000	0.0000000
2829.9945870	1315.0061629	14009.8767578	3.6885820	1.8049301	0.1010381	0.8481492	0.1716541	7126.0000000	0.0000000
2829.9945870	1320.0077159	14004.8149902	3.6628974	1.7769105	0.0762013	0.8305354	0.1818069	7128.5000000	0.0000000
2829.9945870	1325.0046642	13999.9556934	3.6375463	1.7488909	0.0550999	0.8612586	0.1903353	7130.9000000	0.0000000
2829.9945870	1330.0123662	13994.8995312	3.6118616	1.7208713	0.0240372	0.8460590	0.1806908	7133.4000000	0.0000000
2829.9945870	1335.0009231	13989.8477734	3.5865106	1.6928517	0.0133558	0.8615098	0.1895115	7135.9000000	0.0000000
2829.9945870	1340.0002250	13984.9980859	3.5611595	1.6651656	0.0079849	0.8352565	0.1961332	7138.3000000	0.0000000
2829.9945870	1345.0018259	13979.9463281	3.5354748	1.6371460	0.0123535	0.8020875	0.2015673	7140.8000000	0.0000000
2829.9945870	1350.0064703	13974.9034570	3.5101238	1.6091264	0.0158318	0.7925371	0.2087307	7143.3000000	0.0000000
2829.9945870	1355.0073124	13969.8687891	3.4844391	1.5811068	0.0534016	0.8462725	0.2158146	7145.8000000	0.0000000
2829.9945870	1360.0111868	13964.8341211	3.4590880	1.5530872	0.0319858	0.8170518	0.2391462	7148.3000000	0.0000000
2829.9945870	1365.0105236	13959.7994531	3.4334034	1.5250675	0.0191829	0.8621550	0.2325652	7150.8000000	0.0000000
2829.9945870	1370.0121378	13954.9780078	3.4080523	1.4970479	0.0101757	0.8604690	0.2410907	7153.2000000	0.0000000
2829.9945870	1375.0107430	13949.9679980	3.3823677	1.4690283	0.0041902	0.8096437	0.2350906	7155.7000000	0.0000000
2829.9945870	1380.0183702	13944.9579883	3.3570166	1.4410087	0.0060392	0.8326774	0.2455660	7158.2000000	0.0000000
2829.9945870	1385.0020152	13939.9479785	3.3316655	1.4129891	0.0065664	0.8027766	0.2349387	7160.7000000	0.0000000
2829.9945870	1390.0089011	13934.9533203	3.3059809	1.3849695	0.0077820	0.8378019	0.2402426	7163.2000000	0.0000000
2829.9945870	1395.0120380	13929.9752930	3.2806298	1.3569499	0.0354945	0.8189660	0.2441476	7165.7000000	0.0000000
2829.9945870	1400.0107098	13924.9972656	3.2549451	1.3289303	0.0243090	0.8319151	0.2502743	7168.2000000	0.0000000
2829.9945870	1405.0123646	13919.8201172	3.2295940	1.3009106	0.0143353	0.7412200	0.2761616	7170.8000000	0.0000000
2829.9945870	1410.0095813	13914.8625293	3.2039094	1.2728910	0.0299817	0.8301116	0.2834896	7173.3000000	0.0000000
2829.9945870	1415.0105118	13909.9238086	3.1785583	1.2448714	0.0270707	0.7963287	0.2749399	7175.8000000	0.0000000
2829.9945870	1420.0070239	13904.9850879	3.1528737	1.2168518	0.0357383	0.8063751	0.2796783	7178.3000000	0.0000000
2829.9945870	1425.0197563	13899.8488184	3.1275226	1.1891657	0.0276094	0.7605396	0.2754943	7180.9000000	0.0000000
2829.9945870	1430.0155436	13894.9363477	3.1018380	1.1611461	0.0294240	0.8327459	0.2837114	7183.4000000	0.0000000
2829.9945870	1435.0128346	13889.8488281	3.0764869	1.1331265	0.0217612	0.8139144	0.2893739	7186.0000000	0.0000000
2829.9945870	1440.0145261	13884.9569824	3.0511358	1.1051069	0.0084503	0.8190073	0.2910376	7188.5000000	0.0000000
2829.9945870	1445.0176878	13879.8694629	3.0254511	1.0770873	0.0049886	0.8092921	0.3124716	7191.1000000	0.0000000
2829.9945870	1450.0179264	13874.8187988	3.0001001	1.0490677	0.0015105	0.7975011	0.3229115	7193.7000000	0.0000000
2829.9945870	1455.0138148	13869.9811523	2.9744154	1.0210481	0.0088016	0.8375530	0.3252540	7196.2000000	0.0000000
2829.9945870	1460.0126296	13864.9500000	2.9490643	0.9930285	0.0197429	0.8115087	0.3323969	7198.8000000	0.0000000
2829.9945870	1465.0071186	13859.9188477	2.9233797	0.9650088	0.0336025	0.8308620	0.3311484	7201.4000000	0.0000000
2829.9945870	1470.0182537	13854.9367187	2.8980286	0.9369892	0.0275575	0.8335510	0.3216379	7204.0000000	0.0000000
2829.9945870	1475.0185396	13849.9692969	2.8723440	0.9089696	0.0260677	0.7987683	0.3407936	7206.6000000	0.0000000
2829.9945870	1480.0152336	13844.8108203	2.8469929	0.8809500	0.0105256	0.7560101	0.3341771	7209.3000000	0.0000000
2829.9945870	1485.0141097	13839.8433984	2.8216418	0.8529304	0.0100077	0.7305781	0.3603673	7211.9000000	0.0000000
2829.9945870	1490.0101286	13834.9450684	2.7959572	0.8249108	0.0404125	0.8249330	0.3520331	7214.5000000	0.0000000
2829.9945870	1495.0083197	13829.8612109	2.7706061	0.7968912	0.0991902	0.7846791	0.3582909	7217.2000000	0.0000000
2829.9945870	1500.0150951	13824.9656445	2.7449214	0.7688715	0.0978236	0.7722080	0.3371823	7219.8000000	0.0000000
2829.9945870	1505.0125874	13819.8970215	2.7195704	0.7408519	0.1812010	0.8266052	0.3524889	7222.5000000	0.0000000
2829.9945870	1510.0051304	13814.8954297	2.6938857	0.7131659	0.1913060	0.8588330	0.3382664	7225.2000000	0.0000000
2829.9945870	1515.0076411	13809.8938379	2.6685346	0.6851463	0.1109304	0.8437013	0.3461915	7227.9000000	0.0000000
2829.9945870	1520.0002394	13804.8922461	2.6428500	0.6571267	0.0467117	0.7862033	0.3555996	7230.6000000	0.0000000
2829.9945870	1525.0140722	13799.9363574	2.6174989	0.6291070	0.0355061	0.8004049	0.3662113	7233.3000000	0.0000000
2829.9945870	1530.0116427	13794.8479590	2.5921478	0.6010874	0.0198347	0.8309241	0.3667192	7236.1000000	0.0000000
2829.9945870	1535.0120450	13789.9412891	2.5664632	0.5730678	0.0047452	0.8291106	0.3790042	7238.8000000	0.0000000
2829.9945870	1540.0145659	13784.8528906	2.5411121	0.5450482	0.0043157	0.7677752	0.3792833	7241.6000000	0.0000000
2829.9945870	1545.0079704	13779.9513477	2.5154275	0.5170286	0.0022462	0.8171067	0.3766290	7244.2000000	0.0000000
