2819.9891795	1250.0093221	14064.9277734	4.0201474	2.1758564	0.0178213	0.8201904	0.0988865	7098.8000000	2820.0000000
2819.9891795	1255.0083965	14059.8808984	3.9944628	2.1478368	0.0161046	0.8265509	0.0961179	7101.3000000	0.0000000
2819.9891795	1260.0090730	14054.8252344	3.9691117	2.1201508	0.0288992	0.9008996	0.1048339	7103.8000000	0.0000000
2819.9891795	1265.0065966	14049.9685156	3.9434271	2.0921312	0.0247882	0.8229351	0.1071481	7106.2000000	0.0000000
2819.9891795	1270.0065068	14044.9094336	3.9180760	2.0641115	0.0287334	0.8821541	0.1141724	7108.7000000	0.0000000
2819.9891795	1275.0103515	14039.8503516	3.8923913	2.0360919	0.0306514	0.8480360	0.1264342	7111.2000000	0.0000000
2819.9891795	1280.0087077	14034.9905078	3.8670403	2.0080723	0.0457529	0.8627864	0.1317659	7113.6000000	0.0000000
2819.9891795	1285.0109883	14029.9265430	3.8413556	1.9800527	0.0758219	0.8663040	0.1387797	7116.1000000	0.0000000
2819.9891795	1290.0015653	14024.8625781	3.8160045	1.9520331	0.1009912	0.8668279	0.1447480	7118.6000000	0.0000000
2819.9891795	1295.0023166	14019.7986133	3.7906535	1.9240135	0.1081735	0.9071929	0.1515339	7121.1000000	0.0000000
2819.9891795	1300.0061827	14014.9385254	3.7649688	1.8959939	0.0705554	0.9012787	0.1577192	7123.5000000	0.0000000
2819.9891795	1304.9991859	14009.8767578	3.7396177	1.8679742	0.0696482	0.8904143	0.1525575	7126.0000000	0.0000000
2819.9891795	1310.0084776	14004.8149902	3.7139331	1.8399546	0.0644199	0.8978242	0.1656278	7128.5000000	0.0000000
2819.9891795	1315.0061629	13999.9556934	3.6885820	1.8119350	0.0492002	0.8799628	0.1690974	7130.9000000	0.0000000
2819.9891795	1320.0007853	13994.8995312	3.6628974	1.7839154	0.0383478	0.8544536	0.1801647	7133.4000000	0.0000000
2819.9891795	1325.0046642	13989.8477734	3.6375463	1.7558958	0.0280226	0.8470963	0.1864562	7135.9000000	0.0000000
2819.9891795	1330.0054664	13984.9980859	3.6118616	1.7278762	0.0166421	0.8845318	0.1921976	7138.3000000	0.0000000
2819.9891795	1335.0009231	13979.9463281	3.5865106	1.6998566	0.0074077	0.8826433	0.1939533	7140.8000000	0.0000000
2819.9891795	1340.0002250	13974.9034570	3.5611595	1.6718370	0.0081261	0.8974296	0.1906948	7143.3000000	0.0000000
2819.9891795	1345.0018259	13969.8687891	3.5354748	1.6441509	0.0593865	0.9006231	0.2000140	7145.8000000	0.0000000
2819.9891795	1350.0133115	13964.8341211	3.5101238	1.6161313	0.0544471	0.9144652	0.2057897	7148.3000000	0.0000000
2819.9891795	1355.0073124	13959.7994531	3.4844391	1.5881117	0.0293529	0.8907910	0.2228366	7150.8000000	0.0000000
2819.9891795	1360.0111868	13954.9780078	3.4590880	1.5600921	0.0273749	0.9013922	0.2239484	7153.2000000	0.0000000
2819.9891795	1365.0105236	13949.9679980	3.4334034	1.5320725	0.0060422	0.8973756	0.2273344	7155.7000000	0.0000000
2819.9891795	1370.0121378	13944.9579883	3.4080523	1.5040528	0.0018328	0.9164558	0.2290376	7158.2000000	0.0000000
2819.9891795	1375.0107430	13939.9479785	3.3823677	1.4760332	0.0061970	0.9077588	0.2313694	7160.7000000	0.0000000
2819.9891795	1380.0183702	13934.9533203	3.3570166	1.4480136	0.0091040	0.9106785	0.2346714	7163.2000000	0.0000000
2819.9891795	1385.0087539	13929.9752930	3.3316655	1.4199940	0.0279630	0.8929579	0.2424492	7165.7000000	0.0000000
2819.9891795	1390.0089011	13924.9972656	3.3059809	1.3919744	0.0231429	0.8970557	0.2366928	7168.2000000	0.0000000
2819.9891795	1395.0187476	13919.8201172	3.2806298	1.3639548	0.0204420	0.9075545	0.2529086	7170.8000000	0.0000000
2819.9891795	1400.0107098	13914.8625293	3.2549451	1.3359352	0.0175193	0.9042868	0.2513654	7173.3000000	0.0000000
2819.9891795	1405.0190454	13909.9238086	3.2295940	1.3079155	0.0147921	0.9116646	0.2716150	7175.8000000	0.0000000
2819.9891795	1410.0162492	13904.9850879	3.2039094	1.2798959	0.0168087	0.9110708	0.2698903	7178.3000000	0.0000000
2819.9891795	1415.0171650	13899.8488184	3.1785583	1.2518763	0.0261764	0.9152135	0.2632065	7180.9000000	0.0000000
2819.9891795	1420.0070239	13894.9363477	3.1528737	1.2238567	0.0362297	0.9091402	0.2684148	7183.4000000	0.0000000
2819.9891795	1425.0197563	13889.8488281	3.1275226	1.1958371	0.0440638	0.9098803	0.2743910	7186.0000000	0.0000000
2819.9891795	1430.0089334	13884.9569824	3.1018380	1.1681510	0.0373737	0.8945131	0.2866459	7188.5000000	0.0000000
2819.9891795	1435.0194332	13879.8694629	3.0764869	1.1401314	0.0384137	0.8912057	0.2937372	7191.1000000	0.0000000
2819.9891795	1440.0145261	13874.8187988	3.0511358	1.1121118	0.0194666	0.9130215	0.2952155	7193.7000000	0.0000000
2819.9891795	1445.0111172	13869.9811523	3.0254511	1.0840922	0.0037738	0.9147415	0.3246982	7196.2000000	0.0000000
2819.9891795	1450.0113701	13864.9500000	3.0001001	1.0560726	0.0019780	0.8955241	0.3218179	7198.8000000	0.0000000
2819.9891795	1455.0072718	13859.9188477	2.9744154	1.0280530	0.0184297	0.9175701	0.3202138	7201.4000000	0.0000000
2819.9891795	1460.0126296	13854.9367187	2.9490643	1.0000334	0.0392521	0.9063371	0.3364565	7204.0000000	0.0000000
2819.9891795	1465.0071186	13849.9692969	2.9233797	0.9720137	0.0479957	0.9073449	0.3259407	7206.6000000	0.0000000
2819.9891795	1470.0117513	13844.8108203	2.8980286	0.9439941	0.0426973	0.9156715	0.3145521	7209.3000000	0.0000000
2819.9891795	1475.0185396	13839.8433984	2.8723440	0.9159745	0.0142299	0.9136629	0.3314882	7211.9000000	0.0000000
2819.9891795	1480.0152336	13834.9450684	2.8469929	0.8879549	0.0044888	0.9067833	0.3445015	7214.5000000	0.0000000
2819.9891795	1485.0076465	13829.8612109	2.8216418	0.8599353	0.0284030	0.9078587	0.3455212	7217.2000000	0.0000000
2819.9891795	1490.0101286	13824.9656445	2.7959572	0.8319157	0.0528530	0.9222553	0.3671364	7219.8000000	0.0000000
2819.9891795	1495.0083197	13819.8970215	2.7706061	0.8038961	0.1031287	0.9103349	0.3749398	7222.5000000	0.0000000
2819.9891795	1500.0086715	13814.8954297	2.7449214	0.7758764	0.1181189	0.8986205	0.3714196	7225.2000000	0.0000000
2819.9891795	1505.0125874	13809.8938379	2.7195704	0.7478568	0.1233376	0.9064645	0.3534341	7227.9000000	0.0000000
2819.9891795	1510.0051304	13804.8922461	2.6938857	0.7198372	0.1343754	0.9075850	0.3448278	7230.6000000	0.0000000
2819.9891795	1515.0140255	13799.9363574	2.6685346	0.6921512	0.1346312	0.9178251	0.3638027	7233.3000000	0.0000000
2819.9891795	1520.0066103	13794.8479590	2.6428500	0.6641316	0.0855383	0.9270090	0.3719479	7236.1000000	0.0000000
2819.9891795	1525.0140722	13789.9412891	2.6174989	0.6361119	0.0537947	0.9238855	0.3889114	7238.8000000	0.0000000
2819.9891795	1530.0179884	13784.8528906	2.5921478	0.6080923	0.0424591	0.9225520	0.3860461	7241.6000000	0.0000000
2819.9891795	1535.0183774	13779.9513477	2.5664632	0.5800727	0.0348613	0.9221465	0.3958682	7244.2000000	0.0000000
2819.9891795	1540.0145659	13774.8279395	2.5411121	0.5520531	0.0053564	0.9253366	0.3987474	7246.9000000	0.0000000
2819.9891795	1545.0079704	13769.8942871	2.5154275	0.5240335	0.0021757	0.9268544	0.4097925	7249.5000000	0.0000000
