2559.9947379	1250.0021703	13804.8922461	4.0201474	2.3579839	0.0184630	0.2552627	0.1055786	7230.6000000	2560.0000000
2559.9947379	1255.0083965	13799.9363574	3.9944628	2.3299643	0.0279104	0.2588936	0.1084728	7233.3000000	0.0000000
2559.9947379	1260.0019540	13794.8479590	3.9691117	2.3019447	0.0293434	0.2557361	0.1065353	7236.1000000	0.0000000
2559.9947379	1265.0065966	13789.9412891	3.9434271	2.2739251	0.0441034	0.2699802	0.1147440	7238.8000000	0.0000000
2559.9947379	1270.0065068	13784.8528906	3.9180760	2.2459055	0.0897560	0.2732700	0.1191622	7241.6000000	0.0000000
2559.9947379	1275.0103515	13779.9513477	3.8923913	2.2178859	0.0941254	0.2818063	0.1238191	7244.2000000	0.0000000
2559.9947379	1280.0087077	13774.8279395	3.8670403	2.1898662	0.0470013	0.2634302	0.1363950	7246.9000000	0.0000000
2559.9947379	1285.0109883	13769.8942871	3.8413556	2.1618466	0.0885277	0.2754623	0.1446478	7249.5000000	0.0000000
2559.9947379	1290.0085889	13764.9611523	3.8160045	2.1341606	0.0752537	0.2709002	0.1503568	7252.1000000	0.0000000
2559.9947379	1295.0093248	13759.8517187	3.7906535	2.1061410	0.0308948	0.2669432	0.1484233	7254.8000000	0.0000000
2559.9947379	1300.0201687	13754.9315234	3.7649688	2.0781214	0.0134397	0.2660029	0.1595979	7257.4000000	0.0000000
2559.9947379	1305.0131413	13749.8220898	3.7396177	2.0501017	0.0124008	0.2594882	0.1625355	7260.1000000	0.0000000
2559.9947379	1310.0084776	13744.9055859	3.7139331	2.0220821	0.0152935	0.2660996	0.1719766	7262.7000000	0.0000000
2559.9947379	1315.0131095	13739.9991016	3.6885820	1.9940625	0.0332238	0.2691914	0.1814768	7265.3000000	0.0000000
2559.9947379	1320.0077159	13734.9039062	3.6628974	1.9660429	0.0313544	0.2662892	0.1889413	7268.0000000	0.0000000
2559.9947379	1325.0115809	13729.9974219	3.6375463	1.9380233	0.0321029	0.2713920	0.1895079	7270.6000000	0.0000000
2559.9947379	1330.0123662	13724.9088281	3.6118616	1.9100037	0.0268142	0.2668278	0.1935691	7273.3000000	0.0000000
2559.9947379	1335.0009231	13719.8273437	3.5865106	1.8819841	0.0135415	0.2674397	0.1906766	7276.0000000	0.0000000
2559.9947379	1340.0002250	13714.9340625	3.5611595	1.8539644	0.0133464	0.2656122	0.2006688	7278.6000000	0.0000000
2559.9947379	1344.9949594	13709.8525781	3.5354748	1.8259448	0.0130378	0.2647075	0.2040037	7281.3000000	0.0000000
2559.9947379	1349.9996284	13704.9691309	3.5101238	1.7979252	0.0162032	0.2680223	0.2232891	7283.9000000	0.0000000
2559.9947379	1355.0004858	13699.9016211	3.4844391	1.7699056	0.0135035	0.2746943	0.2213500	7286.6000000	0.0000000
2559.9947379	1360.0111868	13694.8341113	3.4590880	1.7418860	0.0103213	0.2670020	0.2386234	7289.3000000	0.0000000
2559.9947379	1365.0105236	13689.9542871	3.4334034	1.7138664	0.0071135	0.2640026	0.2162633	7291.9000000	0.0000000
2559.9947379	1369.9985702	13684.9002344	3.4080523	1.6858468	0.0224897	0.2619587	0.2287531	7294.6000000	0.0000000
2559.9947379	1375.0107430	13679.8466992	3.3823677	1.6581607	0.0739088	0.2770764	0.2450936	7297.3000000	0.0000000
2559.9947379	1380.0183702	13674.9803320	3.3570166	1.6301411	0.0597209	0.2696388	0.2470483	7299.9000000	0.0000000
2559.9947379	1385.0020152	13669.9298437	3.3316655	1.6021215	0.0226741	0.2674251	0.2435173	7302.6000000	0.0000000
2559.9947379	1390.0089011	13664.8900195	3.3059809	1.5741019	0.0124327	0.2682119	0.2342354	7305.3000000	0.0000000
2559.9947379	1395.0120380	13659.8501953	3.2806298	1.5460823	0.0063019	0.2643610	0.2551464	7308.0000000	0.0000000
2559.9947379	1400.0174055	13654.9970312	6.8824844	1.5180626	0.0031711	0.2683357	0.2628744	7310.6000000	0.0000000
2559.9947379	1405.0190454	13649.9639355	3.2295940	1.4900430	0.0499232	0.2873545	0.2707676	7313.3000000	0.0000000
2559.9947379	1410.0029134	13644.9380859	3.2039094	1.4620234	0.1534076	0.2905070	0.2824238	7316.0000000	0.0000000
2559.9947379	1415.0105118	13639.9122363	3.1785583	1.4340038	0.1549478	0.2854064	0.2817592	7318.7000000	0.0000000
2559.9947379	1420.0070239	13634.8863867	3.1528737	1.4059842	0.1065886	0.2834370	0.2845944	7321.4000000	0.0000000
2559.9947379	1425.0131305	13629.8709961	3.1275226	1.3779646	0.1084572	0.2752972	0.2882361	7324.1000000	0.0000000
2559.9947379	1430.0089334	13624.8585937	3.1018380	1.3499450	0.1367742	0.2736386	0.2832424	7326.8000000	0.0000000
2559.9947379	1435.0194332	13619.8461914	3.0764869	1.3219253	0.1307390	0.2775885	0.3008529	7329.5000000	0.0000000
2559.9947379	1440.0145261	13614.8348047	3.0511358	1.2939057	0.0723203	0.2778397	0.3009623	7332.2000000	0.0000000
2559.9947379	1445.0111172	13609.8361133	3.0254511	1.2658861	0.0219263	0.2588015	0.3162352	7334.9000000	0.0000000
2559.9947379	1450.0113701	13604.8374219	3.0001001	1.2378665	0.0071591	0.2667299	0.3208126	7337.6000000	0.0000000
2559.9947379	1455.0072718	13599.8387305	2.9744154	1.2098469	0.0136946	0.2703621	0.3292576	7340.3000000	0.0000000
2559.9947379	1460.0061008	13594.8450195	2.9490643	1.1821608	0.0222246	0.2617653	0.3236025	7343.0000000	0.0000000
2559.9947379	1465.0071186	13589.8597754	2.9233797	1.1541412	0.0496624	0.2771856	0.3346967	7345.7000000	0.0000000
2559.9947379	1470.0117513	13584.8745312	2.8980286	1.1261216	0.0572488	0.2778546	0.3317050	7348.4000000	0.0000000
2559.9947379	1475.0185396	13579.8892871	2.8723440	1.0981020	0.0377656	0.2657264	0.3364598	7351.1000000	0.0000000
2559.9947379	1480.0087583	13574.9131836	2.8469929	1.0700824	0.0192687	0.2698704	0.3532982	7353.8000000	0.0000000
2559.9947379	1485.0076465	13569.9416504	2.8216418	1.0420628	0.0115594	0.2746749	0.3654760	7356.5000000	0.0000000
2559.9947379	1490.0165779	13564.9701172	2.7959572	1.0140432	0.0278828	0.2789453	0.3733628	7359.2000000	0.0000000
2559.9947379	1495.0147552	13559.9985840	2.7706061	0.9860235	0.0556108	0.2778210	0.3742212	7361.9000000	0.0000000
2559.9947379	1500.0086715	13554.8563672	2.7449214	0.9580039	0.0912528	0.2869738	0.3731005	7364.7000000	0.0000000
2559.9947379	1505.0125874	13549.8982812	2.7195704	0.9299843	0.1355767	0.2941403	0.3674291	7367.4000000	0.0000000
2559.9947379	1510.0115275	13544.9401953	2.6938857	0.9019647	0.1665497	0.2960449	0.3550769	7370.1000000	0.0000000
2559.9947379	1515.0076411	13539.9860156	2.6685346	0.8739451	0.1613217	0.2830253	0.3630451	7372.8000000	0.0000000
2559.9947379	1520.0129811	13534.8579687	2.6428500	0.8459255	0.1802576	0.2896926	0.3637199	7375.6000000	0.0000000
2559.9947379	1525.0077139	13529.9130664	2.6174989	0.8179059	0.1100079	0.2864885	0.3817896	7378.3000000	0.0000000
2559.9947379	1530.0116427	13524.9681641	2.5921478	0.7898863	0.0496982	0.2748396	0.3931191	7381.0000000	0.0000000
2559.9947379	1535.0120450	13519.8490820	2.5664632	0.7618666	0.0255919	0.2763458	0.3900729	7383.8000000	0.0000000
2559.9947379	1540.0145659	13514.9176270	2.5411121	0.7338470	0.0083336	0.2660602	0.4006578	7386.5000000	0.0000000
2559.9947379	1545.0079704	13509.9861719	2.5154275	0.7061610	0.0020946	0.2652000	0.4050966	7389.2000000	0.0000000
