2889.9830060	1250.0093221	14134.8531152	4.0201474	2.1271557	0.0125212	0.6895426	0.1040916	7063.9000000	2890.0000000
2889.9830060	1255.0083965	14129.8875391	3.9944628	2.0991361	0.0153633	0.7025639	0.1016074	7066.4000000	0.0000000
2889.9830060	1260.0090730	14124.9219629	3.9691117	2.0711164	0.0180311	0.6918715	0.1084703	7068.9000000	0.0000000
2889.9830060	1265.0136988	14119.9563867	3.9434271	2.0430968	0.0205420	0.6930172	0.1143174	7071.4000000	0.0000000
2889.9830060	1270.0065068	14114.9644629	3.9180760	2.0150772	0.0245461	0.7059081	0.1223439	7073.9000000	0.0000000
2889.9830060	1275.0032816	14109.9642187	3.8923913	1.9870576	0.0139275	0.6970148	0.1266271	7076.4000000	0.0000000
2889.9830060	1279.9945858	14104.9639746	3.8670403	1.9590380	0.0116321	0.6971808	0.1367437	7078.9000000	0.0000000
2889.9830060	1285.0039494	14099.9637305	3.8413556	1.9310184	0.0200920	0.6925958	0.1476305	7081.4000000	0.0000000
2889.9830060	1290.0015653	14094.9430762	3.8160045	1.9029988	0.0280649	0.6921708	0.1547423	7083.9000000	0.0000000
2889.9830060	1295.0023166	14089.9159766	3.7906535	1.8749792	0.0221495	0.6950394	0.1511544	7086.4000000	0.0000000
2889.9830060	1300.0061827	14084.8888770	3.7649688	1.8469595	0.0144810	0.6937020	0.1541688	7088.9000000	0.0000000
2889.9830060	1304.9991859	14079.8617773	3.7396177	1.8189399	0.0099813	0.6958731	0.1688937	7091.4000000	0.0000000
2889.9830060	1310.0015170	14074.8196484	3.7139331	1.7909203	0.0080382	0.6947025	0.1677686	7093.9000000	0.0000000
2889.9830060	1315.0061629	14069.9746484	3.6885820	1.7629007	0.0068007	0.6974628	0.1809396	7096.3000000	0.0000000
2889.9830060	1320.0007853	14064.9277734	3.6628974	1.7348811	0.0103065	0.6931917	0.1820258	7098.8000000	0.0000000
2889.9830060	1325.0115809	14059.8808984	3.6375463	1.7068615	0.0095675	0.6966414	0.1967090	7101.3000000	0.0000000
2889.9830060	1330.0123662	14054.8252344	3.6118616	1.6788419	0.0080232	0.7020502	0.1999379	7103.8000000	0.0000000
2889.9830060	1335.0009231	14049.9685156	3.5865106	1.6511558	0.0064521	0.6875409	0.2043849	7106.2000000	0.0000000
2889.9830060	1339.9933394	14044.9094336	3.5611595	1.6231362	0.0046766	0.6794072	0.2083452	7108.7000000	0.0000000
2889.9830060	1345.0018259	14039.8503516	3.5354748	1.5951166	0.0046193	0.6965078	0.2073438	7111.2000000	0.0000000
2889.9830060	1350.0064703	14034.9905078	3.5101238	1.5670970	0.0079528	0.6915779	0.2200654	7113.6000000	0.0000000
2889.9830060	1355.0073124	14029.9265430	3.4844391	1.5390774	0.0246807	0.7001973	0.2282549	7116.1000000	0.0000000
2889.9830060	1360.0111868	14024.8625781	3.4590880	1.5110577	0.0381073	0.7006680	0.2379176	7118.6000000	0.0000000
2889.9830060	1365.0037279	14019.7986133	3.4334034	1.4830381	0.0465388	0.6965679	0.2374008	7121.1000000	0.0000000
2889.9830060	1370.0053554	14014.9385254	3.4080523	1.4550185	0.0580391	0.6964944	0.2469451	7123.5000000	0.0000000
2889.9830060	1375.0175101	14009.8767578	3.3823677	1.4269989	0.0359255	0.6923447	0.2376508	7126.0000000	0.0000000
2889.9830060	1380.0183702	14004.8149902	3.3570166	1.3989793	0.0276213	0.6945773	0.2521224	7128.5000000	0.0000000
2889.9830060	1385.0087539	13999.9556934	3.3316655	1.3709597	0.0188507	0.6875391	0.2303265	7130.9000000	0.0000000
2889.9830060	1390.0089011	13994.8995312	3.3059809	1.3429401	0.0137139	0.6994624	0.2448209	7133.4000000	0.0000000
2889.9830060	1395.0120380	13989.8477734	3.2806298	1.3149204	0.0086143	0.6929812	0.2484379	7135.9000000	0.0000000
2889.9830060	1400.0107098	13984.9980859	3.2549451	1.2869008	0.0073350	0.6861391	0.2672022	7138.3000000	0.0000000
2889.9830060	1405.0123646	13979.9463281	3.2295940	1.2588812	0.0080607	0.6903622	0.2694296	7140.8000000	0.0000000
2889.9830060	1410.0095813	13974.9034570	3.2039094	1.2308616	0.0037690	0.6953667	0.2782505	7143.3000000	0.0000000
2889.9830060	1415.0105118	13969.8687891	3.1785583	1.2028420	0.0168007	0.6850808	0.2773522	7145.8000000	0.0000000
2889.9830060	1420.0070239	13964.8341211	3.1528737	1.1751559	0.0361108	0.6934953	0.2735184	7148.3000000	0.0000000
2889.9830060	1425.0131305	13959.7994531	3.1275226	1.1471363	0.0507944	0.6917225	0.2812731	7150.8000000	0.0000000
2889.9830060	1430.0089334	13954.9780078	3.1018380	1.1191167	0.0562219	0.7084435	0.2807924	7153.2000000	0.0000000
2889.9830060	1435.0128346	13949.9679980	3.0764869	1.0910971	0.0362247	0.6923593	0.2943427	7155.7000000	0.0000000
2889.9830060	1440.0145261	13944.9579883	3.0511358	1.0630775	0.0139904	0.6864663	0.3019596	7158.2000000	0.0000000
2889.9830060	1445.0111172	13939.9479785	3.0254511	1.0350579	0.0027075	0.6896039	0.3243654	7160.7000000	0.0000000
2889.9830060	1450.0113701	13934.9533203	3.0001001	1.0070383	0.0008365	0.6791618	0.3245931	7163.2000000	0.0000000
2889.9830060	1455.0072718	13929.9752930	2.9744154	0.9790186	0.0135227	0.6925006	0.3349440	7165.7000000	0.0000000
2889.9830060	1460.0191583	13924.9972656	2.9490643	0.9509990	0.0291915	0.6929132	0.3318674	7168.2000000	0.0000000
2889.9830060	1465.0006021	13919.8201172	2.9233797	0.9229794	0.0365703	0.6984511	0.3292616	7170.8000000	0.0000000
2889.9830060	1470.0182537	13914.8625293	2.8980286	0.8949598	0.0359310	0.6912202	0.3311032	7173.3000000	0.0000000
2889.9830060	1475.0120503	13909.9238086	2.8723440	0.8669402	0.0181532	0.6896262	0.3418670	7175.8000000	0.0000000
2889.9830060	1480.0087583	13904.9850879	2.8469929	0.8389206	0.0080280	0.6862598	0.3504906	7178.3000000	0.0000000
2889.9830060	1485.0141097	13899.8488184	2.8216418	0.8109010	0.0047279	0.6965903	0.3715110	7180.9000000	0.0000000
2889.9830060	1490.0165779	13894.9363477	2.7959572	0.7828814	0.0159059	0.6958631	0.3712185	7183.4000000	0.0000000
2889.9830060	1495.0083197	13889.8488281	2.7706061	0.7548617	0.0249587	0.6948569	0.3700856	7186.0000000	0.0000000
2889.9830060	1500.0086715	13884.9569824	2.7449214	0.7268421	0.0517009	0.6962168	0.3768468	7188.5000000	0.0000000
2889.9830060	1505.0061784	13879.8694629	2.7195704	0.6991561	0.0856189	0.6895424	0.3668970	7191.1000000	0.0000000
2889.9830060	1510.0115275	13874.8187988	2.6938857	0.6711365	0.0651735	0.6959485	0.3739782	7193.7000000	0.0000000
2889.9830060	1515.0076411	13869.9811523	2.6685346	0.6431168	0.0479650	0.6821731	0.3722097	7196.2000000	0.0000000
2889.9830060	1520.0129811	13864.9500000	2.6428500	0.6150972	0.0557733	0.6989487	0.3793381	7198.8000000	0.0000000
2889.9830060	1525.0140722	13859.9188477	2.6174989	0.5870776	0.0371250	0.6883183	0.3847373	7201.4000000	0.0000000
2889.9830060	1530.0052970	13854.9367187	2.5921478	0.5590580	0.0281631	0.6989763	0.3965388	7204.0000000	0.0000000
2889.9830060	1535.0183774	13849.9692969	2.5664632	0.5310384	0.0133108	0.6939662	0.4122987	7206.6000000	0.0000000
2889.9830060	1540.0082451	13844.8108203	2.5411121	0.5030188	0.0094824	0.6890640	0.4001022	7209.3000000	0.0000000
2889.9830060	1545.0079704	13839.8433984	2.5154275	0.4749992	0.0028108	0.7030153	0.4065668	7211.9000000	0.0000000
