2519.9853670	1250.0093221	13764.9611523	4.0201474	2.3860035	0.0308165	0.1422344	0.1001622	7252.1000000	2520.0000000
2519.9853670	1255.0012629	13759.8517187	3.9944628	2.3579839	0.0237583	0.1508887	0.1050037	7254.8000000	0.0000000
2519.9853670	1260.0019540	13754.9315234	3.9691117	2.3299643	0.0292076	0.1500470	0.1081001	7257.4000000	0.0000000
2519.9853670	1265.0065966	13749.8220898	3.9434271	2.3019447	0.0240426	0.1464198	0.1141454	7260.1000000	0.0000000
2519.9853670	1270.0135944	13744.9055859	3.9180760	2.2739251	0.0321416	0.1500684	0.1182310	7262.7000000	0.0000000
2519.9853670	1275.0103515	13739.9991016	3.8923913	2.2459055	0.0443855	0.1529585	0.1291897	7265.3000000	0.0000000
2519.9853670	1280.0087077	13734.9039062	3.8670403	2.2178859	0.0409954	0.1565765	0.1351492	7268.0000000	0.0000000
2519.9853670	1285.0109883	13729.9974219	3.8413556	2.1898662	0.0246311	0.1499536	0.1433033	7270.6000000	0.0000000
2519.9853670	1290.0085889	13724.9088281	3.8160045	2.1618466	0.0150535	0.1411251	0.1498048	7273.3000000	0.0000000
2519.9853670	1295.0093248	13719.8273437	3.7906535	2.1341606	0.0094287	0.1482971	0.1547388	7276.0000000	0.0000000
2519.9853670	1300.0061827	13714.9340625	3.7649688	2.1061410	0.0102120	0.1493950	0.1581168	7278.6000000	0.0000000
2519.9853670	1305.0131413	13709.8525781	3.7396177	2.0781214	0.0102000	0.1499269	0.1648369	7281.3000000	0.0000000
2519.9853670	1310.0015170	13704.9691309	3.7139331	2.0501017	0.0085530	0.1440170	0.1726893	7283.9000000	0.0000000
2519.9853670	1315.0131095	13699.9016211	3.6885820	2.0220821	0.0064901	0.1459594	0.1957961	7286.6000000	0.0000000
2519.9853670	1320.0077159	13694.8341113	3.6628974	1.9940625	0.0064476	0.1444807	0.1929130	7289.3000000	0.0000000
2519.9853670	1325.0115809	13689.9542871	3.6375463	1.9660429	0.0059753	0.1463801	0.1958304	7291.9000000	0.0000000
2519.9853670	1330.0054664	13684.9002344	3.6118616	1.9380233	0.0075315	0.1426978	0.2006832	7294.6000000	0.0000000
2519.9853670	1335.0009231	13679.8466992	3.5865106	1.9100037	0.0480566	0.1500233	0.2070795	7297.3000000	0.0000000
2519.9853670	1339.9933394	13674.9803320	3.5611595	1.8819841	0.0388710	0.1525027	0.2046429	7299.9000000	0.0000000
2519.9853670	1345.0018259	13669.9298437	3.5354748	1.8539644	0.0113164	0.1418550	0.2043740	7302.6000000	0.0000000
2519.9853670	1350.0064703	13664.8900195	3.5101238	1.8259448	0.0141875	0.1504066	0.2219294	7305.3000000	0.0000000
2519.9853670	1355.0004858	13659.8501953	3.4844391	1.7979252	0.0086826	0.1418926	0.2269584	7308.0000000	0.0000000
2519.9853670	1360.0111868	13654.9970312	3.4590880	1.7699056	0.0072798	0.1441263	0.2441794	7310.6000000	0.0000000
2519.9853670	1365.0037279	13649.9639355	3.4334034	1.7418860	0.0266553	0.1506816	0.2351082	7313.3000000	0.0000000
2519.9853670	1370.0053554	13644.9380859	3.4080523	1.7138664	0.0614387	0.1548439	0.2439150	7316.0000000	0.0000000
2519.9853670	1375.0107430	13639.9122363	3.3823677	1.6858468	0.0465308	0.1516776	0.2408528	7318.7000000	0.0000000
2519.9853670	1380.0116173	13634.8863867	3.3570166	1.6581607	0.0239448	0.1493440	0.2469059	7321.4000000	0.0000000
2519.9853670	1385.0020152	13629.8709961	3.3316655	1.6301411	0.0140715	0.1470283	0.2453456	7324.1000000	0.0000000
2519.9853670	1390.0089011	13624.8585937	3.3059809	1.6021215	0.0179475	0.1504761	0.2507752	7326.8000000	0.0000000
2519.9853670	1395.0187476	13619.8461914	3.2806298	1.5741019	0.0268118	0.1543806	0.2620682	7329.5000000	0.0000000
2519.9853670	1400.0107098	13614.8348047	3.2549451	1.5460823	0.0165671	0.1432908	0.2615986	7332.2000000	0.0000000
2519.9853670	1405.0190454	13609.8361133	3.2295940	1.5180626	0.0143372	0.1538849	0.2749183	7334.9000000	0.0000000
2519.9853670	1410.0029134	13604.8374219	3.2039094	1.4900430	0.0142952	0.1447760	0.2845953	7337.6000000	0.0000000
2519.9853670	1415.0171650	13599.8387305	3.1785583	1.4620234	0.0216832	0.1379535	0.2896353	7340.3000000	0.0000000
2519.9853670	1420.0003845	13594.8450195	3.1528737	1.4340038	0.0262744	0.1422136	0.2927817	7343.0000000	0.0000000
2519.9853670	1425.0197563	13589.8597754	3.1275226	1.4059842	0.0361141	0.1480696	0.2784852	7345.7000000	0.0000000
2519.9853670	1430.0155436	13584.8745312	3.1018380	1.3779646	0.0555637	0.1491399	0.2844187	7348.4000000	0.0000000
2519.9853670	1435.0128346	13579.8892871	3.0764869	1.3499450	0.0458098	0.1518600	0.2917487	7351.1000000	0.0000000
2519.9853670	1440.0079430	13574.9131836	3.0511358	1.3219253	0.0294955	0.1410326	0.3083107	7353.8000000	0.0000000
2519.9853670	1445.0045465	13569.9416504	3.0254511	1.2939057	0.0113776	0.1418723	0.3121314	7356.5000000	0.0000000
2519.9853670	1450.0113701	13564.9701172	3.0001001	1.2658861	0.0051941	0.1380593	0.3276733	7359.2000000	0.0000000
2519.9853670	1455.0072718	13559.9985840	2.9744154	1.2378665	0.0096382	0.1334341	0.3361336	7361.9000000	0.0000000
2519.9853670	1460.0061008	13554.8563672	2.9490643	1.2098469	0.0160051	0.1343838	0.3338001	7364.7000000	0.0000000
2519.9853670	1465.0071186	13549.8982812	2.9233797	1.1821608	0.0261118	0.1506967	0.3282269	7367.4000000	0.0000000
2519.9853670	1470.0117513	13544.9401953	2.8980286	1.1541412	0.0270736	0.1407910	0.3334742	7370.1000000	0.0000000
2519.9853670	1475.0185396	13539.9860156	2.8723440	1.1261216	0.0176810	0.1367009	0.3269617	7372.8000000	0.0000000
2519.9853670	1480.0152336	13534.8579687	2.8469929	1.0981020	0.0100833	0.1348447	0.3476946	7375.6000000	0.0000000
2519.9853670	1485.0141097	13529.9130664	2.8216418	1.0700824	0.0092954	0.1474260	0.3534725	7378.3000000	0.0000000
2519.9853670	1490.0165779	13524.9681641	2.7959572	1.0420628	0.0094015	0.1407715	0.3636076	7381.0000000	0.0000000
2519.9853670	1495.0083197	13519.8490820	2.7706061	1.0140432	0.0220610	0.1417157	0.3630866	7383.8000000	0.0000000
2519.9853670	1500.0086715	13514.9176270	2.7449214	0.9860235	0.0405447	0.1468982	0.3630366	7386.5000000	0.0000000
2519.9853670	1505.0125874	13509.9861719	2.7195704	0.9580039	0.0457776	0.1452919	0.3533536	7389.2000000	0.0000000
2519.9853670	1510.0051304	13504.8720703	2.6938857	0.9299843	0.0580985	0.1330442	0.3602597	7392.0000000	0.0000000
2519.9853670	1515.0076411	13499.9540625	2.6685346	0.9019647	0.0567579	0.1361133	0.3702866	7394.7000000	0.0000000
2519.9853670	1520.0129811	13494.8539062	2.6428500	0.8739451	0.0538285	0.1372291	0.3827091	7397.5000000	0.0000000
2519.9853670	1525.0077139	13489.9358984	2.6174989	0.8459255	0.0489877	0.1396201	0.3844142	7400.2000000	0.0000000
2519.9853670	1530.0116427	13484.8406250	2.5921478	0.8179059	0.0263774	0.1459442	0.3826746	7403.0000000	0.0000000
2519.9853670	1535.0120450	13479.9358008	2.5664632	0.7898863	0.0135590	0.1418403	0.3991478	7405.7000000	0.0000000
2519.9853670	1540.0145659	13474.8493164	2.5411121	0.7618666	0.0069059	0.1324323	0.3975284	7408.5000000	0.0000000
2519.9853670	1545.0079704	13469.9444922	2.5154275	0.7338470	0.0017860	0.1270668	0.3973590	7411.2000000	0.0000000
