2759.9938128	1250.0093221	14004.8149902	4.0201474	2.2178859	0.1816055	0.9483898	0.1022130	7128.5000000	2760.0000000
2759.9938128	1255.0083965	13999.9556934	3.9944628	2.1898662	0.1619752	0.9353772	0.1094373	7130.9000000	0.0000000
2759.9938128	1260.0090730	13994.8995312	3.9691117	2.1618466	0.1578805	0.9260493	0.1128226	7133.4000000	0.0000000
2759.9938128	1265.0065966	13989.8477734	3.9434271	2.1341606	0.1492209	0.9397280	0.1185021	7135.9000000	0.0000000
2759.9938128	1270.0065068	13984.9980859	3.9180760	2.1061410	0.1589246	0.9117384	0.1238364	7138.3000000	0.0000000
2759.9938128	1275.0103515	13979.9463281	3.8923913	2.0781214	0.1062279	0.9085495	0.1276285	7140.8000000	0.0000000
2759.9938128	1280.0087077	13974.9034570	3.8670403	2.0501017	0.0547229	0.9183289	0.1372825	7143.3000000	0.0000000
2759.9938128	1285.0109883	13969.8687891	3.8413556	2.0220821	0.0838234	0.9125836	0.1462195	7145.8000000	0.0000000
2759.9938128	1290.0085889	13964.8341211	3.8160045	1.9940625	0.1126943	0.9381680	0.1490765	7148.3000000	0.0000000
2759.9938128	1295.0023166	13959.7994531	3.7906535	1.9660429	0.0524668	0.9255718	0.1564612	7150.8000000	0.0000000
2759.9938128	1300.0061827	13954.9780078	3.7649688	1.9380233	0.0696779	0.9011871	0.1575857	7153.2000000	0.0000000
2759.9938128	1305.0201181	13949.9679980	3.7396177	1.9100037	0.0322451	0.9002263	0.1621946	7155.7000000	0.0000000
2759.9938128	1310.0084776	13944.9579883	3.7139331	1.8819841	0.0192539	0.9260973	0.1737881	7158.2000000	0.0000000
2759.9938128	1315.0131095	13939.9479785	3.6885820	1.8539644	0.0094713	0.9093266	0.1758927	7160.7000000	0.0000000
2759.9938128	1320.0077159	13934.9533203	3.6628974	1.8259448	0.0349066	0.9338601	0.1875516	7163.2000000	0.0000000
2759.9938128	1325.0115809	13929.9752930	3.6375463	1.7979252	0.1542843	0.9314130	0.1996267	7165.7000000	0.0000000
2759.9938128	1330.0123662	13924.9972656	3.6118616	1.7699056	0.2087545	0.9585591	0.1964774	7168.2000000	0.0000000
2759.9938128	1335.0009231	13919.8201172	3.5865106	1.7418860	0.1118998	0.9015866	0.2051560	7170.8000000	0.0000000
2759.9938128	1340.0002250	13914.8625293	3.5611595	1.7138664	0.0396825	0.9040867	0.2033463	7173.3000000	0.0000000
2759.9938128	1345.0018259	13909.9238086	3.5354748	1.6858468	0.0186295	0.9380412	0.2147301	7175.8000000	0.0000000
2759.9938128	1350.0064703	13904.9850879	3.5101238	1.6581607	0.0196339	0.8933847	0.2115453	7178.3000000	0.0000000
2759.9938128	1355.0073124	13899.8488184	3.4844391	1.6301411	0.0199496	0.8627057	0.2249098	7180.9000000	0.0000000
2759.9938128	1360.0111868	13894.9363477	3.4590880	1.6021215	0.0211147	0.8873362	0.2306237	7183.4000000	0.0000000
2759.9938128	1365.0037279	13889.8488281	3.4334034	1.5741019	0.0187299	0.9229024	0.2447654	7186.0000000	0.0000000
2759.9938128	1370.0053554	13884.9569824	3.4080523	1.5460823	0.0146940	0.9220630	0.2411870	7188.5000000	0.0000000
2759.9938128	1375.0107430	13879.8694629	3.3823677	1.5180626	0.0267618	0.9322074	0.2398481	7191.1000000	0.0000000
2759.9938128	1380.0251231	13874.8187988	3.3570166	1.4900430	0.0272848	0.9171344	0.2478223	7193.7000000	0.0000000
2759.9938128	1385.0087539	13869.9811523	3.3316655	1.4620234	0.0223577	0.9272035	0.2470021	7196.2000000	0.0000000
2759.9938128	1390.0089011	13864.9500000	3.3059809	1.4340038	0.0236244	0.9013386	0.2540482	7198.8000000	0.0000000
2759.9938128	1395.0187476	13859.9188477	3.2806298	1.4059842	0.0129138	0.8801649	0.2580757	7201.4000000	0.0000000
2759.9938128	1400.0107098	13854.9367187	3.2549451	1.3779646	0.0126897	0.9062566	0.2712755	7204.0000000	0.0000000
2759.9938128	1405.0123646	13849.9692969	3.2295940	1.3499450	0.0214028	0.9025777	0.2840040	7206.6000000	0.0000000
2759.9938128	1410.0029134	13844.8108203	3.2039094	1.3219253	0.0361672	0.9050308	0.2900018	7209.3000000	0.0000000
2759.9938128	1415.0171650	13839.8433984	3.1785583	1.2939057	0.0407124	0.9186900	0.2802841	7211.9000000	0.0000000
2759.9938128	1420.0070239	13834.9450684	3.1528737	1.2658861	0.0404215	0.8940331	0.2802095	7214.5000000	0.0000000
2759.9938128	1425.0197563	13829.8612109	3.1275226	1.2378665	0.1235657	0.9059876	0.2813383	7217.2000000	0.0000000
2759.9938128	1430.0089334	13824.9656445	3.1018380	1.2098469	0.1748359	0.9033521	0.2938248	7219.8000000	0.0000000
2759.9938128	1435.0128346	13819.8970215	3.0764869	1.1821608	0.1540997	0.9237918	0.2911774	7222.5000000	0.0000000
2759.9938128	1440.0079430	13814.8954297	3.0511358	1.1541412	0.0888163	0.9054837	0.3119196	7225.2000000	0.0000000
2759.9938128	1445.0045465	13809.8938379	3.0254511	1.1261216	0.0211105	0.8991951	0.3208856	7227.9000000	0.0000000
2759.9938128	1450.0113701	13804.8922461	3.0001001	1.0981020	0.0057274	0.9039663	0.3278132	7230.6000000	0.0000000
2759.9938128	1455.0138148	13799.9363574	2.9744154	1.0700824	0.0201121	0.9089313	0.3273142	7233.3000000	0.0000000
2759.9938128	1460.0191583	13794.8479590	2.9490643	1.0420628	0.0347050	0.8861448	0.3331466	7236.1000000	0.0000000
2759.9938128	1465.0071186	13789.9412891	2.9233797	1.0140432	0.0288324	0.8288738	0.3308901	7238.8000000	0.0000000
2759.9938128	1470.0182537	13784.8528906	2.8980286	0.9860235	0.0327263	0.8296575	0.3356417	7241.6000000	0.0000000
2759.9938128	1475.0185396	13779.9513477	2.8723440	0.9580039	0.0729603	0.9171430	0.3375217	7244.2000000	0.0000000
2759.9938128	1480.0152336	13774.8279395	2.8469929	0.9299843	0.0142247	0.8814489	0.3522658	7246.9000000	0.0000000
2759.9938128	1485.0076465	13769.8942871	2.8216418	0.9019647	0.0650452	0.9028519	0.3755045	7249.5000000	0.0000000
2759.9938128	1490.0165779	13764.9611523	2.7959572	0.8739451	0.2047894	0.9165772	0.3755680	7252.1000000	0.0000000
2759.9938128	1495.0147552	13759.8517187	2.7706061	0.8459255	0.2065101	0.9423588	0.3844856	7254.8000000	0.0000000
2759.9938128	1500.0086715	13754.9315234	2.7449214	0.8179059	0.1221447	0.8645989	0.3637975	7257.4000000	0.0000000
2759.9938128	1505.0061784	13749.8220898	2.7195704	0.7898863	0.1379174	0.9008945	0.3610947	7260.1000000	0.0000000
2759.9938128	1510.0051304	13744.9055859	2.6938857	0.7618666	0.1171577	0.8387200	0.3729948	7262.7000000	0.0000000
2759.9938128	1515.0140255	13739.9991016	2.6685346	0.7338470	0.3070132	0.8794265	0.3665642	7265.3000000	0.0000000
2759.9938128	1520.0129811	13734.9039062	2.6428500	0.7061610	0.3760094	0.8848390	0.3768573	7268.0000000	0.0000000
2759.9938128	1525.0140722	13729.9974219	2.6174989	0.6781414	0.2516367	0.9199479	0.3918589	7270.6000000	0.0000000
2759.9938128	1530.0243341	13724.9088281	2.5921478	0.6501218	0.1467312	0.9194699	0.3916912	7273.3000000	0.0000000
2759.9938128	1535.0183774	13719.8273437	2.5664632	0.6221021	0.0528032	0.9237423	0.4068139	7276.0000000	0.0000000
2759.9938128	1540.0145659	13714.9340625	2.5411121	0.5940825	0.0180857	0.8754738	0.4079819	7278.6000000	0.0000000
2759.9938128	1545.0142779	13709.8525781	2.5154275	0.5660629	0.0111130	0.8751353	0.3930331	7281.3000000	0.0000000
