2629.9870996	1250.0093221	13874.8187988	4.0201474	2.3089496	0.0387795	0.4400657	0.1030632	7193.7000000	2630.0000000
2629.9870996	1255.0083965	13869.9811523	3.9944628	2.2809300	0.0457657	0.4351287	0.1091696	7196.2000000	0.0000000
2629.9870996	1260.0019540	13864.9500000	3.9691117	2.2529104	0.0867771	0.4466763	0.1076648	7198.8000000	0.0000000
2629.9870996	1265.0065966	13859.9188477	3.9434271	2.2248908	0.1207694	0.4475264	0.1144021	7201.4000000	0.0000000
2629.9870996	1270.0065068	13854.9367187	3.9180760	2.1968711	0.1604358	0.4568082	0.1212131	7204.0000000	0.0000000
2629.9870996	1275.0032816	13849.9692969	3.8923913	2.1688515	0.1967950	0.4718911	0.1297760	7206.6000000	0.0000000
2629.9870996	1280.0016522	13844.8108203	3.8670403	2.1411655	0.1457466	0.4637439	0.1346311	7209.3000000	0.0000000
2629.9870996	1284.9969032	13839.8433984	3.8413556	2.1131459	0.0793296	0.4479215	0.1426483	7211.9000000	0.0000000
2629.9870996	1290.0015653	13834.9450684	3.8160045	2.0851263	0.0547629	0.4464950	0.1590001	7214.5000000	0.0000000
2629.9870996	1295.0023166	13829.8612109	3.7906535	2.0571066	0.0650551	0.4454003	0.1557966	7217.2000000	0.0000000
2629.9870996	1300.0131757	13824.9656445	3.7649688	2.0290870	0.0578525	0.4450209	0.1533757	7219.8000000	0.0000000
2629.9870996	1305.0131413	13819.8970215	3.7396177	2.0010674	0.0647656	0.4365143	0.1574294	7222.5000000	0.0000000
2629.9870996	1310.0084776	13814.8954297	3.7139331	1.9730478	0.0472079	0.4348375	0.1729309	7225.2000000	0.0000000
2629.9870996	1315.0061629	13809.8938379	3.6885820	1.9450282	0.0186191	0.4357324	0.1821345	7227.9000000	0.0000000
2629.9870996	1320.0007853	13804.8922461	3.6628974	1.9170086	0.0392087	0.4384371	0.1830875	7230.6000000	0.0000000
2629.9870996	1325.0046642	13799.9363574	3.6375463	1.8889890	0.0684243	0.4519771	0.1817423	7233.3000000	0.0000000
2629.9870996	1330.0054664	13794.8479590	3.6118616	1.8609693	0.0502671	0.4391411	0.1931389	7236.1000000	0.0000000
2629.9870996	1335.0078092	13789.9412891	3.5865106	1.8329497	0.0371422	0.4403283	0.2003275	7238.8000000	0.0000000
2629.9870996	1339.9933394	13784.8528906	3.5611595	1.8049301	0.0408738	0.4325159	0.1982344	7241.6000000	0.0000000
2629.9870996	1345.0018259	13779.9513477	3.5354748	1.7769105	0.0441051	0.4452682	0.2047958	7244.2000000	0.0000000
2629.9870996	1350.0064703	13774.8279395	3.5101238	1.7488909	0.0255111	0.4388142	0.2179857	7246.9000000	0.0000000
2629.9870996	1355.0073124	13769.8942871	3.4844391	1.7208713	0.0950176	0.4499244	0.2272317	7249.5000000	0.0000000
2629.9870996	1360.0111868	13764.9611523	3.4590880	1.6928517	0.1435765	0.4429447	0.2345077	7252.1000000	0.0000000
2629.9870996	1364.9969252	13759.8517187	3.4334034	1.6651656	0.0760018	0.4276296	0.2399397	7254.8000000	0.0000000
2629.9870996	1370.0053554	13754.9315234	3.4080523	1.6371460	0.0507367	0.4434059	0.2321335	7257.4000000	0.0000000
2629.9870996	1375.0175101	13749.8220898	3.3823677	1.6091264	0.0259893	0.4310208	0.2475179	7260.1000000	0.0000000
2629.9870996	1380.0116173	13744.9055859	3.3570166	1.5811068	0.0188589	0.4287199	0.2427047	7262.7000000	0.0000000
2629.9870996	1385.0087539	13739.9991016	3.3316655	1.5530872	0.0371609	0.4294459	0.2386195	7265.3000000	0.0000000
2629.9870996	1390.0089011	13734.9039062	3.3059809	1.5250675	0.0662437	0.4461666	0.2462838	7268.0000000	0.0000000
2629.9870996	1395.0187476	13729.9974219	3.2806298	1.4970479	0.0414391	0.4429061	0.2497958	7270.6000000	0.0000000
2629.9870996	1400.0107098	13724.9088281	3.2549451	1.4690283	0.0468016	0.4450343	0.2666512	7273.3000000	0.0000000
2629.9870996	1405.0123646	13719.8273437	3.2295940	1.4410087	0.0420750	0.4375149	0.2727374	7276.0000000	0.0000000
2629.9870996	1410.0029134	13714.9340625	3.2039094	1.4129891	0.0624292	0.4363247	0.2745143	7278.6000000	0.0000000
2629.9870996	1415.0171650	13709.8525781	3.1785583	1.3849695	0.0770929	0.4427907	0.2830949	7281.3000000	0.0000000
2629.9870996	1420.0003845	13704.9691309	3.1528737	1.3569499	0.0869518	0.4349047	0.2771174	7283.9000000	0.0000000
2629.9870996	1425.0131305	13699.9016211	3.1275226	1.3289303	0.0992030	0.4388694	0.2845078	7286.6000000	0.0000000
2629.9870996	1430.0089334	13694.8341113	3.1018380	1.3009106	0.1050155	0.4472437	0.2872703	7289.3000000	0.0000000
2629.9870996	1435.0128346	13689.9542871	3.0764869	1.2728910	0.0755385	0.4342626	0.2920588	7291.9000000	0.0000000
2629.9870996	1440.0145261	13684.9002344	3.0511358	1.2448714	0.0264855	0.4422501	0.3091837	7294.6000000	0.0000000
2629.9870996	1444.9979720	13679.8466992	3.0254511	1.2168518	0.0535175	0.4380392	0.3231514	7297.3000000	0.0000000
2629.9870996	1450.0113701	13674.9803320	3.0001001	1.1891657	0.0913732	0.4453008	0.3191417	7299.9000000	0.0000000
2629.9870996	1455.0072718	13669.9298437	2.9744154	1.1611461	0.0630419	0.4394437	0.3205505	7302.6000000	0.0000000
2629.9870996	1460.0061008	13664.8900195	2.9490643	1.1331265	0.0697676	0.4419136	0.3196896	7305.3000000	0.0000000
2629.9870996	1465.0071186	13659.8501953	2.9233797	1.1051069	0.0846526	0.4422030	0.3263129	7308.0000000	0.0000000
2629.9870996	1470.0117513	13654.9970312	2.8980286	1.0770873	0.0322047	0.4330574	0.3355295	7310.6000000	0.0000000
2629.9870996	1475.0120503	13649.9639355	2.8723440	1.0490677	0.0476709	0.4379345	0.3325393	7313.3000000	0.0000000
2629.9870996	1480.0087583	13644.9380859	2.8469929	1.0210481	0.1732678	0.4455657	0.3385461	7316.0000000	0.0000000
2629.9870996	1485.0076465	13639.9122363	2.8216418	0.9930285	0.1745854	0.4471752	0.3606016	7318.7000000	0.0000000
2629.9870996	1490.0036793	13634.8863867	2.7959572	0.9650088	0.1363337	0.4476495	0.3721329	7321.4000000	0.0000000
2629.9870996	1495.0147552	13629.8709961	2.7706061	0.9369892	0.2816698	0.4523337	0.3692190	7324.1000000	0.0000000
2629.9870996	1500.0086715	13624.8585937	2.7449214	0.9089696	0.4883458	0.4726755	0.3605862	7326.8000000	0.0000000
2629.9870996	1504.9997690	13619.8461914	2.7195704	0.8809500	0.6418171	0.5033955	0.3636858	7329.5000000	0.0000000
2629.9870996	1510.0179246	13614.8348047	2.6938857	0.8529304	0.5860488	0.4900899	0.3604589	7332.2000000	0.0000000
2629.9870996	1514.9948621	13609.8361133	2.6685346	0.8249108	0.5283376	0.4803892	0.3533751	7334.9000000	0.0000000
2629.9870996	1520.0066103	13604.8374219	2.6428500	0.7968912	0.3378168	0.4552614	0.3707225	7337.6000000	0.0000000
2629.9870996	1525.0077139	13599.8387305	2.6174989	0.7688715	0.2572617	0.4518937	0.3905724	7340.3000000	0.0000000
2629.9870996	1530.0116427	13594.8450195	2.5921478	0.7408519	0.1414834	0.4540327	0.3934446	7343.0000000	0.0000000
2629.9870996	1535.0120450	13589.8597754	2.5664632	0.7131659	0.0762849	0.4400801	0.3905983	7345.7000000	0.0000000
2629.9870996	1540.0145659	13584.8745312	2.5411121	0.6851463	0.0419071	0.4293855	0.3958318	7348.4000000	0.0000000
2629.9870996	1545.0079704	13579.8892871	2.5154275	0.6571267	0.0190322	0.4298213	0.4005277	7351.1000000	0.0000000
