3029.9897201	1250.0093221	14274.9324805	4.0201474	2.0290870	0.0016809	0.2443457	0.1122384	6991.3000000	3030.0000000
3029.9897201	1255.0012629	14269.8269629	3.9944628	2.0010674	0.0013077	0.2566119	0.1186516	6993.9000000	0.0000000
3029.9897201	1260.0019540	14264.9439062	3.9691117	1.9730478	0.0016710	0.2586018	0.1158773	6996.4000000	0.0000000
3029.9897201	1265.0065966	14259.8655273	3.9434271	1.9450282	0.0024415	0.2502733	0.1214808	6999.0000000	0.0000000
3029.9897201	1270.0065068	14254.9824707	3.9180760	1.9170086	0.0033031	0.2543085	0.1274377	7001.5000000	0.0000000
3029.9897201	1275.0103515	14249.9961719	3.8923913	1.8889890	0.0030624	0.2510689	0.1355054	7004.1000000	0.0000000
3029.9897201	1280.0087077	14244.8408594	3.8670403	1.8609693	0.0024711	0.2582293	0.1487374	7006.8000000	0.0000000
3029.9897201	1285.0039494	14239.8764844	3.8413556	1.8329497	0.0012329	0.2545349	0.1586185	7009.4000000	0.0000000
3029.9897201	1290.0085889	14234.9121094	3.8160045	1.8049301	0.0007904	0.2615664	0.1685372	7012.0000000	0.0000000
3029.9897201	1295.0023166	14229.8345801	3.7906535	1.7769105	0.0014091	0.2675079	0.1610770	7014.7000000	0.0000000
3029.9897201	1300.0061827	14224.9451074	3.7649688	1.7488909	0.0016544	0.2600779	0.1645389	7017.3000000	0.0000000
3029.9897201	1304.9991859	14219.8675781	3.7396177	1.7208713	0.0008284	0.2569498	0.1775818	7020.0000000	0.0000000
3029.9897201	1309.9945438	14214.9655078	3.7139331	1.6928517	0.0012026	0.2520316	0.1803541	7022.6000000	0.0000000
3029.9897201	1315.0061629	14209.8312891	3.6885820	1.6651656	0.0011213	0.2547972	0.1875199	7025.3000000	0.0000000
3029.9897201	1320.0007853	14204.8872266	3.6628974	1.6371460	0.0011381	0.2493832	0.2088677	7027.9000000	0.0000000
3029.9897201	1325.0046642	14199.9431641	3.6375463	1.6091264	0.0011091	0.2608936	0.2065879	7030.5000000	0.0000000
3029.9897201	1330.0054664	14194.9709570	3.6118616	1.5811068	0.0016669	0.2469319	0.2062026	7033.1000000	0.0000000
3029.9897201	1335.0009231	14189.9603711	3.5865106	1.5530872	0.0009215	0.2474786	0.2204181	7035.7000000	0.0000000
3029.9897201	1339.9933394	14184.9497852	3.5611595	1.5250675	0.0012695	0.2647004	0.2173325	7038.3000000	0.0000000
3029.9897201	1344.9949594	14179.9391992	3.5354748	1.4970479	0.0014980	0.2616566	0.2164297	7040.9000000	0.0000000
3029.9897201	1350.0064703	14174.8946289	3.5101238	1.4690283	0.0010135	0.2476338	0.2324598	7043.5000000	0.0000000
3029.9897201	1355.0073124	14169.8251367	3.4844391	1.4410087	0.0012606	0.2540734	0.2475973	7046.1000000	0.0000000
3029.9897201	1360.0111868	14164.9506250	3.4590880	1.4129891	0.0016638	0.2529272	0.2499911	7048.6000000	0.0000000
3029.9897201	1365.0037279	14159.8811328	3.4334034	1.3849695	0.0011309	0.2553961	0.2573262	7051.2000000	0.0000000
3029.9897201	1370.0053554	14154.9732520	3.4080523	1.3569499	0.0011309	0.2419579	0.2642405	7053.7000000	0.0000000
3029.9897201	1375.0107430	14149.8527246	3.3823677	1.3289303	0.0006720	0.2475702	0.2589943	7056.3000000	0.0000000
3029.9897201	1380.0116173	14144.9291406	3.3570166	1.3009106	0.0010051	0.2449533	0.2619342	7058.8000000	0.0000000
3029.9897201	1385.0020152	14139.8086133	3.3316655	1.2728910	0.0006666	0.2410620	0.2674070	7061.4000000	0.0000000
3029.9897201	1390.0021764	14134.8531152	3.3059809	1.2448714	0.0010344	0.2530125	0.2701919	7063.9000000	0.0000000
3029.9897201	1395.0120380	14129.8875391	3.2806298	1.2168518	0.0006055	0.2425050	0.2770579	7066.4000000	0.0000000
3029.9897201	1400.0107098	14124.9219629	3.2549451	1.1891657	0.0008342	0.2462769	0.2930837	7068.9000000	0.0000000
3029.9897201	1405.0123646	14119.9563867	3.2295940	1.1611461	0.0009155	0.2577513	0.2989099	7071.4000000	0.0000000
3029.9897201	1410.0029134	14114.9644629	3.2039094	1.1331265	0.0012723	0.2600593	0.3085564	7073.9000000	0.0000000
3029.9897201	1415.0105118	14109.9642187	3.1785583	1.1051069	0.0011184	0.2606879	0.3100625	7076.4000000	0.0000000
3029.9897201	1420.0070239	14104.9639746	3.1528737	1.0770873	0.0005652	0.2428999	0.3066674	7078.9000000	0.0000000
3029.9897201	1425.0131305	14099.9637305	3.1275226	1.0490677	0.0027087	0.2457919	0.3056316	7081.4000000	0.0000000
3029.9897201	1430.0155436	14094.9430762	3.1018380	1.0210481	0.0074541	0.2561287	0.3178698	7083.9000000	0.0000000
3029.9897201	1435.0128346	14089.9159766	3.0764869	0.9930285	0.0070497	0.2671172	0.3162810	7086.4000000	0.0000000
3029.9897201	1440.0145261	14084.8888770	3.0511358	0.9650088	0.0039507	0.2609939	0.3292811	7088.9000000	0.0000000
3029.9897201	1445.0045465	14079.8617773	3.0254511	0.9369892	0.0012169	0.2446676	0.3459088	7091.4000000	0.0000000
3029.9897201	1450.0113701	14074.8196484	3.0001001	0.9089696	0.0007435	0.2508062	0.3463538	7093.9000000	0.0000000
3029.9897201	1455.0072718	14069.9746484	2.9744154	0.8809500	0.0009841	0.2536224	0.3484013	7096.3000000	0.0000000
3029.9897201	1460.0061008	14064.9277734	2.9490643	0.8529304	0.0016844	0.2586074	0.3498499	7098.8000000	0.0000000
3029.9897201	1465.0071186	14059.8808984	2.9233797	0.8249108	0.0013801	0.2449415	0.3490452	7101.3000000	0.0000000
3029.9897201	1470.0117513	14054.8252344	2.8980286	0.7968912	0.0027750	0.2348634	0.3415708	7103.8000000	0.0000000
3029.9897201	1475.0185396	14049.9685156	2.8723440	0.7688715	0.0009626	0.2580458	0.3448601	7106.2000000	0.0000000
3029.9897201	1480.0087583	14044.9094336	2.8469929	0.7408519	0.0011925	0.2462878	0.3771093	7108.7000000	0.0000000
3029.9897201	1485.0076465	14039.8503516	2.8216418	0.7131659	0.0007461	0.2474446	0.3867606	7111.2000000	0.0000000
3029.9897201	1490.0036793	14034.9905078	2.7959572	0.6851463	0.0012867	0.2337279	0.3866749	7113.6000000	0.0000000
3029.9897201	1495.0083197	14029.9265430	2.7706061	0.6571267	0.0012089	0.2504511	0.3882395	7116.1000000	0.0000000
3029.9897201	1500.0022480	14024.8625781	2.7449214	0.6291070	0.0022875	0.2376525	0.3769013	7118.6000000	0.0000000
3029.9897201	1505.0125874	14019.7986133	2.7195704	0.6010874	0.0036736	0.2477683	0.3751530	7121.1000000	0.0000000
3029.9897201	1510.0115275	14014.9385254	2.6938857	0.5730678	0.0071802	0.2402476	0.3806899	7123.5000000	0.0000000
3029.9897201	1514.9948621	14009.8767578	2.6685346	0.5450482	0.0098008	0.2534857	0.3791635	7126.0000000	0.0000000
3029.9897201	1520.0129811	14004.8149902	2.6428500	0.5170286	0.0088723	0.2441561	0.3858450	7128.5000000	0.0000000
3029.9897201	1525.0077139	13999.9556934	2.6174989	0.4890090	0.0063680	0.2569650	0.3870780	7130.9000000	0.0000000
3029.9897201	1530.0116427	13994.8995312	2.5921478	0.4609894	0.0037162	0.2329965	0.4061108	7133.4000000	0.0000000
3029.9897201	1535.0183774	13989.8477734	2.5664632	0.4329697	0.0011449	0.2526332	0.4031770	7135.9000000	0.0000000
3029.9897201	1540.0082451	13984.9980859	2.5411121	0.4049501	0.0006157	0.2487531	0.4157562	7138.3000000	0.0000000
3029.9897201	1545.0079704	13979.9463281	2.5154275	0.3769305	0.0002969	0.2611115	0.4073295	7140.8000000	0.0000000
