2949.9941665	1250.0093221	14194.9709570	4.0201474	2.0851263	0.0042078	0.4041002	0.1104015	7033.1000000	2950.0000000
2949.9941665	1255.0083965	14189.9603711	3.9944628	2.0571066	0.0045269	0.4065103	0.1069335	7035.7000000	0.0000000
2949.9941665	1260.0019540	14184.9497852	3.9691117	2.0290870	0.0057135	0.4210944	0.1087880	7038.3000000	0.0000000
2949.9941665	1265.0065966	14179.9391992	3.9434271	2.0010674	0.0065209	0.3935711	0.1168927	7040.9000000	0.0000000
2949.9941665	1270.0065068	14174.8946289	3.9180760	1.9730478	0.0081229	0.4083606	0.1214174	7043.5000000	0.0000000
2949.9941665	1275.0032816	14169.8251367	3.8923913	1.9450282	0.0079591	0.3883849	0.1312544	7046.1000000	0.0000000
2949.9941665	1280.0016522	14164.9506250	3.8670403	1.9170086	0.0056824	0.4015696	0.1378241	7048.6000000	0.0000000
2949.9941665	1285.0039494	14159.8811328	3.8413556	1.8889890	0.0045055	0.4198301	0.1439066	7051.2000000	0.0000000
2949.9941665	1290.0015653	14154.9732520	3.8160045	1.8609693	0.0037578	0.4067512	0.1543357	7053.7000000	0.0000000
2949.9941665	1295.0023166	14149.8527246	3.7906535	1.8329497	0.0036802	0.3915064	0.1569443	7056.3000000	0.0000000
2949.9941665	1300.0061827	14144.9291406	3.7649688	1.8049301	0.0026127	0.3835630	0.1630901	7058.8000000	0.0000000
2949.9941665	1305.0131413	14139.8086133	3.7396177	1.7769105	0.0035029	0.4081478	0.1691748	7061.4000000	0.0000000
2949.9941665	1310.0084776	14134.8531152	3.7139331	1.7488909	0.0025122	0.4002637	0.1763549	7063.9000000	0.0000000
2949.9941665	1315.0061629	14129.8875391	3.6885820	1.7208713	0.0030438	0.4011515	0.1823442	7066.4000000	0.0000000
2949.9941665	1320.0007853	14124.9219629	3.6628974	1.6928517	0.0025865	0.3944205	0.1951398	7068.9000000	0.0000000
2949.9941665	1325.0115809	14119.9563867	3.6375463	1.6651656	0.0035631	0.3981818	0.2016018	7071.4000000	0.0000000
2949.9941665	1330.0054664	14114.9644629	3.6118616	1.6371460	0.0015165	0.3882805	0.2054111	7073.9000000	0.0000000
2949.9941665	1335.0009231	14109.9642187	3.5865106	1.6091264	0.0014814	0.3929248	0.2065679	7076.4000000	0.0000000
2949.9941665	1339.9933394	14104.9639746	3.5611595	1.5811068	0.0026936	0.3792058	0.2040321	7078.9000000	0.0000000
2949.9941665	1345.0018259	14099.9637305	3.5354748	1.5530872	0.0128636	0.4077396	0.2115335	7081.4000000	0.0000000
2949.9941665	1350.0064703	14094.9430762	3.5101238	1.5250675	0.0140825	0.4064304	0.2191429	7083.9000000	0.0000000
2949.9941665	1355.0073124	14089.9159766	3.4844391	1.4970479	0.0102111	0.3888695	0.2300488	7086.4000000	0.0000000
2949.9941665	1360.0111868	14084.8888770	3.4590880	1.4690283	0.0051187	0.3679247	0.2423408	7088.9000000	0.0000000
2949.9941665	1365.0105236	14079.8617773	3.4334034	1.4410087	0.0017161	0.4053864	0.2383458	7091.4000000	0.0000000
2949.9941665	1370.0053554	14074.8196484	3.4080523	1.4129891	0.0006464	0.4019269	0.2452579	7093.9000000	0.0000000
2949.9941665	1375.0107430	14069.9746484	3.3823677	1.3849695	0.0010400	0.3973659	0.2415795	7096.3000000	0.0000000
2949.9941665	1380.0183702	14064.9277734	3.3570166	1.3569499	0.0016570	0.3775689	0.2474005	7098.8000000	0.0000000
2949.9941665	1385.0020152	14059.8808984	3.3316655	1.3289303	0.0017312	0.4102256	0.2487742	7101.3000000	0.0000000
2949.9941665	1390.0089011	14054.8252344	3.3059809	1.3009106	0.0017490	0.3889592	0.2534650	7103.8000000	0.0000000
2949.9941665	1395.0053283	14049.9685156	3.2806298	1.2728910	0.0011674	0.3901285	0.2549358	7106.2000000	0.0000000
2949.9941665	1400.0174055	14044.9094336	3.2549451	1.2448714	0.0007532	0.4178239	0.2634929	7108.7000000	0.0000000
2949.9941665	1405.0190454	14039.8503516	3.2295940	1.2168518	0.0004259	0.3487896	0.2751703	7111.2000000	0.0000000
2949.9941665	1410.0095813	14034.9905078	3.2039094	1.1891657	0.0019607	0.3948599	0.2766753	7113.6000000	0.0000000
2949.9941665	1415.0105118	14029.9265430	3.1785583	1.1611461	0.0073976	0.3810129	0.2747097	7116.1000000	0.0000000
2949.9941665	1420.0070239	14024.8625781	3.1528737	1.1331265	0.0151368	0.3745999	0.2805831	7118.6000000	0.0000000
2949.9941665	1425.0197563	14019.7986133	3.1275226	1.1051069	0.0235443	0.3644891	0.2826692	7121.1000000	0.0000000
2949.9941665	1430.0155436	14014.9385254	3.1018380	1.0770873	0.0340841	0.4104083	0.2756638	7123.5000000	0.0000000
2949.9941665	1435.0128346	14009.8767578	3.0764869	1.0490677	0.0379283	0.3985563	0.2867127	7126.0000000	0.0000000
2949.9941665	1440.0013598	14004.8149902	3.0511358	1.0210481	0.0208344	0.3950320	0.2986289	7128.5000000	0.0000000
2949.9941665	1444.9979720	13999.9556934	3.0254511	0.9930285	0.0071927	0.3898147	0.3133688	7130.9000000	0.0000000
2949.9941665	1450.0113701	13994.8995312	3.0001001	0.9650088	0.0028710	0.3705704	0.3149168	7133.4000000	0.0000000
2949.9941665	1455.0072718	13989.8477734	2.9744154	0.9369892	0.0004722	0.3745641	0.3208250	7135.9000000	0.0000000
2949.9941665	1460.0126296	13984.9980859	2.9490643	0.9089696	0.0021796	0.3698742	0.3203125	7138.3000000	0.0000000
2949.9941665	1465.0071186	13979.9463281	2.9233797	0.8809500	0.0023839	0.3793726	0.3159678	7140.8000000	0.0000000
2949.9941665	1470.0117513	13974.9034570	2.8980286	0.8529304	0.0008634	0.3934868	0.3170536	7143.3000000	0.0000000
2949.9941665	1475.0185396	13969.8687891	2.8723440	0.8249108	0.0053408	0.3825328	0.3234014	7145.8000000	0.0000000
2949.9941665	1480.0152336	13964.8341211	2.8469929	0.7968912	0.0068743	0.3888242	0.3391465	7148.3000000	0.0000000
2949.9941665	1485.0076465	13959.7994531	2.8216418	0.7688715	0.0070198	0.3984837	0.3580197	7150.8000000	0.0000000
2949.9941665	1490.0165779	13954.9780078	2.7959572	0.7408519	0.0063403	0.3876674	0.3651493	7153.2000000	0.0000000
2949.9941665	1495.0083197	13949.9679980	2.7706061	0.7131659	0.0034259	0.3919069	0.3635010	7155.7000000	0.0000000
2949.9941665	1500.0086715	13944.9579883	2.7449214	0.6851463	0.0064271	0.3995808	0.3556619	7158.2000000	0.0000000
2949.9941665	1505.0189963	13939.9479785	2.7195704	0.6571267	0.0095381	0.3852772	0.3582836	7160.7000000	0.0000000
2949.9941665	1509.9987309	13934.9533203	2.6938857	0.6291070	0.0140972	0.4014146	0.3532468	7163.2000000	0.0000000
2949.9941665	1515.0076411	13929.9752930	2.6685346	0.6010874	0.0515636	0.3976323	0.3576414	7165.7000000	0.0000000
2949.9941665	1519.9938555	13924.9972656	2.6428500	0.5730678	0.0526907	0.3980565	0.3708383	7168.2000000	0.0000000
2949.9941665	1525.0077139	13919.8201172	2.6174989	0.5450482	0.0373948	0.4038652	0.3755897	7170.8000000	0.0000000
2949.9941665	1530.0052970	13914.8625293	2.5921478	0.5170286	0.0188727	0.4002488	0.3904136	7173.3000000	0.0000000
2949.9941665	1535.0183774	13909.9238086	2.5664632	0.4890090	0.0051277	0.4103734	0.3825289	7175.8000000	0.0000000
2949.9941665	1540.0145659	13904.9850879	2.5411121	0.4609894	0.0012496	0.4022028	0.3827590	7178.3000000	0.0000000
2949.9941665	1545.0016629	13899.8488184	2.5154275	0.4329697	0.0003777	0.4040990	0.3902810	7180.9000000	0.0000000
