2669.9901959	1250.0093221	13914.8625293	4.0201474	2.2809300	0.0669388	0.5725078	0.1022776	7173.3000000	2670.0000000
2669.9901959	1255.0012629	13909.9238086	3.9944628	2.2529104	0.0678599	0.5623859	0.0996727	7175.8000000	0.0000000
2669.9901959	1260.0090730	13904.9850879	3.9691117	2.2248908	0.0686814	0.5783239	0.1078839	7178.3000000	0.0000000
2669.9901959	1265.0136988	13899.8488184	3.9434271	2.1968711	0.0736471	0.5671928	0.1099587	7180.9000000	0.0000000
2669.9901959	1270.0065068	13894.9363477	3.9180760	2.1688515	0.0959535	0.5712234	0.1155504	7183.4000000	0.0000000
2669.9901959	1275.0103515	13889.8488281	3.8923913	2.1411655	0.0968455	0.5620880	0.1261249	7186.0000000	0.0000000
2669.9901959	1280.0016522	13884.9569824	3.8670403	2.1131459	0.0849274	0.5598475	0.1339000	7188.5000000	0.0000000
2669.9901959	1285.0039494	13879.8694629	3.8413556	2.0851263	0.0634524	0.5583694	0.1404113	7191.1000000	0.0000000
2669.9901959	1290.0015653	13874.8187988	3.8160045	2.0571066	0.0377214	0.5603727	0.1432958	7193.7000000	0.0000000
2669.9901959	1295.0023166	13869.9811523	3.7906535	2.0290870	0.0275515	0.5510090	0.1511721	7196.2000000	0.0000000
2669.9901959	1300.0131757	13864.9500000	3.7649688	2.0010674	0.0278615	0.5518429	0.1571298	7198.8000000	0.0000000
2669.9901959	1305.0131413	13859.9188477	3.7396177	1.9730478	0.0363883	0.5618513	0.1550753	7201.4000000	0.0000000
2669.9901959	1310.0015170	13854.9367187	3.7139331	1.9450282	0.0382561	0.5730088	0.1647644	7204.0000000	0.0000000
2669.9901959	1315.0131095	13849.9692969	3.6885820	1.9170086	0.0584583	0.5685287	0.1719364	7206.6000000	0.0000000
2669.9901959	1320.0077159	13844.8108203	3.6628974	1.8889890	0.0512654	0.5732705	0.1776182	7209.3000000	0.0000000
2669.9901959	1325.0115809	13839.8433984	3.6375463	1.8609693	0.0301313	0.5655667	0.1847361	7211.9000000	0.0000000
2669.9901959	1330.0054664	13834.9450684	3.6118616	1.8329497	0.0240188	0.5580258	0.1912144	7214.5000000	0.0000000
2669.9901959	1335.0009231	13829.8612109	3.5865106	1.8049301	0.0471400	0.5430387	0.1952655	7217.2000000	0.0000000
2669.9901959	1340.0002250	13824.9656445	3.5611595	1.7769105	0.0527815	0.5823551	0.1933954	7219.8000000	0.0000000
2669.9901959	1345.0018259	13819.8970215	3.5354748	1.7488909	0.0316993	0.5510787	0.1966564	7222.5000000	0.0000000
2669.9901959	1350.0133115	13814.8954297	3.5101238	1.7208713	0.0193145	0.5537599	0.2089120	7225.2000000	0.0000000
2669.9901959	1355.0073124	13809.8938379	3.4844391	1.6928517	0.0119957	0.5398753	0.2088910	7227.9000000	0.0000000
2669.9901959	1360.0111868	13804.8922461	3.4590880	1.6651656	0.0242990	0.5523064	0.2210425	7230.6000000	0.0000000
2669.9901959	1365.0037279	13799.9363574	3.4334034	1.6371460	0.0407501	0.5499467	0.2254100	7233.3000000	0.0000000
2669.9901959	1370.0053554	13794.8479590	3.4080523	1.6091264	0.0232032	0.5660559	0.2302576	7236.1000000	0.0000000
2669.9901959	1375.0107430	13789.9412891	3.3823677	1.5811068	0.0158878	0.5619734	0.2334251	7238.8000000	0.0000000
2669.9901959	1380.0183702	13784.8528906	3.3570166	1.5530872	0.0207559	0.5445724	0.2351702	7241.6000000	0.0000000
2669.9901959	1385.0020152	13779.9513477	3.3316655	1.5250675	0.0307415	0.5606759	0.2292202	7244.2000000	0.0000000
2669.9901959	1390.0089011	13774.8279395	3.3059809	1.4970479	0.0117246	0.5538571	0.2333599	7246.9000000	0.0000000
2669.9901959	1395.0120380	13769.8942871	3.2806298	1.4690283	0.0278168	0.5661318	0.2408245	7249.5000000	0.0000000
2669.9901959	1400.0107098	13764.9611523	3.2549451	1.4410087	0.0733754	0.5760289	0.2538197	7252.1000000	0.0000000
2669.9901959	1405.0123646	13759.8517187	3.2295940	1.4129891	0.0574395	0.5853207	0.2539707	7254.8000000	0.0000000
2669.9901959	1410.0095813	13754.9315234	3.2039094	1.3849695	0.0484686	0.5680726	0.2629720	7257.4000000	0.0000000
2669.9901959	1415.0171650	13749.8220898	3.1785583	1.3569499	0.0498131	0.5743292	0.2673250	7260.1000000	0.0000000
2669.9901959	1420.0070239	13744.9055859	3.1528737	1.3289303	0.0551044	0.5748290	0.2689905	7262.7000000	0.0000000
2669.9901959	1425.0197563	13739.9991016	3.1275226	1.3009106	0.1348345	0.5660729	0.2725743	7265.3000000	0.0000000
2669.9901959	1430.0155436	13734.9039062	3.1018380	1.2728910	0.1993164	0.5922660	0.2578436	7268.0000000	0.0000000
2669.9901959	1435.0194332	13729.9974219	3.0764869	1.2448714	0.1623470	0.5873478	0.2829302	7270.6000000	0.0000000
2669.9901959	1440.0079430	13724.9088281	3.0511358	1.2168518	0.1124558	0.5919799	0.2906576	7273.3000000	0.0000000
2669.9901959	1445.0111172	13719.8273437	3.0254511	1.1891657	0.0330402	0.5750270	0.3041128	7276.0000000	0.0000000
2669.9901959	1450.0179264	13714.9340625	3.0001001	1.1611461	0.0160732	0.5863364	0.3023628	7278.6000000	0.0000000
2669.9901959	1455.0138148	13709.8525781	2.9744154	1.1331265	0.0290819	0.5698867	0.3165132	7281.3000000	0.0000000
2669.9901959	1460.0191583	13704.9691309	2.9490643	1.1051069	0.0447115	0.5937697	0.3172575	7283.9000000	0.0000000
2669.9901959	1465.0071186	13699.9016211	2.9233797	1.0770873	0.0540885	0.5908225	0.3155169	7286.6000000	0.0000000
2669.9901959	1470.0117513	13694.8341113	2.8980286	1.0490677	0.0299049	0.5654465	0.3090935	7289.3000000	0.0000000
2669.9901959	1475.0185396	13689.9542871	2.8723440	1.0210481	0.0215465	0.5821904	0.3312119	7291.9000000	0.0000000
2669.9901959	1480.0152336	13684.9002344	2.8469929	0.9930285	0.0038359	0.5838146	0.3466371	7294.6000000	0.0000000
2669.9901959	1485.0076465	13679.8466992	2.8216418	0.9650088	0.1004957	0.6033860	0.3367986	7297.3000000	0.0000000
2669.9901959	1490.0036793	13674.9803320	2.7959572	0.9369892	0.1603845	0.6040430	0.3543696	7299.9000000	0.0000000
2669.9901959	1495.0083197	13669.9298437	2.7706061	0.9089696	0.1307075	0.6051369	0.3629500	7302.6000000	0.0000000
2669.9901959	1500.0086715	13664.8900195	2.7449214	0.8809500	0.1609945	0.6044587	0.3680363	7305.3000000	0.0000000
2669.9901959	1505.0125874	13659.8501953	2.7195704	0.8529304	0.1382363	0.5960420	0.3513923	7308.0000000	0.0000000
2669.9901959	1510.0179246	13654.9970312	2.6938857	0.8249108	0.1207633	0.6097467	0.3460588	7310.6000000	0.0000000
2669.9901959	1515.0012567	13649.9639355	2.6685346	0.7968912	0.4865724	0.6471561	0.3499207	7313.3000000	0.0000000
2669.9901959	1520.0002394	13644.9380859	2.6428500	0.7688715	0.9124452	0.7163678	0.3550148	7316.0000000	0.0000000
2669.9901959	1525.0140722	13639.9122363	2.6174989	0.7408519	0.8888718	0.7137157	0.3677916	7318.7000000	0.0000000
2669.9901959	1530.0179884	13634.8863867	2.5921478	0.7131659	0.4452195	0.6528906	0.3867263	7321.4000000	0.0000000
2669.9901959	1535.0183774	13629.8709961	2.5664632	0.6851463	0.1446396	0.6113324	0.3952520	7324.1000000	0.0000000
2669.9901959	1540.0145659	13624.8585937	2.5411121	0.6571267	0.0745034	0.5967947	0.3885324	7326.8000000	0.0000000
2669.9901959	1545.0079704	13619.8461914	2.5154275	0.6291070	0.0312898	0.6054154	0.3647844	7329.5000000	0.0000000
