2569.9944477	1250.0093221	13814.8954297	4.0201474	2.3509790	0.0191610	0.2911821	0.0998502	7225.2000000	2570.0000000
2569.9944477	1255.0012629	13809.8938379	3.9944628	2.3229594	0.0167524	0.2868236	0.1042997	7227.9000000	0.0000000
2569.9944477	1260.0090730	13804.8922461	3.9691117	2.2949398	0.0419448	0.2892482	0.1085061	7230.6000000	0.0000000
2569.9944477	1265.0065966	13799.9363574	3.9434271	2.2669202	0.0585565	0.2826063	0.1148628	7233.3000000	0.0000000
2569.9944477	1270.0065068	13794.8479590	3.9180760	2.2389006	0.0745929	0.3022468	0.1134301	7236.1000000	0.0000000
2569.9944477	1275.0103515	13789.9412891	3.8923913	2.2108809	0.0631931	0.2948588	0.1275863	7238.8000000	0.0000000
2569.9944477	1280.0016522	13784.8528906	3.8670403	2.1828613	0.0867888	0.2914583	0.1371122	7241.6000000	0.0000000
2569.9944477	1285.0109883	13779.9513477	3.8413556	2.1548417	0.0827260	0.2922975	0.1494993	7244.2000000	0.0000000
2569.9944477	1290.0015653	13774.8279395	3.8160045	2.1271557	0.0324459	0.2890719	0.1580881	7246.9000000	0.0000000
2569.9944477	1295.0023166	13769.8942871	3.7906535	2.0991361	0.0429816	0.2910750	0.1610692	7249.5000000	0.0000000
2569.9944477	1300.0131757	13764.9611523	3.7649688	2.0711164	0.0468314	0.2888634	0.1674479	7252.1000000	0.0000000
2569.9944477	1305.0131413	13759.8517187	3.7396177	2.0430968	0.0225966	0.2940803	0.1645540	7254.8000000	0.0000000
2569.9944477	1310.0084776	13754.9315234	3.7139331	2.0150772	0.0168488	0.2901488	0.1784281	7257.4000000	0.0000000
2569.9944477	1315.0131095	13749.8220898	3.6885820	1.9870576	0.0096021	0.2813962	0.1800508	7260.1000000	0.0000000
2569.9944477	1320.0077159	13744.9055859	3.6628974	1.9590380	0.0292751	0.2872084	0.1896545	7262.7000000	0.0000000
2569.9944477	1325.0115809	13739.9991016	3.6375463	1.9310184	0.0479855	0.2938612	0.1972987	7265.3000000	0.0000000
2569.9944477	1330.0123662	13734.9039062	3.6118616	1.9029988	0.0479443	0.2909514	0.2012484	7268.0000000	0.0000000
2569.9944477	1335.0009231	13729.9974219	3.5865106	1.8749792	0.0174390	0.2828707	0.2011495	7270.6000000	0.0000000
2569.9944477	1339.9933394	13724.9088281	3.5611595	1.8469595	0.0075626	0.2870283	0.2032598	7273.3000000	0.0000000
2569.9944477	1344.9949594	13719.8273437	3.5354748	1.8189399	0.0148942	0.2833578	0.2183751	7276.0000000	0.0000000
2569.9944477	1350.0064703	13714.9340625	3.5101238	1.7909203	0.0298406	0.2972687	0.2230214	7278.6000000	0.0000000
2569.9944477	1355.0073124	13709.8525781	3.4844391	1.7629007	0.0238147	0.2889033	0.2372526	7281.3000000	0.0000000
2569.9944477	1360.0111868	13704.9691309	3.4590880	1.7348811	0.0162209	0.2897745	0.2413269	7283.9000000	0.0000000
2569.9944477	1365.0037279	13699.9016211	3.4334034	1.7068615	0.0067953	0.2764828	0.2356481	7286.6000000	0.0000000
2569.9944477	1370.0053554	13694.8341113	3.4080523	1.6788419	0.0037073	0.2750977	0.2461512	7289.3000000	0.0000000
2569.9944477	1375.0107430	13689.9542871	3.3823677	1.6511558	0.0071904	0.2809928	0.2440752	7291.9000000	0.0000000
2569.9944477	1380.0183702	13684.9002344	3.3570166	1.6231362	0.0134524	0.2875127	0.2458684	7294.6000000	0.0000000
2569.9944477	1385.0087539	13679.8466992	3.3316655	1.5951166	0.0664637	0.2941650	0.2413937	7297.3000000	0.0000000
2569.9944477	1390.0156257	13674.9803320	3.3059809	1.5670970	0.0611610	0.2916746	0.2515239	7299.9000000	0.0000000
2569.9944477	1395.0120380	13669.9298437	3.2806298	1.5390774	0.0197341	0.2843920	0.2574673	7302.6000000	0.0000000
2569.9944477	1400.0107098	13664.8900195	3.2549451	1.5110577	0.0101577	0.2840255	0.2683081	7305.3000000	0.0000000
2569.9944477	1405.0123646	13659.8501953	3.2295940	1.4830381	0.0040768	0.2826951	0.2707892	7308.0000000	0.0000000
2569.9944477	1410.0029134	13654.9970312	3.2039094	1.4550185	0.0089171	0.2884578	0.2822907	7310.6000000	0.0000000
2569.9944477	1415.0105118	13649.9639355	3.1785583	1.4269989	0.0892632	0.2853662	0.2997076	7313.3000000	0.0000000
2569.9944477	1420.0003845	13644.9380859	3.1528737	1.3989793	0.2849965	0.3138203	0.2914609	7316.0000000	0.0000000
2569.9944477	1425.0197563	13639.9122363	3.1275226	1.3709597	0.2969249	0.3253315	0.2812017	7318.7000000	0.0000000
2569.9944477	1430.0155436	13634.8863867	3.1018380	1.3429401	0.1681006	0.3010739	0.2928019	7321.4000000	0.0000000
2569.9944477	1435.0128346	13629.8709961	3.0764869	1.3149204	0.0784600	0.2942467	0.2965116	7324.1000000	0.0000000
2569.9944477	1440.0145261	13624.8585937	3.0511358	1.2869008	0.0547758	0.2847632	0.3029241	7326.8000000	0.0000000
2569.9944477	1445.0176878	13619.8461914	3.0254511	1.2588812	0.0247842	0.2884927	0.3297744	7329.5000000	0.0000000
2569.9944477	1450.0179264	13614.8348047	3.0001001	1.2308616	0.0079775	0.2828740	0.3384948	7332.2000000	0.0000000
2569.9944477	1455.0138148	13609.8361133	2.9744154	1.2028420	0.0124351	0.2798840	0.3242655	7334.9000000	0.0000000
2569.9944477	1460.0126296	13604.8374219	2.9490643	1.1751559	0.0179100	0.2756320	0.3368195	7337.6000000	0.0000000
2569.9944477	1465.0006021	13599.8387305	2.9233797	1.1471363	0.0416892	0.2906670	0.3270452	7340.3000000	0.0000000
2569.9944477	1470.0117513	13594.8450195	2.8980286	1.1191167	0.0351351	0.2851770	0.3298823	7343.0000000	0.0000000
2569.9944477	1475.0120503	13589.8597754	2.8723440	1.0910971	0.0269761	0.2837535	0.3271093	7345.7000000	0.0000000
2569.9944477	1480.0087583	13584.8745312	2.8469929	1.0630775	0.0192219	0.2767203	0.3397411	7348.4000000	0.0000000
2569.9944477	1485.0076465	13579.8892871	2.8216418	1.0350579	0.0104247	0.2789852	0.3568900	7351.1000000	0.0000000
2569.9944477	1490.0165779	13574.9131836	2.7959572	1.0070383	0.0243967	0.2852378	0.3665994	7353.8000000	0.0000000
2569.9944477	1495.0083197	13569.9416504	2.7706061	0.9790186	0.0639873	0.2889985	0.3713616	7356.5000000	0.0000000
2569.9944477	1500.0150951	13564.9701172	2.7449214	0.9509990	0.0934899	0.2940872	0.3653825	7359.2000000	0.0000000
2569.9944477	1505.0125874	13559.9985840	2.7195704	0.9229794	0.1317522	0.2927178	0.3607930	7361.9000000	0.0000000
2569.9944477	1510.0115275	13554.8563672	2.6938857	0.8949598	0.1565493	0.3024313	0.3673962	7364.7000000	0.0000000
2569.9944477	1515.0012567	13549.8982812	2.6685346	0.8669402	0.1822920	0.3063497	0.3565579	7367.4000000	0.0000000
2569.9944477	1520.0129811	13544.9401953	2.6428500	0.8389206	0.1443433	0.3031360	0.3560818	7370.1000000	0.0000000
2569.9944477	1525.0077139	13539.9860156	2.6174989	0.8109010	0.0851149	0.2958158	0.3694580	7372.8000000	0.0000000
2569.9944477	1530.0052970	13534.8579687	2.5921478	0.7828814	0.0510468	0.2862893	0.3803272	7375.6000000	0.0000000
2569.9944477	1535.0120450	13529.9130664	2.5664632	0.7548617	0.0324167	0.2894880	0.4003613	7378.3000000	0.0000000
2569.9944477	1540.0145659	13524.9681641	2.5411121	0.7268421	0.0078219	0.2835463	0.3929672	7381.0000000	0.0000000
2569.9944477	1545.0016629	13519.8490820	2.5154275	0.6991561	0.0039120	0.2805693	0.3826777	7383.8000000	0.0000000
