2659.9911997	1250.0093221	13904.9850879	4.0201474	2.2879349	0.0581322	0.5586528	0.0970747	7178.3000000	2660.0000000
2659.9911997	1255.0083965	13899.8488184	3.9944628	2.2599153	0.0680157	0.5707272	0.0980458	7180.9000000	0.0000000
2659.9911997	1260.0090730	13894.9363477	3.9691117	2.2318957	0.0975712	0.5705342	0.1066370	7183.4000000	0.0000000
2659.9911997	1265.0136988	13889.8488281	3.9434271	2.2038760	0.1052488	0.5517301	0.1106599	7186.0000000	0.0000000
2659.9911997	1270.0065068	13884.9569824	3.9180760	2.1758564	0.1454326	0.5591371	0.1165319	7188.5000000	0.0000000
2659.9911997	1275.0103515	13879.8694629	3.8923913	2.1478368	0.1807416	0.5731978	0.1188514	7191.1000000	0.0000000
2659.9911997	1280.0087077	13874.8187988	3.8670403	2.1201508	0.1065664	0.5647733	0.1256218	7193.7000000	0.0000000
2659.9911997	1284.9969032	13869.9811523	3.8413556	2.0921312	0.0773064	0.5531941	0.1384226	7196.2000000	0.0000000
2659.9911997	1290.0085889	13864.9500000	3.8160045	2.0641115	0.0649426	0.5612716	0.1461338	7198.8000000	0.0000000
2659.9911997	1295.0023166	13859.9188477	3.7906535	2.0360919	0.0547743	0.5669082	0.1412482	7201.4000000	0.0000000
2659.9911997	1300.0131757	13854.9367187	3.7649688	2.0080723	0.0564865	0.5719534	0.1532695	7204.0000000	0.0000000
2659.9911997	1305.0131413	13849.9692969	3.7396177	1.9800527	0.0692417	0.5624414	0.1563189	7206.6000000	0.0000000
2659.9911997	1310.0084776	13844.8108203	3.7139331	1.9520331	0.0589326	0.5628175	0.1615498	7209.3000000	0.0000000
2659.9911997	1315.0061629	13839.8433984	3.6885820	1.9240135	0.0361234	0.5683265	0.1720815	7211.9000000	0.0000000
2659.9911997	1320.0007853	13834.9450684	3.6628974	1.8959939	0.0362057	0.5576712	0.1833721	7214.5000000	0.0000000
2659.9911997	1325.0046642	13829.8612109	3.6375463	1.8679742	0.0842314	0.5567441	0.1900568	7217.2000000	0.0000000
2659.9911997	1330.0054664	13824.9656445	3.6118616	1.8399546	0.1107056	0.5801376	0.1914179	7219.8000000	0.0000000
2659.9911997	1335.0009231	13819.8970215	3.5865106	1.8119350	0.0898621	0.5656943	0.1907638	7222.5000000	0.0000000
2659.9911997	1339.9933394	13814.8954297	3.5611595	1.7839154	0.0301296	0.5578700	0.2022025	7225.2000000	0.0000000
2659.9911997	1344.9949594	13809.8938379	3.5354748	1.7558958	0.0073517	0.5573825	0.2026061	7227.9000000	0.0000000
2659.9911997	1350.0064703	13804.8922461	3.5101238	1.7278762	0.0425264	0.5489302	0.2162704	7230.6000000	0.0000000
2659.9911997	1355.0073124	13799.9363574	3.4844391	1.6998566	0.0807192	0.5675289	0.2258848	7233.3000000	0.0000000
2659.9911997	1360.0111868	13794.8479590	3.4590880	1.6718370	0.0602542	0.5524451	0.2316307	7236.1000000	0.0000000
2659.9911997	1365.0037279	13789.9412891	3.4334034	1.6441509	0.0399871	0.5440094	0.2375547	7238.8000000	0.0000000
2659.9911997	1370.0053554	13784.8528906	3.4080523	1.6161313	0.0419058	0.5623604	0.2352228	7241.6000000	0.0000000
2659.9911997	1375.0107430	13779.9513477	3.3823677	1.5881117	0.0415690	0.5496758	0.2425814	7244.2000000	0.0000000
2659.9911997	1380.0183702	13774.8279395	3.3570166	1.5600921	0.0172899	0.5432738	0.2411069	7246.9000000	0.0000000
2659.9911997	1385.0087539	13769.8942871	3.3316655	1.5320725	0.0493799	0.5535682	0.2475812	7249.5000000	0.0000000
2659.9911997	1390.0089011	13764.9611523	3.3059809	1.5040528	0.0774762	0.5405358	0.2436699	7252.1000000	0.0000000
2659.9911997	1395.0187476	13759.8517187	3.2806298	1.4760332	0.0774534	0.5552517	0.2551820	7254.8000000	0.0000000
2659.9911997	1400.0107098	13754.9315234	3.2549451	1.4480136	0.0508262	0.5598890	0.2644486	7257.4000000	0.0000000
2659.9911997	1405.0190454	13749.8220898	3.2295940	1.4199940	0.0374667	0.5636766	0.2811278	7260.1000000	0.0000000
2659.9911997	1410.0095813	13744.9055859	3.2039094	1.3919744	0.0512344	0.5712870	0.2745745	7262.7000000	0.0000000
2659.9911997	1415.0171650	13739.9991016	3.1785583	1.3639548	0.1172675	0.5577951	0.2877162	7265.3000000	0.0000000
2659.9911997	1420.0070239	13734.9039062	3.1528737	1.3359352	0.2275702	0.5764922	0.2869005	7268.0000000	0.0000000
2659.9911997	1425.0197563	13729.9974219	3.1275226	1.3079155	0.2143884	0.5761307	0.2853575	7270.6000000	0.0000000
2659.9911997	1430.0089334	13724.9088281	3.1018380	1.2798959	0.2165177	0.5576941	0.2797144	7273.3000000	0.0000000
2659.9911997	1435.0128346	13719.8273437	3.0764869	1.2518763	0.1753015	0.5652394	0.2815400	7276.0000000	0.0000000
2659.9911997	1440.0145261	13714.9340625	3.0511358	1.2238567	0.0846760	0.5692516	0.3057692	7278.6000000	0.0000000
2659.9911997	1445.0045465	13709.8525781	3.0254511	1.1958371	0.0480422	0.5629808	0.3153123	7281.3000000	0.0000000
2659.9911997	1450.0113701	13704.9691309	3.0001001	1.1681510	0.0262915	0.5473402	0.3275022	7283.9000000	0.0000000
2659.9911997	1455.0138148	13699.9016211	2.9744154	1.1401314	0.0270685	0.5583088	0.3249611	7286.6000000	0.0000000
2659.9911997	1460.0126296	13694.8341113	2.9490643	1.1121118	0.0375719	0.5647034	0.3134960	7289.3000000	0.0000000
2659.9911997	1465.0071186	13689.9542871	2.9233797	1.0840922	0.0506565	0.5598429	0.3247627	7291.9000000	0.0000000
2659.9911997	1470.0117513	13684.9002344	2.8980286	1.0560726	0.0275238	0.5498872	0.3216344	7294.6000000	0.0000000
2659.9911997	1475.0185396	13679.8466992	2.8723440	1.0280530	0.1153147	0.5650103	0.3319804	7297.3000000	0.0000000
2659.9911997	1480.0087583	13674.9803320	2.8469929	1.0000334	0.1292598	0.5575558	0.3370018	7299.9000000	0.0000000
2659.9911997	1485.0076465	13669.9298437	2.8216418	0.9720137	0.0713812	0.5569424	0.3549457	7302.6000000	0.0000000
2659.9911997	1490.0101286	13664.8900195	2.7959572	0.9439941	0.0553425	0.5477871	0.3595298	7305.3000000	0.0000000
2659.9911997	1495.0083197	13659.8501953	2.7706061	0.9159745	0.0622747	0.5391602	0.3573187	7308.0000000	0.0000000
2659.9911997	1500.0086715	13654.9970312	2.7449214	0.8879549	0.0609531	0.5577958	0.3564419	7310.6000000	0.0000000
2659.9911997	1505.0061784	13649.9639355	2.7195704	0.8599353	0.4812684	0.6038618	0.3477268	7313.3000000	0.0000000
2659.9911997	1510.0115275	13644.9380859	2.6938857	0.8319157	0.9816367	0.7060532	0.3607745	7316.0000000	0.0000000
2659.9911997	1515.0012567	13639.9122363	2.6685346	0.8038961	0.9772185	0.7005502	0.3500547	7318.7000000	0.0000000
2659.9911997	1520.0066103	13634.8863867	2.6428500	0.7758764	0.8363033	0.6457916	0.3607841	7321.4000000	0.0000000
2659.9911997	1525.0077139	13629.8709961	2.6174989	0.7478568	0.5996249	0.6177562	0.3751726	7324.1000000	0.0000000
2659.9911997	1530.0116427	13624.8585937	2.5921478	0.7198372	0.4266434	0.5931458	0.3881381	7326.8000000	0.0000000
2659.9911997	1535.0183774	13619.8461914	2.5664632	0.6921512	0.2078616	0.5671602	0.3844273	7329.5000000	0.0000000
2659.9911997	1540.0145659	13614.8348047	2.5411121	0.6641316	0.0878071	0.5442524	0.3847988	7332.2000000	0.0000000
2659.9911997	1545.0079704	13609.8361133	2.5154275	0.6361119	0.0264761	0.5416382	0.3940675	7334.9000000	0.0000000
