3079.9868183	1250.0093221	14324.8146680	4.0201474	1.9940625	0.0001196	0.0666243	0.1048184	6966.6000000	3080.0000000
3079.9868183	1254.9941143	14319.8827148	3.9944628	1.9660429	0.0003878	0.0597346	0.1039066	6969.0000000	0.0000000
3079.9868183	1260.0019540	14314.9507617	3.9691117	1.9380233	0.0001581	0.0660502	0.1109448	6971.4000000	0.0000000
3079.9868183	1265.0065966	14309.8684180	3.9434271	1.9100037	0.0008840	0.0623849	0.1103127	6973.9000000	0.0000000
3079.9868183	1270.0065068	14304.8034766	3.9180760	1.8819841	0.0005184	0.0618749	0.1216212	6976.4000000	0.0000000
3079.9868183	1275.0032816	14299.9411328	3.8923913	1.8539644	0.0003303	0.0590902	0.1300986	6978.8000000	0.0000000
3079.9868183	1280.0016522	14294.8761914	3.8670403	1.8259448	0.0001340	0.0600658	0.1384662	6981.3000000	0.0000000
3079.9868183	1285.0039494	14289.8724219	3.8413556	1.7979252	0.0006404	0.0563524	0.1424828	6983.8000000	0.0000000
3079.9868183	1290.0015653	14284.8924414	3.8160045	1.7699056	0.0002371	0.0590132	0.1492054	6986.3000000	0.0000000
3079.9868183	1295.0023166	14279.9124609	3.7906535	1.7418860	0.0002120	0.0644127	0.1537451	6988.8000000	0.0000000
3079.9868183	1300.0061827	14274.9324805	3.7649688	1.7138664	0.0001826	0.0677577	0.1578417	6991.3000000	0.0000000
3079.9868183	1305.0061646	14269.8269629	3.7396177	1.6858468	0.0001080	0.0701073	0.1546250	6993.9000000	0.0000000
3079.9868183	1310.0084776	14264.9439062	3.7139331	1.6581607	0.0003528	0.0617920	0.1662576	6996.4000000	0.0000000
3079.9868183	1315.0061629	14259.8655273	3.6885820	1.6301411	0.0002712	0.0616594	0.1804412	6999.0000000	0.0000000
3079.9868183	1320.0007853	14254.9824707	3.6628974	1.6021215	0.0006200	0.0565148	0.1877439	7001.5000000	0.0000000
3079.9868183	1325.0046642	14249.9961719	3.6375463	1.5741019	0.0004365	0.0655597	0.1875577	7004.1000000	0.0000000
3079.9868183	1330.0054664	14244.8408594	3.6118616	1.5460823	0.0009702	0.0696008	0.1942813	7006.8000000	0.0000000
3079.9868183	1334.9940251	14239.8764844	3.5865106	1.5180626	0.0001726	0.0608649	0.1895037	7009.4000000	0.0000000
3079.9868183	1339.9933394	14234.9121094	3.5611595	1.4900430	0.0001005	0.0715342	0.1966893	7012.0000000	0.0000000
3079.9868183	1344.9949594	14229.8345801	3.5354748	1.4620234	0.0005398	0.0641172	0.1957592	7014.7000000	0.0000000
3079.9868183	1349.9996284	14224.9451074	3.5101238	1.4340038	0.0002990	0.0636338	0.2131271	7017.3000000	0.0000000
3079.9868183	1355.0073124	14219.8675781	3.4844391	1.4059842	0.0004553	0.0558900	0.2278568	7020.0000000	0.0000000
3079.9868183	1360.0111868	14214.9655078	3.4590880	1.3779646	0.0003342	0.0635737	0.2190795	7022.6000000	0.0000000
3079.9868183	1365.0105236	14209.8312891	3.4334034	1.3499450	0.0003951	0.0696670	0.2396842	7025.3000000	0.0000000
3079.9868183	1370.0053554	14204.8872266	3.4080523	1.3219253	0.0001375	0.0616255	0.2482518	7027.9000000	0.0000000
3079.9868183	1375.0107430	14199.9431641	3.3823677	1.2939057	0.0003116	0.0635907	0.2521548	7030.5000000	0.0000000
3079.9868183	1380.0048644	14194.9709570	3.3570166	1.2658861	0.0001265	0.0623914	0.2370919	7033.1000000	0.0000000
3079.9868183	1385.0020152	14189.9603711	3.3316655	1.2378665	0.0003088	0.0645552	0.2509812	7035.7000000	0.0000000
3079.9868183	1390.0021764	14184.9497852	3.3059809	1.2098469	0.0001289	0.0663286	0.2550338	7038.3000000	0.0000000
3079.9868183	1395.0053283	14179.9391992	3.2806298	1.1821608	0.0003352	0.0654601	0.2658109	7040.9000000	0.0000000
3079.9868183	1400.0107098	14174.8946289	3.2549451	1.1541412	0.0001990	0.0573065	0.2684349	7043.5000000	0.0000000
3079.9868183	1405.0123646	14169.8251367	3.2295940	1.1261216	0.0001145	0.0603267	0.2823995	7046.1000000	0.0000000
3079.9868183	1410.0095813	14164.9506250	3.2039094	1.0981020	0.0002323	0.0561519	0.2809652	7048.6000000	0.0000000
3079.9868183	1415.0105118	14159.8811328	3.1785583	1.0700824	0.0002134	0.0579915	0.2916781	7051.2000000	0.0000000
3079.9868183	1420.0003845	14154.9732520	3.1528737	1.0420628	0.0006008	0.0673718	0.2909756	7053.7000000	0.0000000
3079.9868183	1425.0131305	14149.8527246	3.1275226	1.0140432	0.0004200	0.0745641	0.2834294	7056.3000000	0.0000000
3079.9868183	1430.0023232	14144.9291406	3.1018380	0.9860235	0.0007523	0.0872507	0.2896144	7058.8000000	0.0000000
3079.9868183	1435.0128346	14139.8086133	3.0764869	0.9580039	0.0002081	0.0739735	0.2924977	7061.4000000	0.0000000
3079.9868183	1440.0145261	14134.8531152	3.0511358	0.9299843	0.0007384	0.0661190	0.3032864	7063.9000000	0.0000000
3079.9868183	1445.0111172	14129.8875391	3.0254511	0.9019647	0.0003065	0.0774437	0.3149331	7066.4000000	0.0000000
3079.9868183	1450.0113701	14124.9219629	3.0001001	0.8739451	0.0001912	0.0721218	0.3354396	7068.9000000	0.0000000
3079.9868183	1455.0072718	14119.9563867	2.9744154	0.8459255	0.0002750	0.0707482	0.3271764	7071.4000000	0.0000000
3079.9868183	1460.0061008	14114.9644629	2.9490643	0.8179059	0.0005221	0.0599795	0.3295024	7073.9000000	0.0000000
3079.9868183	1465.0071186	14109.9642187	2.9233797	0.7898863	0.0006215	0.0581782	0.3408672	7076.4000000	0.0000000
3079.9868183	1470.0117513	14104.9639746	2.8980286	0.7618666	0.0003462	0.0648459	0.3351185	7078.9000000	0.0000000
3079.9868183	1475.0120503	14099.9637305	2.8723440	0.7338470	0.0004342	0.0718082	0.3417169	7081.4000000	0.0000000
3079.9868183	1480.0152336	14094.9430762	2.8469929	0.7061610	0.0007069	0.0718740	0.3575640	7083.9000000	0.0000000
3079.9868183	1485.0076465	14089.9159766	2.8216418	0.6781414	0.0004563	0.0767708	0.3660588	7086.4000000	0.0000000
3079.9868183	1490.0165779	14084.8888770	2.7959572	0.6501218	0.0003927	0.0782780	0.3735905	7088.9000000	0.0000000
3079.9868183	1495.0083197	14079.8617773	2.7706061	0.6221021	0.0005284	0.0781490	0.3716784	7091.4000000	0.0000000
3079.9868183	1500.0086715	14074.8196484	2.7449214	0.5940825	0.0006781	0.0621683	0.3723646	7093.9000000	0.0000000
3079.9868183	1505.0125874	14069.9746484	2.7195704	0.5660629	0.0004552	0.0526945	0.3627888	7096.3000000	0.0000000
3079.9868183	1510.0051304	14064.9277734	2.6938857	0.5380433	0.0007250	0.0686448	0.3682681	7098.8000000	0.0000000
3079.9868183	1515.0012567	14059.8808984	2.6685346	0.5100237	0.0010474	0.0678341	0.3660129	7101.3000000	0.0000000
3079.9868183	1519.9938555	14054.8252344	2.6428500	0.4820041	0.0005500	0.0650021	0.3718163	7103.8000000	0.0000000
3079.9868183	1525.0077139	14049.9685156	2.6174989	0.4539845	0.0007777	0.0671039	0.3824847	7106.2000000	0.0000000
3079.9868183	1530.0052970	14044.9094336	2.5921478	0.4259648	0.0001530	0.0656321	0.3790520	7108.7000000	0.0000000
3079.9868183	1535.0120450	14039.8503516	2.5664632	0.3979452	0.0003274	0.0636786	0.3905936	7111.2000000	0.0000000
3079.9868183	1540.0145659	14034.9905078	2.5411121	0.3699256	0.0004518	0.0595833	0.4070637	7113.6000000	0.0000000
3079.9868183	1545.0079704	14029.9265430	2.5154275	0.3419060	0.0003157	0.0569409	0.3952733	7116.1000000	0.0000000
