2869.9870299	1250.0093221	14114.9644629	4.0201474	2.1411655	0.0096819	0.6781809	0.1060507	7073.9000000	2870.0000000
2869.9870299	1255.0083965	14109.9642187	3.9944628	2.1131459	0.0101594	0.7192971	0.1064985	7076.4000000	0.0000000
2869.9870299	1260.0019540	14104.9639746	3.9691117	2.0851263	0.0161361	0.7078817	0.1104590	7078.9000000	0.0000000
2869.9870299	1265.0065966	14099.9637305	3.9434271	2.0571066	0.0411948	0.7288110	0.1131940	7081.4000000	0.0000000
2869.9870299	1270.0065068	14094.9430762	3.9180760	2.0290870	0.0584004	0.7348248	0.1151731	7083.9000000	0.0000000
2869.9870299	1275.0103515	14089.9159766	3.8923913	2.0010674	0.0459637	0.7496799	0.1268165	7086.4000000	0.0000000
2869.9870299	1280.0016522	14084.8888770	3.8670403	1.9730478	0.0318080	0.6987930	0.1441244	7088.9000000	0.0000000
2869.9870299	1285.0039494	14079.8617773	3.8413556	1.9450282	0.0159541	0.7348744	0.1420320	7091.4000000	0.0000000
2869.9870299	1290.0015653	14074.8196484	3.8160045	1.9170086	0.0116853	0.7356841	0.1537826	7093.9000000	0.0000000
2869.9870299	1295.0023166	14069.9746484	3.7906535	1.8889890	0.0079590	0.7474402	0.1513339	7096.3000000	0.0000000
2869.9870299	1299.9991879	14064.9277734	3.7649688	1.8609693	0.0080339	0.7315780	0.1527727	7098.8000000	0.0000000
2869.9870299	1305.0061646	14059.8808984	3.7396177	1.8329497	0.0075704	0.7384453	0.1604194	7101.3000000	0.0000000
2869.9870299	1310.0084776	14054.8252344	3.7139331	1.8049301	0.0084170	0.7509774	0.1711162	7103.8000000	0.0000000
2869.9870299	1315.0131095	14049.9685156	3.6885820	1.7769105	0.0054407	0.7354937	0.1763054	7106.2000000	0.0000000
2869.9870299	1320.0007853	14044.9094336	3.6628974	1.7488909	0.0057734	0.7397998	0.1777371	7108.7000000	0.0000000
2869.9870299	1325.0046642	14039.8503516	3.6375463	1.7208713	0.0124207	0.7357650	0.1882068	7111.2000000	0.0000000
2869.9870299	1330.0054664	14034.9905078	3.6118616	1.6928517	0.0209058	0.7449208	0.1959805	7113.6000000	0.0000000
2869.9870299	1335.0009231	14029.9265430	3.5865106	1.6651656	0.0344358	0.7390437	0.1958451	7116.1000000	0.0000000
2869.9870299	1339.9933394	14024.8625781	3.5611595	1.6371460	0.0541031	0.7362178	0.1976928	7118.6000000	0.0000000
2869.9870299	1344.9949594	14019.7986133	3.5354748	1.6091264	0.0653494	0.7363638	0.1919540	7121.1000000	0.0000000
2869.9870299	1350.0064703	14014.9385254	3.5101238	1.5811068	0.0895706	0.7608167	0.2035861	7123.5000000	0.0000000
2869.9870299	1355.0073124	14009.8767578	3.4844391	1.5530872	0.0755160	0.7511587	0.2147804	7126.0000000	0.0000000
2869.9870299	1360.0111868	14004.8149902	3.4590880	1.5250675	0.0446128	0.7373541	0.2273942	7128.5000000	0.0000000
2869.9870299	1365.0105236	13999.9556934	3.4334034	1.4970479	0.0195067	0.7158239	0.2375336	7130.9000000	0.0000000
2869.9870299	1370.0121378	13994.8995312	3.4080523	1.4690283	0.0073450	0.7355936	0.2368658	7133.4000000	0.0000000
2869.9870299	1375.0175101	13989.8477734	3.3823677	1.4410087	0.0032914	0.7521204	0.2371019	7135.9000000	0.0000000
2869.9870299	1380.0183702	13984.9980859	3.3570166	1.4129891	0.0036765	0.7379688	0.2311250	7138.3000000	0.0000000
2869.9870299	1385.0087539	13979.9463281	3.3316655	1.3849695	0.0038053	0.7451239	0.2336808	7140.8000000	0.0000000
2869.9870299	1390.0089011	13974.9034570	3.3059809	1.3569499	0.0021392	0.7359630	0.2481119	7143.3000000	0.0000000
2869.9870299	1395.0187476	13969.8687891	3.2806298	1.3289303	0.0154451	0.7444966	0.2549103	7145.8000000	0.0000000
2869.9870299	1400.0107098	13964.8341211	3.2549451	1.3009106	0.0119519	0.7420302	0.2651195	7148.3000000	0.0000000
2869.9870299	1405.0190454	13959.7994531	3.2295940	1.2728910	0.0177722	0.7576708	0.2766013	7150.8000000	0.0000000
2869.9870299	1410.0095813	13954.9780078	3.2039094	1.2448714	0.0222771	0.7439177	0.2722014	7153.2000000	0.0000000
2869.9870299	1415.0105118	13949.9679980	3.1785583	1.2168518	0.0136355	0.7570635	0.2798628	7155.7000000	0.0000000
2869.9870299	1420.0003845	13944.9579883	3.1528737	1.1891657	0.0144426	0.7423082	0.2818143	7158.2000000	0.0000000
2869.9870299	1425.0131305	13939.9479785	3.1275226	1.1611461	0.0151835	0.7474705	0.2821404	7160.7000000	0.0000000
2869.9870299	1430.0089334	13934.9533203	3.1018380	1.1331265	0.0054266	0.7382930	0.2812485	7163.2000000	0.0000000
2869.9870299	1435.0062360	13929.9752930	3.0764869	1.1051069	0.0086664	0.7499563	0.2862269	7165.7000000	0.0000000
2869.9870299	1440.0079430	13924.9972656	3.0511358	1.0770873	0.0180883	0.7453223	0.3014717	7168.2000000	0.0000000
2869.9870299	1445.0045465	13919.8201172	3.0254511	1.0490677	0.0213925	0.7542627	0.3099089	7170.8000000	0.0000000
2869.9870299	1450.0113701	13914.8625293	3.0001001	1.0210481	0.0093710	0.7503600	0.3155399	7173.3000000	0.0000000
2869.9870299	1455.0072718	13909.9238086	2.9744154	0.9930285	0.0075499	0.7466297	0.3220112	7175.8000000	0.0000000
2869.9870299	1460.0061008	13904.9850879	2.9490643	0.9650088	0.0105507	0.7552390	0.3234988	7178.3000000	0.0000000
2869.9870299	1465.0006021	13899.8488184	2.9233797	0.9369892	0.0117266	0.7506094	0.3230544	7180.9000000	0.0000000
2869.9870299	1470.0117513	13894.9363477	2.8980286	0.9089696	0.0139446	0.7511978	0.3288705	7183.4000000	0.0000000
2869.9870299	1475.0120503	13889.8488281	2.8723440	0.8809500	0.0108263	0.7457617	0.3404817	7186.0000000	0.0000000
2869.9870299	1480.0087583	13884.9569824	2.8469929	0.8529304	0.0076322	0.7437438	0.3384286	7188.5000000	0.0000000
2869.9870299	1485.0076465	13879.8694629	2.8216418	0.8249108	0.0196534	0.7516063	0.3488683	7191.1000000	0.0000000
2869.9870299	1490.0101286	13874.8187988	2.7959572	0.7968912	0.0260902	0.7563635	0.3691205	7193.7000000	0.0000000
2869.9870299	1495.0083197	13869.9811523	2.7706061	0.7688715	0.0524193	0.7544346	0.3723925	7196.2000000	0.0000000
2869.9870299	1500.0086715	13864.9500000	2.7449214	0.7408519	0.0863965	0.7574451	0.3644154	7198.8000000	0.0000000
2869.9870299	1505.0189963	13859.9188477	2.7195704	0.7131659	0.1323701	0.7512986	0.3614951	7201.4000000	0.0000000
2869.9870299	1510.0115275	13854.9367187	2.6938857	0.6851463	0.1711971	0.7611482	0.3605516	7204.0000000	0.0000000
2869.9870299	1514.9948621	13849.9692969	2.6685346	0.6571267	0.1957147	0.7660989	0.3717554	7206.6000000	0.0000000
2869.9870299	1520.0066103	13844.8108203	2.6428500	0.6291070	0.1139448	0.7505643	0.3773789	7209.3000000	0.0000000
2869.9870299	1525.0077139	13839.8433984	2.6174989	0.6010874	0.0425082	0.7568638	0.3853088	7211.9000000	0.0000000
2869.9870299	1530.0116427	13834.9450684	2.5921478	0.5730678	0.0120758	0.7436455	0.3933637	7214.5000000	0.0000000
2869.9870299	1535.0183774	13829.8612109	2.5664632	0.5450482	0.0094553	0.7453666	0.4041137	7217.2000000	0.0000000
2869.9870299	1540.0145659	13824.9656445	2.5411121	0.5170286	0.0030842	0.7363803	0.4030111	7219.8000000	0.0000000
2869.9870299	1545.0016629	13819.8970215	2.5154275	0.4890090	0.0017961	0.7461148	0.4032589	7222.5000000	0.0000000
