2909.9896988	1250.0093221	14154.9732520	4.0201474	2.1131459	0.0101230	0.5774209	0.1013573	7053.7000000	2910.0000000
2909.9896988	1255.0012629	14149.8527246	3.9944628	2.0851263	0.0110546	0.5991116	0.0999763	7056.3000000	0.0000000
2909.9896988	1260.0090730	14144.9291406	3.9691117	2.0571066	0.0146439	0.6117748	0.1077155	7058.8000000	0.0000000
2909.9896988	1264.9994933	14139.8086133	3.9434271	2.0290870	0.0183071	0.5914514	0.1154003	7061.4000000	0.0000000
2909.9896988	1270.0065068	14134.8531152	3.9180760	2.0010674	0.0172047	0.5996201	0.1206903	7063.9000000	0.0000000
2909.9896988	1275.0103515	14129.8875391	3.8923913	1.9730478	0.0196248	0.6113071	0.1248292	7066.4000000	0.0000000
2909.9896988	1280.0087077	14124.9219629	3.8670403	1.9450282	0.0143020	0.6019545	0.1351743	7068.9000000	0.0000000
2909.9896988	1285.0039494	14119.9563867	3.8413556	1.9170086	0.0115791	0.5894133	0.1454246	7071.4000000	0.0000000
2909.9896988	1290.0085889	14114.9644629	3.8160045	1.8889890	0.0087322	0.6102866	0.1466969	7073.9000000	0.0000000
2909.9896988	1295.0023166	14109.9642187	3.7906535	1.8609693	0.0071249	0.6111350	0.1603323	7076.4000000	0.0000000
2909.9896988	1300.0131757	14104.9639746	3.7649688	1.8329497	0.0032639	0.6072639	0.1577109	7078.9000000	0.0000000
2909.9896988	1305.0131413	14099.9637305	3.7396177	1.8049301	0.0093495	0.6013322	0.1594415	7081.4000000	0.0000000
2909.9896988	1310.0084776	14094.9430762	3.7139331	1.7769105	0.0143258	0.6092478	0.1669100	7083.9000000	0.0000000
2909.9896988	1315.0131095	14089.9159766	3.6885820	1.7488909	0.0167667	0.6117404	0.1796730	7086.4000000	0.0000000
2909.9896988	1320.0007853	14084.8888770	3.6628974	1.7208713	0.0181785	0.6056467	0.1921205	7088.9000000	0.0000000
2909.9896988	1325.0046642	14079.8617773	3.6375463	1.6928517	0.0135549	0.6076277	0.1986776	7091.4000000	0.0000000
2909.9896988	1330.0054664	14074.8196484	3.6118616	1.6651656	0.0061488	0.6127987	0.1977050	7093.9000000	0.0000000
2909.9896988	1335.0009231	14069.9746484	3.5865106	1.6371460	0.0037441	0.6064408	0.2025076	7096.3000000	0.0000000
2909.9896988	1339.9933394	14064.9277734	3.5611595	1.6091264	0.0057666	0.6120918	0.1926853	7098.8000000	0.0000000
2909.9896988	1345.0018259	14059.8808984	3.5354748	1.5811068	0.0105309	0.6000136	0.2120972	7101.3000000	0.0000000
2909.9896988	1350.0064703	14054.8252344	3.5101238	1.5530872	0.0061298	0.6045343	0.2270490	7103.8000000	0.0000000
2909.9896988	1355.0004858	14049.9685156	3.4844391	1.5250675	0.0069413	0.6157344	0.2290232	7106.2000000	0.0000000
2909.9896988	1360.0111868	14044.9094336	3.4590880	1.4970479	0.0039030	0.6102971	0.2377256	7108.7000000	0.0000000
2909.9896988	1365.0037279	14039.8503516	3.4334034	1.4690283	0.0024291	0.6162256	0.2401533	7111.2000000	0.0000000
2909.9896988	1370.0053554	14034.9905078	3.4080523	1.4410087	0.0035848	0.6102704	0.2426387	7113.6000000	0.0000000
2909.9896988	1375.0107430	14029.9265430	3.3823677	1.4129891	0.0066810	0.5977081	0.2416379	7116.1000000	0.0000000
2909.9896988	1380.0183702	14024.8625781	3.3570166	1.3849695	0.0268619	0.6037869	0.2546052	7118.6000000	0.0000000
2909.9896988	1385.0087539	14019.7986133	3.3316655	1.3569499	0.0312291	0.6135405	0.2475792	7121.1000000	0.0000000
2909.9896988	1390.0089011	14014.9385254	3.3059809	1.3289303	0.0315345	0.6147651	0.2528441	7123.5000000	0.0000000
2909.9896988	1395.0187476	14009.8767578	3.2806298	1.3009106	0.0310599	0.6069733	0.2684910	7126.0000000	0.0000000
2909.9896988	1400.0174055	14004.8149902	3.2549451	1.2728910	0.0286241	0.5987315	0.2763728	7128.5000000	0.0000000
2909.9896988	1405.0190454	13999.9556934	3.2295940	1.2448714	0.0261641	0.6097261	0.2781534	7130.9000000	0.0000000
2909.9896988	1410.0095813	13994.8995312	3.2039094	1.2168518	0.0242128	0.6026555	0.2876581	7133.4000000	0.0000000
2909.9896988	1415.0105118	13989.8477734	3.1785583	1.1891657	0.0171971	0.5977441	0.2860341	7135.9000000	0.0000000
2909.9896988	1420.0070239	13984.9980859	3.1528737	1.1611461	0.0242064	0.5960451	0.2835055	7138.3000000	0.0000000
2909.9896988	1425.0197563	13979.9463281	3.1275226	1.1331265	0.0235952	0.5979839	0.2821751	7140.8000000	0.0000000
2909.9896988	1430.0089334	13974.9034570	3.1018380	1.1051069	0.0177280	0.6057262	0.2836720	7143.3000000	0.0000000
2909.9896988	1435.0128346	13969.8687891	3.0764869	1.0770873	0.0065236	0.6116428	0.2909514	7145.8000000	0.0000000
2909.9896988	1440.0145261	13964.8341211	3.0511358	1.0490677	0.0185721	0.6111913	0.3062781	7148.3000000	0.0000000
2909.9896988	1445.0111172	13959.7994531	3.0254511	1.0210481	0.0063157	0.5962511	0.3166067	7150.8000000	0.0000000
2909.9896988	1450.0113701	13954.9780078	3.0001001	0.9930285	0.0088375	0.6100256	0.3325631	7153.2000000	0.0000000
2909.9896988	1455.0138148	13949.9679980	2.9744154	0.9650088	0.0033091	0.6035739	0.3275951	7155.7000000	0.0000000
2909.9896988	1460.0126296	13944.9579883	2.9490643	0.9369892	0.0089092	0.6134681	0.3269948	7158.2000000	0.0000000
2909.9896988	1465.0071186	13939.9479785	2.9233797	0.9089696	0.0149592	0.6187098	0.3198516	7160.7000000	0.0000000
2909.9896988	1470.0182537	13934.9533203	2.8980286	0.8809500	0.0035135	0.6134756	0.3254152	7163.2000000	0.0000000
2909.9896988	1475.0185396	13929.9752930	2.8723440	0.8529304	0.0086628	0.6098557	0.3412723	7165.7000000	0.0000000
2909.9896988	1480.0152336	13924.9972656	2.8469929	0.8249108	0.0175077	0.6069617	0.3441099	7168.2000000	0.0000000
2909.9896988	1485.0011833	13919.8201172	2.8216418	0.7968912	0.0277675	0.6078256	0.3672902	7170.8000000	0.0000000
2909.9896988	1490.0101286	13914.8625293	2.7959572	0.7688715	0.0372760	0.6176972	0.3729182	7173.3000000	0.0000000
2909.9896988	1495.0018842	13909.9238086	2.7706061	0.7408519	0.0351162	0.6112758	0.3750521	7175.8000000	0.0000000
2909.9896988	1500.0086715	13904.9850879	2.7449214	0.7131659	0.0384967	0.6202025	0.3655150	7178.3000000	0.0000000
2909.9896988	1505.0125874	13899.8488184	2.7195704	0.6851463	0.0386984	0.6021301	0.3600936	7180.9000000	0.0000000
2909.9896988	1510.0051304	13894.9363477	2.6938857	0.6571267	0.0476256	0.5999330	0.3654396	7183.4000000	0.0000000
2909.9896988	1515.0076411	13889.8488281	2.6685346	0.6291070	0.0578425	0.5840023	0.3738274	7186.0000000	0.0000000
2909.9896988	1520.0066103	13884.9569824	2.6428500	0.6010874	0.0424984	0.6121766	0.3750156	7188.5000000	0.0000000
2909.9896988	1525.0140722	13879.8694629	2.6174989	0.5730678	0.0328396	0.6091061	0.3898047	7191.1000000	0.0000000
2909.9896988	1530.0052970	13874.8187988	2.5921478	0.5450482	0.0182266	0.6033936	0.3947247	7193.7000000	0.0000000
2909.9896988	1535.0247097	13869.9811523	2.5664632	0.5170286	0.0040330	0.5928410	0.4057572	7196.2000000	0.0000000
2909.9896988	1540.0145659	13864.9500000	2.5411121	0.4890090	0.0026710	0.6001023	0.4083536	7198.8000000	0.0000000
2909.9896988	1545.0142779	13859.9188477	2.5154275	0.4609894	0.0005518	0.5680879	0.3964022	7201.4000000	0.0000000
