2809.9936604	1250.0093221	14054.8252344	4.0201474	2.1828613	0.0187963	0.9429058	0.0998977	7103.8000000	2810.0000000
2809.9936604	1255.0012629	14049.9685156	3.9944628	2.1548417	0.0202491	0.8848524	0.1052229	7106.2000000	0.0000000
2809.9936604	1260.0019540	14044.9094336	3.9691117	2.1271557	0.0294431	0.9302617	0.1098798	7108.7000000	0.0000000
2809.9936604	1265.0065966	14039.8503516	3.9434271	2.0991361	0.0478623	0.9165258	0.1094803	7111.2000000	0.0000000
2809.9936604	1270.0065068	14034.9905078	3.9180760	2.0711164	0.0701553	0.9282819	0.1165654	7113.6000000	0.0000000
2809.9936604	1275.0103515	14029.9265430	3.8923913	2.0430968	0.1425111	0.9122896	0.1287080	7116.1000000	0.0000000
2809.9936604	1280.0087077	14024.8625781	3.8670403	2.0150772	0.2033237	0.9449273	0.1308861	7118.6000000	0.0000000
2809.9936604	1285.0109883	14019.7986133	3.8413556	1.9870576	0.2000085	0.9443366	0.1332883	7121.1000000	0.0000000
2809.9936604	1290.0015653	14014.9385254	3.8160045	1.9590380	0.1856833	0.9541632	0.1465688	7123.5000000	0.0000000
2809.9936604	1295.0023166	14009.8767578	3.7906535	1.9310184	0.1137472	0.9477017	0.1523041	7126.0000000	0.0000000
2809.9936604	1300.0061827	14004.8149902	3.7649688	1.9029988	0.0580059	0.9368004	0.1536992	7128.5000000	0.0000000
2809.9936604	1305.0061646	13999.9556934	3.7396177	1.8749792	0.0395863	0.9325546	0.1612772	7130.9000000	0.0000000
2809.9936604	1310.0084776	13994.8995312	3.7139331	1.8469595	0.0356333	0.9147960	0.1665823	7133.4000000	0.0000000
2809.9936604	1315.0061629	13989.8477734	3.6885820	1.8189399	0.0312963	0.9333545	0.1744314	7135.9000000	0.0000000
2809.9936604	1320.0007853	13984.9980859	3.6628974	1.7909203	0.0261919	0.9204972	0.1849928	7138.3000000	0.0000000
2809.9936604	1325.0046642	13979.9463281	3.6375463	1.7629007	0.0204370	0.9192692	0.1837782	7140.8000000	0.0000000
2809.9936604	1330.0054664	13974.9034570	3.6118616	1.7348811	0.0080598	0.9291814	0.1945585	7143.3000000	0.0000000
2809.9936604	1335.0078092	13969.8687891	3.5865106	1.7068615	0.0639064	0.9279152	0.2017932	7145.8000000	0.0000000
2809.9936604	1340.0002250	13964.8341211	3.5611595	1.6788419	0.0754908	0.9376369	0.1971870	7148.3000000	0.0000000
2809.9936604	1345.0018259	13959.7994531	3.5354748	1.6511558	0.0259454	0.9078158	0.2063032	7150.8000000	0.0000000
2809.9936604	1350.0064703	13954.9780078	3.5101238	1.6231362	0.0227318	0.9256187	0.2096514	7153.2000000	0.0000000
2809.9936604	1355.0004858	13949.9679980	3.4844391	1.5951166	0.0113678	0.9042899	0.2241406	7155.7000000	0.0000000
2809.9936604	1360.0111868	13944.9579883	3.4590880	1.5670970	0.0024208	0.9090224	0.2322455	7158.2000000	0.0000000
2809.9936604	1365.0037279	13939.9479785	3.4334034	1.5390774	0.0152491	0.9259234	0.2383201	7160.7000000	0.0000000
2809.9936604	1370.0121378	13934.9533203	3.4080523	1.5110577	0.0118816	0.9135569	0.2365335	7163.2000000	0.0000000
2809.9936604	1375.0107430	13929.9752930	3.3823677	1.4830381	0.0292664	0.9229790	0.2345099	7165.7000000	0.0000000
2809.9936604	1380.0183702	13924.9972656	3.3570166	1.4550185	0.0236296	0.8873255	0.2294750	7168.2000000	0.0000000
2809.9936604	1385.0154927	13919.8201172	3.3316655	1.4269989	0.0221509	0.8945845	0.2403678	7170.8000000	0.0000000
2809.9936604	1390.0089011	13914.8625293	3.3059809	1.3989793	0.0189729	0.9120404	0.2404397	7173.3000000	0.0000000
2809.9936604	1395.0120380	13909.9238086	3.2806298	1.3709597	0.0138427	0.9159678	0.2524879	7175.8000000	0.0000000
2809.9936604	1400.0107098	13904.9850879	3.2549451	1.3429401	0.0101421	0.9108832	0.2591628	7178.3000000	0.0000000
2809.9936604	1405.0123646	13899.8488184	3.2295940	1.3149204	0.0142972	0.9003195	0.2734164	7180.9000000	0.0000000
2809.9936604	1410.0162492	13894.9363477	3.2039094	1.2869008	0.0207860	0.9037553	0.2706360	7183.4000000	0.0000000
2809.9936604	1415.0171650	13889.8488281	3.1785583	1.2588812	0.0382869	0.9317228	0.2771073	7186.0000000	0.0000000
2809.9936604	1420.0070239	13884.9569824	3.1528737	1.2308616	0.0359478	0.9107442	0.2794298	7188.5000000	0.0000000
2809.9936604	1425.0197563	13879.8694629	3.1275226	1.2028420	0.0614967	0.9260147	0.2956526	7191.1000000	0.0000000
2809.9936604	1430.0089334	13874.8187988	3.1018380	1.1751559	0.0493834	0.9006985	0.2808669	7193.7000000	0.0000000
2809.9936604	1435.0128346	13869.9811523	3.0764869	1.1471363	0.0328726	0.8778374	0.2916282	7196.2000000	0.0000000
2809.9936604	1440.0079430	13864.9500000	3.0511358	1.1191167	0.0184304	0.9063017	0.3062924	7198.8000000	0.0000000
2809.9936604	1445.0176878	13859.9188477	3.0254511	1.0910971	0.0063198	0.9355444	0.3107341	7201.4000000	0.0000000
2809.9936604	1450.0113701	13854.9367187	3.0001001	1.0630775	0.0113590	0.8810423	0.3283916	7204.0000000	0.0000000
2809.9936604	1455.0203578	13849.9692969	2.9744154	1.0350579	0.0219268	0.9028373	0.3206414	7206.6000000	0.0000000
2809.9936604	1460.0126296	13844.8108203	2.9490643	1.0070383	0.0323429	0.9112865	0.3264005	7209.3000000	0.0000000
2809.9936604	1465.0071186	13839.8433984	2.9233797	0.9790186	0.0280205	0.9112869	0.3284553	7211.9000000	0.0000000
2809.9936604	1470.0117513	13834.9450684	2.8980286	0.9509990	0.0166411	0.8968858	0.3213778	7214.5000000	0.0000000
2809.9936604	1475.0185396	13829.8612109	2.8723440	0.9229794	0.0335226	0.9081091	0.3343241	7217.2000000	0.0000000
2809.9936604	1480.0152336	13824.9656445	2.8469929	0.8949598	0.0202516	0.9091365	0.3387543	7219.8000000	0.0000000
2809.9936604	1485.0141097	13819.8970215	2.8216418	0.8669402	0.0218617	0.9085966	0.3566137	7222.5000000	0.0000000
2809.9936604	1490.0101286	13814.8954297	2.7959572	0.8389206	0.0323358	0.9077254	0.3688245	7225.2000000	0.0000000
2809.9936604	1495.0083197	13809.8938379	2.7706061	0.8109010	0.0448870	0.9060924	0.3737164	7227.9000000	0.0000000
2809.9936604	1500.0086715	13804.8922461	2.7449214	0.7828814	0.0694934	0.8896517	0.3590220	7230.6000000	0.0000000
2809.9936604	1505.0125874	13799.9363574	2.7195704	0.7548617	0.1190479	0.9200960	0.3559807	7233.3000000	0.0000000
2809.9936604	1510.0115275	13794.8479590	2.6938857	0.7268421	0.1293760	0.9221983	0.3562427	7236.1000000	0.0000000
2809.9936604	1515.0012567	13789.9412891	2.6685346	0.6991561	0.1150125	0.9273339	0.3578252	7238.8000000	0.0000000
2809.9936604	1520.0129811	13784.8528906	2.6428500	0.6711365	0.1886306	0.9250259	0.3698004	7241.6000000	0.0000000
2809.9936604	1525.0077139	13779.9513477	2.6174989	0.6431168	0.1918667	0.9325011	0.3813246	7244.2000000	0.0000000
2809.9936604	1530.0052970	13774.8279395	2.5921478	0.6150972	0.0472139	0.8974696	0.3859574	7246.9000000	0.0000000
2809.9936604	1535.0183774	13769.8942871	2.5664632	0.5870776	0.0336041	0.9019915	0.3952659	7249.5000000	0.0000000
2809.9936604	1540.0145659	13764.9611523	2.5411121	0.5590580	0.0393236	0.9077545	0.3916115	7252.1000000	0.0000000
2809.9936604	1545.0079704	13759.8517187	2.5154275	0.5310384	0.0198125	0.8899595	0.3906813	7254.8000000	0.0000000
