3009.9835420	1250.0093221	14254.9824707	4.0201474	2.0430968	0.0011927	0.3017163	0.1139005	7001.5000000	3010.0000000
3009.9835420	1255.0012629	14249.9961719	3.9944628	2.0150772	0.0021243	0.2850377	0.1129835	7004.1000000	0.0000000
3009.9835420	1260.0019540	14244.8408594	3.9691117	1.9870576	0.0031237	0.2943591	0.1194027	7006.8000000	0.0000000
3009.9835420	1265.0065966	14239.8764844	3.9434271	1.9590380	0.0029968	0.2930392	0.1255121	7009.4000000	0.0000000
3009.9835420	1270.0065068	14234.9121094	3.9180760	1.9310184	0.0038829	0.2901699	0.1298624	7012.0000000	0.0000000
3009.9835420	1275.0032816	14229.8345801	3.8923913	1.9029988	0.0040474	0.2883080	0.1343906	7014.7000000	0.0000000
3009.9835420	1280.0016522	14224.9451074	3.8670403	1.8749792	0.0034430	0.2964724	0.1459255	7017.3000000	0.0000000
3009.9835420	1285.0039494	14219.8675781	3.8413556	1.8469595	0.0029735	0.2875807	0.1550630	7020.0000000	0.0000000
3009.9835420	1290.0015653	14214.9655078	3.8160045	1.8189399	0.0015034	0.2850103	0.1582562	7022.6000000	0.0000000
3009.9835420	1295.0023166	14209.8312891	3.7906535	1.7909203	0.0017683	0.2923391	0.1610685	7025.3000000	0.0000000
3009.9835420	1300.0061827	14204.8872266	3.7649688	1.7629007	0.0017031	0.2844534	0.1711804	7027.9000000	0.0000000
3009.9835420	1305.0131413	14199.9431641	3.7396177	1.7348811	0.0017784	0.2951531	0.1739498	7030.5000000	0.0000000
3009.9835420	1310.0084776	14194.9709570	3.7139331	1.7068615	0.0011746	0.2754985	0.1774847	7033.1000000	0.0000000
3009.9835420	1315.0061629	14189.9603711	3.6885820	1.6788419	0.0009784	0.2990367	0.1915256	7035.7000000	0.0000000
3009.9835420	1320.0007853	14184.9497852	3.6628974	1.6511558	0.0013674	0.2907153	0.2022706	7038.3000000	0.0000000
3009.9835420	1325.0046642	14179.9391992	3.6375463	1.6231362	0.0012321	0.2870098	0.2077422	7040.9000000	0.0000000
3009.9835420	1330.0054664	14174.8946289	3.6118616	1.5951166	0.0014707	0.2909625	0.2154916	7043.5000000	0.0000000
3009.9835420	1335.0009231	14169.8251367	3.5865106	1.5670970	0.0013114	0.2839099	0.2147074	7046.1000000	0.0000000
3009.9835420	1339.9933394	14164.9506250	3.5611595	1.5390774	0.0016228	0.2908005	0.2221613	7048.6000000	0.0000000
3009.9835420	1345.0018259	14159.8811328	3.5354748	1.5110577	0.0025459	0.2945935	0.2184769	7051.2000000	0.0000000
3009.9835420	1349.9996284	14154.9732520	3.5101238	1.4830381	0.0016028	0.2872483	0.2309147	7053.7000000	0.0000000
3009.9835420	1355.0073124	14149.8527246	3.4844391	1.4550185	0.0021920	0.2814102	0.2316857	7056.3000000	0.0000000
3009.9835420	1360.0111868	14144.9291406	3.4590880	1.4269989	0.0013353	0.2999269	0.2438118	7058.8000000	0.0000000
3009.9835420	1365.0105236	14139.8086133	3.4334034	1.3989793	0.0013977	0.2977262	0.2416450	7061.4000000	0.0000000
3009.9835420	1370.0053554	14134.8531152	3.4080523	1.3709597	0.0013535	0.2936327	0.2524127	7063.9000000	0.0000000
3009.9835420	1375.0107430	14129.8875391	3.3823677	1.3429401	0.0011747	0.2933922	0.2570040	7066.4000000	0.0000000
3009.9835420	1380.0116173	14124.9219629	3.3570166	1.3149204	0.0009812	0.2984450	0.2500845	7068.9000000	0.0000000
3009.9835420	1385.0020152	14119.9563867	3.3316655	1.2869008	0.0013503	0.3006113	0.2613884	7071.4000000	0.0000000
3009.9835420	1390.0089011	14114.9644629	3.3059809	1.2588812	0.0007563	0.2985407	0.2635112	7073.9000000	0.0000000
3009.9835420	1395.0120380	14109.9642187	3.2806298	1.2308616	0.0004375	0.3021480	0.2724675	7076.4000000	0.0000000
3009.9835420	1400.0107098	14104.9639746	3.2549451	1.2028420	0.0003043	0.2915697	0.2804760	7078.9000000	0.0000000
3009.9835420	1405.0123646	14099.9637305	3.2295940	1.1751559	0.0028033	0.2954352	0.2897407	7081.4000000	0.0000000
3009.9835420	1410.0095813	14094.9430762	3.2039094	1.1471363	0.0060264	0.2907831	0.3004124	7083.9000000	0.0000000
3009.9835420	1415.0105118	14089.9159766	3.1785583	1.1191167	0.0046033	0.3042067	0.3056290	7086.4000000	0.0000000
3009.9835420	1420.0070239	14084.8888770	3.1528737	1.3712932	0.0048339	0.2917167	0.2913519	7088.9000000	0.0000000
3009.9835420	1425.0131305	14079.8617773	3.1275226	1.0630775	0.0040190	0.3016350	0.2979876	7091.4000000	0.0000000
3009.9835420	1430.0089334	14074.8196484	3.1018380	1.0350579	0.0029119	0.3113738	0.2995432	7093.9000000	0.0000000
3009.9835420	1435.0128346	14069.9746484	3.0764869	1.0070383	0.0022822	0.3010370	0.3198417	7096.3000000	0.0000000
3009.9835420	1440.0013598	14064.9277734	3.0511358	0.9790186	0.0016627	0.2983766	0.3301384	7098.8000000	0.0000000
3009.9835420	1445.0111172	14059.8808984	3.0254511	0.9509990	0.0010422	0.3002490	0.3396774	7101.3000000	0.0000000
3009.9835420	1450.0113701	14054.8252344	3.0001001	0.9229794	0.0007463	0.2948250	0.3383926	7103.8000000	0.0000000
3009.9835420	1455.0138148	14049.9685156	2.9744154	0.8949598	0.0008613	0.3055043	0.3446372	7106.2000000	0.0000000
3009.9835420	1460.0061008	14044.9094336	2.9490643	0.8669402	0.0006251	0.2919053	0.3540111	7108.7000000	0.0000000
3009.9835420	1465.0006021	14039.8503516	2.9233797	0.8389206	0.0010806	0.2934520	0.3479159	7111.2000000	0.0000000
3009.9835420	1470.0117513	14034.9905078	2.8980286	0.8109010	0.0011058	0.2929600	0.3371884	7113.6000000	0.0000000
3009.9835420	1475.0120503	14029.9265430	2.8723440	0.7828814	0.0038041	0.2992036	0.3545056	7116.1000000	0.0000000
3009.9835420	1480.0087583	14024.8625781	2.8469929	0.7548617	0.0037776	0.2993278	0.3630593	7118.6000000	0.0000000
3009.9835420	1485.0141097	14019.7986133	2.8216418	0.7268421	0.0020146	0.2884935	0.3723656	7121.1000000	0.0000000
3009.9835420	1490.0036793	14014.9385254	2.7959572	0.6991561	0.0048368	0.3001292	0.3887629	7123.5000000	0.0000000
3009.9835420	1495.0147552	14009.8767578	2.7706061	0.6711365	0.0092797	0.3005398	0.3888464	7126.0000000	0.0000000
3009.9835420	1500.0086715	14004.8149902	2.7449214	0.6431168	0.0079448	0.3041776	0.3792122	7128.5000000	0.0000000
3009.9835420	1505.0061784	13999.9556934	2.7195704	0.6150972	0.0087659	0.3030902	0.3784647	7130.9000000	0.0000000
3009.9835420	1510.0115275	13994.8995312	2.6938857	0.5870776	0.0053418	0.3070888	0.3836643	7133.4000000	0.0000000
3009.9835420	1515.0012567	13989.8477734	2.6685346	0.5590580	0.0042291	0.2996560	0.3761420	7135.9000000	0.0000000
3009.9835420	1520.0066103	13984.9980859	2.6428500	0.5310384	0.0025271	0.3013538	0.4018919	7138.3000000	0.0000000
3009.9835420	1525.0140722	13979.9463281	2.6174989	0.5030188	0.0016171	0.3021558	0.4040338	7140.8000000	0.0000000
3009.9835420	1530.0116427	13974.9034570	2.5921478	0.4749992	0.0003959	0.2912992	0.4129629	7143.3000000	0.0000000
3009.9835420	1535.0183774	13969.8687891	2.5664632	0.4469796	0.0019825	0.2944176	0.4165194	7145.8000000	0.0000000
3009.9835420	1540.0145659	13964.8341211	2.5411121	0.4189599	0.0024928	0.2987358	0.4132545	7148.3000000	0.0000000
3009.9835420	1545.0079704	13959.7994531	2.5154275	0.3909403	0.0009497	0.2868541	0.4129553	7150.8000000	0.0000000
