2609.9925582	1250.0093221	13854.9367187	4.0201474	2.3229594	0.0399083	0.4042975	0.1018389	7204.0000000	2610.0000000
2609.9925582	1255.0012629	13849.9692969	3.9944628	2.2949398	0.0717065	0.4044264	0.0976857	7206.6000000	0.0000000
2609.9925582	1260.0090730	13844.8108203	3.9691117	2.2669202	0.0788662	0.4080720	0.1112881	7209.3000000	0.0000000
2609.9925582	1265.0136988	13839.8433984	3.9434271	2.2389006	0.0699485	0.4036869	0.1087712	7211.9000000	0.0000000
2609.9925582	1270.0065068	13834.9450684	3.9180760	2.2108809	0.0907301	0.4072782	0.1213455	7214.5000000	0.0000000
2609.9925582	1275.0103515	13829.8612109	3.8923913	2.1828613	0.1137611	0.4083735	0.1247336	7217.2000000	0.0000000
2609.9925582	1280.0016522	13824.9656445	3.8670403	2.1548417	0.1257330	0.4146238	0.1309926	7219.8000000	0.0000000
2609.9925582	1285.0039494	13819.8970215	3.8413556	2.1271557	0.0889127	0.4188645	0.1465475	7222.5000000	0.0000000
2609.9925582	1290.0015653	13814.8954297	3.8160045	2.0991361	0.0448408	0.4098005	0.1557853	7225.2000000	0.0000000
2609.9925582	1295.0023166	13809.8938379	3.7906535	2.0711164	0.0261333	0.4093568	0.1562235	7227.9000000	0.0000000
2609.9925582	1300.0061827	13804.8922461	3.7649688	2.0430968	0.0266295	0.4069763	0.1570454	7230.6000000	0.0000000
2609.9925582	1305.0131413	13799.9363574	3.7396177	2.0150772	0.0333276	0.4125889	0.1637753	7233.3000000	0.0000000
2609.9925582	1310.0084776	13794.8479590	3.7139331	1.9870576	0.0307054	0.3997954	0.1684594	7236.1000000	0.0000000
2609.9925582	1315.0061629	13789.9412891	3.6885820	1.9590380	0.0311847	0.3923069	0.1775042	7238.8000000	0.0000000
2609.9925582	1320.0077159	13784.8528906	3.6628974	1.9310184	0.0636201	0.4113646	0.1857594	7241.6000000	0.0000000
2609.9925582	1325.0046642	13779.9513477	3.6375463	1.9029988	0.0606162	0.4018341	0.2034498	7244.2000000	0.0000000
2609.9925582	1330.0054664	13774.8279395	3.6118616	1.8749792	0.0287061	0.3993375	0.2009403	7246.9000000	0.0000000
2609.9925582	1335.0009231	13769.8942871	3.5865106	1.8469595	0.0668674	0.4114303	0.2058243	7249.5000000	0.0000000
2609.9925582	1339.9933394	13764.9611523	3.5611595	1.8189399	0.0966101	0.4258252	0.2055647	7252.1000000	0.0000000
2609.9925582	1344.9949594	13759.8517187	3.5354748	1.7909203	0.0370928	0.3995859	0.2083899	7254.8000000	0.0000000
2609.9925582	1350.0133115	13754.9315234	3.5101238	1.7629007	0.0265811	0.3993981	0.2152850	7257.4000000	0.0000000
2609.9925582	1355.0073124	13749.8220898	3.4844391	1.7348811	0.0248978	0.3958605	0.2237887	7260.1000000	0.0000000
2609.9925582	1360.0111868	13744.9055859	3.4590880	1.7068615	0.0268551	0.4083988	0.2278086	7262.7000000	0.0000000
2609.9925582	1365.0037279	13739.9991016	3.4334034	1.6788419	0.0477271	0.4146542	0.2362548	7265.3000000	0.0000000
2609.9925582	1370.0053554	13734.9039062	3.4080523	1.6511558	0.0398525	0.4161211	0.2402461	7268.0000000	0.0000000
2609.9925582	1375.0107430	13729.9974219	3.3823677	1.6231362	0.0218103	0.4049877	0.2368652	7270.6000000	0.0000000
2609.9925582	1380.0116173	13724.9088281	3.3570166	1.5951166	0.0207600	0.4064961	0.2360949	7273.3000000	0.0000000
2609.9925582	1385.0154927	13719.8273437	3.3316655	1.5670970	0.0230918	0.4013666	0.2458107	7276.0000000	0.0000000
2609.9925582	1390.0156257	13714.9340625	3.3059809	1.5390774	0.0308055	0.4059334	0.2493721	7278.6000000	0.0000000
2609.9925582	1395.0053283	13709.8525781	3.2806298	1.5110577	0.0305625	0.4105870	0.2513611	7281.3000000	0.0000000
2609.9925582	1400.0040141	13704.9691309	3.2549451	1.4830381	0.0171136	0.4028370	0.2611003	7283.9000000	0.0000000
2609.9925582	1405.0190454	13699.9016211	3.2295940	1.4550185	0.0123251	0.4079749	0.2750344	7286.6000000	0.0000000
2609.9925582	1410.0095813	13694.8341113	3.2039094	1.4269989	0.0220123	0.4029901	0.2889979	7289.3000000	0.0000000
2609.9925582	1415.0171650	13689.9542871	3.1785583	1.3989793	0.0206046	0.4089874	0.2843344	7291.9000000	0.0000000
2609.9925582	1420.0070239	13684.9002344	3.1528737	1.3709597	0.0378114	0.4067566	0.2918127	7294.6000000	0.0000000
2609.9925582	1425.0197563	13679.8466992	3.1275226	1.3429401	0.2112117	0.4290419	0.2774264	7297.3000000	0.0000000
2609.9925582	1430.0089334	13674.9803320	3.1018380	1.3149204	0.3296896	0.4405419	0.2897505	7299.9000000	0.0000000
2609.9925582	1435.0128346	13669.9298437	3.0764869	1.2869008	0.1936812	0.4276672	0.2921895	7302.6000000	0.0000000
2609.9925582	1440.0079430	13664.8900195	3.0511358	1.2588812	0.1007920	0.4193777	0.2984172	7305.3000000	0.0000000
2609.9925582	1445.0111172	13659.8501953	3.0254511	1.2308616	0.0290875	0.4034155	0.3230093	7308.0000000	0.0000000
2609.9925582	1450.0113701	13654.9970312	3.0001001	1.2028420	0.0030024	0.4112233	0.3195684	7310.6000000	0.0000000
2609.9925582	1455.0072718	13649.9639355	2.9744154	1.1751559	0.0375665	0.3989475	0.3213889	7313.3000000	0.0000000
2609.9925582	1460.0126296	13644.9380859	2.9490643	1.1471363	0.2100283	0.4291348	0.3313876	7316.0000000	0.0000000
2609.9925582	1465.0071186	13639.9122363	2.9233797	1.1191167	0.2842231	0.4373029	0.3261480	7318.7000000	0.0000000
2609.9925582	1470.0117513	13634.8863867	2.8980286	1.0910971	0.1530326	0.4202146	0.3326414	7321.4000000	0.0000000
2609.9925582	1475.0185396	13629.8709961	2.8723440	1.0630775	0.0807640	0.4107582	0.3424937	7324.1000000	0.0000000
2609.9925582	1480.0087583	13624.8585937	2.8469929	1.0350579	0.0949652	0.4119812	0.3561295	7326.8000000	0.0000000
2609.9925582	1485.0076465	13619.8461914	2.8216418	1.0070383	0.0631422	0.4026652	0.3538270	7329.5000000	0.0000000
2609.9925582	1490.0036793	13614.8348047	2.7959572	0.9790186	0.0693025	0.4055013	0.3871763	7332.2000000	0.0000000
2609.9925582	1495.0083197	13609.8361133	2.7706061	0.9509990	0.1226398	0.4079987	0.3814149	7334.9000000	0.0000000
2609.9925582	1500.0086715	13604.8374219	2.7449214	0.9229794	0.1666196	0.4219935	0.3825214	7337.6000000	0.0000000
2609.9925582	1505.0061784	13599.8387305	2.7195704	0.8949598	0.2319346	0.4204774	0.3665404	7340.3000000	0.0000000
2609.9925582	1510.0115275	13594.8450195	2.6938857	0.8669402	0.3046432	0.4307677	0.3676388	7343.0000000	0.0000000
2609.9925582	1515.0076411	13589.8597754	2.6685346	0.8389206	0.3263699	0.4205879	0.3701858	7345.7000000	0.0000000
2609.9925582	1520.0066103	13584.8745312	2.6428500	0.8109010	0.3773932	0.4430488	0.3677727	7348.4000000	0.0000000
2609.9925582	1525.0140722	13579.8892871	2.6174989	0.7828814	0.1887916	0.4080538	0.3887925	7351.1000000	0.0000000
2609.9925582	1530.0116427	13574.9131836	2.5921478	0.7548617	0.1145518	0.4131066	0.3939425	7353.8000000	0.0000000
2609.9925582	1535.0183774	13569.9416504	2.5664632	0.7268421	0.0524894	0.4014838	0.3996874	7356.5000000	0.0000000
2609.9925582	1540.0145659	13564.9701172	2.5411121	0.6991561	0.0243895	0.3977277	0.3969008	7359.2000000	0.0000000
2609.9925582	1545.0142779	13559.9985840	2.5154275	0.6711365	0.0083464	0.3939580	0.3924085	7361.9000000	0.0000000
