2529.9931007	1250.0093221	13774.8279395	4.0201474	2.3789986	0.0141558	0.1781854	0.1009426	7246.9000000	2530.0000000
2529.9931007	1255.0083965	13769.8942871	3.9944628	2.3509790	0.0300206	0.1725037	0.1000392	7249.5000000	0.0000000
2529.9931007	1260.0019540	13764.9611523	3.9691117	2.3229594	0.0651713	0.1844038	0.1107156	7252.1000000	0.0000000
2529.9931007	1265.0065966	13759.8517187	3.9434271	2.2949398	0.0580873	0.1846129	0.1098740	7254.8000000	0.0000000
2529.9931007	1270.0065068	13754.9315234	3.9180760	2.2669202	0.0423116	0.1774710	0.1156442	7257.4000000	0.0000000
2529.9931007	1275.0103515	13749.8220898	3.8923913	2.2389006	0.0352368	0.1725878	0.1243851	7260.1000000	0.0000000
2529.9931007	1280.0016522	13744.9055859	3.8670403	2.2108809	0.0232687	0.1628790	0.1372109	7262.7000000	0.0000000
2529.9931007	1284.9898478	13739.9991016	3.8413556	2.1828613	0.0356682	0.1826403	0.1431277	7265.3000000	0.0000000
2529.9931007	1290.0015653	13734.9039062	3.8160045	2.1548417	0.0245464	0.1693762	0.1506832	7268.0000000	0.0000000
2529.9931007	1295.0023166	13729.9974219	3.7906535	2.1271557	0.0146560	0.1791147	0.1554933	7270.6000000	0.0000000
2529.9931007	1300.0061827	13724.9088281	3.7649688	2.0991361	0.0123241	0.1838456	0.1587376	7273.3000000	0.0000000
2529.9931007	1305.0061646	13719.8273437	3.7396177	2.0711164	0.0078701	0.1714484	0.1584624	7276.0000000	0.0000000
2529.9931007	1310.0015170	13714.9340625	3.7139331	2.0430968	0.0121448	0.1663046	0.1650524	7278.6000000	0.0000000
2529.9931007	1315.0131095	13709.8525781	3.6885820	2.0150772	0.0161783	0.1747095	0.1816847	7281.3000000	0.0000000
2529.9931007	1320.0077159	13704.9691309	3.6628974	1.9870576	0.0110854	0.1655537	0.1852163	7283.9000000	0.0000000
2529.9931007	1325.0115809	13699.9016211	3.6375463	1.9590380	0.0082616	0.1797042	0.1906621	7286.6000000	0.0000000
2529.9931007	1330.0192660	13694.8341113	3.6118616	1.9310184	0.0072192	0.1759873	0.1966895	7289.3000000	0.0000000
2529.9931007	1335.0009231	13689.9542871	3.5865106	1.9029988	0.0031676	0.1741881	0.1964828	7291.9000000	0.0000000
2529.9931007	1339.9933394	13684.9002344	3.5611595	1.8749792	0.0117328	0.1738167	0.2014003	7294.6000000	0.0000000
2529.9931007	1345.0018259	13679.8466992	3.5354748	1.8469595	0.0554918	0.1832487	0.2083462	7297.3000000	0.0000000
2529.9931007	1350.0064703	13674.9803320	3.5101238	1.8189399	0.0378762	0.1797128	0.2198709	7299.9000000	0.0000000
2529.9931007	1355.0073124	13669.9298437	3.4844391	1.7909203	0.0267496	0.1733218	0.2149724	7302.6000000	0.0000000
2529.9931007	1360.0111868	13664.8900195	3.4590880	1.7629007	0.0198083	0.1762118	0.2422033	7305.3000000	0.0000000
2529.9931007	1365.0105236	13659.8501953	3.4334034	1.7348811	0.0091748	0.1775435	0.2335828	7308.0000000	0.0000000
2529.9931007	1370.0121378	13654.9970312	3.4080523	1.7068615	0.0036207	0.1694755	0.2375215	7310.6000000	0.0000000
2529.9931007	1375.0107430	13649.9639355	3.3823677	1.6788419	0.0181869	0.1736293	0.2290563	7313.3000000	0.0000000
2529.9931007	1380.0183702	13644.9380859	3.3570166	1.6511558	0.0638197	0.1874177	0.2441852	7316.0000000	0.0000000
2529.9931007	1384.9952665	13639.9122363	3.3316655	1.6231362	0.0526675	0.1779479	0.2328024	7318.7000000	0.0000000
2529.9931007	1390.0089011	13634.8863867	3.3059809	1.5951166	0.0285306	0.1691814	0.2471582	7321.4000000	0.0000000
2529.9931007	1395.0187476	13629.8709961	3.2806298	1.5670970	0.0196531	0.1721222	0.2523527	7324.1000000	0.0000000
2529.9931007	1400.0107098	13624.8585937	3.2549451	1.5390774	0.0296077	0.1797064	0.2741668	7326.8000000	0.0000000
2529.9931007	1405.0123646	13619.8461914	3.2295940	1.5110577	0.0245626	0.1812451	0.2818406	7329.5000000	0.0000000
2529.9931007	1410.0095813	13614.8348047	3.2039094	1.4830381	0.0246145	0.1755332	0.2793682	7332.2000000	0.0000000
2529.9931007	1415.0105118	13609.8361133	3.1785583	1.4550185	0.0295648	0.1771554	0.2896902	7334.9000000	0.0000000
2529.9931007	1420.0003845	13604.8374219	3.1528737	1.4269989	0.0348350	0.1764320	0.2858870	7337.6000000	0.0000000
2529.9931007	1425.0197563	13599.8387305	3.1275226	1.3989793	0.0495073	0.1823215	0.2887205	7340.3000000	0.0000000
2529.9931007	1430.0089334	13594.8450195	3.1018380	1.3709597	0.0502834	0.1722184	0.2835435	7343.0000000	0.0000000
2529.9931007	1435.0194332	13589.8597754	3.0764869	1.3429401	0.0503666	0.1700107	0.2984501	7345.7000000	0.0000000
2529.9931007	1440.0079430	13584.8745312	3.0511358	1.3149204	0.0304124	0.1655972	0.3079048	7348.4000000	0.0000000
2529.9931007	1445.0045465	13579.8892871	3.0254511	1.2869008	0.0131116	0.1697548	0.3077688	7351.1000000	0.0000000
2529.9931007	1450.0113701	13574.9131836	3.0001001	1.2588812	0.0071985	0.1755783	0.3349602	7353.8000000	0.0000000
2529.9931007	1455.0138148	13569.9416504	2.9744154	1.2308616	0.0079861	0.1661638	0.3285535	7356.5000000	0.0000000
2529.9931007	1460.0126296	13564.9701172	2.9490643	1.2028420	0.0182218	0.1742925	0.3236504	7359.2000000	0.0000000
2529.9931007	1465.0136350	13559.9985840	2.9233797	1.1751559	0.0296583	0.1757622	0.3304717	7361.9000000	0.0000000
2529.9931007	1470.0182537	13554.8563672	2.8980286	1.1471363	0.0356190	0.1735896	0.3276720	7364.7000000	0.0000000
2529.9931007	1475.0185396	13549.8982812	2.8723440	1.1191167	0.0247479	0.1752760	0.3366337	7367.4000000	0.0000000
2529.9931007	1480.0152336	13544.9401953	2.8469929	1.0910971	0.0091357	0.1745901	0.3514292	7370.1000000	0.0000000
2529.9931007	1485.0141097	13539.9860156	2.8216418	1.0630775	0.0066266	0.1649364	0.3489083	7372.8000000	0.0000000
2529.9931007	1490.0165779	13534.8579687	2.7959572	1.0350579	0.0178901	0.1686713	0.3686870	7375.6000000	0.0000000
2529.9931007	1495.0147552	13529.9130664	2.7706061	1.0070383	0.0307666	0.1584775	0.3724561	7378.3000000	0.0000000
2529.9931007	1500.0086715	13524.9681641	2.7449214	0.9790186	0.0413119	0.1705396	0.3689468	7381.0000000	0.0000000
2529.9931007	1505.0125874	13519.8490820	2.7195704	0.9509990	0.0805472	0.1636016	0.3488793	7383.8000000	0.0000000
2529.9931007	1510.0115275	13514.9176270	2.6938857	0.9229794	0.0950699	0.1683342	0.3501644	7386.5000000	0.0000000
2529.9931007	1515.0012567	13509.9861719	2.6685346	0.8949598	0.0870476	0.1624562	0.3678915	7389.2000000	0.0000000
2529.9931007	1520.0002394	13504.8720703	2.6428500	0.8669402	0.0918284	0.1655140	0.3763247	7392.0000000	0.0000000
2529.9931007	1525.0077139	13499.9540625	2.6174989	0.8389206	0.0511362	0.1623229	0.3911494	7394.7000000	0.0000000
2529.9931007	1530.0116427	13494.8539062	2.5921478	0.8109010	0.0329833	0.1600471	0.4038358	7397.5000000	0.0000000
2529.9931007	1535.0120450	13489.9358984	2.5664632	0.7828814	0.0173391	0.1534956	0.4031840	7400.2000000	0.0000000
2529.9931007	1540.0145659	13484.8406250	2.5411121	0.7548617	0.0055880	0.1448735	0.4154459	7403.0000000	0.0000000
2529.9931007	1545.0016629	13479.9358008	2.5154275	0.7268421	0.0034028	0.1564668	0.3899628	7405.7000000	0.0000000
