3099.9895905	1250.0093221	14344.8700000	4.0201474	1.9800527	0.0001062	0.0277863	0.1065731	6956.9000000	3100.0000000
3099.9895905	1254.9941143	14339.8806250	3.9944628	1.9520331	0.0002372	0.0333954	0.0998744	6959.3000000	0.0000000
3099.9895905	1260.0019540	14334.8912500	3.9691117	1.9240135	0.0001631	0.0218092	0.1026622	6961.7000000	0.0000000
3099.9895905	1264.9994933	14329.9521191	3.9434271	1.8959939	0.0001094	0.0210679	0.1064930	6964.1000000	0.0000000
3099.9895905	1269.9994179	14324.8146680	3.9180760	1.8679742	0.0004935	0.0209496	0.1086096	6966.6000000	0.0000000
3099.9895905	1275.0032816	14319.8827148	3.8923913	1.8399546	0.0002450	0.0187234	0.1232637	6969.0000000	0.0000000
3099.9895905	1280.0016522	14314.9507617	3.8670403	1.8119350	0.0001543	0.0180933	0.1309655	6971.4000000	0.0000000
3099.9895905	1284.9969032	14309.8684180	3.8413556	1.7839154	0.0000823	0.0188093	0.1440140	6973.9000000	0.0000000
3099.9895905	1289.9945299	14304.8034766	3.8160045	1.7558958	0.0002047	0.0254686	0.1445072	6976.4000000	0.0000000
3099.9895905	1295.0023166	14299.9411328	3.7906535	1.7278762	0.0002405	0.0179424	0.1457488	6978.8000000	0.0000000
3099.9895905	1299.9991879	14294.8761914	3.7649688	1.6998566	0.0001426	0.0145477	0.1490261	6981.3000000	0.0000000
3099.9895905	1304.9991859	14289.8724219	3.7396177	1.6718370	0.0001058	0.0171691	0.1599198	6983.8000000	0.0000000
3099.9895905	1310.0015170	14284.8924414	3.7139331	1.6441509	0.0001604	0.0220162	0.1699041	6986.3000000	0.0000000
3099.9895905	1315.0061629	14279.9124609	3.6885820	1.6161313	0.0003450	0.0179210	0.1714852	6988.8000000	0.0000000
3099.9895905	1320.0007853	14274.9324805	3.6628974	1.5881117	0.0002878	0.0180233	0.1797274	6991.3000000	0.0000000
3099.9895905	1325.0046642	14269.8269629	3.6375463	1.5600921	0.0002667	0.0202336	0.1819470	6993.9000000	0.0000000
3099.9895905	1330.0054664	14264.9439062	3.6118616	1.5320725	0.0003668	0.0209432	0.1902100	6996.4000000	0.0000000
3099.9895905	1335.0009231	14259.8655273	3.5865106	1.5040528	0.0003461	0.0196342	0.1978886	6999.0000000	0.0000000
3099.9895905	1339.9933394	14254.9824707	3.5611595	1.4760332	0.0001482	0.0189360	0.1865656	7001.5000000	0.0000000
3099.9895905	1344.9949594	14249.9961719	3.5354748	1.4480136	0.0004243	0.0208557	0.1975393	7004.1000000	0.0000000
3099.9895905	1349.9996284	14244.8408594	3.5101238	1.4199940	0.0001642	0.0161775	0.2091014	7006.8000000	0.0000000
3099.9895905	1355.0004858	14239.8764844	3.4844391	1.3919744	0.0001512	0.0196886	0.2137350	7009.4000000	0.0000000
3099.9895905	1360.0111868	14234.9121094	3.4590880	1.3639548	0.0003004	0.0157343	0.2239725	7012.0000000	0.0000000
3099.9895905	1365.0037279	14229.8345801	3.4334034	1.3359352	0.0002289	0.0155430	0.2280783	7014.7000000	0.0000000
3099.9895905	1370.0121378	14224.9451074	3.4080523	1.3079155	0.0004004	0.0115551	0.2281906	7017.3000000	0.0000000
3099.9895905	1375.0107430	14219.8675781	3.3823677	1.2798959	0.0004753	0.0131967	0.2351365	7020.0000000	0.0000000
3099.9895905	1380.0116173	14214.9655078	3.3570166	1.2518763	0.0004724	0.0225498	0.2337286	7022.6000000	0.0000000
3099.9895905	1384.9885136	14209.8312891	3.3316655	1.2238567	0.0001804	0.0230055	0.2371418	7025.3000000	0.0000000
3099.9895905	1390.0089011	14204.8872266	3.3059809	1.1958371	0.0001351	0.0230454	0.2392649	7027.9000000	0.0000000
3099.9895905	1395.0187476	14199.9431641	3.2806298	1.1681510	0.0003019	0.0197001	0.2420181	7030.5000000	0.0000000
3099.9895905	1400.0107098	14194.9709570	3.2549451	1.1401314	0.0005503	0.0345729	0.2550522	7033.1000000	0.0000000
3099.9895905	1405.0123646	14189.9603711	3.2295940	1.1121118	0.0003422	0.0223446	0.2637324	7035.7000000	0.0000000
3099.9895905	1410.0029134	14184.9497852	3.2039094	1.0840922	0.0004926	0.0248124	0.2741630	7038.3000000	0.0000000
3099.9895905	1415.0105118	14179.9391992	3.1785583	1.0560726	0.0001052	0.0253401	0.2704342	7040.9000000	0.0000000
3099.9895905	1420.0070239	14174.8946289	3.1528737	1.0280530	0.0001886	0.0353062	0.2721871	7043.5000000	0.0000000
3099.9895905	1425.0131305	14169.8251367	3.1275226	1.0000334	0.0002250	0.0315286	0.2719188	7046.1000000	0.0000000
3099.9895905	1430.0023232	14164.9506250	3.1018380	0.9720137	0.0002859	0.0236713	0.2788182	7048.6000000	0.0000000
3099.9895905	1435.0062360	14159.8811328	3.0764869	0.9439941	0.0001675	0.0244246	0.2869169	7051.2000000	0.0000000
3099.9895905	1440.0079430	14154.9732520	3.0511358	0.9159745	0.0001377	0.0276219	0.2833575	7053.7000000	0.0000000
3099.9895905	1445.0111172	14149.8527246	3.0254511	0.8879549	0.0003827	0.0273673	0.3056558	7056.3000000	0.0000000
3099.9895905	1450.0113701	14144.9291406	3.0001001	0.8599353	0.0002844	0.0264927	0.3038436	7058.8000000	0.0000000
3099.9895905	1455.0138148	14139.8086133	2.9744154	0.8319157	0.0002289	0.0237854	0.3107570	7061.4000000	0.0000000
3099.9895905	1460.0061008	14134.8531152	2.9490643	0.8038961	0.0004647	0.0247810	0.3131123	7063.9000000	0.0000000
3099.9895905	1465.0071186	14129.8875391	2.9233797	0.7758764	0.0003901	0.0262898	0.3061989	7066.4000000	0.0000000
3099.9895905	1470.0052489	14124.9219629	2.8980286	0.7478568	0.0000615	0.0204982	0.3121572	7068.9000000	0.0000000
3099.9895905	1475.0055611	14119.9563867	2.8723440	0.7198372	0.0006592	0.0282692	0.3276930	7071.4000000	0.0000000
3099.9895905	1480.0022831	14114.9644629	2.8469929	0.6921512	0.0004351	0.0282146	0.3429844	7073.9000000	0.0000000
3099.9895905	1485.0076465	14109.9642187	2.8216418	0.6641316	0.0001395	0.0221659	0.3471304	7076.4000000	0.0000000
3099.9895905	1490.0101286	14104.9639746	2.7959572	0.6361119	0.0001887	0.0175375	0.3562345	7078.9000000	0.0000000
3099.9895905	1495.0018842	14099.9637305	2.7706061	0.6080923	0.0004930	0.0273470	0.3561488	7081.4000000	0.0000000
3099.9895905	1500.0086715	14094.9430762	2.7449214	0.5800727	0.0004408	0.0197435	0.3451393	7083.9000000	0.0000000
3099.9895905	1505.0061784	14089.9159766	2.7195704	0.5520531	0.0003081	0.0294950	0.3471882	7086.4000000	0.0000000
3099.9895905	1510.0115275	14084.8888770	2.6938857	0.5240335	0.0007698	0.0286300	0.3460536	7088.9000000	0.0000000
3099.9895905	1515.0012567	14079.8617773	2.6685346	0.4960139	0.0001658	0.0245723	0.3600792	7091.4000000	0.0000000
3099.9895905	1520.0002394	14074.8196484	2.6428500	0.4679943	0.0002599	0.0288141	0.3548867	7093.9000000	0.0000000
3099.9895905	1525.0013557	14069.9746484	2.6174989	0.4399746	0.0001553	0.0241865	0.3675278	7096.3000000	0.0000000
3099.9895905	1530.0116427	14064.9277734	2.5921478	0.4119550	0.0002241	0.0235557	0.3726707	7098.8000000	0.0000000
3099.9895905	1535.0120450	14059.8808984	2.5664632	0.3839354	0.0001172	0.0253704	0.3701307	7101.3000000	0.0000000
3099.9895905	1540.0082451	14054.8252344	2.5411121	0.3559158	0.0003352	0.0295323	0.3909362	7103.8000000	0.0000000
3099.9895905	1545.0016629	14049.9685156	2.5154275	0.3278962	0.0002830	0.0337681	0.3735789	7106.2000000	0.0000000
