2859.9893472	1250.0021703	14104.9639746	4.0201474	2.1478368	0.0111270	0.7563827	0.1038477	7078.9000000	2860.0000000
2859.9893472	1255.0012629	14099.9637305	3.9944628	2.1201508	0.0329229	0.7403140	0.1059364	7081.4000000	0.0000000
2859.9893472	1260.0019540	14094.9430762	3.9691117	2.0921312	0.0450198	0.7722767	0.1066923	7083.9000000	0.0000000
2859.9893472	1264.9994933	14089.9159766	3.9434271	2.0641115	0.0530092	0.7430164	0.1134706	7086.4000000	0.0000000
2859.9893472	1269.9994179	14084.8888770	3.9180760	2.0360919	0.0432719	0.7594207	0.1244324	7088.9000000	0.0000000
2859.9893472	1275.0103515	14079.8617773	3.8923913	2.0080723	0.0308260	0.7446331	0.1261499	7091.4000000	0.0000000
2859.9893472	1280.0087077	14074.8196484	3.8670403	1.9800527	0.0193719	0.7609235	0.1284735	7093.9000000	0.0000000
2859.9893472	1285.0109883	14069.9746484	3.8413556	1.9520331	0.0109912	0.7307003	0.1479014	7096.3000000	0.0000000
2859.9893472	1290.0085889	14064.9277734	3.8160045	1.9240135	0.0113292	0.7473454	0.1579823	7098.8000000	0.0000000
2859.9893472	1295.0023166	14059.8808984	3.7906535	1.8959939	0.0103571	0.7478654	0.1541445	7101.3000000	0.0000000
2859.9893472	1300.0131757	14054.8252344	3.7649688	1.8679742	0.0099246	0.7453883	0.1563230	7103.8000000	0.0000000
2859.9893472	1305.0061646	14049.9685156	3.7396177	1.8399546	0.0071815	0.7185023	0.1620546	7106.2000000	0.0000000
2859.9893472	1310.0084776	14044.9094336	3.7139331	1.8119350	0.0032325	0.6665390	0.1709749	7108.7000000	0.0000000
2859.9893472	1315.0131095	14039.8503516	3.6885820	1.7839154	0.0074921	0.7110613	0.1806594	7111.2000000	0.0000000
2859.9893472	1320.0007853	14034.9905078	3.6628974	1.7558958	0.0307611	0.7534536	0.1855490	7113.6000000	0.0000000
2859.9893472	1325.0046642	14029.9265430	3.6375463	1.7278762	0.0612083	0.7426879	0.1911779	7116.1000000	0.0000000
2859.9893472	1330.0123662	14024.8625781	3.6118616	1.6998566	0.0875784	0.7524245	0.1944385	7118.6000000	0.0000000
2859.9893472	1335.0009231	14019.7986133	3.5865106	1.6718370	0.0915032	0.7648494	0.1974968	7121.1000000	0.0000000
2859.9893472	1340.0002250	14014.9385254	3.5611595	1.6441509	0.0858344	0.7629028	0.2014617	7123.5000000	0.0000000
2859.9893472	1345.0086816	14009.8767578	3.5354748	1.6161313	0.0537263	0.7340708	0.2115682	7126.0000000	0.0000000
2859.9893472	1349.9996284	14004.8149902	3.5101238	1.5881117	0.0328137	0.7442217	0.2066263	7128.5000000	0.0000000
2859.9893472	1355.0073124	13999.9556934	3.4844391	1.5600921	0.0245950	0.7459789	0.2193669	7130.9000000	0.0000000
2859.9893472	1360.0111868	13994.8995312	3.4590880	1.5320725	0.0121599	0.7438723	0.2307014	7133.4000000	0.0000000
2859.9893472	1365.0037279	13989.8477734	3.4334034	1.5040528	0.0074958	0.7447875	0.2353650	7135.9000000	0.0000000
2859.9893472	1370.0121378	13984.9980859	3.4080523	1.4760332	0.0035204	0.7406052	0.2376963	7138.3000000	0.0000000
2859.9893472	1375.0107430	13979.9463281	3.3823677	1.4480136	0.0025625	0.7372520	0.2382737	7140.8000000	0.0000000
2859.9893472	1380.0251231	13974.9034570	3.3570166	1.4199940	0.0030492	0.7415917	0.2420314	7143.3000000	0.0000000
2859.9893472	1385.0154927	13969.8687891	3.3316655	1.3919744	0.0222946	0.7284481	0.2322860	7145.8000000	0.0000000
2859.9893472	1390.0089011	13964.8341211	3.3059809	1.3639548	0.0138743	0.7245930	0.2461455	7148.3000000	0.0000000
2859.9893472	1395.0187476	13959.7994531	3.2806298	1.3359352	0.0141685	0.7115714	0.2594479	7150.8000000	0.0000000
2859.9893472	1400.0107098	13954.9780078	3.2549451	1.3079155	0.0117977	0.7357030	0.2625073	7153.2000000	0.0000000
2859.9893472	1405.0190454	13949.9679980	3.2295940	1.2798959	0.0047806	0.7457677	0.2719324	7155.7000000	0.0000000
2859.9893472	1410.0162492	13944.9579883	3.2039094	1.2518763	0.0059108	0.7006987	0.2857728	7158.2000000	0.0000000
2859.9893472	1415.0171650	13939.9479785	3.1785583	1.2238567	0.0089497	0.6840206	0.2799635	7160.7000000	0.0000000
2859.9893472	1420.0070239	13934.9533203	3.1528737	1.1958371	0.0110381	0.7028662	0.2743119	7163.2000000	0.0000000
2859.9893472	1425.0131305	13929.9752930	3.1275226	1.1681510	0.0359711	0.7500275	0.2775494	7165.7000000	0.0000000
2859.9893472	1430.0155436	13924.9972656	3.1018380	1.1401314	0.0553534	0.7549690	0.2767358	7168.2000000	0.0000000
2859.9893472	1435.0128346	13919.8201172	3.0764869	1.1121118	0.0569979	0.7481666	0.2936932	7170.8000000	0.0000000
2859.9893472	1440.0145261	13914.8625293	3.0511358	1.0840922	0.0284436	0.6862841	0.2944395	7173.3000000	0.0000000
2859.9893472	1445.0176878	13909.9238086	3.0254511	1.0560726	0.0077897	0.7259888	0.3139553	7175.8000000	0.0000000
2859.9893472	1450.0113701	13904.9850879	3.0001001	1.0280530	0.0021957	0.7204826	0.3174921	7178.3000000	0.0000000
2859.9893472	1455.0138148	13899.8488184	2.9744154	1.0000334	0.0075092	0.7518569	0.3144318	7180.9000000	0.0000000
2859.9893472	1460.0126296	13894.9363477	2.9490643	0.9720137	0.0111823	0.7317251	0.3200211	7183.4000000	0.0000000
2859.9893472	1465.0071186	13889.8488281	2.9233797	0.9439941	0.0201940	0.7526983	0.3209522	7186.0000000	0.0000000
2859.9893472	1470.0117513	13884.9569824	2.8980286	0.9159745	0.0165367	0.7430724	0.3173073	7188.5000000	0.0000000
2859.9893472	1475.0185396	13879.8694629	2.8723440	0.8879549	0.0158997	0.7008519	0.3325139	7191.1000000	0.0000000
2859.9893472	1480.0087583	13874.8187988	2.8469929	0.8599353	0.0094594	0.7414486	0.3495314	7193.7000000	0.0000000
2859.9893472	1485.0076465	13869.9811523	2.8216418	0.8319157	0.0221696	0.7435426	0.3635730	7196.2000000	0.0000000
2859.9893472	1490.0165779	13864.9500000	2.7959572	0.8038961	0.0426688	0.7554922	0.3632335	7198.8000000	0.0000000
2859.9893472	1495.0147552	13859.9188477	2.7706061	0.7758764	0.0678010	0.7361596	0.3617833	7201.4000000	0.0000000
2859.9893472	1500.0150951	13854.9367187	2.7449214	0.7478568	0.1076504	0.7456823	0.3638619	7204.0000000	0.0000000
2859.9893472	1505.0189963	13849.9692969	2.7195704	0.7198372	0.1717841	0.7540216	0.3552262	7206.6000000	0.0000000
2859.9893472	1510.0115275	13844.8108203	2.6938857	0.6921512	0.1283536	0.7037190	0.3575829	7209.3000000	0.0000000
2859.9893472	1515.0140255	13839.8433984	2.6685346	0.6641316	0.0883971	0.7096649	0.3652898	7211.9000000	0.0000000
2859.9893472	1520.0129811	13834.9450684	2.6428500	0.6361119	0.0838447	0.7496276	0.3663452	7214.5000000	0.0000000
2859.9893472	1525.0077139	13829.8612109	2.6174989	0.6080923	0.0988923	0.7481290	0.3738633	7217.2000000	0.0000000
2859.9893472	1530.0116427	13824.9656445	2.5921478	0.5800727	0.0353976	0.7010763	0.3905438	7219.8000000	0.0000000
2859.9893472	1535.0120450	13819.8970215	2.5664632	0.5520531	0.0178434	0.7013947	0.3933272	7222.5000000	0.0000000
2859.9893472	1540.0145659	13814.8954297	2.5411121	0.5240335	0.0055681	0.7204303	0.4045333	7225.2000000	0.0000000
2859.9893472	1545.0079704	13809.8938379	2.5154275	0.4960139	0.0018345	0.6965344	0.3939148	7227.9000000	0.0000000
