2969.9920463	1250.0093221	14214.9655078	4.0201474	2.0711164	0.0023715	0.3265129	0.1066333	7022.6000000	2970.0000000
2969.9920463	1255.0012629	14209.8312891	3.9944628	2.0430968	0.0034518	0.3240920	0.1097979	7025.3000000	0.0000000
2969.9920463	1260.0019540	14204.8872266	3.9691117	2.0150772	0.0034170	0.3233834	0.1134413	7027.9000000	0.0000000
2969.9920463	1265.0065966	14199.9431641	3.9434271	1.9870576	0.0040396	0.3127650	0.1178079	7030.5000000	0.0000000
2969.9920463	1269.9994179	14194.9709570	3.9180760	1.9590380	0.0046602	0.3155566	0.1257865	7033.1000000	0.0000000
2969.9920463	1275.0032816	14189.9603711	3.8923913	1.9310184	0.0051475	0.3255704	0.1318655	7035.7000000	0.0000000
2969.9920463	1279.9945858	14184.9497852	3.8670403	1.9029988	0.0032611	0.3355087	0.1420167	7038.3000000	0.0000000
2969.9920463	1285.0039494	14179.9391992	3.8413556	1.8749792	0.0038245	0.3265215	0.1501935	7040.9000000	0.0000000
2969.9920463	1290.0015653	14174.8946289	3.8160045	1.8469595	0.0032365	0.3290448	0.1548945	7043.5000000	0.0000000
2969.9920463	1294.9952981	14169.8251367	3.7906535	1.8189399	0.0012069	0.2849185	0.1602730	7046.1000000	0.0000000
2969.9920463	1299.9991879	14164.9506250	3.7649688	1.7909203	0.0019567	0.3273234	0.1715339	7048.6000000	0.0000000
2969.9920463	1305.0061646	14159.8811328	3.7396177	1.7629007	0.0015714	0.3260314	0.1703151	7051.2000000	0.0000000
2969.9920463	1310.0015170	14154.9732520	3.7139331	1.7348811	0.0021587	0.3147061	0.1845343	7053.7000000	0.0000000
2969.9920463	1315.0061629	14149.8527246	3.6885820	1.7068615	0.0024136	0.3319979	0.1921498	7056.3000000	0.0000000
2969.9920463	1320.0007853	14144.9291406	3.6628974	1.6788419	0.0017925	0.3254313	0.1909699	7058.8000000	0.0000000
2969.9920463	1325.0046642	14139.8086133	3.6375463	1.6511558	0.0020295	0.3220070	0.1927506	7061.4000000	0.0000000
2969.9920463	1330.0054664	14134.8531152	3.6118616	1.6231362	0.0017494	0.3263787	0.1979105	7063.9000000	0.0000000
2969.9920463	1335.0009231	14129.8875391	3.5865106	1.5951166	0.0016857	0.3273695	0.2009666	7066.4000000	0.0000000
2969.9920463	1339.9933394	14124.9219629	3.5611595	1.5670970	0.0009518	0.3165337	0.2077277	7068.9000000	0.0000000
2969.9920463	1344.9949594	14119.9563867	3.5354748	1.5390774	0.0013362	0.3245169	0.2075168	7071.4000000	0.0000000
2969.9920463	1350.0064703	14114.9644629	3.5101238	1.5110577	0.0014684	0.3396235	0.2112598	7073.9000000	0.0000000
2969.9920463	1355.0004858	14109.9642187	3.4844391	1.4830381	0.0017378	0.3295487	0.2300391	7076.4000000	0.0000000
2969.9920463	1360.0111868	14104.9639746	3.4590880	1.4550185	0.0016124	0.3383431	0.2332275	7078.9000000	0.0000000
2969.9920463	1365.0105236	14099.9637305	3.4334034	1.4269989	0.0072871	0.3356187	0.2373633	7081.4000000	0.0000000
2969.9920463	1370.0121378	14094.9430762	3.4080523	1.3989793	0.0083528	0.3315709	0.2483600	7083.9000000	0.0000000
2969.9920463	1375.0107430	14089.9159766	3.3823677	1.3709597	0.0033448	0.3319895	0.2402775	7086.4000000	0.0000000
2969.9920463	1380.0048644	14084.8888770	3.3570166	1.3429401	0.0022489	0.3402805	0.2454430	7088.9000000	0.0000000
2969.9920463	1385.0020152	14079.8617773	3.3316655	1.3149204	0.0012745	0.3216511	0.2423047	7091.4000000	0.0000000
2969.9920463	1390.0089011	14074.8196484	3.3059809	1.2869008	0.0008871	0.3268833	0.2537570	7093.9000000	0.0000000
2969.9920463	1395.0120380	14069.9746484	3.2806298	1.2588812	0.0010215	0.3287933	0.2614292	7096.3000000	0.0000000
2969.9920463	1400.0040141	14064.9277734	3.2549451	1.2308616	0.0021921	0.3440698	0.2676892	7098.8000000	0.0000000
2969.9920463	1405.0123646	14059.8808984	3.2295940	1.2028420	0.0008865	0.3336360	0.2757255	7101.3000000	0.0000000
2969.9920463	1410.0095813	14054.8252344	3.2039094	1.1751559	0.0011117	0.3303820	0.2726616	7103.8000000	0.0000000
2969.9920463	1415.0105118	14049.9685156	3.1785583	1.1471363	0.0012007	0.3227626	0.2895565	7106.2000000	0.0000000
2969.9920463	1420.0003845	14044.9094336	3.1528737	1.1191167	0.0010959	0.3297931	0.2893702	7108.7000000	0.0000000
2969.9920463	1425.0131305	14039.8503516	3.1275226	1.0910971	0.0011411	0.3238756	0.2831362	7111.2000000	0.0000000
2969.9920463	1430.0023232	14034.9905078	3.1018380	1.0630775	0.0024276	0.3386527	0.2854556	7113.6000000	0.0000000
2969.9920463	1435.0062360	14029.9265430	3.0764869	1.0350579	0.0074937	0.3335316	0.2961897	7116.1000000	0.0000000
2969.9920463	1440.0079430	14024.8625781	3.0511358	1.0070383	0.0107429	0.3299614	0.3054390	7118.6000000	0.0000000
2969.9920463	1445.0111172	14019.7986133	3.0254511	0.9790186	0.0067678	0.3327860	0.3167996	7121.1000000	0.0000000
2969.9920463	1450.0113701	14014.9385254	3.0001001	0.9509990	0.0054800	0.3244979	0.3357539	7123.5000000	0.0000000
2969.9920463	1455.0138148	14009.8767578	2.9744154	0.9229794	0.0028124	0.3332416	0.3254786	7126.0000000	0.0000000
2969.9920463	1460.0126296	14004.8149902	2.9490643	0.8949598	0.0040079	0.3313895	0.3333202	7128.5000000	0.0000000
2969.9920463	1465.0136350	13999.9556934	2.9233797	0.8669402	0.0047604	0.3323472	0.3175136	7130.9000000	0.0000000
2969.9920463	1470.0117513	13994.8995312	2.8980286	0.8389206	0.0025327	0.3272765	0.3261627	7133.4000000	0.0000000
2969.9920463	1475.0185396	13989.8477734	2.8723440	0.8109010	0.0014841	0.3201891	0.3455701	7135.9000000	0.0000000
2969.9920463	1480.0152336	13984.9980859	2.8469929	0.7828814	0.0005895	0.3308823	0.3433543	7138.3000000	0.0000000
2969.9920463	1485.0076465	13979.9463281	2.8216418	0.7548617	0.0009298	0.3378463	0.3591057	7140.8000000	0.0000000
2969.9920463	1490.0101286	13974.9034570	2.7959572	0.7268421	0.0027639	0.3447029	0.3787463	7143.3000000	0.0000000
2969.9920463	1495.0018842	13969.8687891	2.7706061	0.6991561	0.0238826	0.3256169	0.3757178	7145.8000000	0.0000000
2969.9920463	1500.0086715	13964.8341211	2.7449214	0.6711365	0.0298885	0.3367598	0.3760944	7148.3000000	0.0000000
2969.9920463	1505.0061784	13959.7994531	2.7195704	0.6431168	0.0224437	0.3365778	0.3639541	7150.8000000	0.0000000
2969.9920463	1510.0115275	13954.9780078	2.6938857	0.6150972	0.0206246	0.3302485	0.3812750	7153.2000000	0.0000000
2969.9920463	1515.0076411	13949.9679980	2.6685346	0.5870776	0.0089790	0.3288333	0.3814238	7155.7000000	0.0000000
2969.9920463	1520.0002394	13944.9579883	2.6428500	0.5590580	0.0066855	0.3344673	0.3894209	7158.2000000	0.0000000
2969.9920463	1525.0077139	13939.9479785	2.6174989	0.5310384	0.0039659	0.3358074	0.3949282	7160.7000000	0.0000000
2969.9920463	1530.0052970	13934.9533203	2.5921478	0.5030188	0.0018774	0.3338527	0.3937543	7163.2000000	0.0000000
2969.9920463	1535.0120450	13929.9752930	2.5664632	0.4749992	0.0043428	0.3295791	0.4041997	7165.7000000	0.0000000
2969.9920463	1540.0082451	13924.9972656	2.5411121	0.4469796	0.0021442	0.3259708	0.4052662	7168.2000000	0.0000000
2969.9920463	1545.0016629	13919.8201172	2.5154275	0.4189599	0.0004473	0.3208095	0.4129616	7170.8000000	0.0000000
