2599.9911289	1250.0093221	13844.8108203	4.0201474	2.3299643	0.0333356	0.3786017	0.1048342	7209.3000000	2600.0000000
2599.9911289	1255.0083965	13839.8433984	3.9944628	2.3019447	0.0303667	0.3819448	0.1047012	7211.9000000	0.0000000
2599.9911289	1260.0090730	13834.9450684	3.9691117	2.2739251	0.0509590	0.3866130	0.1096702	7214.5000000	0.0000000
2599.9911289	1265.0136988	13829.8612109	3.9434271	2.2459055	0.0860430	0.3905901	0.1131667	7217.2000000	0.0000000
2599.9911289	1270.0135944	13824.9656445	3.9180760	2.2178859	0.1170767	0.3865187	0.1223101	7219.8000000	0.0000000
2599.9911289	1275.0103515	13819.8970215	3.8923913	2.1898662	0.1233705	0.3955938	0.1267963	7222.5000000	0.0000000
2599.9911289	1280.0087077	13814.8954297	3.8670403	2.1618466	0.0724332	0.3947637	0.1364133	7225.2000000	0.0000000
2599.9911289	1284.9969032	13809.8938379	3.8413556	2.1341606	0.0337418	0.3869021	0.1447830	7227.9000000	0.0000000
2599.9911289	1290.0015653	13804.8922461	3.8160045	2.1061410	0.0317440	0.3792033	0.1571458	7230.6000000	0.0000000
2599.9911289	1295.0023166	13799.9363574	3.7906535	2.0781214	0.0353043	0.3847499	0.1506956	7233.3000000	0.0000000
2599.9911289	1300.0131757	13794.8479590	3.7649688	2.0501017	0.0278284	0.3806687	0.1536560	7236.1000000	0.0000000
2599.9911289	1305.0131413	13789.9412891	3.7396177	2.0220821	0.0266332	0.3808267	0.1590095	7238.8000000	0.0000000
2599.9911289	1310.0084776	13784.8528906	3.7139331	1.9940625	0.0290923	0.3815051	0.1677572	7241.6000000	0.0000000
2599.9911289	1315.0061629	13779.9513477	3.6885820	1.9660429	0.0301981	0.3898922	0.1761968	7244.2000000	0.0000000
2599.9911289	1320.0007853	13774.8279395	3.6628974	1.9380233	0.0279385	0.3728436	0.1842210	7246.9000000	0.0000000
2599.9911289	1325.0046642	13769.8942871	3.6375463	1.9100037	0.0996062	0.4020619	0.1944699	7249.5000000	0.0000000
2599.9911289	1330.0054664	13764.9611523	3.6118616	1.8819841	0.1150433	0.4010534	0.1952589	7252.1000000	0.0000000
2599.9911289	1335.0078092	13759.8517187	3.5865106	1.8539644	0.0535015	0.3939906	0.1965195	7254.8000000	0.0000000
2599.9911289	1340.0002250	13754.9315234	3.5611595	1.8259448	0.0087937	0.3764402	0.2010316	7257.4000000	0.0000000
2599.9911289	1345.0018259	13749.8220898	3.5354748	1.7979252	0.0078198	0.3669601	0.2137822	7260.1000000	0.0000000
2599.9911289	1350.0064703	13744.9055859	3.5101238	1.7699056	0.0248696	0.3780203	0.2132875	7262.7000000	0.0000000
2599.9911289	1355.0004858	13739.9991016	3.4844391	1.7418860	0.0627561	0.3774105	0.2306245	7265.3000000	0.0000000
2599.9911289	1360.0111868	13734.9039062	3.4590880	1.7138664	0.0419218	0.3799998	0.2276896	7268.0000000	0.0000000
2599.9911289	1365.0037279	13729.9974219	3.4334034	1.6858468	0.0206595	0.3660361	0.2408103	7270.6000000	0.0000000
2599.9911289	1370.0053554	13724.9088281	3.4080523	1.6581607	0.0163965	0.3690295	0.2382412	7273.3000000	0.0000000
2599.9911289	1375.0107430	13719.8273437	3.3823677	1.6301411	0.0094156	0.3675769	0.2359214	7276.0000000	0.0000000
2599.9911289	1380.0116173	13714.9340625	3.3570166	1.6021215	0.0216526	0.3821841	0.2472684	7278.6000000	0.0000000
2599.9911289	1385.0087539	13709.8525781	3.3316655	1.5741019	0.0211014	0.3782483	0.2449215	7281.3000000	0.0000000
2599.9911289	1390.0089011	13704.9691309	3.3059809	1.5460823	0.0102090	0.3740438	0.2460393	7283.9000000	0.0000000
2599.9911289	1395.0187476	13699.9016211	3.2806298	1.5180626	0.0067292	0.3741294	0.2484966	7286.6000000	0.0000000
2599.9911289	1400.0174055	13694.8341113	3.2549451	1.4900430	0.0044995	0.3710254	0.2649297	7289.3000000	0.0000000
2599.9911289	1405.0190454	13689.9542871	3.2295940	1.4620234	0.0044562	0.3737192	0.2755859	7291.9000000	0.0000000
2599.9911289	1410.0095813	13684.9002344	3.2039094	1.4340038	0.0182826	0.3758892	0.2836495	7294.6000000	0.0000000
2599.9911289	1415.0105118	13679.8466992	3.1785583	1.4059842	0.1498904	0.3990900	0.2841051	7297.3000000	0.0000000
2599.9911289	1420.0070239	13674.9803320	3.1528737	1.3779646	0.1620565	0.3906046	0.2924504	7299.9000000	0.0000000
2599.9911289	1425.0131305	13669.9298437	3.1275226	1.3499450	0.0919240	0.3850292	0.2826333	7302.6000000	0.0000000
2599.9911289	1430.0089334	13664.8900195	3.1018380	1.3219253	0.1100402	0.3945955	0.2806000	7305.3000000	0.0000000
2599.9911289	1435.0128346	13659.8501953	3.0764869	1.2939057	0.0655148	0.3826464	0.2945576	7308.0000000	0.0000000
2599.9911289	1440.0145261	13654.9970312	3.0511358	1.2658861	0.0117556	0.3828793	0.3170532	7310.6000000	0.0000000
2599.9911289	1445.0045465	13649.9639355	3.0254511	1.2378665	0.0170869	0.3782169	0.3381505	7313.3000000	0.0000000
2599.9911289	1450.0113701	13644.9380859	3.0001001	1.2098469	0.0680125	0.3843358	0.3306065	7316.0000000	0.0000000
2599.9911289	1455.0007288	13639.9122363	2.9744154	1.1821608	0.0632500	0.3788139	0.3277181	7318.7000000	0.0000000
2599.9911289	1460.0061008	13634.8863867	2.9490643	1.1541412	0.0372980	0.3768055	0.3309777	7321.4000000	0.0000000
2599.9911289	1465.0006021	13629.8709961	2.9233797	1.1261216	0.0699014	0.3859432	0.3287655	7324.1000000	0.0000000
2599.9911289	1470.0117513	13624.8585937	2.8980286	1.0981020	0.1183605	0.3883309	0.3280455	7326.8000000	0.0000000
2599.9911289	1475.0185396	13619.8461914	2.8723440	1.0700824	0.0901976	0.3843381	0.3322322	7329.5000000	0.0000000
2599.9911289	1480.0152336	13614.8348047	2.8469929	1.0420628	0.0359513	0.3813082	0.3477062	7332.2000000	0.0000000
2599.9911289	1485.0076465	13609.8361133	2.8216418	1.0140432	0.0161115	0.3742113	0.3587662	7334.9000000	0.0000000
2599.9911289	1490.0165779	13604.8374219	2.7959572	0.9860235	0.0288356	0.3715657	0.3689275	7337.6000000	0.0000000
2599.9911289	1495.0083197	13599.8387305	2.7706061	0.9580039	0.0680244	0.3840985	0.3757444	7340.3000000	0.0000000
2599.9911289	1500.0022480	13594.8450195	2.7449214	0.9299843	0.1201226	0.3840756	0.3658693	7343.0000000	0.0000000
2599.9911289	1505.0125874	13589.8597754	2.7195704	0.9019647	0.1869005	0.3944186	0.3637216	7345.7000000	0.0000000
2599.9911289	1510.0051304	13584.8745312	2.6938857	0.8739451	0.3006627	0.4041638	0.3613483	7348.4000000	0.0000000
2599.9911289	1515.0076411	13579.8892871	2.6685346	0.8459255	0.2183977	0.3961217	0.3628002	7351.1000000	0.0000000
2599.9911289	1519.9938555	13574.9131836	2.6428500	0.8179059	0.1723562	0.3971126	0.3799963	7353.8000000	0.0000000
2599.9911289	1525.0140722	13569.9416504	2.6174989	0.7898863	0.1187351	0.3894679	0.3787544	7356.5000000	0.0000000
2599.9911289	1530.0052970	13564.9701172	2.5921478	0.7618666	0.0508428	0.3760015	0.3932573	7359.2000000	0.0000000
2599.9911289	1535.0120450	13559.9985840	2.5664632	0.7338470	0.0207280	0.3777158	0.3891749	7361.9000000	0.0000000
2599.9911289	1540.0145659	13554.8563672	2.5411121	0.7061610	0.0124740	0.3809015	0.3997739	7364.7000000	0.0000000
2599.9911289	1545.0079704	13549.8982812	2.5154275	0.6781414	0.0050426	0.3719916	0.3956264	7367.4000000	0.0000000
