2729.9879685	1250.0093221	13974.9034570	4.0201474	2.2389006	0.0412688	0.8769739	0.1083879	7143.3000000	2730.0000000
2729.9879685	1255.0012629	13969.8687891	3.9944628	2.2108809	0.1238202	0.8789523	0.1080532	7145.8000000	0.0000000
2729.9879685	1260.0090730	13964.8341211	3.9691117	2.1828613	0.1245055	0.8837302	0.1070132	7148.3000000	0.0000000
2729.9879685	1265.0136988	13959.7994531	3.9434271	2.1548417	0.1827339	0.8818474	0.1162654	7150.8000000	0.0000000
2729.9879685	1270.0135944	13954.9780078	3.9180760	2.1271557	0.1558567	0.8269184	0.1197096	7153.2000000	0.0000000
2729.9879685	1275.0103515	13949.9679980	3.8923913	2.0991361	0.1048350	0.8820713	0.1291783	7155.7000000	0.0000000
2729.9879685	1280.0087077	13944.9579883	3.8670403	2.0711164	0.0595573	0.8790253	0.1363220	7158.2000000	0.0000000
2729.9879685	1285.0109883	13939.9479785	3.8413556	2.0430968	0.0343723	0.8830280	0.1487925	7160.7000000	0.0000000
2729.9879685	1290.0085889	13934.9533203	3.8160045	2.0150772	0.0299912	0.8707152	0.1453011	7163.2000000	0.0000000
2729.9879685	1295.0093248	13929.9752930	3.7906535	1.9870576	0.0735453	0.8646821	0.1561759	7165.7000000	0.0000000
2729.9879685	1300.0131757	13924.9972656	3.7649688	1.9590380	0.0814639	0.8705906	0.1592500	7168.2000000	0.0000000
2729.9879685	1305.0061646	13919.8201172	3.7396177	1.9310184	0.0719032	0.8757394	0.1677404	7170.8000000	0.0000000
2729.9879685	1310.0015170	13914.8625293	3.7139331	1.9029988	0.0514410	0.8609995	0.1740394	7173.3000000	0.0000000
2729.9879685	1315.0061629	13909.9238086	3.6885820	1.8749792	0.0425575	0.8524971	0.1875652	7175.8000000	0.0000000
2729.9879685	1320.0007853	13904.9850879	3.6628974	1.8469595	0.0529083	0.8723967	0.1956653	7178.3000000	0.0000000
2729.9879685	1325.0046642	13899.8488184	3.6375463	1.8189399	0.0475697	0.8679039	0.1859094	7180.9000000	0.0000000
2729.9879685	1330.0054664	13894.9363477	3.6118616	1.7909203	0.0440105	0.8435751	0.1957777	7183.4000000	0.0000000
2729.9879685	1335.0009231	13889.8488281	3.5865106	1.7629007	0.0262544	0.8390515	0.2029590	7186.0000000	0.0000000
2729.9879685	1339.9933394	13884.9569824	3.5611595	1.7348811	0.0246061	0.8563416	0.2041783	7188.5000000	0.0000000
2729.9879685	1345.0018259	13879.8694629	3.5354748	1.7068615	0.0199922	0.8322108	0.2170184	7191.1000000	0.0000000
2729.9879685	1350.0064703	13874.8187988	3.5101238	1.6788419	0.0261527	0.8699280	0.2195933	7193.7000000	0.0000000
2729.9879685	1355.0073124	13869.9811523	3.4844391	1.6511558	0.0381643	0.8277570	0.2292531	7196.2000000	0.0000000
2729.9879685	1360.0111868	13864.9500000	3.4590880	1.6231362	0.0711498	0.8365596	0.2335817	7198.8000000	0.0000000
2729.9879685	1365.0037279	13859.9188477	3.4334034	1.5951166	0.0789818	0.8577346	0.2425061	7201.4000000	0.0000000
2729.9879685	1370.0053554	13854.9367187	3.4080523	1.5670970	0.0599926	0.8620978	0.2490956	7204.0000000	0.0000000
2729.9879685	1375.0175101	13849.9692969	3.3823677	1.5390774	0.0225265	0.8214907	0.2451322	7206.6000000	0.0000000
2729.9879685	1380.0183702	13844.8108203	3.3570166	1.5110577	0.0091576	0.8672732	0.2461808	7209.3000000	0.0000000
2729.9879685	1385.0020152	13839.8433984	3.3316655	1.4830381	0.0066276	0.8468913	0.2454993	7211.9000000	0.0000000
2729.9879685	1390.0156257	13834.9450684	3.3059809	1.4550185	0.0187166	0.8449959	0.2445376	7214.5000000	0.0000000
2729.9879685	1395.0187476	13829.8612109	3.2806298	1.4269989	0.0332706	0.8855691	0.2535924	7217.2000000	0.0000000
2729.9879685	1400.0107098	13824.9656445	3.2549451	1.3989793	0.0272041	0.8774774	0.2695160	7219.8000000	0.0000000
2729.9879685	1405.0190454	13819.8970215	3.2295940	1.3709597	0.0250513	0.8210480	0.2830070	7222.5000000	0.0000000
2729.9879685	1410.0162492	13814.8954297	3.2039094	1.3429401	0.0170323	0.8594583	0.2801394	7225.2000000	0.0000000
2729.9879685	1415.0105118	13809.8938379	3.1785583	1.3149204	0.0268944	0.8535954	0.2869873	7227.9000000	0.0000000
2729.9879685	1420.0070239	13804.8922461	3.1528737	1.2869008	0.0623566	0.8852576	0.2843706	7230.6000000	0.0000000
2729.9879685	1425.0197563	13799.9363574	3.1275226	1.2588812	0.0873823	0.8547023	0.2860028	7233.3000000	0.0000000
2729.9879685	1430.0155436	13794.8479590	3.1018380	1.2308616	0.0649827	0.8366488	0.2862762	7236.1000000	0.0000000
2729.9879685	1435.0194332	13789.9412891	3.0764869	1.2028420	0.0399983	0.8468134	0.3047699	7238.8000000	0.0000000
2729.9879685	1440.0079430	13784.8528906	3.0511358	1.1751559	0.0229857	0.8203292	0.3061586	7241.6000000	0.0000000
2729.9879685	1445.0176878	13779.9513477	3.0254511	1.1471363	0.0174109	0.8509596	0.3220784	7244.2000000	0.0000000
2729.9879685	1450.0113701	13774.8279395	3.0001001	1.1191167	0.0014453	0.8257373	0.3195300	7246.9000000	0.0000000
2729.9879685	1455.0138148	13769.8942871	2.9744154	1.0910971	0.0470824	0.8540148	0.3269242	7249.5000000	0.0000000
2729.9879685	1460.0191583	13764.9611523	2.9490643	1.0630775	0.1080786	0.8585225	0.3301890	7252.1000000	0.0000000
2729.9879685	1465.0136350	13759.8517187	2.9233797	1.0350579	0.0799672	0.8197800	0.3190045	7254.8000000	0.0000000
2729.9879685	1470.0182537	13754.9315234	2.8980286	1.0070383	0.0507710	0.8556399	0.3299461	7257.4000000	0.0000000
2729.9879685	1475.0120503	13749.8220898	2.8723440	0.9790186	0.0188198	0.8208235	0.3406043	7260.1000000	0.0000000
2729.9879685	1480.0087583	13744.9055859	2.8469929	0.9509990	0.0077166	0.8142089	0.3537774	7262.7000000	0.0000000
2729.9879685	1485.0076465	13739.9991016	2.8216418	0.9229794	0.0491082	0.8017182	0.3547894	7265.3000000	0.0000000
2729.9879685	1490.0101286	13734.9039062	2.7959572	0.8949598	0.0786218	0.8266615	0.3715104	7268.0000000	0.0000000
2729.9879685	1495.0018842	13729.9974219	2.7706061	0.8669402	0.0947252	0.8534415	0.3701962	7270.6000000	0.0000000
2729.9879685	1500.0086715	13724.9088281	2.7449214	0.8389206	0.1575116	0.8304800	0.3658701	7273.3000000	0.0000000
2729.9879685	1505.0125874	13719.8273437	2.7195704	0.8109010	0.2851400	0.8641690	0.3569503	7276.0000000	0.0000000
2729.9879685	1510.0051304	13714.9340625	2.6938857	0.7828814	0.3538740	0.8576088	0.3524695	7278.6000000	0.0000000
2729.9879685	1515.0076411	13709.8525781	2.6685346	0.7548617	0.2830077	0.8466901	0.3598840	7281.3000000	0.0000000
2729.9879685	1520.0002394	13704.9691309	2.6428500	0.7268421	0.1849474	0.8273342	0.3651775	7283.9000000	0.0000000
2729.9879685	1525.0140722	13699.9016211	2.6174989	0.6991561	0.0898203	0.8244225	0.3833269	7286.6000000	0.0000000
2729.9879685	1530.0179884	13694.8341113	2.5921478	0.6711365	0.0318550	0.8444224	0.3817627	7289.3000000	0.0000000
2729.9879685	1535.0183774	13689.9542871	2.5664632	0.6431168	0.0021979	0.7960193	0.3731901	7291.9000000	0.0000000
2729.9879685	1540.0145659	13684.9002344	2.5411121	0.6150972	0.0019358	0.8231406	0.3921554	7294.6000000	0.0000000
2729.9879685	1545.0079704	13679.8466992	2.5154275	0.5870776	0.0021289	0.8171918	0.3956055	7297.3000000	0.0000000
