2579.9899305	1250.0093221	13824.9656445	4.0201474	2.3439741	0.0356465	0.3429862	0.1070090	7219.8000000	2580.0000000
2579.9899305	1255.0012629	13819.8970215	3.9944628	2.3159545	0.0494562	0.3377687	0.1084138	7222.5000000	0.0000000
2579.9899305	1260.0090730	13814.8954297	3.9691117	2.2879349	0.0368009	0.3313102	0.1113790	7225.2000000	0.0000000
2579.9899305	1265.0065966	13809.8938379	3.9434271	2.2599153	0.0608645	0.3392595	0.1182645	7227.9000000	0.0000000
2579.9899305	1270.0065068	13804.8922461	3.9180760	2.2318957	0.0827921	0.3442014	0.1234641	7230.6000000	0.0000000
2579.9899305	1275.0032816	13799.9363574	3.8923913	2.2038760	0.1021271	0.3470514	0.1247590	7233.3000000	0.0000000
2579.9899305	1280.0087077	13794.8479590	3.8670403	2.1758564	0.0630405	0.3412424	0.1380543	7236.1000000	0.0000000
2579.9899305	1285.0039494	13789.9412891	3.8413556	2.1478368	0.0447614	0.3366525	0.1464832	7238.8000000	0.0000000
2579.9899305	1290.0085889	13784.8528906	3.8160045	2.1201508	0.0772830	0.3318735	0.1545853	7241.6000000	0.0000000
2579.9899305	1295.0023166	13779.9513477	3.7906535	2.0921312	0.0478397	0.3314987	0.1578533	7244.2000000	0.0000000
2579.9899305	1300.0061827	13774.8279395	3.7649688	2.0641115	0.0175992	0.3261287	0.1633232	7246.9000000	0.0000000
2579.9899305	1305.0131413	13769.8942871	3.7396177	2.0360919	0.0487559	0.3319027	0.1645835	7249.5000000	0.0000000
2579.9899305	1310.0084776	13764.9611523	3.7139331	2.0080723	0.0646105	0.3295106	0.1745513	7252.1000000	0.0000000
2579.9899305	1315.0131095	13759.8517187	3.6885820	1.9800527	0.0328632	0.3237948	0.1768287	7254.8000000	0.0000000
2579.9899305	1320.0007853	13754.9315234	3.6628974	1.9520331	0.0286538	0.3273674	0.1903185	7257.4000000	0.0000000
2579.9899305	1325.0115809	13749.8220898	3.6375463	1.9240135	0.0201090	0.3348798	0.1983342	7260.1000000	0.0000000
2579.9899305	1330.0054664	13744.9055859	3.6118616	1.8959939	0.0303799	0.3306099	0.1997290	7262.7000000	0.0000000
2579.9899305	1335.0009231	13739.9991016	3.5865106	1.8679742	0.0535532	0.3297085	0.2056195	7265.3000000	0.0000000
2579.9899305	1340.0002250	13734.9039062	3.5611595	1.8399546	0.0254827	0.3297095	0.2072465	7268.0000000	0.0000000
2579.9899305	1345.0018259	13729.9974219	3.5354748	1.8119350	0.0129653	0.3268356	0.2206205	7270.6000000	0.0000000
2579.9899305	1350.0064703	13724.9088281	3.5101238	1.7839154	0.0263474	0.3257841	0.2276384	7273.3000000	0.0000000
2579.9899305	1355.0073124	13719.8273437	3.4844391	1.7558958	0.0371541	0.3304760	0.2335190	7276.0000000	0.0000000
2579.9899305	1360.0111868	13714.9340625	3.4590880	1.7278762	0.0419600	0.3272675	0.2425885	7278.6000000	0.0000000
2579.9899305	1365.0037279	13709.8525781	3.4334034	1.6998566	0.0262003	0.3322524	0.2370547	7281.3000000	0.0000000
2579.9899305	1370.0053554	13704.9691309	3.4080523	1.6718370	0.0082681	0.3269548	0.2457312	7283.9000000	0.0000000
2579.9899305	1375.0107430	13699.9016211	3.3823677	1.6441509	0.0067992	0.3287537	0.2461627	7286.6000000	0.0000000
2579.9899305	1380.0183702	13694.8341113	3.3570166	1.6161313	0.0058557	0.3269952	0.2477581	7289.3000000	0.0000000
2579.9899305	1385.0087539	13689.9542871	3.3316655	1.5881117	0.0076934	0.3239522	0.2555823	7291.9000000	0.0000000
2579.9899305	1390.0156257	13684.9002344	3.3059809	1.5600921	0.0205634	0.3346687	0.2548467	7294.6000000	0.0000000
2579.9899305	1395.0120380	13679.8466992	3.2806298	1.5320725	0.0902510	0.3399463	0.2649094	7297.3000000	0.0000000
2579.9899305	1400.0040141	13674.9803320	3.2549451	1.5040528	0.0700325	0.3349359	0.2693898	7299.9000000	0.0000000
2579.9899305	1405.0123646	13669.9298437	3.2295940	1.4760332	0.0239264	0.3302346	0.2891505	7302.6000000	0.0000000
2579.9899305	1410.0029134	13664.8900195	3.2039094	1.4480136	0.0186405	0.3254763	0.2852963	7305.3000000	0.0000000
2579.9899305	1415.0171650	13659.8501953	3.1785583	1.4199940	0.0160159	0.3191491	0.2940309	7308.0000000	0.0000000
2579.9899305	1420.0003845	13654.9970312	3.1528737	1.3919744	0.0252914	0.3266017	0.2887273	7310.6000000	0.0000000
2579.9899305	1425.0131305	13649.9639355	3.1275226	1.3639548	0.1720378	0.3455037	0.2890109	7313.3000000	0.0000000
2579.9899305	1430.0089334	13644.9380859	3.1018380	1.3359352	0.4547825	0.3741489	0.2879573	7316.0000000	0.0000000
2579.9899305	1435.0194332	13639.9122363	3.0764869	1.3079155	0.3678993	0.3618947	0.3004415	7318.7000000	0.0000000
2579.9899305	1440.0145261	13634.8863867	3.0511358	1.2798959	0.1371597	0.3426185	0.3133596	7321.4000000	0.0000000
2579.9899305	1445.0045465	13629.8709961	3.0254511	1.2518763	0.0102323	0.3246101	0.3292643	7324.1000000	0.0000000
2579.9899305	1450.0113701	13624.8585937	3.0001001	1.2238567	0.0203920	0.3213018	0.3392925	7326.8000000	0.0000000
2579.9899305	1455.0072718	13619.8461914	2.9744154	1.1958371	0.0305087	0.3297958	0.3311862	7329.5000000	0.0000000
2579.9899305	1460.0126296	13614.8348047	2.9490643	1.1681510	0.0520105	0.3314098	0.3427263	7332.2000000	0.0000000
2579.9899305	1465.0071186	13609.8361133	2.9233797	1.1401314	0.0586912	0.3297649	0.3405109	7334.9000000	0.0000000
2579.9899305	1470.0117513	13604.8374219	2.8980286	1.1121118	0.0648198	0.3403170	0.3380820	7337.6000000	0.0000000
2579.9899305	1475.0185396	13599.8387305	2.8723440	1.0840922	0.0364535	0.3319598	0.3301086	7340.3000000	0.0000000
2579.9899305	1480.0152336	13594.8450195	2.8469929	1.0560726	0.0205894	0.3376281	0.3566840	7343.0000000	0.0000000
2579.9899305	1485.0076465	13589.8597754	2.8216418	1.0280530	0.0145790	0.3350294	0.3660363	7345.7000000	0.0000000
2579.9899305	1490.0165779	13584.8745312	2.7959572	1.0000334	0.0571592	0.3338240	0.3774003	7348.4000000	0.0000000
2579.9899305	1495.0147552	13579.8892871	2.7706061	0.9720137	0.0813333	0.3431455	0.3616679	7351.1000000	0.0000000
2579.9899305	1500.0086715	13574.9131836	2.7449214	0.9439941	0.1330664	0.3455764	0.3716746	7353.8000000	0.0000000
2579.9899305	1505.0061784	13569.9416504	2.7195704	0.9159745	0.1732006	0.3552853	0.3597123	7356.5000000	0.0000000
2579.9899305	1510.0115275	13564.9701172	2.6938857	0.8879549	0.2711484	0.3632518	0.3763597	7359.2000000	0.0000000
2579.9899305	1514.9948621	13559.9985840	2.6685346	0.8599353	0.2471882	0.3596760	0.3657543	7361.9000000	0.0000000
2579.9899305	1520.0066103	13554.8563672	2.6428500	0.8319157	0.1933571	0.3390485	0.3642001	7364.7000000	0.0000000
2579.9899305	1525.0140722	13549.8982812	2.6174989	0.8038961	0.1342472	0.3505159	0.3853749	7367.4000000	0.0000000
2579.9899305	1530.0116427	13544.9401953	2.5921478	0.7758764	0.0604861	0.3343318	0.3940934	7370.1000000	0.0000000
2579.9899305	1535.0183774	13539.9860156	2.5664632	0.7478568	0.0195488	0.3311565	0.4038405	7372.8000000	0.0000000
2579.9899305	1540.0082451	13534.8579687	2.5411121	0.7198372	0.0084185	0.3189949	0.4055630	7375.6000000	0.0000000
2579.9899305	1545.0142779	13529.9130664	2.5154275	0.6921512	0.0029950	0.3224175	0.4026481	7378.3000000	0.0000000
