7000.6209600	7000.0338101	6999.8782813	3.0001001	-0.4599887	0.1011460	0.2797269	0.1230255	0.0000000	-0.4600000
7000.6209600	7000.0338101	6999.8782813	2.9800861	-0.4600000	0.1011354	0.2789297	0.1201681	0.0000000	0.0000000
7000.6209600	7000.0338101	6999.8782813	2.9600721	-0.4600000	0.1021411	0.2779960	0.1196337	0.0000000	0.0000000
7000.6209600	7000.0338101	6999.8782813	2.9400580	-0.4600000	0.1086174	0.2776814	0.1203038	0.0000000	0.0000000
7000.6209600	7000.0338101	6999.8782813	2.9200440	-0.4600000	0.0962123	0.2776837	0.1169087	0.0000000	0.0000000
7000.6209600	7000.0338101	6999.8782813	2.9000300	-0.4600000	0.0982445	0.2811620	0.1231431	0.0000000	0.0000000
7000.6209600	7000.0338101	6999.8782813	2.8800160	-0.4600000	0.0955038	0.2771658	0.1190741	0.0000000	0.0000000
7000.6209600	7000.0338101	6999.8782813	2.8600020	-0.4600000	0.0931588	0.2745801	0.1150477	0.0000000	0.0000000
7000.6209600	7000.0338101	6999.8782813	2.8399880	-0.4600000	0.1044932	0.2778451	0.1193016	0.0000000	0.0000000
7000.6209600	7000.0338101	6999.8782813	2.8199740	-0.4600000	0.1006348	0.2788525	0.1192031	0.0000000	0.0000000
7000.6209600	7000.0338101	6999.8782813	2.7999600	-0.4600000	0.0925511	0.2788251	0.1176724	0.0000000	0.0000000
7000.6209600	7000.0338101	6999.8782813	2.7799460	-0.4600000	0.0997260	0.2794066	0.1194899	0.0000000	0.0000000
7000.6209600	7000.0338101	6999.8782813	2.7599320	-0.4600000	0.1075498	0.2769337	0.1217963	0.0000000	0.0000000
7000.6209600	7000.0338101	6999.8782813	2.7399179	-0.4600000	0.1070176	0.2780413	0.1200283	0.0000000	0.0000000
7000.6209600	7000.0338101	6999.8782813	2.7199039	-0.4600000	0.1030305	0.2776313	0.1204774	0.0000000	0.0000000
7000.6209600	7000.0338101	6999.8782813	2.6998899	-0.4600000	0.0993477	0.2801724	0.1230822	0.0000000	0.0000000
7000.6209600	7000.0338101	6999.8782813	2.6798759	-0.4600000	0.0987206	0.2784078	0.1210552	0.0000000	0.0000000
7000.6209600	7000.0338101	6999.8782813	2.6598619	-0.4600000	0.1041626	0.2778326	0.1190741	0.0000000	0.0000000
7000.6209600	7000.0338101	6999.8782813	2.6398479	-0.4600000	0.1014340	0.2768245	0.1184243	0.0000000	0.0000000
7000.6209600	7000.0338101	6999.8782813	2.6198339	-0.4600000	0.0978542	0.2763408	0.1224756	0.0000000	0.0000000
7000.6209600	7000.0338101	6999.8782813	2.6001534	-0.4600000	0.0931088	0.2772861	0.1161869	0.0000000	0.0000000
7000.6209600	7000.0338101	6999.8782813	2.5801394	-0.4600000	0.1005209	0.2757708	0.1271052	0.0000000	0.0000000
7000.6209600	7000.0338101	6999.8782813	2.5601254	-0.4600000	0.1050017	0.2783020	0.1265798	0.0000000	0.0000000
7000.6209600	7000.0338101	6999.8782813	2.5401114	-0.4600000	0.0962885	0.2760443	0.1237985	0.0000000	0.0000000
7000.6209600	7000.0338101	6999.8782813	2.5200974	-0.4600000	0.0921450	0.2738851	0.1230778	0.0000000	0.0000000
7000.6209600	7000.0338101	6999.8782813	2.5000834	-0.4600000	0.0932467	0.2788208	0.1171919	0.0000000	0.0000000
7000.6209600	7000.0338101	6999.8782813	2.4800694	-0.4600000	0.0944836	0.2753527	0.1181281	0.0000000	0.0000000
7000.6209600	7000.0338101	6999.8782813	2.4600554	-0.4600000	0.1081033	0.2798903	0.1254365	0.0000000	0.0000000
7000.6209600	7000.0338101	6999.8782813	2.4400414	-0.4600000	0.1102928	0.2796493	0.1214053	0.0000000	0.0000000
7000.6209600	7000.0338101	6999.8782813	2.4200274	-0.4600000	0.1068447	0.2783041	0.1232888	0.0000000	0.0000000
7000.6209600	7000.0338101	6999.8782813	2.4000133	-0.4600000	0.1068833	0.2798226	0.1225365	0.0000000	0.0000000
7000.6209600	7000.0338101	6999.8782813	2.3799993	-0.4600000	0.1010818	0.2771428	0.1172871	0.0000000	0.0000000
7000.6209600	7000.0338101	6999.8782813	2.3599853	-0.4600000	0.1070129	0.2784098	0.1206179	0.0000000	0.0000000
7000.6209600	7000.0338101	6999.8782813	2.3399713	-0.4600000	0.1080074	0.2775515	0.1240530	0.0000000	0.0000000
7000.6209600	7000.0338101	6999.8782813	2.3199573	-0.4600000	0.1097424	0.2786824	0.1227661	0.0000000	0.0000000
7000.6209600	7000.0338101	6999.8782813	2.2999433	-0.4600000	0.1050164	0.2775088	0.1215205	0.0000000	0.0000000
7000.6209600	7000.0338101	6999.8782813	2.2799293	-0.4600000	0.1099116	0.2789172	0.1246600	0.0000000	0.0000000
7000.6209600	7000.0338101	6999.8782813	2.2599153	-0.4600000	0.1090684	0.2769054	0.1284109	0.0000000	0.0000000
7000.6209600	7000.0338101	6999.8782813	2.2399013	-0.4600000	0.1121460	0.2788409	0.1245569	0.0000000	0.0000000
7000.6209600	7000.0338101	6999.8782813	2.2198873	-0.4600000	0.1066853	0.2783804	0.1211313	0.0000000	0.0000000
7000.6209600	7000.0338101	6999.8782813	2.1998732	-0.4600000	0.1108174	0.2797269	0.1290402	0.0000000	0.0000000
7000.6209600	7000.0338101	6999.8782813	2.1798592	-0.4600000	0.1060631	0.2796417	0.1217561	0.0000000	0.0000000
7000.6209600	7000.0338101	6999.8782813	2.1598452	-0.4600000	0.1101803	0.2784258	0.1252468	0.0000000	0.0000000
7000.6209600	7000.0338101	6999.8782813	2.1401648	-0.4600000	0.1168103	0.2765605	0.1226548	0.0000000	0.0000000
7000.6209600	7000.0338101	6999.8782813	2.1201508	-0.4600000	0.1075062	0.2767115	0.1190901	0.0000000	0.0000000
7000.6209600	7000.0338101	6999.8782813	2.1001368	-0.4600000	0.1087028	0.2781285	0.1205564	0.0000000	0.0000000
7000.6209600	7000.0338101	6999.8782813	2.0801228	-0.4600000	0.1161030	0.2773224	0.1235411	0.0000000	0.0000000
7000.6209600	7000.0338101	6999.8782813	2.0601087	-0.4600000	0.1088506	0.2763821	0.1200797	0.0000000	0.0000000
7000.6209600	7000.0338101	6999.8782813	2.0400947	-0.4600000	0.1042214	0.2775245	0.1193713	0.0000000	0.0000000
7000.6209600	7000.0338101	6999.8782813	2.0200807	-0.4600000	0.1074189	0.2774491	0.1242197	0.0000000	0.0000000
7000.6209600	7000.0338101	6999.8782813	2.0000667	-0.4600000	0.1020444	0.2785336	0.1208994	0.0000000	0.0000000
7000.6209600	7000.0338101	6999.8782813	1.9800527	-0.4600000	0.1005955	0.2757538	0.1232020	0.0000000	0.0000000
7000.6209600	7000.0338101	6999.8782813	1.9600387	-0.4600000	0.1035844	0.2752615	0.1223198	0.0000000	0.0000000
7000.6209600	7000.0338101	6999.8782813	1.9400247	-0.4600000	0.0985056	0.2775046	0.1165564	0.0000000	0.0000000
7000.6209600	7000.0338101	6999.8782813	1.9200107	-0.4600000	0.0990607	0.2775786	0.1224622	0.0000000	0.0000000
7000.6209600	7000.0338101	6999.8782813	1.8999967	-0.4600000	0.0983555	0.2764624	0.1208616	0.0000000	0.0000000
7000.6209600	7000.0338101	6999.8782813	1.8799827	-0.4600000	0.1061158	0.2764080	0.1211747	0.0000000	0.0000000
7000.6209600	7000.0338101	6999.8782813	1.8599686	-0.4600000	0.1082244	0.2786017	0.1198044	0.0000000	0.0000000
7000.6209600	7000.0338101	6999.8782813	1.8399546	-0.4600000	0.1103306	0.2798595	0.1238970	0.0000000	0.0000000
7000.6209600	7000.0338101	6999.8782813	1.8199406	-0.4600000	0.1053751	0.2769611	0.1230956	0.0000000	0.0000000
7000.6209600	7000.0338101	6999.8782813	1.7999266	-0.4600000	0.1095251	0.2807357	0.1296798	0.0000000	0.0000000
7000.6209600	7000.0338101	6999.8782813	1.7799126	-0.4600000	0.1075580	0.2787229	0.1209850	0.0000000	0.0000000
7000.6209600	7000.0338101	6999.8782813	1.7598986	-0.4600000	0.1135175	0.2787673	0.1197841	0.0000000	0.0000000
7000.6209600	7000.0338101	6999.8782813	1.7398846	-0.4600000	0.1157482	0.2768246	0.1242063	0.0000000	0.0000000
7000.6209600	7000.0338101	6999.8782813	1.7198706	-0.4600000	0.0987484	0.2744730	0.1281418	0.0000000	0.0000000
7000.6209600	7000.0338101	6999.8782813	1.6998566	-0.4600000	0.1009751	0.2768889	0.1226715	0.0000000	0.0000000
7000.6209600	7000.0338101	6999.8782813	1.6798426	-0.4600000	0.1105242	0.2765476	0.1201619	0.0000000	0.0000000
7000.6209600	7000.0338101	6999.8782813	1.6601621	-0.4600000	0.1103206	0.2767515	0.1202791	0.0000000	0.0000000
7000.6209600	7000.0338101	6999.8782813	1.6401481	-0.4600000	0.1055366	0.2770660	0.1186498	0.0000000	0.0000000
7000.6209600	7000.0338101	6999.8782813	1.6201341	-0.4600000	0.0941688	0.2773132	0.1226285	0.0000000	0.0000000
7000.6209600	7000.0338101	6999.8782813	1.6001201	-0.4600000	0.0938937	0.2775802	0.1202838	0.0000000	0.0000000
7000.6209600	7000.0338101	6999.8782813	1.5801061	-0.4600000	0.1082114	0.2781426	0.1244438	0.0000000	0.0000000
7000.6209600	7000.0338101	6999.8782813	1.5600921	-0.4600000	0.1189598	0.2788888	0.1220947	0.0000000	0.0000000
7000.6209600	7000.0338101	6999.8782813	1.5400781	-0.4600000	0.1192631	0.2766425	0.1202578	0.0000000	0.0000000
7000.6209600	7000.0338101	6999.8782813	1.5200640	-0.4600000	0.1029943	0.2791371	0.1224083	0.0000000	0.0000000
7000.6209600	7000.0338101	6999.8782813	1.5000500	-0.4600000	0.1039083	0.2784113	0.1234282	0.0000000	0.0000000
7000.6209600	7000.0338101	6999.8782813	1.4800360	-0.4600000	0.0952457	0.2777302	0.1230303	0.0000000	0.0000000
7000.6209600	7000.0338101	6999.8782813	1.4600220	-0.4600000	0.1133068	0.2785800	0.1201327	0.0000000	0.0000000
7000.6209600	7000.0338101	6999.8782813	1.4400080	-0.4600000	0.1139226	0.2757727	0.1198673	0.0000000	0.0000000
7000.6209600	7000.0338101	6999.8782813	1.4199940	-0.4600000	0.1057454	0.2770280	0.1185723	0.0000000	0.0000000
7000.6209600	7000.0338101	6999.8782813	1.3999800	-0.4600000	0.0948080	0.2774385	0.1162124	0.0000000	0.0000000
7000.6209600	7000.0338101	6999.8782813	1.3799660	-0.4600000	0.0960566	0.2772158	0.1231808	0.0000000	0.0000000
7000.6209600	7000.0338101	6999.8782813	1.3599520	-0.4600000	0.1213080	0.2789780	0.1221753	0.0000000	0.0000000
7000.6209600	7000.0338101	6999.8782813	1.3399380	-0.4600000	0.1281943	0.2782924	0.1218411	0.0000000	0.0000000
7000.6209600	7000.0338101	6999.8782813	1.3199239	-0.4600000	0.1074591	0.2775088	0.1159811	0.0000000	0.0000000
7000.6209600	7000.0338101	6999.8782813	1.2999099	-0.4600000	0.1052424	0.2777408	0.1209055	0.0000000	0.0000000
7000.6209600	7000.0338101	6999.8782813	1.2798959	-0.4600000	0.1016589	0.2785684	0.1219248	0.0000000	0.0000000
7000.6209600	7000.0338101	6999.8782813	1.2598819	-0.4600000	0.1094291	0.2776875	0.1150917	0.0000000	0.0000000
7000.6209600	7000.0338101	6999.8782813	1.3145869	-0.4600000	0.1275260	0.2783146	0.1189282	0.0000000	0.0000000
7000.6209600	7000.0338101	6999.8782813	1.2198539	-0.4600000	0.1251185	0.2786772	0.1217162	0.0000000	0.0000000
7000.6209600	7000.0338101	6999.8782813	1.1998399	-0.4600000	0.1092435	0.2778936	0.1193772	0.0000000	0.0000000
7000.6209600	7000.0338101	6999.8782813	1.1801594	-0.4600000	0.1062595	0.2747715	0.1226262	0.0000000	0.0000000
7000.6209600	7000.0338101	6999.8782813	1.1601454	-0.4600000	0.1215558	0.2789058	0.1181705	0.0000000	0.0000000
7000.6209600	7000.0338101	6999.8782813	1.1401314	-0.4600000	0.1413424	0.2771270	0.1198334	0.0000000	0.0000000
7000.6209600	7000.0338101	6999.8782813	1.1201174	-0.4600000	0.1410334	0.2778389	0.1250017	0.0000000	0.0000000
7000.6209600	7000.0338101	6999.8782813	1.1001034	-0.4600000	0.1359941	0.2757765	0.1303348	0.0000000	0.0000000
7000.6209600	7000.0338101	6999.8782813	1.0800894	-0.4600000	0.1058790	0.2774232	0.1259757	0.0000000	0.0000000
7000.6209600	7000.0338101	6999.8782813	1.0600754	-0.4600000	0.1370677	0.2770345	0.1246006	0.0000000	0.0000000
7000.6209600	7000.0338101	6999.8782813	1.0400614	-0.4600000	0.1557565	0.2758213	0.1240913	0.0000000	0.0000000
7000.6209600	7000.0338101	6999.8782813	1.0200474	-0.4600000	0.1394225	0.2801023	0.1187284	0.0000000	0.0000000
7000.6209600	7000.0338101	6999.8782813	1.0000334	-0.4600000	0.1210193	0.2802910	0.1204380	0.0000000	0.0000000
7000.6209600	7000.0338101	6999.8782813	0.9800193	-0.4600000	0.1127004	0.2771416	0.1224723	0.0000000	0.0000000
7000.6209600	7000.0338101	6999.8782813	0.9600053	-0.4600000	0.1391969	0.2776704	0.1142218	0.0000000	0.0000000
7000.6209600	7000.0338101	6999.8782813	0.9399913	-0.4600000	0.1758990	0.2820145	0.1215232	0.0000000	0.0000000
7000.6209600	7000.0338101	6999.8782813	0.9199773	-0.4600000	0.1419006	0.2764506	0.1207073	0.0000000	0.0000000
7000.6209600	7000.0338101	6999.8782813	0.8999633	-0.4600000	0.1318221	0.2752759	0.1177795	0.0000000	0.0000000
7000.6209600	7000.0338101	6999.8782813	0.8799493	-0.4600000	0.1450818	0.2753805	0.1171901	0.0000000	0.0000000
7000.6209600	7000.0338101	6999.8782813	0.8599353	-0.4600000	0.1823579	0.2774542	0.1179667	0.0000000	0.0000000
7000.6209600	7000.0338101	6999.8782813	0.8399213	-0.4600000	0.1819406	0.2758658	0.1179913	0.0000000	0.0000000
7000.6209600	7000.0338101	6999.8782813	0.8199073	-0.4600000	0.1358397	0.2768221	0.1254878	0.0000000	0.0000000
7000.6209600	7000.0338101	6999.8782813	0.7998933	-0.4600000	0.1216467	0.2783000	0.1158606	0.0000000	0.0000000
7000.6209600	7000.0338101	6999.8782813	0.7798792	-0.4600000	0.1459402	0.2770299	0.1188396	0.0000000	0.0000000
7000.6209600	7000.0338101	6999.8782813	0.7598652	-0.4600000	0.2132463	0.2784634	0.1226469	0.0000000	0.0000000
7000.6209600	7000.0338101	6999.8782813	0.7398512	-0.4600000	0.1992261	0.2787054	0.1186002	0.0000000	0.0000000
7000.6209600	7000.0338101	6999.8782813	0.7198372	-0.4600000	0.1461093	0.2770239	0.1183970	0.0000000	0.0000000
7000.6209600	7000.0338101	6999.8782813	0.7001568	-0.4600000	0.1550515	0.2783137	0.1199893	0.0000000	0.0000000
7000.6209600	7000.0338101	6999.8782813	0.6801428	-0.4600000	0.1639027	0.2800878	0.1232664	0.0000000	0.0000000
7000.6209600	7000.0338101	6999.8782813	0.6601288	-0.4600000	0.2200963	0.2784946	0.1192233	0.0000000	0.0000000
7000.6209600	7000.0338101	6999.8782813	0.6401147	-0.4600000	0.2079004	0.2768004	0.1184990	0.0000000	0.0000000
7000.6209600	7000.0338101	6999.8782813	0.6201007	-0.4600000	0.1817369	0.2789032	0.1219092	0.0000000	0.0000000
7000.6209600	7000.0338101	6999.8782813	0.6000867	-0.4600000	0.1452531	0.2771232	0.1167186	0.0000000	0.0000000
7000.6209600	7000.0338101	6999.8782813	0.5800727	-0.4600000	0.1643369	0.2801327	0.1209359	0.0000000	0.0000000
7000.6209600	7000.0338101	6999.8782813	0.5600587	-0.4600000	0.2328181	0.2793210	0.1199185	0.0000000	0.0000000
7000.6209600	7000.0338101	6999.8782813	0.5400447	-0.4600000	0.2409995	0.2758365	0.1242567	0.0000000	0.0000000
7000.6209600	7000.0338101	6999.8782813	0.5200307	-0.4600000	0.1768481	0.2766334	0.1247062	0.0000000	0.0000000
7000.6209600	7000.0338101	6999.8782813	0.5000167	-0.4600000	0.1675441	0.2772523	0.1180737	0.0000000	0.0000000
7000.6209600	7000.0338101	6999.8782813	0.4800027	-0.4600000	0.2121934	0.2806667	0.1223236	0.0000000	0.0000000
7000.6209600	7000.0338101	6999.8782813	0.4599887	-0.4600000	0.2473102	0.2780009	0.1184503	0.0000000	0.0000000
7000.6209600	7000.0338101	6999.8782813	0.4399746	-0.4600000	0.2722732	0.2811213	0.1249989	0.0000000	0.0000000
7000.6209600	7000.0338101	6999.8782813	0.4199606	-0.4600000	0.1726277	0.2758152	0.1160308	0.0000000	0.0000000
7000.6209600	7000.0338101	6999.8782813	0.3999466	-0.4600000	0.1750490	0.2764498	0.1182350	0.0000000	0.0000000
7000.6209600	7000.0338101	6999.8782813	0.3799326	-0.4600000	0.2280601	0.2793019	0.1180314	0.0000000	0.0000000
7000.6209600	7000.0338101	6999.8782813	0.3599186	-0.4600000	0.2855695	0.2795919	0.1218655	0.0000000	0.0000000
7000.6209600	7000.0338101	6999.8782813	0.3399046	-0.4600000	0.2665234	0.2768405	0.1178352	0.0000000	0.0000000
7000.6209600	7000.0338101	6999.8782813	0.3198906	-0.4600000	0.1669410	0.2772819	0.1153842	0.0000000	0.0000000
7000.6209600	7000.0338101	6999.8782813	0.2998766	-0.4600000	0.2116659	0.2789346	0.1222463	0.0000000	0.0000000
7000.6209600	7000.0338101	6999.8782813	0.2798626	-0.4600000	0.2723892	0.2791285	0.1220750	0.0000000	0.0000000
7000.6209600	7000.0338101	6999.8782813	0.2598486	-0.4600000	0.2938984	0.2761409	0.1182682	0.0000000	0.0000000
7000.6209600	7000.0338101	6999.8782813	0.2398346	-0.4600000	0.2938346	0.2790864	0.1221572	0.0000000	0.0000000
7000.6209600	7000.0338101	6999.8782813	0.2201541	-0.4600000	0.1963713	0.2760186	0.1162014	0.0000000	0.0000000
7000.6209600	7000.0338101	6999.8782813	0.2001401	-0.4600000	0.2057338	0.2775096	0.1194652	0.0000000	0.0000000
7000.6209600	7000.0338101	6999.8782813	0.1801261	-0.4600000	0.2848987	0.2778650	0.1210992	0.0000000	0.0000000
7000.6209600	7000.0338101	6999.8782813	0.1601121	-0.4600000	0.2907365	0.2785394	0.1167151	0.0000000	0.0000000
7000.6209600	7000.0338101	6999.8782813	0.1400981	-0.4600000	0.3025455	0.2773557	0.1175057	0.0000000	0.0000000
7000.6209600	7000.0338101	6999.8782813	0.1200841	-0.4600000	0.2228521	0.2764432	0.1189845	0.0000000	0.0000000
7000.6209600	7000.0338101	6999.8782813	0.1000700	-0.4600000	0.2355691	0.2771311	0.1199161	0.0000000	0.0000000
7000.6209600	7000.0338101	6999.8782813	0.0800560	-0.4600000	0.3062456	0.2797703	0.1239196	0.0000000	0.0000000
7000.6209600	7000.0338101	6999.8782813	0.0600420	-0.4600000	0.3244041	0.2795609	0.1175028	0.0000000	0.0000000
7000.6209600	7000.0338101	6999.8782813	0.0400280	-0.4600000	0.3140151	0.2753459	0.1232205	0.0000000	0.0000000
7000.6209600	7000.0338101	6999.8782813	0.0200140	-0.4600000	0.2429753	0.2760587	0.1173496	0.0000000	0.0000000
7000.6209600	7000.0338101	6999.8782813	0.0000000	-0.4600000	0.2396873	0.2767163	0.1149742	0.0000000	0.0000000
