7000.6209600	7000.0338101	6999.8782813	3.0001001	-0.5000167	0.0798381	0.2762986	0.1172457	0.0000000	-0.5000000
7000.6209600	7000.0338101	6999.8782813	2.9800861	-0.5000000	0.0879836	0.2765370	0.1221124	0.0000000	0.0000000
7000.6209600	7000.0338101	6999.8782813	2.9600721	-0.5000000	0.0906763	0.2771917	0.1180099	0.0000000	0.0000000
7000.6209600	7000.0338101	6999.8782813	2.9400580	-0.5000000	0.0938640	0.2763242	0.1207614	0.0000000	0.0000000
7000.6209600	7000.0338101	6999.8782813	2.9200440	-0.5000000	0.0923295	0.2779094	0.1215474	0.0000000	0.0000000
7000.6209600	7000.0338101	6999.8782813	2.9000300	-0.5000000	0.0915039	0.2761843	0.1192617	0.0000000	0.0000000
7000.6209600	7000.0338101	6999.8782813	2.8800160	-0.5000000	0.0840522	0.2749320	0.1199022	0.0000000	0.0000000
7000.6209600	7000.0338101	6999.8782813	2.8600020	-0.5000000	0.0870847	0.2770820	0.1203311	0.0000000	0.0000000
7000.6209600	7000.0338101	6999.8782813	2.8399880	-0.5000000	0.0933092	0.2769066	0.1202938	0.0000000	0.0000000
7000.6209600	7000.0338101	6999.8782813	2.8199740	-0.5000000	0.0864927	0.2764314	0.1159751	0.0000000	0.0000000
7000.6209600	7000.0338101	6999.8782813	2.7999600	-0.5000000	0.0851156	0.2785911	0.1196471	0.0000000	0.0000000
7000.6209600	7000.0338101	6999.8782813	2.7799460	-0.5000000	0.0799496	0.2765778	0.1146563	0.0000000	0.0000000
7000.6209600	7000.0338101	6999.8782813	2.7599320	-0.5000000	0.0845240	0.2749590	0.1228861	0.0000000	0.0000000
7000.6209600	7000.0338101	6999.8782813	2.7399179	-0.5000000	0.0912668	0.2763499	0.1179960	0.0000000	0.0000000
7000.6209600	7000.0338101	6999.8782813	2.7199039	-0.5000000	0.0889396	0.2766094	0.1179530	0.0000000	0.0000000
7000.6209600	7000.0338101	6999.8782813	2.6998899	-0.5000000	0.0939813	0.2772826	0.1194559	0.0000000	0.0000000
7000.6209600	7000.0338101	6999.8782813	2.6798759	-0.5000000	0.0835389	0.2819404	0.1222042	0.0000000	0.0000000
7000.6209600	7000.0338101	6999.8782813	2.6598619	-0.5000000	0.0847529	0.2761575	0.1161874	0.0000000	0.0000000
7000.6209600	7000.0338101	6999.8782813	2.6398479	-0.5000000	0.0932892	0.2751411	0.1196453	0.0000000	0.0000000
7000.6209600	7000.0338101	6999.8782813	2.6198339	-0.5000000	0.0967615	0.2773684	0.1197742	0.0000000	0.0000000
7000.6209600	7000.0338101	6999.8782813	2.6001534	-0.5000000	0.0948065	0.2773560	0.1258685	0.0000000	0.0000000
7000.6209600	7000.0338101	6999.8782813	2.5801394	-0.5000000	0.0885479	0.2747661	0.1267786	0.0000000	0.0000000
7000.6209600	7000.0338101	6999.8782813	2.5601254	-0.5000000	0.0889746	0.2777306	0.1183214	0.0000000	0.0000000
7000.6209600	7000.0338101	6999.8782813	2.5401114	-0.5000000	0.0910750	0.2787900	0.1205709	0.0000000	0.0000000
7000.6209600	7000.0338101	6999.8782813	2.5200974	-0.5000000	0.0883790	0.2775402	0.1163591	0.0000000	0.0000000
7000.6209600	7000.0338101	6999.8782813	2.5000834	-0.5000000	0.0965812	0.2766725	0.1218062	0.0000000	0.0000000
7000.6209600	7000.0338101	6999.8782813	2.4800694	-0.5000000	0.0901914	0.2768203	0.1179255	0.0000000	0.0000000
7000.6209600	7000.0338101	6999.8782813	2.4600554	-0.5000000	0.0877411	0.2752484	0.1157626	0.0000000	0.0000000
7000.6209600	7000.0338101	6999.8782813	2.4400414	-0.5000000	0.0974664	0.2789449	0.1261735	0.0000000	0.0000000
7000.6209600	7000.0338101	6999.8782813	2.4200274	-0.5000000	0.0912585	0.2752980	0.1188016	0.0000000	0.0000000
7000.6209600	7000.0338101	6999.8782813	2.4000133	-0.5000000	0.0863925	0.2760906	0.1165635	0.0000000	0.0000000
7000.6209600	7000.0338101	6999.8782813	2.3799993	-0.5000000	0.0904247	0.2765938	0.1216879	0.0000000	0.0000000
7000.6209600	7000.0338101	6999.8782813	2.3599853	-0.5000000	0.0920917	0.2775706	0.1180295	0.0000000	0.0000000
7000.6209600	7000.0338101	6999.8782813	2.3399713	-0.5000000	0.0934142	0.2754386	0.1201830	0.0000000	0.0000000
7000.6209600	7000.0338101	6999.8782813	2.3199573	-0.5000000	0.0943473	0.2763157	0.1212136	0.0000000	0.0000000
7000.6209600	7000.0338101	6999.8782813	2.2999433	-0.5000000	0.0887473	0.2734030	0.1253817	0.0000000	0.0000000
7000.6209600	7000.0338101	6999.8782813	2.2799293	-0.5000000	0.0903687	0.2761466	0.1189698	0.0000000	0.0000000
7000.6209600	7000.0338101	6999.8782813	2.2599153	-0.5000000	0.0968721	0.2771614	0.1198137	0.0000000	0.0000000
7000.6209600	7000.0338101	6999.8782813	2.2399013	-0.5000000	0.0955043	0.2779185	0.1190431	0.0000000	0.0000000
7000.6209600	7000.0338101	6999.8782813	2.2198873	-0.5000000	0.0920038	0.2784198	0.1198724	0.0000000	0.0000000
7000.6209600	7000.0338101	6999.8782813	2.1998732	-0.5000000	0.0906891	0.2751661	0.1221465	0.0000000	0.0000000
7000.6209600	7000.0338101	6999.8782813	2.1798592	-0.5000000	0.0893451	0.2747224	0.1261713	0.0000000	0.0000000
7000.6209600	7000.0338101	6999.8782813	2.1598452	-0.5000000	0.0913287	0.2732043	0.1267338	0.0000000	0.0000000
7000.6209600	7000.0338101	6999.8782813	2.1401648	-0.5000000	0.0974304	0.2758114	0.1231162	0.0000000	0.0000000
7000.6209600	7000.0338101	6999.8782813	2.1201508	-0.5000000	0.0955403	0.2764790	0.1218135	0.0000000	0.0000000
7000.6209600	7000.0338101	6999.8782813	2.1001368	-0.5000000	0.0977755	0.2775953	0.1226423	0.0000000	0.0000000
7000.6209600	7000.0338101	6999.8782813	2.0801228	-0.5000000	0.0926313	0.2763677	0.1196763	0.0000000	0.0000000
7000.6209600	7000.0338101	6999.8782813	2.0601087	-0.5000000	0.0954600	0.2780918	0.1215096	0.0000000	0.0000000
7000.6209600	7000.0338101	6999.8782813	2.0400947	-0.5000000	0.0970787	0.2767839	0.1200626	0.0000000	0.0000000
7000.6209600	7000.0338101	6999.8782813	2.0200807	-0.5000000	0.1019536	0.2801154	0.1264158	0.0000000	0.0000000
7000.6209600	7000.0338101	6999.8782813	2.0000667	-0.5000000	0.1020308	0.2806418	0.1254550	0.0000000	0.0000000
7000.6209600	7000.0338101	6999.8782813	1.9800527	-0.5000000	0.0931777	0.2774811	0.1216565	0.0000000	0.0000000
7000.6209600	7000.0338101	6999.8782813	1.9600387	-0.5000000	0.0941218	0.2773406	0.1229901	0.0000000	0.0000000
7000.6209600	7000.0338101	6999.8782813	1.9400247	-0.5000000	0.0963563	0.2767445	0.1201842	0.0000000	0.0000000
7000.6209600	7000.0338101	6999.8782813	1.9200107	-0.5000000	0.0912748	0.2760680	0.1207589	0.0000000	0.0000000
7000.6209600	7000.0338101	6999.8782813	1.8999967	-0.5000000	0.0904237	0.2774030	0.1190076	0.0000000	0.0000000
7000.6209600	7000.0338101	6999.8782813	1.8799827	-0.5000000	0.0826656	0.2767854	0.1152032	0.0000000	0.0000000
7000.6209600	7000.0338101	6999.8782813	1.8599686	-0.5000000	0.0928916	0.2769137	0.1190891	0.0000000	0.0000000
7000.6209600	7000.0338101	6999.8782813	1.8399546	-0.5000000	0.0995236	0.2762397	0.1203191	0.0000000	0.0000000
7000.6209600	7000.0338101	6999.8782813	1.8199406	-0.5000000	0.0925341	0.2757970	0.1254399	0.0000000	0.0000000
7000.6209600	7000.0338101	6999.8782813	1.7999266	-0.5000000	0.0935599	0.2783304	0.1204093	0.0000000	0.0000000
7000.6209600	7000.0338101	6999.8782813	1.7799126	-0.5000000	0.0887841	0.2778746	0.1220452	0.0000000	0.0000000
7000.6209600	7000.0338101	6999.8782813	1.7598986	-0.5000000	0.1068771	0.2768472	0.1289327	0.0000000	0.0000000
7000.6209600	7000.0338101	6999.8782813	1.7398846	-0.5000000	0.0974125	0.2756709	0.1248263	0.0000000	0.0000000
7000.6209600	7000.0338101	6999.8782813	1.7198706	-0.5000000	0.0997725	0.2748531	0.1270665	0.0000000	0.0000000
7000.6209600	7000.0338101	6999.8782813	1.6998566	-0.5000000	0.1030997	0.2769280	0.1260743	0.0000000	0.0000000
7000.6209600	7000.0338101	6999.8782813	1.6798426	-0.5000000	0.0920811	0.2753326	0.1273851	0.0000000	0.0000000
7000.6209600	7000.0338101	6999.8782813	1.6601621	-0.5000000	0.0942349	0.2764725	0.1214725	0.0000000	0.0000000
7000.6209600	7000.0338101	6999.8782813	1.6401481	-0.5000000	0.1006409	0.2780070	0.1203331	0.0000000	0.0000000
7000.6209600	7000.0338101	6999.8782813	1.6201341	-0.5000000	0.0883337	0.2769442	0.1158524	0.0000000	0.0000000
7000.6209600	7000.0338101	6999.8782813	1.6001201	-0.5000000	0.0977415	0.2783831	0.1218102	0.0000000	0.0000000
7000.6209600	7000.0338101	6999.8782813	1.5801061	-0.5000000	0.0897449	0.2787432	0.1258859	0.0000000	0.0000000
7000.6209600	7000.0338101	6999.8782813	1.5600921	-0.5000000	0.0861340	0.2759960	0.1210354	0.0000000	0.0000000
7000.6209600	7000.0338101	6999.8782813	1.5400781	-0.5000000	0.1023647	0.2789227	0.1188239	0.0000000	0.0000000
7000.6209600	7000.0338101	6999.8782813	1.5200640	-0.5000000	0.1041837	0.2772615	0.1227395	0.0000000	0.0000000
7000.6209600	7000.0338101	6999.8782813	1.5000500	-0.5000000	0.0946793	0.2779427	0.1205073	0.0000000	0.0000000
7000.6209600	7000.0338101	6999.8782813	1.4800360	-0.5000000	0.0866307	0.2784562	0.1199445	0.0000000	0.0000000
7000.6209600	7000.0338101	6999.8782813	1.4600220	-0.5000000	0.0856914	0.2779691	0.1174290	0.0000000	0.0000000
7000.6209600	7000.0338101	6999.8782813	1.4400080	-0.5000000	0.1023304	0.2783392	0.1225439	0.0000000	0.0000000
7000.6209600	7000.0338101	6999.8782813	1.4199940	-0.5000000	0.1103517	0.2773347	0.1174923	0.0000000	0.0000000
7000.6209600	7000.0338101	6999.8782813	1.3999800	-0.5000000	0.1041685	0.2794282	0.1174082	0.0000000	0.0000000
7000.6209600	7000.0338101	6999.8782813	1.3799660	-0.5000000	0.0891752	0.2789856	0.1247051	0.0000000	0.0000000
7000.6209600	7000.0338101	6999.8782813	1.3599520	-0.5000000	0.0913038	0.2788239	0.1208892	0.0000000	0.0000000
7000.6209600	7000.0338101	6999.8782813	1.3399380	-0.5000000	0.1038643	0.2778861	0.1213954	0.0000000	0.0000000
7000.6209600	7000.0338101	6999.8782813	1.3199239	-0.5000000	0.1183698	0.2785049	0.1217264	0.0000000	0.0000000
7000.6209600	7000.0338101	6999.8782813	1.2999099	-0.5000000	0.1203146	0.2771102	0.1209473	0.0000000	0.0000000
7000.6209600	7000.0338101	6999.8782813	1.2798959	-0.5000000	0.0934071	0.2773159	0.1257352	0.0000000	0.0000000
7000.6209600	7000.0338101	6999.8782813	1.2598819	-0.5000000	0.0735272	0.2780720	0.1202529	0.0000000	0.0000000
7000.6209600	7000.0338101	6999.8782813	1.2398679	-0.5000000	0.1005747	0.2800448	0.1220599	0.0000000	0.0000000
7000.6209600	7000.0338101	6999.8782813	1.2198539	-0.5000000	0.1240133	0.2756934	0.1195046	0.0000000	0.0000000
7000.6209600	7000.0338101	6999.8782813	1.1998399	-0.5000000	0.1224021	0.2756304	0.1218386	0.0000000	0.0000000
7000.6209600	7000.0338101	6999.8782813	1.1801594	-0.5000000	0.1008654	0.2762362	0.1209128	0.0000000	0.0000000
7000.6209600	7000.0338101	6999.8782813	1.1601454	-0.5000000	0.0898770	0.2789089	0.1216798	0.0000000	0.0000000
7000.6209600	7000.0338101	6999.8782813	1.1401314	-0.5000000	0.1040698	0.2763026	0.1228463	0.0000000	0.0000000
7000.6209600	7000.0338101	6999.8782813	1.1201174	-0.5000000	0.1348518	0.2761771	0.1260095	0.0000000	0.0000000
7000.6209600	7000.0338101	6999.8782813	1.1001034	-0.5000000	0.1368542	0.2766428	0.1190032	0.0000000	0.0000000
7000.6209600	7000.0338101	6999.8782813	1.0800894	-0.5000000	0.1032501	0.2780828	0.1191667	0.0000000	0.0000000
7000.6209600	7000.0338101	6999.8782813	1.0600754	-0.5000000	0.0960693	0.2775385	0.1182012	0.0000000	0.0000000
7000.6209600	7000.0338101	6999.8782813	1.0400614	-0.5000000	0.1197864	0.2832524	0.1245220	0.0000000	0.0000000
7000.6209600	7000.0338101	6999.8782813	1.0200474	-0.5000000	0.1391866	0.2764474	0.1189633	0.0000000	0.0000000
7000.6209600	7000.0338101	6999.8782813	1.0000334	-0.5000000	0.1520568	0.2790037	0.1234163	0.0000000	0.0000000
7000.6209600	7000.0338101	6999.8782813	0.9800193	-0.5000000	0.0994879	0.2766853	0.1185353	0.0000000	0.0000000
7000.6209600	7000.0338101	6999.8782813	0.9600053	-0.5000000	0.1087744	0.2787373	0.1169669	0.0000000	0.0000000
7000.6209600	7000.0338101	6999.8782813	0.9399913	-0.5000000	0.1384608	0.2766417	0.1211702	0.0000000	0.0000000
7000.6209600	7000.0338101	6999.8782813	0.9199773	-0.5000000	0.1460930	0.2753646	0.1210048	0.0000000	0.0000000
7000.6209600	7000.0338101	6999.8782813	0.8999633	-0.5000000	0.1463331	0.2769042	0.1201033	0.0000000	0.0000000
7000.6209600	7000.0338101	6999.8782813	0.8799493	-0.5000000	0.1126029	0.2751825	0.1222451	0.0000000	0.0000000
7000.6209600	7000.0338101	6999.8782813	0.8599353	-0.5000000	0.1452939	0.2784331	0.1209318	0.0000000	0.0000000
7000.6209600	7000.0338101	6999.8782813	0.8399213	-0.5000000	0.1537109	0.2789149	0.1181788	0.0000000	0.0000000
7000.6209600	7000.0338101	6999.8782813	0.8199073	-0.5000000	0.1579692	0.2827719	0.1243721	0.0000000	0.0000000
7000.6209600	7000.0338101	6999.8782813	0.7998933	-0.5000000	0.1489152	0.2780994	0.1235190	0.0000000	0.0000000
7000.6209600	7000.0338101	6999.8782813	0.7798792	-0.5000000	0.1318525	0.2773890	0.1206239	0.0000000	0.0000000
7000.6209600	7000.0338101	6999.8782813	0.7598652	-0.5000000	0.1746559	0.2780027	0.1213793	0.0000000	0.0000000
7000.6209600	7000.0338101	6999.8782813	0.7398512	-0.5000000	0.1947557	0.2779177	0.1220409	0.0000000	0.0000000
7000.6209600	7000.0338101	6999.8782813	0.7198372	-0.5000000	0.1636606	0.2802834	0.1253444	0.0000000	0.0000000
7000.6209600	7000.0338101	6999.8782813	0.7001568	-0.5000000	0.1648975	0.2774467	0.1205781	0.0000000	0.0000000
7000.6209600	7000.0338101	6999.8782813	0.6801428	-0.5000000	0.1470322	0.2776096	0.1197234	0.0000000	0.0000000
7000.6209600	7000.0338101	6999.8782813	0.6601288	-0.5000000	0.1863064	0.2765457	0.1203671	0.0000000	0.0000000
7000.6209600	7000.0338101	6999.8782813	0.6401147	-0.5000000	0.1861750	0.2768335	0.1166772	0.0000000	0.0000000
7000.6209600	7000.0338101	6999.8782813	0.6201007	-0.5000000	0.1848671	0.2734980	0.1248127	0.0000000	0.0000000
7000.6209600	7000.0338101	6999.8782813	0.6000867	-0.5000000	0.1802091	0.2807218	0.1264529	0.0000000	0.0000000
7000.6209600	7000.0338101	6999.8782813	0.5800727	-0.5000000	0.1477985	0.2778842	0.1219746	0.0000000	0.0000000
7000.6209600	7000.0338101	6999.8782813	0.5600587	-0.5000000	0.1943561	0.2766578	0.1215138	0.0000000	0.0000000
7000.6209600	7000.0338101	6999.8782813	0.5400447	-0.5000000	0.2261052	0.2783376	0.1221620	0.0000000	0.0000000
7000.6209600	7000.0338101	6999.8782813	0.5200307	-0.5000000	0.1945024	0.2768596	0.1204221	0.0000000	0.0000000
7000.6209600	7000.0338101	6999.8782813	0.5000167	-0.5000000	0.1674092	0.2783586	0.1172797	0.0000000	0.0000000
7000.6209600	7000.0338101	6999.8782813	0.4800027	-0.5000000	0.1536089	0.2771549	0.1181078	0.0000000	0.0000000
7000.6209600	7000.0338101	6999.8782813	0.4599887	-0.5000000	0.2196002	0.2780533	0.1179357	0.0000000	0.0000000
7000.6209600	7000.0338101	6999.8782813	0.4399746	-0.5000000	0.2320322	0.2761923	0.1190570	0.0000000	0.0000000
7000.6209600	7000.0338101	6999.8782813	0.4199606	-0.5000000	0.1854117	0.2757430	0.1188408	0.0000000	0.0000000
7000.6209600	7000.0338101	6999.8782813	0.3999466	-0.5000000	0.1732167	0.2776920	0.1165815	0.0000000	0.0000000
7000.6209600	7000.0338101	6999.8782813	0.3799326	-0.5000000	0.1733217	0.2753815	0.1182411	0.0000000	0.0000000
7000.6209600	7000.0338101	6999.8782813	0.3599186	-0.5000000	0.2309202	0.2767603	0.1192563	0.0000000	0.0000000
7000.6209600	7000.0338101	6999.8782813	0.3399046	-0.5000000	0.2726118	0.2772766	0.1218441	0.0000000	0.0000000
7000.6209600	7000.0338101	6999.8782813	0.3198906	-0.5000000	0.1961013	0.2766716	0.1180483	0.0000000	0.0000000
7000.6209600	7000.0338101	6999.8782813	0.2998766	-0.5000000	0.2023950	0.2766799	0.1210244	0.0000000	0.0000000
7000.6209600	7000.0338101	6999.8782813	0.2798626	-0.5000000	0.1919924	0.2764135	0.1177821	0.0000000	0.0000000
7000.6209600	7000.0338101	6999.8782813	0.2598486	-0.5000000	0.2558574	0.2777177	0.1162732	0.0000000	0.0000000
7000.6209600	7000.0338101	6999.8782813	0.2398346	-0.5000000	0.2738469	0.2755692	0.1210718	0.0000000	0.0000000
7000.6209600	7000.0338101	6999.8782813	0.2201541	-0.5000000	0.2442023	0.2744130	0.1268135	0.0000000	0.0000000
7000.6209600	7000.0338101	6999.8782813	0.2001401	-0.5000000	0.2151595	0.2751329	0.1244653	0.0000000	0.0000000
7000.6209600	7000.0338101	6999.8782813	0.1801261	-0.5000000	0.2346237	0.2795238	0.1211354	0.0000000	0.0000000
7000.6209600	7000.0338101	6999.8782813	0.1601121	-0.5000000	0.2930574	0.2765139	0.1190487	0.0000000	0.0000000
7000.6209600	7000.0338101	6999.8782813	0.1400981	-0.5000000	0.2867975	0.2753539	0.1222244	0.0000000	0.0000000
7000.6209600	7000.0338101	6999.8782813	0.1200841	-0.5000000	0.2395247	0.2806022	0.1230337	0.0000000	0.0000000
7000.6209600	7000.0338101	6999.8782813	0.1000700	-0.5000000	0.1978910	0.2787538	0.1179552	0.0000000	0.0000000
7000.6209600	7000.0338101	6999.8782813	0.0800560	-0.5000000	0.2363793	0.2784075	0.1205199	0.0000000	0.0000000
7000.6209600	7000.0338101	6999.8782813	0.0600420	-0.5000000	0.3179858	0.2787164	0.1224404	0.0000000	0.0000000
7000.6209600	7000.0338101	6999.8782813	0.0400280	-0.5000000	0.3544150	0.2753260	0.1294769	0.0000000	0.0000000
7000.6209600	7000.0338101	6999.8782813	0.0200140	-0.5000000	0.2326769	0.2778483	0.1185894	0.0000000	0.0000000
7000.6209600	7000.0338101	6999.8782813	0.0000000	-0.5000000	0.2450988	0.2769263	0.1217633	0.0000000	0.0000000
