7000.6209600	7000.0338101	6999.8782813	3.0001001	-0.2201541	0.1688984	0.2824294	0.1258870	0.0000000	-0.2200000
7000.6209600	7000.0338101	6999.8782813	2.9800861	-0.2200000	0.1763837	0.2803466	0.1241158	0.0000000	0.0000000
7000.6209600	7000.0338101	6999.8782813	2.9600721	-0.2200000	0.1832659	0.2785352	0.1251177	0.0000000	0.0000000
7000.6209600	7000.0338101	6999.8782813	2.9400580	-0.2200000	0.1757222	0.2775811	0.1243972	0.0000000	0.0000000
7000.6209600	7000.0338101	6999.8782813	2.9200440	-0.2200000	0.1731743	0.2789104	0.1260736	0.0000000	0.0000000
7000.6209600	7000.0338101	6999.8782813	2.9000300	-0.2200000	0.1667452	0.2795801	0.1232161	0.0000000	0.0000000
7000.6209600	7000.0338101	6999.8782813	2.8800160	-0.2200000	0.1775104	0.2798615	0.1221124	0.0000000	0.0000000
7000.6209600	7000.0338101	6999.8782813	2.8600020	-0.2200000	0.1778661	0.2769009	0.1236572	0.0000000	0.0000000
7000.6209600	7000.0338101	6999.8782813	2.8399880	-0.2200000	0.1801661	0.2774419	0.1240199	0.0000000	0.0000000
7000.6209600	7000.0338101	6999.8782813	2.8199740	-0.2200000	0.1767767	0.2776064	0.1282875	0.0000000	0.0000000
7000.6209600	7000.0338101	6999.8782813	2.7999600	-0.2200000	0.1658456	0.2797800	0.1196617	0.0000000	0.0000000
7000.6209600	7000.0338101	6999.8782813	2.7799460	-0.2200000	0.1690597	0.2792798	0.1213040	0.0000000	0.0000000
7000.6209600	7000.0338101	6999.8782813	2.7599320	-0.2200000	0.1773807	0.2819435	0.1279501	0.0000000	0.0000000
7000.6209600	7000.0338101	6999.8782813	2.7399179	-0.2200000	0.1894891	0.2793575	0.1314165	0.0000000	0.0000000
7000.6209600	7000.0338101	6999.8782813	2.7199039	-0.2200000	0.1812898	0.2779067	0.1253545	0.0000000	0.0000000
7000.6209600	7000.0338101	6999.8782813	2.6998899	-0.2200000	0.1827343	0.2792686	0.1270287	0.0000000	0.0000000
7000.6209600	7000.0338101	6999.8782813	2.6798759	-0.2200000	0.1715116	0.2782733	0.1238329	0.0000000	0.0000000
7000.6209600	7000.0338101	6999.8782813	2.6598619	-0.2200000	0.1786937	0.2805355	0.1285151	0.0000000	0.0000000
7000.6209600	7000.0338101	6999.8782813	2.6398479	-0.2200000	0.1813745	0.2770743	0.1281968	0.0000000	0.0000000
7000.6209600	7000.0338101	6999.8782813	2.6198339	-0.2200000	0.1847677	0.2775751	0.1288365	0.0000000	0.0000000
7000.6209600	7000.0338101	6999.8782813	2.6001534	-0.2200000	0.1741560	0.2769606	0.1223236	0.0000000	0.0000000
7000.6209600	7000.0338101	6999.8782813	2.5801394	-0.2200000	0.1787361	0.2786647	0.1211429	0.0000000	0.0000000
7000.6209600	7000.0338101	6999.8782813	2.5601254	-0.2200000	0.1748961	0.2793336	0.1245115	0.0000000	0.0000000
7000.6209600	7000.0338101	6999.8782813	2.5401114	-0.2200000	0.1686952	0.2778143	0.1229810	0.0000000	0.0000000
7000.6209600	7000.0338101	6999.8782813	2.5200974	-0.2200000	0.1775256	0.2803473	0.1266990	0.0000000	0.0000000
7000.6209600	7000.0338101	6999.8782813	2.5000834	-0.2200000	0.1811064	0.2773512	0.1267668	0.0000000	0.0000000
7000.6209600	7000.0338101	6999.8782813	2.4800694	-0.2200000	0.1782366	0.2779982	0.1221498	0.0000000	0.0000000
7000.6209600	7000.0338101	6999.8782813	2.4600554	-0.2200000	0.1796349	0.2791257	0.1249384	0.0000000	0.0000000
7000.6209600	7000.0338101	6999.8782813	2.4400414	-0.2200000	0.1799062	0.2815012	0.1287858	0.0000000	0.0000000
7000.6209600	7000.0338101	6999.8782813	2.4200274	-0.2200000	0.1877313	0.2813251	0.1264965	0.0000000	0.0000000
7000.6209600	7000.0338101	6999.8782813	2.4000133	-0.2200000	0.1833599	0.2793192	0.1243354	0.0000000	0.0000000
7000.6209600	7000.0338101	6999.8782813	2.3799993	-0.2200000	0.1821259	0.2773383	0.1228850	0.0000000	0.0000000
7000.6209600	7000.0338101	6999.8782813	2.3599853	-0.2200000	0.1761775	0.2794049	0.1237354	0.0000000	0.0000000
7000.6209600	7000.0338101	6999.8782813	2.3399713	-0.2200000	0.1697625	0.2777072	0.1207396	0.0000000	0.0000000
7000.6209600	7000.0338101	6999.8782813	2.3199573	-0.2200000	0.1807495	0.2809391	0.1235367	0.0000000	0.0000000
7000.6209600	7000.0338101	6999.8782813	2.2999433	-0.2200000	0.1764462	0.2816995	0.1248534	0.0000000	0.0000000
7000.6209600	7000.0338101	6999.8782813	2.2799293	-0.2200000	0.1822343	0.2792352	0.1236516	0.0000000	0.0000000
7000.6209600	7000.0338101	6999.8782813	2.2599153	-0.2200000	0.1791160	0.2771874	0.1280529	0.0000000	0.0000000
7000.6209600	7000.0338101	6999.8782813	2.2399013	-0.2200000	0.1853743	0.2771011	0.1272959	0.0000000	0.0000000
7000.6209600	7000.0338101	6999.8782813	2.2198873	-0.2200000	0.1729277	0.2794966	0.1211311	0.0000000	0.0000000
7000.6209600	7000.0338101	6999.8782813	2.1998732	-0.2200000	0.1832804	0.2798550	0.1243318	0.0000000	0.0000000
7000.6209600	7000.0338101	6999.8782813	2.1798592	-0.2200000	0.1730229	0.2758881	0.1195740	0.0000000	0.0000000
7000.6209600	7000.0338101	6999.8782813	2.1598452	-0.2200000	0.1833304	0.2775948	0.1213662	0.0000000	0.0000000
7000.6209600	7000.0338101	6999.8782813	2.1401648	-0.2200000	0.1785834	0.2783185	0.1207668	0.0000000	0.0000000
7000.6209600	7000.0338101	6999.8782813	2.1201508	-0.2200000	0.1870657	0.2753839	0.1289344	0.0000000	0.0000000
7000.6209600	7000.0338101	6999.8782813	2.1001368	-0.2200000	0.1899136	0.2834877	0.1299294	0.0000000	0.0000000
7000.6209600	7000.0338101	6999.8782813	2.0801228	-0.2200000	0.1872961	0.2771251	0.1229612	0.0000000	0.0000000
7000.6209600	7000.0338101	6999.8782813	2.0601087	-0.2200000	0.1710393	0.2747866	0.1194354	0.0000000	0.0000000
7000.6209600	7000.0338101	6999.8782813	2.0400947	-0.2200000	0.1832825	0.2796543	0.1243099	0.0000000	0.0000000
7000.6209600	7000.0338101	6999.8782813	2.0200807	-0.2200000	0.1837944	0.2776158	0.1235225	0.0000000	0.0000000
7000.6209600	7000.0338101	6999.8782813	2.0000667	-0.2200000	0.1760209	0.2793253	0.1233199	0.0000000	0.0000000
7000.6209600	7000.0338101	6999.8782813	1.9800527	-0.2200000	0.1861780	0.2784714	0.1268174	0.0000000	0.0000000
7000.6209600	7000.0338101	6999.8782813	1.9600387	-0.2200000	0.1852101	0.2753081	0.1286188	0.0000000	0.0000000
7000.6209600	7000.0338101	6999.8782813	1.9400247	-0.2200000	0.1867808	0.2769595	0.1321134	0.0000000	0.0000000
7000.6209600	7000.0338101	6999.8782813	1.9200107	-0.2200000	0.1763450	0.2775433	0.1232203	0.0000000	0.0000000
7000.6209600	7000.0338101	6999.8782813	1.8999967	-0.2200000	0.1960616	0.2792538	0.1274130	0.0000000	0.0000000
7000.6209600	7000.0338101	6999.8782813	1.8799827	-0.2200000	0.1983417	0.2805225	0.1277069	0.0000000	0.0000000
7000.6209600	7000.0338101	6999.8782813	1.8599686	-0.2200000	0.1728123	0.2793789	0.1209862	0.0000000	0.0000000
7000.6209600	7000.0338101	6999.8782813	1.8399546	-0.2200000	0.1690464	0.2823208	0.1239620	0.0000000	0.0000000
7000.6209600	7000.0338101	6999.8782813	1.8199406	-0.2200000	0.1854913	0.2765249	0.1218733	0.0000000	0.0000000
7000.6209600	7000.0338101	6999.8782813	1.7999266	-0.2200000	0.2017336	0.2790681	0.1285248	0.0000000	0.0000000
7000.6209600	7000.0338101	6999.8782813	1.7799126	-0.2200000	0.1959022	0.2786987	0.1259016	0.0000000	0.0000000
7000.6209600	7000.0338101	6999.8782813	1.7598986	-0.2200000	0.1728153	0.2777903	0.1205430	0.0000000	0.0000000
7000.6209600	7000.0338101	6999.8782813	1.7398846	-0.2200000	0.1799497	0.2839586	0.1268254	0.0000000	0.0000000
7000.6209600	7000.0338101	6999.8782813	1.7198706	-0.2200000	0.1942119	0.2787352	0.1226344	0.0000000	0.0000000
7000.6209600	7000.0338101	6999.8782813	1.6998566	-0.2200000	0.2023309	0.2779929	0.1235229	0.0000000	0.0000000
7000.6209600	7000.0338101	6999.8782813	1.6798426	-0.2200000	0.2015045	0.2787023	0.1239653	0.0000000	0.0000000
7000.6209600	7000.0338101	6999.8782813	1.6601621	-0.2200000	0.1831263	0.2776476	0.1233768	0.0000000	0.0000000
7000.6209600	7000.0338101	6999.8782813	1.6401481	-0.2200000	0.1732642	0.2783191	0.1216266	0.0000000	0.0000000
7000.6209600	7000.0338101	6999.8782813	1.6201341	-0.2200000	0.1743473	0.2791333	0.1214341	0.0000000	0.0000000
7000.6209600	7000.0338101	6999.8782813	1.6001201	-0.2200000	0.1911929	0.2830896	0.1242656	0.0000000	0.0000000
7000.6209600	7000.0338101	6999.8782813	1.5801061	-0.2200000	0.2164260	0.2801963	0.1274760	0.0000000	0.0000000
7000.6209600	7000.0338101	6999.8782813	1.5600921	-0.2200000	0.2070278	0.2803411	0.1260214	0.0000000	0.0000000
7000.6209600	7000.0338101	6999.8782813	1.5400781	-0.2200000	0.1775615	0.2787959	0.1227787	0.0000000	0.0000000
7000.6209600	7000.0338101	6999.8782813	1.5200640	-0.2200000	0.1735031	0.2835688	0.1272219	0.0000000	0.0000000
7000.6209600	7000.0338101	6999.8782813	1.5000500	-0.2200000	0.1795161	0.2755497	0.1235968	0.0000000	0.0000000
7000.6209600	7000.0338101	6999.8782813	1.4800360	-0.2200000	0.2058250	0.2766539	0.1200533	0.0000000	0.0000000
7000.6209600	7000.0338101	6999.8782813	1.4600220	-0.2200000	0.2058379	0.2787869	0.1228970	0.0000000	0.0000000
7000.6209600	7000.0338101	6999.8782813	1.4400080	-0.2200000	0.1993812	0.2784041	0.1212863	0.0000000	0.0000000
7000.6209600	7000.0338101	6999.8782813	1.4199940	-0.2200000	0.1802423	0.2768419	0.1258218	0.0000000	0.0000000
7000.6209600	7000.0338101	6999.8782813	1.3999800	-0.2200000	0.1580685	0.2794188	0.1174556	0.0000000	0.0000000
7000.6209600	7000.0338101	6999.8782813	1.3799660	-0.2200000	0.2254371	0.2797720	0.1262699	0.0000000	0.0000000
7000.6209600	7000.0338101	6999.8782813	1.3599520	-0.2200000	0.2196732	0.2773363	0.1241843	0.0000000	0.0000000
7000.6209600	7000.0338101	6999.8782813	1.3399380	-0.2200000	0.2097452	0.2768417	0.1240581	0.0000000	0.0000000
7000.6209600	7000.0338101	6999.8782813	1.3199239	-0.2200000	0.1739932	0.2769116	0.1228773	0.0000000	0.0000000
7000.6209600	7000.0338101	6999.8782813	1.2999099	-0.2200000	0.1796069	0.2777805	0.1220148	0.0000000	0.0000000
7000.6209600	7000.0338101	6999.8782813	1.2798959	-0.2200000	0.2488180	0.2789493	0.1310669	0.0000000	0.0000000
7000.6209600	7000.0338101	6999.8782813	1.2598819	-0.2200000	0.2195918	0.2785531	0.1205411	0.0000000	0.0000000
7000.6209600	7000.0338101	6999.8782813	1.2398679	-0.2200000	0.2100012	0.2780946	0.1205658	0.0000000	0.0000000
7000.6209600	7000.0338101	6999.8782813	1.2198539	-0.2200000	0.1874905	0.2799604	0.1246229	0.0000000	0.0000000
7000.6209600	7000.0338101	6999.8782813	1.1998399	-0.2200000	0.1648977	0.2784523	0.1191001	0.0000000	0.0000000
7000.6209600	7000.0338101	6999.8782813	1.1801594	-0.2200000	0.2060570	0.2758431	0.1215841	0.0000000	0.0000000
7000.6209600	7000.0338101	6999.8782813	1.1601454	-0.2200000	0.2527015	0.2756978	0.1303616	0.0000000	0.0000000
7000.6209600	7000.0338101	6999.8782813	1.1401314	-0.2200000	0.2346527	0.2816254	0.1244497	0.0000000	0.0000000
7000.6209600	7000.0338101	6999.8782813	1.1201174	-0.2200000	0.1964985	0.2791091	0.1258600	0.0000000	0.0000000
7000.6209600	7000.0338101	6999.8782813	1.1001034	-0.2200000	0.2126370	0.2794041	0.1231285	0.0000000	0.0000000
7000.6209600	7000.0338101	6999.8782813	1.0800894	-0.2200000	0.2373461	0.2805582	0.1230321	0.0000000	0.0000000
7000.6209600	7000.0338101	6999.8782813	1.0600754	-0.2200000	0.2563668	0.2783190	0.1279143	0.0000000	0.0000000
7000.6209600	7000.0338101	6999.8782813	1.0400614	-0.2200000	0.2267374	0.2810160	0.1238188	0.0000000	0.0000000
7000.6209600	7000.0338101	6999.8782813	1.0200474	-0.2200000	0.1980287	0.2761160	0.1239719	0.0000000	0.0000000
7000.6209600	7000.0338101	6999.8782813	1.0000334	-0.2200000	0.1949421	0.2787087	0.1203784	0.0000000	0.0000000
7000.6209600	7000.0338101	6999.8782813	0.9800193	-0.2200000	0.2567178	0.2764711	0.1218452	0.0000000	0.0000000
7000.6209600	7000.0338101	6999.8782813	0.9600053	-0.2200000	0.2549209	0.2787040	0.1224907	0.0000000	0.0000000
7000.6209600	7000.0338101	6999.8782813	0.9399913	-0.2200000	0.2431357	0.2770591	0.1311316	0.0000000	0.0000000
7000.6209600	7000.0338101	6999.8782813	0.9199773	-0.2200000	0.2301525	0.2790100	0.1263958	0.0000000	0.0000000
7000.6209600	7000.0338101	6999.8782813	0.8999633	-0.2200000	0.2595533	0.2786443	0.1259348	0.0000000	0.0000000
7000.6209600	7000.0338101	6999.8782813	0.8799493	-0.2200000	0.3145881	0.2762570	0.1331069	0.0000000	0.0000000
7000.6209600	7000.0338101	6999.8782813	0.8599353	-0.2200000	0.2681122	0.2771892	0.1292439	0.0000000	0.0000000
7000.6209600	7000.0338101	6999.8782813	0.8399213	-0.2200000	0.2495422	0.2800040	0.1305498	0.0000000	0.0000000
7000.6209600	7000.0338101	6999.8782813	0.8199073	-0.2200000	0.2379594	0.2798740	0.1254222	0.0000000	0.0000000
7000.6209600	7000.0338101	6999.8782813	0.7998933	-0.2200000	0.2688334	0.2776711	0.1264015	0.0000000	0.0000000
7000.6209600	7000.0338101	6999.8782813	0.7798792	-0.2200000	0.2862278	0.2802836	0.1207631	0.0000000	0.0000000
7000.6209600	7000.0338101	6999.8782813	0.7598652	-0.2200000	0.2591637	0.2800159	0.1259611	0.0000000	0.0000000
7000.6209600	7000.0338101	6999.8782813	0.7398512	-0.2200000	0.2395201	0.2782177	0.1234095	0.0000000	0.0000000
7000.6209600	7000.0338101	6999.8782813	0.7198372	-0.2200000	0.2543807	0.2778068	0.1182325	0.0000000	0.0000000
7000.6209600	7000.0338101	6999.8782813	0.7001568	-0.2200000	0.2612013	0.2810157	0.1243695	0.0000000	0.0000000
7000.6209600	7000.0338101	6999.8782813	0.6801428	-0.2200000	0.3099036	0.2796732	0.1227017	0.0000000	0.0000000
7000.6209600	7000.0338101	6999.8782813	0.6601288	-0.2200000	0.2793914	0.2784926	0.1236110	0.0000000	0.0000000
7000.6209600	7000.0338101	6999.8782813	0.6401147	-0.2200000	0.2351619	0.2776405	0.1224308	0.0000000	0.0000000
7000.6209600	7000.0338101	6999.8782813	0.6201007	-0.2200000	0.2523468	0.2788198	0.1220560	0.0000000	0.0000000
7000.6209600	7000.0338101	6999.8782813	0.6000867	-0.2200000	0.2814636	0.2780425	0.1245494	0.0000000	0.0000000
7000.6209600	7000.0338101	6999.8782813	0.5800727	-0.2200000	0.3162847	0.2752299	0.1255212	0.0000000	0.0000000
7000.6209600	7000.0338101	6999.8782813	0.5600587	-0.2200000	0.2401062	0.2763802	0.1213011	0.0000000	0.0000000
7000.6209600	7000.0338101	6999.8782813	0.5400447	-0.2200000	0.2329497	0.2764773	0.1215001	0.0000000	0.0000000
7000.6209600	7000.0338101	6999.8782813	0.5200307	-0.2200000	0.3049380	0.2798160	0.1238037	0.0000000	0.0000000
7000.6209600	7000.0338101	6999.8782813	0.5000167	-0.2200000	0.3312523	0.2794055	0.1243197	0.0000000	0.0000000
7000.6209600	7000.0338101	6999.8782813	0.4800027	-0.2200000	0.3370242	0.2825922	0.1247349	0.0000000	0.0000000
7000.6209600	7000.0338101	6999.8782813	0.4599887	-0.2200000	0.2569746	0.2789456	0.1217354	0.0000000	0.0000000
7000.6209600	7000.0338101	6999.8782813	0.4399746	-0.2200000	0.2547950	0.2779587	0.1249830	0.0000000	0.0000000
7000.6209600	7000.0338101	6999.8782813	0.4199606	-0.2200000	0.2922317	0.2768003	0.1205245	0.0000000	0.0000000
7000.6209600	7000.0338101	6999.8782813	0.3999466	-0.2200000	0.3063064	0.2747794	0.1214003	0.0000000	0.0000000
7000.6209600	7000.0338101	6999.8782813	0.3799326	-0.2200000	0.3357689	0.2790383	0.1242228	0.0000000	0.0000000
7000.6209600	7000.0338101	6999.8782813	0.3599186	-0.2200000	0.2926506	0.2761118	0.1245664	0.0000000	0.0000000
7000.6209600	7000.0338101	6999.8782813	0.3399046	-0.2200000	0.2636959	0.2777120	0.1247947	0.0000000	0.0000000
7000.6209600	7000.0338101	6999.8782813	0.3198906	-0.2200000	0.3644634	0.2763609	0.1282109	0.0000000	0.0000000
7000.6209600	7000.0338101	6999.8782813	0.2998766	-0.2200000	0.3576257	0.2775867	0.1267103	0.0000000	0.0000000
7000.6209600	7000.0338101	6999.8782813	0.2798626	-0.2200000	0.3410332	0.2766223	0.1194954	0.0000000	0.0000000
7000.6209600	7000.0338101	6999.8782813	0.2598486	-0.2200000	0.2793446	0.2787877	0.1250305	0.0000000	0.0000000
7000.6209600	7000.0338101	6999.8782813	0.2398346	-0.2200000	0.2288457	0.2781151	0.1205876	0.0000000	0.0000000
7000.6209600	7000.0338101	6999.8782813	0.2201541	-0.2200000	0.3390383	0.2769462	0.1235260	0.0000000	0.0000000
7000.6209600	7000.0338101	6999.8782813	0.2001401	-0.2200000	0.3914606	0.2765585	0.1265502	0.0000000	0.0000000
7000.6209600	7000.0338101	6999.8782813	0.1801261	-0.2200000	0.4138119	0.2815709	0.1321031	0.0000000	0.0000000
7000.6209600	7000.0338101	6999.8782813	0.1601121	-0.2200000	0.2953219	0.2792819	0.1250986	0.0000000	0.0000000
7000.6209600	7000.0338101	6999.8782813	0.1400981	-0.2200000	0.2628818	0.2839459	0.1232051	0.0000000	0.0000000
7000.6209600	7000.0338101	6999.8782813	0.1200841	-0.2200000	0.3818319	0.2796420	0.1240841	0.0000000	0.0000000
7000.6209600	7000.0338101	6999.8782813	0.1000700	-0.2200000	0.3998722	0.2774382	0.1250321	0.0000000	0.0000000
7000.6209600	7000.0338101	6999.8782813	0.0800560	-0.2200000	0.3778994	0.2792242	0.1232032	0.0000000	0.0000000
7000.6209600	7000.0338101	6999.8782813	0.0600420	-0.2200000	0.2915895	0.2795272	0.1248080	0.0000000	0.0000000
7000.6209600	7000.0338101	6999.8782813	0.0400280	-0.2200000	0.2723378	0.2826428	0.1236184	0.0000000	0.0000000
7000.6209600	7000.0338101	6999.8782813	0.0200140	-0.2200000	0.3328524	0.2773528	0.1235612	0.0000000	0.0000000
7000.6209600	7000.0338101	6999.8782813	0.0000000	-0.2200000	0.3512750	0.2758531	0.1246030	0.0000000	0.0000000
