7000.6209600	7000.0338101	6999.8782813	3.0001001	-0.6801428	0.0490986	0.2740400	0.1242642	0.0000000	-0.6800000
7000.6209600	7000.0338101	6999.8782813	2.9800861	-0.6800000	0.0522775	0.2768240	0.1226313	0.0000000	0.0000000
7000.6209600	7000.0338101	6999.8782813	2.9600721	-0.6800000	0.0525914	0.2720504	0.1293223	0.0000000	0.0000000
7000.6209600	7000.0338101	6999.8782813	2.9400580	-0.6800000	0.0523799	0.2739697	0.1273677	0.0000000	0.0000000
7000.6209600	7000.0338101	6999.8782813	2.9200440	-0.6800000	0.0447426	0.2740790	0.1232173	0.0000000	0.0000000
7000.6209600	7000.0338101	6999.8782813	2.9000300	-0.6800000	0.0520819	0.2753470	0.1304291	0.0000000	0.0000000
7000.6209600	7000.0338101	6999.8782813	2.8800160	-0.6800000	0.0486035	0.2761476	0.1207911	0.0000000	0.0000000
7000.6209600	7000.0338101	6999.8782813	2.8600020	-0.6800000	0.0468002	0.2764664	0.1168617	0.0000000	0.0000000
7000.6209600	7000.0338101	6999.8782813	2.8399880	-0.6800000	0.0532842	0.2752234	0.1280082	0.0000000	0.0000000
7000.6209600	7000.0338101	6999.8782813	2.8199740	-0.6800000	0.0477238	0.2761246	0.1200217	0.0000000	0.0000000
7000.6209600	7000.0338101	6999.8782813	2.7999600	-0.6800000	0.0426934	0.2739043	0.1219395	0.0000000	0.0000000
7000.6209600	7000.0338101	6999.8782813	2.7799460	-0.6800000	0.0459266	0.2759966	0.1179076	0.0000000	0.0000000
7000.6209600	7000.0338101	6999.8782813	2.7599320	-0.6800000	0.0497465	0.2751904	0.1265531	0.0000000	0.0000000
7000.6209600	7000.0338101	6999.8782813	2.7399179	-0.6800000	0.0503372	0.2745317	0.1251012	0.0000000	0.0000000
7000.6209600	7000.0338101	6999.8782813	2.7199039	-0.6800000	0.0489851	0.2773346	0.1201842	0.0000000	0.0000000
7000.6209600	7000.0338101	6999.8782813	2.6998899	-0.6800000	0.0468170	0.2773406	0.1193912	0.0000000	0.0000000
7000.6209600	7000.0338101	6999.8782813	2.6798759	-0.6800000	0.0495878	0.2739579	0.1245514	0.0000000	0.0000000
7000.6209600	7000.0338101	6999.8782813	2.6598619	-0.6800000	0.0555024	0.2765984	0.1299467	0.0000000	0.0000000
7000.6209600	7000.0338101	6999.8782813	2.6398479	-0.6800000	0.0525359	0.2747587	0.1224918	0.0000000	0.0000000
7000.6209600	7000.0338101	6999.8782813	2.6198339	-0.6800000	0.0476418	0.2750054	0.1183098	0.0000000	0.0000000
7000.6209600	7000.0338101	6999.8782813	2.6001534	-0.6800000	0.0484825	0.2757825	0.1166896	0.0000000	0.0000000
7000.6209600	7000.0338101	6999.8782813	2.5801394	-0.6800000	0.0486423	0.2732170	0.1235350	0.0000000	0.0000000
7000.6209600	7000.0338101	6999.8782813	2.5601254	-0.6800000	0.0558333	0.2722612	0.1242053	0.0000000	0.0000000
7000.6209600	7000.0338101	6999.8782813	2.5401114	-0.6800000	0.0559000	0.2754669	0.1275829	0.0000000	0.0000000
7000.6209600	7000.0338101	6999.8782813	2.5200974	-0.6800000	0.0530149	0.2734619	0.1309541	0.0000000	0.0000000
7000.6209600	7000.0338101	6999.8782813	2.5000834	-0.6800000	0.0520486	0.2732365	0.1306083	0.0000000	0.0000000
7000.6209600	7000.0338101	6999.8782813	2.4800694	-0.6800000	0.0509384	0.2754675	0.1246528	0.0000000	0.0000000
7000.6209600	7000.0338101	6999.8782813	2.4600554	-0.6800000	0.0497043	0.2750654	0.1191628	0.0000000	0.0000000
7000.6209600	7000.0338101	6999.8782813	2.4400414	-0.6800000	0.0532729	0.2712058	0.1295052	0.0000000	0.0000000
7000.6209600	7000.0338101	6999.8782813	2.4200274	-0.6800000	0.0542990	0.2729000	0.1282969	0.0000000	0.0000000
7000.6209600	7000.0338101	6999.8782813	2.4000133	-0.6800000	0.0466138	0.2736533	0.1241825	0.0000000	0.0000000
7000.6209600	7000.0338101	6999.8782813	2.3799993	-0.6800000	0.0482059	0.2759141	0.1177562	0.0000000	0.0000000
7000.6209600	7000.0338101	6999.8782813	2.3599853	-0.6800000	0.0501874	0.2755038	0.1197920	0.0000000	0.0000000
7000.6209600	7000.0338101	6999.8782813	2.3399713	-0.6800000	0.0491699	0.2777555	0.1215275	0.0000000	0.0000000
7000.6209600	7000.0338101	6999.8782813	2.3199573	-0.6800000	0.0454373	0.2744916	0.1167726	0.0000000	0.0000000
7000.6209600	7000.0338101	6999.8782813	2.2999433	-0.6800000	0.0502936	0.2742285	0.1236083	0.0000000	0.0000000
7000.6209600	7000.0338101	6999.8782813	2.2799293	-0.6800000	0.0526136	0.2735988	0.1277476	0.0000000	0.0000000
7000.6209600	7000.0338101	6999.8782813	2.2599153	-0.6800000	0.0534242	0.2775841	0.1201010	0.0000000	0.0000000
7000.6209600	7000.0338101	6999.8782813	2.2399013	-0.6800000	0.0510259	0.2759816	0.1187472	0.0000000	0.0000000
7000.6209600	7000.0338101	6999.8782813	2.2198873	-0.6800000	0.0474558	0.2731729	0.1253895	0.0000000	0.0000000
7000.6209600	7000.0338101	6999.8782813	2.1998732	-0.6800000	0.0487966	0.2732482	0.1200809	0.0000000	0.0000000
7000.6209600	7000.0338101	6999.8782813	2.1798592	-0.6800000	0.0525160	0.2741130	0.1181188	0.0000000	0.0000000
7000.6209600	7000.0338101	6999.8782813	2.1598452	-0.6800000	0.0517332	0.2724127	0.1256388	0.0000000	0.0000000
7000.6209600	7000.0338101	6999.8782813	2.1401648	-0.6800000	0.0504143	0.2745659	0.1210934	0.0000000	0.0000000
7000.6209600	7000.0338101	6999.8782813	2.1201508	-0.6800000	0.0539226	0.2747609	0.1277509	0.0000000	0.0000000
7000.6209600	7000.0338101	6999.8782813	2.1001368	-0.6800000	0.0503889	0.2752003	0.1215320	0.0000000	0.0000000
7000.6209600	7000.0338101	6999.8782813	2.0801228	-0.6800000	0.0513984	0.2725029	0.1285498	0.0000000	0.0000000
7000.6209600	7000.0338101	6999.8782813	2.0601087	-0.6800000	0.0523593	0.2746172	0.1275850	0.0000000	0.0000000
7000.6209600	7000.0338101	6999.8782813	2.0400947	-0.6800000	0.0553593	0.2746713	0.1268944	0.0000000	0.0000000
7000.6209600	7000.0338101	6999.8782813	2.0200807	-0.6800000	0.0480157	0.2752786	0.1189518	0.0000000	0.0000000
7000.6209600	7000.0338101	6999.8782813	2.0000667	-0.6800000	0.0506602	0.2762985	0.1243181	0.0000000	0.0000000
7000.6209600	7000.0338101	6999.8782813	1.9800527	-0.6800000	0.0474537	0.2758345	0.1177023	0.0000000	0.0000000
7000.6209600	7000.0338101	6999.8782813	1.9600387	-0.6800000	0.0489111	0.2724360	0.1235735	0.0000000	0.0000000
7000.6209600	7000.0338101	6999.8782813	1.9400247	-0.6800000	0.0498689	0.2738114	0.1217433	0.0000000	0.0000000
7000.6209600	7000.0338101	6999.8782813	1.9200107	-0.6800000	0.0484655	0.2759948	0.1192672	0.0000000	0.0000000
7000.6209600	7000.0338101	6999.8782813	1.8999967	-0.6800000	0.0501790	0.2762701	0.1218137	0.0000000	0.0000000
7000.6209600	7000.0338101	6999.8782813	1.8799827	-0.6800000	0.0489274	0.2728480	0.1258505	0.0000000	0.0000000
7000.6209600	7000.0338101	6999.8782813	1.8599686	-0.6800000	0.0523361	0.2785486	0.1204443	0.0000000	0.0000000
7000.6209600	7000.0338101	6999.8782813	1.8399546	-0.6800000	0.0492122	0.2778373	0.1183654	0.0000000	0.0000000
7000.6209600	7000.0338101	6999.8782813	1.8199406	-0.6800000	0.0526970	0.2725380	0.1275961	0.0000000	0.0000000
7000.6209600	7000.0338101	6999.8782813	1.7999266	-0.6800000	0.0527394	0.2734844	0.1217548	0.0000000	0.0000000
7000.6209600	7000.0338101	6999.8782813	1.7799126	-0.6800000	0.0508203	0.2754866	0.1178447	0.0000000	0.0000000
7000.6209600	7000.0338101	6999.8782813	1.7598986	-0.6800000	0.0526288	0.2746805	0.1156984	0.0000000	0.0000000
7000.6209600	7000.0338101	6999.8782813	1.7398846	-0.6800000	0.0513162	0.2790952	0.1194768	0.0000000	0.0000000
7000.6209600	7000.0338101	6999.8782813	1.7198706	-0.6800000	0.0423468	0.2764768	0.1148104	0.0000000	0.0000000
7000.6209600	7000.0338101	6999.8782813	1.6998566	-0.6800000	0.0449441	0.2777153	0.1169890	0.0000000	0.0000000
7000.6209600	7000.0338101	6999.8782813	1.6798426	-0.6800000	0.0543826	0.2781654	0.1194938	0.0000000	0.0000000
7000.6209600	7000.0338101	6999.8782813	1.6601621	-0.6800000	0.0563673	0.2764559	0.1176219	0.0000000	0.0000000
7000.6209600	7000.0338101	6999.8782813	1.6401481	-0.6800000	0.0518005	0.2741923	0.1147831	0.0000000	0.0000000
7000.6209600	7000.0338101	6999.8782813	1.6201341	-0.6800000	0.0451150	0.2733286	0.1202397	0.0000000	0.0000000
7000.6209600	7000.0338101	6999.8782813	1.6001201	-0.6800000	0.0409390	0.2738308	0.1169680	0.0000000	0.0000000
7000.6209600	7000.0338101	6999.8782813	1.5801061	-0.6800000	0.0486123	0.2748527	0.1201909	0.0000000	0.0000000
7000.6209600	7000.0338101	6999.8782813	1.5600921	-0.6800000	0.0582681	0.2765568	0.1172313	0.0000000	0.0000000
7000.6209600	7000.0338101	6999.8782813	1.5400781	-0.6800000	0.0505739	0.2746139	0.1183206	0.0000000	0.0000000
7000.6209600	7000.0338101	6999.8782813	1.5200640	-0.6800000	0.0422809	0.2765250	0.1158983	0.0000000	0.0000000
7000.6209600	7000.0338101	6999.8782813	1.5000500	-0.6800000	0.0418796	0.2742450	0.1262793	0.0000000	0.0000000
7000.6209600	7000.0338101	6999.8782813	1.4800360	-0.6800000	0.0413289	0.2724517	0.1222153	0.0000000	0.0000000
7000.6209600	7000.0338101	6999.8782813	1.4600220	-0.6800000	0.0550983	0.2741368	0.1218096	0.0000000	0.0000000
7000.6209600	7000.0338101	6999.8782813	1.4400080	-0.6800000	0.0600769	0.2755537	0.1191676	0.0000000	0.0000000
7000.6209600	7000.0338101	6999.8782813	1.4199940	-0.6800000	0.0574800	0.2759583	0.1236040	0.0000000	0.0000000
7000.6209600	7000.0338101	6999.8782813	1.3999800	-0.6800000	0.0488369	0.2757681	0.1211848	0.0000000	0.0000000
7000.6209600	7000.0338101	6999.8782813	1.3799660	-0.6800000	0.0372219	0.2753651	0.1170939	0.0000000	0.0000000
7000.6209600	7000.0338101	6999.8782813	1.3599520	-0.6800000	0.0540481	0.2757285	0.1166664	0.0000000	0.0000000
7000.6209600	7000.0338101	6999.8782813	1.3399380	-0.6800000	0.0630222	0.2743627	0.1194132	0.0000000	0.0000000
7000.6209600	7000.0338101	6999.8782813	1.3199239	-0.6800000	0.0559172	0.2741975	0.1292043	0.0000000	0.0000000
7000.6209600	7000.0338101	6999.8782813	1.2999099	-0.6800000	0.0483815	0.2741183	0.1233639	0.0000000	0.0000000
7000.6209600	7000.0338101	6999.8782813	1.2798959	-0.6800000	0.0371381	0.2753608	0.1226368	0.0000000	0.0000000
7000.6209600	7000.0338101	6999.8782813	1.2598819	-0.6800000	0.0605919	0.2753580	0.1242615	0.0000000	0.0000000
7000.6209600	7000.0338101	6999.8782813	1.2398679	-0.6800000	0.0667673	0.2740330	0.1263273	0.0000000	0.0000000
7000.6209600	7000.0338101	6999.8782813	1.2198539	-0.6800000	0.0498690	0.2766543	0.1164119	0.0000000	0.0000000
7000.6209600	7000.0338101	6999.8782813	1.1998399	-0.6800000	0.0439501	0.2745935	0.1215461	0.0000000	0.0000000
7000.6209600	7000.0338101	6999.8782813	1.1801594	-0.6800000	0.0402706	0.2743967	0.1208689	0.0000000	0.0000000
7000.6209600	7000.0338101	6999.8782813	1.1601454	-0.6800000	0.0541235	0.2740483	0.1248276	0.0000000	0.0000000
7000.6209600	7000.0338101	6999.8782813	1.1401314	-0.6800000	0.0758329	0.2774922	0.1200476	0.0000000	0.0000000
7000.6209600	7000.0338101	6999.8782813	1.1201174	-0.6800000	0.0606099	0.2776346	0.1193137	0.0000000	0.0000000
7000.6209600	7000.0338101	6999.8782813	1.1001034	-0.6800000	0.0516678	0.2755066	0.1224668	0.0000000	0.0000000
7000.6209600	7000.0338101	6999.8782813	1.0800894	-0.6800000	0.0443944	0.2744111	0.1207936	0.0000000	0.0000000
7000.6209600	7000.0338101	6999.8782813	1.0600754	-0.6800000	0.0801172	0.2731281	0.1295490	0.0000000	0.0000000
7000.6209600	7000.0338101	6999.8782813	1.0400614	-0.6800000	0.0771176	0.2732870	0.1242152	0.0000000	0.0000000
7000.6209600	7000.0338101	6999.8782813	1.0200474	-0.6800000	0.0560791	0.2725712	0.1212617	0.0000000	0.0000000
7000.6209600	7000.0338101	6999.8782813	1.0000334	-0.6800000	0.0587059	0.2706500	0.1281469	0.0000000	0.0000000
7000.6209600	7000.0338101	6999.8782813	0.9800193	-0.6800000	0.0537064	0.2721930	0.1221506	0.0000000	0.0000000
7000.6209600	7000.0338101	6999.8782813	0.9600053	-0.6800000	0.0823700	0.2727604	0.1239531	0.0000000	0.0000000
7000.6209600	7000.0338101	6999.8782813	0.9399913	-0.6800000	0.0836212	0.2764025	0.1152324	0.0000000	0.0000000
7000.6209600	7000.0338101	6999.8782813	0.9199773	-0.6800000	0.0530494	0.2755543	0.1177827	0.0000000	0.0000000
7000.6209600	7000.0338101	6999.8782813	0.8999633	-0.6800000	0.0532148	0.2737291	0.1217629	0.0000000	0.0000000
7000.6209600	7000.0338101	6999.8782813	0.8799493	-0.6800000	0.0678994	0.2734032	0.1244761	0.0000000	0.0000000
7000.6209600	7000.0338101	6999.8782813	0.8599353	-0.6800000	0.1003639	0.2728826	0.1253168	0.0000000	0.0000000
7000.6209600	7000.0338101	6999.8782813	0.8399213	-0.6800000	0.0874974	0.2717869	0.1198286	0.0000000	0.0000000
7000.6209600	7000.0338101	6999.8782813	0.8199073	-0.6800000	0.0612622	0.2762739	0.1155742	0.0000000	0.0000000
7000.6209600	7000.0338101	6999.8782813	0.7998933	-0.6800000	0.0628038	0.2734152	0.1201506	0.0000000	0.0000000
7000.6209600	7000.0338101	6999.8782813	0.7798792	-0.6800000	0.0965411	0.2726820	0.1201381	0.0000000	0.0000000
7000.6209600	7000.0338101	6999.8782813	0.7598652	-0.6800000	0.1053032	0.2747164	0.1155111	0.0000000	0.0000000
7000.6209600	7000.0338101	6999.8782813	0.7398512	-0.6800000	0.1056447	0.2774298	0.1162014	0.0000000	0.0000000
7000.6209600	7000.0338101	6999.8782813	0.7198372	-0.6800000	0.0598507	0.2749214	0.1151757	0.0000000	0.0000000
7000.6209600	7000.0338101	6999.8782813	0.7001568	-0.6800000	0.0660975	0.2754686	0.1191666	0.0000000	0.0000000
7000.6209600	7000.0338101	6999.8782813	0.6801428	-0.6800000	0.0808921	0.2719633	0.1212682	0.0000000	0.0000000
7000.6209600	7000.0338101	6999.8782813	0.6601288	-0.6800000	0.1379003	0.2742897	0.1267208	0.0000000	0.0000000
7000.6209600	7000.0338101	6999.8782813	0.6401147	-0.6800000	0.1302549	0.2743594	0.1213656	0.0000000	0.0000000
7000.6209600	7000.0338101	6999.8782813	0.6201007	-0.6800000	0.0661914	0.2749108	0.1137385	0.0000000	0.0000000
7000.6209600	7000.0338101	6999.8782813	0.6000867	-0.6800000	0.0785868	0.2757001	0.1170515	0.0000000	0.0000000
7000.6209600	7000.0338101	6999.8782813	0.5800727	-0.6800000	0.1231182	0.2769558	0.1178722	0.0000000	0.0000000
7000.6209600	7000.0338101	6999.8782813	0.5600587	-0.6800000	0.1392186	0.2766512	0.1166960	0.0000000	0.0000000
7000.6209600	7000.0338101	6999.8782813	0.5400447	-0.6800000	0.1480273	0.2759945	0.1194889	0.0000000	0.0000000
7000.6209600	7000.0338101	6999.8782813	0.5200307	-0.6800000	0.0876302	0.2746969	0.1217762	0.0000000	0.0000000
7000.6209600	7000.0338101	6999.8782813	0.5000167	-0.6800000	0.0799307	0.2728037	0.1139741	0.0000000	0.0000000
7000.6209600	7000.0338101	6999.8782813	0.4800027	-0.6800000	0.1434362	0.2745105	0.1183342	0.0000000	0.0000000
7000.6209600	7000.0338101	6999.8782813	0.4599887	-0.6800000	0.1559717	0.2733235	0.1138585	0.0000000	0.0000000
7000.6209600	7000.0338101	6999.8782813	0.4399746	-0.6800000	0.1614197	0.2741075	0.1147069	0.0000000	0.0000000
7000.6209600	7000.0338101	6999.8782813	0.4199606	-0.6800000	0.1249442	0.2728285	0.1230244	0.0000000	0.0000000
7000.6209600	7000.0338101	6999.8782813	0.3999466	-0.6800000	0.1210947	0.2707080	0.1286655	0.0000000	0.0000000
7000.6209600	7000.0338101	6999.8782813	0.3799326	-0.6800000	0.1398263	0.2719393	0.1229170	0.0000000	0.0000000
7000.6209600	7000.0338101	6999.8782813	0.3599186	-0.6800000	0.1899220	0.2716312	0.1274781	0.0000000	0.0000000
7000.6209600	7000.0338101	6999.8782813	0.3399046	-0.6800000	0.1959364	0.2755770	0.1188107	0.0000000	0.0000000
7000.6209600	7000.0338101	6999.8782813	0.3198906	-0.6800000	0.1269000	0.2752953	0.1167784	0.0000000	0.0000000
7000.6209600	7000.0338101	6999.8782813	0.2998766	-0.6800000	0.1256514	0.2725219	0.1140216	0.0000000	0.0000000
7000.6209600	7000.0338101	6999.8782813	0.2798626	-0.6800000	0.1698335	0.2745531	0.1142148	0.0000000	0.0000000
7000.6209600	7000.0338101	6999.8782813	0.2598486	-0.6800000	0.2054368	0.2744766	0.1170188	0.0000000	0.0000000
7000.6209600	7000.0338101	6999.8782813	0.2398346	-0.6800000	0.2096277	0.2716077	0.1234540	0.0000000	0.0000000
7000.6209600	7000.0338101	6999.8782813	0.2201541	-0.6800000	0.1391664	0.2745298	0.1144333	0.0000000	0.0000000
7000.6209600	7000.0338101	6999.8782813	0.2001401	-0.6800000	0.1608007	0.2725328	0.1291938	0.0000000	0.0000000
7000.6209600	7000.0338101	6999.8782813	0.1801261	-0.6800000	0.2151527	0.2733691	0.1243473	0.0000000	0.0000000
7000.6209600	7000.0338101	6999.8782813	0.1601121	-0.6800000	0.2250797	0.2717050	0.1252507	0.0000000	0.0000000
7000.6209600	7000.0338101	6999.8782813	0.1400981	-0.6800000	0.2001793	0.2762133	0.1138619	0.0000000	0.0000000
7000.6209600	7000.0338101	6999.8782813	0.1200841	-0.6800000	0.1540078	0.2757927	0.1165685	0.0000000	0.0000000
7000.6209600	7000.0338101	6999.8782813	0.1000700	-0.6800000	0.1678446	0.2745642	0.1166143	0.0000000	0.0000000
7000.6209600	7000.0338101	6999.8782813	0.0800560	-0.6800000	0.2306989	0.2743174	0.1208978	0.0000000	0.0000000
7000.6209600	7000.0338101	6999.8782813	0.0600420	-0.6800000	0.2367400	0.2729296	0.1191588	0.0000000	0.0000000
7000.6209600	7000.0338101	6999.8782813	0.0400280	-0.6800000	0.2069796	0.2788898	0.1162778	0.0000000	0.0000000
7000.6209600	7000.0338101	6999.8782813	0.0200140	-0.6800000	0.1710350	0.2750973	0.1183010	0.0000000	0.0000000
7000.6209600	7000.0338101	6999.8782813	0.0000000	-0.6800000	0.1942026	0.2732439	0.1156597	0.0000000	0.0000000
