7000.6209600	7000.0338101	6999.8782813	3.0001001	-0.7998933	0.0246067	0.2691147	0.1221290	0.0000000	-0.8000000
7000.6209600	7000.0338101	6999.8782813	2.9800861	-0.8000000	0.0226632	0.2716677	0.1156776	0.0000000	0.0000000
7000.6209600	7000.0338101	6999.8782813	2.9600721	-0.8000000	0.0246519	0.2702605	0.1166187	0.0000000	0.0000000
7000.6209600	7000.0338101	6999.8782813	2.9400580	-0.8000000	0.0271130	0.2713802	0.1141675	0.0000000	0.0000000
7000.6209600	7000.0338101	6999.8782813	2.9200440	-0.8000000	0.0273402	0.2723800	0.1160490	0.0000000	0.0000000
7000.6209600	7000.0338101	6999.8782813	2.9000300	-0.8000000	0.0245808	0.2723303	0.1136523	0.0000000	0.0000000
7000.6209600	7000.0338101	6999.8782813	2.8800160	-0.8000000	0.0264075	0.2723593	0.1179666	0.0000000	0.0000000
7000.6209600	7000.0338101	6999.8782813	2.8600020	-0.8000000	0.0285643	0.2697220	0.1222578	0.0000000	0.0000000
7000.6209600	7000.0338101	6999.8782813	2.8399880	-0.8000000	0.0246349	0.2738025	0.1137025	0.0000000	0.0000000
7000.6209600	7000.0338101	6999.8782813	2.8199740	-0.8000000	0.0289614	0.2703428	0.1195420	0.0000000	0.0000000
7000.6209600	7000.0338101	6999.8782813	2.7999600	-0.8000000	0.0304351	0.2733258	0.1193854	0.0000000	0.0000000
7000.6209600	7000.0338101	6999.8782813	2.7799460	-0.8000000	0.0244574	0.2721454	0.1163857	0.0000000	0.0000000
7000.6209600	7000.0338101	6999.8782813	2.7599320	-0.8000000	0.0273754	0.2727323	0.1177385	0.0000000	0.0000000
7000.6209600	7000.0338101	6999.8782813	2.7399179	-0.8000000	0.0248173	0.2725752	0.1143357	0.0000000	0.0000000
7000.6209600	7000.0338101	6999.8782813	2.7199039	-0.8000000	0.0239061	0.2742637	0.1107596	0.0000000	0.0000000
7000.6209600	7000.0338101	6999.8782813	2.6998899	-0.8000000	0.0275594	0.2715234	0.1164241	0.0000000	0.0000000
7000.6209600	7000.0338101	6999.8782813	2.6798759	-0.8000000	0.0258518	0.2718717	0.1156733	0.0000000	0.0000000
7000.6209600	7000.0338101	6999.8782813	2.6598619	-0.8000000	0.0236527	0.2718145	0.1154745	0.0000000	0.0000000
7000.6209600	7000.0338101	6999.8782813	2.6398479	-0.8000000	0.0248755	0.2745024	0.1124197	0.0000000	0.0000000
7000.6209600	7000.0338101	6999.8782813	2.6198339	-0.8000000	0.0279417	0.2706010	0.1164240	0.0000000	0.0000000
7000.6209600	7000.0338101	6999.8782813	2.6001534	-0.8000000	0.0242946	0.2727305	0.1192394	0.0000000	0.0000000
7000.6209600	7000.0338101	6999.8782813	2.5801394	-0.8000000	0.0232041	0.2740625	0.1183025	0.0000000	0.0000000
7000.6209600	7000.0338101	6999.8782813	2.5601254	-0.8000000	0.0263070	0.2714109	0.1214701	0.0000000	0.0000000
7000.6209600	7000.0338101	6999.8782813	2.5401114	-0.8000000	0.0307567	0.2713374	0.1247146	0.0000000	0.0000000
7000.6209600	7000.0338101	6999.8782813	2.5200974	-0.8000000	0.0290947	0.2733859	0.1175394	0.0000000	0.0000000
7000.6209600	7000.0338101	6999.8782813	2.5000834	-0.8000000	0.0277303	0.2743962	0.1170586	0.0000000	0.0000000
7000.6209600	7000.0338101	6999.8782813	2.4800694	-0.8000000	0.0296084	0.2698707	0.1263771	0.0000000	0.0000000
7000.6209600	7000.0338101	6999.8782813	2.4600554	-0.8000000	0.0227903	0.2740959	0.1103850	0.0000000	0.0000000
7000.6209600	7000.0338101	6999.8782813	2.4400414	-0.8000000	0.0276788	0.2718077	0.1207075	0.0000000	0.0000000
7000.6209600	7000.0338101	6999.8782813	2.4200274	-0.8000000	0.0294496	0.2739343	0.1249022	0.0000000	0.0000000
7000.6209600	7000.0338101	6999.8782813	2.4000133	-0.8000000	0.0272301	0.2746050	0.1138213	0.0000000	0.0000000
7000.6209600	7000.0338101	6999.8782813	2.3799993	-0.8000000	0.0307272	0.2709163	0.1276722	0.0000000	0.0000000
7000.6209600	7000.0338101	6999.8782813	2.3599853	-0.8000000	0.0259724	0.2723058	0.1179469	0.0000000	0.0000000
7000.6209600	7000.0338101	6999.8782813	2.3399713	-0.8000000	0.0274984	0.2745121	0.1166121	0.0000000	0.0000000
7000.6209600	7000.0338101	6999.8782813	2.3199573	-0.8000000	0.0239829	0.2726356	0.1176984	0.0000000	0.0000000
7000.6209600	7000.0338101	6999.8782813	2.2999433	-0.8000000	0.0292737	0.2765924	0.1177396	0.0000000	0.0000000
7000.6209600	7000.0338101	6999.8782813	2.2799293	-0.8000000	0.0280936	0.2740006	0.1210557	0.0000000	0.0000000
7000.6209600	7000.0338101	6999.8782813	2.2599153	-0.8000000	0.0232920	0.2734412	0.1164398	0.0000000	0.0000000
7000.6209600	7000.0338101	6999.8782813	2.2399013	-0.8000000	0.0276614	0.2760509	0.1163499	0.0000000	0.0000000
7000.6209600	7000.0338101	6999.8782813	2.2198873	-0.8000000	0.0283787	0.2749265	0.1168079	0.0000000	0.0000000
7000.6209600	7000.0338101	6999.8782813	2.1998732	-0.8000000	0.0290098	0.2745155	0.1169030	0.0000000	0.0000000
7000.6209600	7000.0338101	6999.8782813	2.1798592	-0.8000000	0.0282356	0.2734025	0.1164381	0.0000000	0.0000000
7000.6209600	7000.0338101	6999.8782813	2.1598452	-0.8000000	0.0255422	0.2756580	0.1138417	0.0000000	0.0000000
7000.6209600	7000.0338101	6999.8782813	2.1401648	-0.8000000	0.0305376	0.2730056	0.1200382	0.0000000	0.0000000
7000.6209600	7000.0338101	6999.8782813	2.1201508	-0.8000000	0.0275366	0.2758173	0.1147278	0.0000000	0.0000000
7000.6209600	7000.0338101	6999.8782813	2.1001368	-0.8000000	0.0269031	0.2733492	0.1173911	0.0000000	0.0000000
7000.6209600	7000.0338101	6999.8782813	2.0801228	-0.8000000	0.0266727	0.2754063	0.1161797	0.0000000	0.0000000
7000.6209600	7000.0338101	6999.8782813	2.0601087	-0.8000000	0.0310441	0.2764135	0.1183088	0.0000000	0.0000000
7000.6209600	7000.0338101	6999.8782813	2.0400947	-0.8000000	0.0269669	0.2745105	0.1135541	0.0000000	0.0000000
7000.6209600	7000.0338101	6999.8782813	2.0200807	-0.8000000	0.0216531	0.2744700	0.1115382	0.0000000	0.0000000
7000.6209600	7000.0338101	6999.8782813	2.0000667	-0.8000000	0.0252274	0.2750787	0.1211891	0.0000000	0.0000000
7000.6209600	7000.0338101	6999.8782813	1.9800527	-0.8000000	0.0267423	0.2726998	0.1207001	0.0000000	0.0000000
7000.6209600	7000.0338101	6999.8782813	1.9600387	-0.8000000	0.0313174	0.2757111	0.1160239	0.0000000	0.0000000
7000.6209600	7000.0338101	6999.8782813	1.9400247	-0.8000000	0.0316458	0.2724240	0.1166982	0.0000000	0.0000000
7000.6209600	7000.0338101	6999.8782813	1.9200107	-0.8000000	0.0269166	0.2713225	0.1222446	0.0000000	0.0000000
7000.6209600	7000.0338101	6999.8782813	1.8999967	-0.8000000	0.0209750	0.2751637	0.1105146	0.0000000	0.0000000
7000.6209600	7000.0338101	6999.8782813	1.8799827	-0.8000000	0.0306932	0.2719871	0.1202638	0.0000000	0.0000000
7000.6209600	7000.0338101	6999.8782813	1.8599686	-0.8000000	0.0355004	0.2740143	0.1277404	0.0000000	0.0000000
7000.6209600	7000.0338101	6999.8782813	1.8399546	-0.8000000	0.0290730	0.2745515	0.1134889	0.0000000	0.0000000
7000.6209600	7000.0338101	6999.8782813	1.8199406	-0.8000000	0.0303593	0.2726838	0.1193259	0.0000000	0.0000000
7000.6209600	7000.0338101	6999.8782813	1.7999266	-0.8000000	0.0269115	0.2738148	0.1181489	0.0000000	0.0000000
7000.6209600	7000.0338101	6999.8782813	1.7799126	-0.8000000	0.0326504	0.2722781	0.1226243	0.0000000	0.0000000
7000.6209600	7000.0338101	6999.8782813	1.7598986	-0.8000000	0.0275536	0.2756899	0.1114602	0.0000000	0.0000000
7000.6209600	7000.0338101	6999.8782813	1.7398846	-0.8000000	0.0320419	0.2758632	0.1181427	0.0000000	0.0000000
7000.6209600	7000.0338101	6999.8782813	1.7198706	-0.8000000	0.0293411	0.2750790	0.1176482	0.0000000	0.0000000
7000.6209600	7000.0338101	6999.8782813	1.6998566	-0.8000000	0.0206631	0.2751174	0.1124280	0.0000000	0.0000000
7000.6209600	7000.0338101	6999.8782813	1.6798426	-0.8000000	0.0250466	0.2752520	0.1133962	0.0000000	0.0000000
7000.6209600	7000.0338101	6999.8782813	1.6601621	-0.8000000	0.0337979	0.2734812	0.1226973	0.0000000	0.0000000
7000.6209600	7000.0338101	6999.8782813	1.6401481	-0.8000000	0.0374600	0.2731388	0.1266921	0.0000000	0.0000000
7000.6209600	7000.0338101	6999.8782813	1.6201341	-0.8000000	0.0361549	0.2760483	0.1218927	0.0000000	0.0000000
7000.6209600	7000.0338101	6999.8782813	1.6001201	-0.8000000	0.0294287	0.2761471	0.1174150	0.0000000	0.0000000
7000.6209600	7000.0338101	6999.8782813	1.5801061	-0.8000000	0.0235242	0.2756954	0.1170734	0.0000000	0.0000000
7000.6209600	7000.0338101	6999.8782813	1.5600921	-0.8000000	0.0297413	0.2745098	0.1184034	0.0000000	0.0000000
7000.6209600	7000.0338101	6999.8782813	1.5400781	-0.8000000	0.0310498	0.2738950	0.1167720	0.0000000	0.0000000
7000.6209600	7000.0338101	6999.8782813	1.5200640	-0.8000000	0.0317671	0.2742380	0.1173451	0.0000000	0.0000000
7000.6209600	7000.0338101	6999.8782813	1.5000500	-0.8000000	0.0314451	0.2730944	0.1196163	0.0000000	0.0000000
7000.6209600	7000.0338101	6999.8782813	1.4800360	-0.8000000	0.0225382	0.2747181	0.1194491	0.0000000	0.0000000
7000.6209600	7000.0338101	6999.8782813	1.4600220	-0.8000000	0.0301174	0.2733322	0.1217057	0.0000000	0.0000000
7000.6209600	7000.0338101	6999.8782813	1.4400080	-0.8000000	0.0349531	0.2753370	0.1182096	0.0000000	0.0000000
7000.6209600	7000.0338101	6999.8782813	1.4199940	-0.8000000	0.0362158	0.2726592	0.1224828	0.0000000	0.0000000
7000.6209600	7000.0338101	6999.8782813	1.3999800	-0.8000000	0.0265321	0.2729196	0.1186775	0.0000000	0.0000000
7000.6209600	7000.0338101	6999.8782813	1.3799660	-0.8000000	0.0229121	0.2736141	0.1283247	0.0000000	0.0000000
7000.6209600	7000.0338101	6999.8782813	1.3599520	-0.8000000	0.0233434	0.2723572	0.1229288	0.0000000	0.0000000
7000.6209600	7000.0338101	6999.8782813	1.3399380	-0.8000000	0.0313315	0.2747952	0.1179639	0.0000000	0.0000000
7000.6209600	7000.0338101	6999.8782813	1.3199239	-0.8000000	0.0371475	0.2754263	0.1201454	0.0000000	0.0000000
7000.6209600	7000.0338101	6999.8782813	1.2999099	-0.8000000	0.0335436	0.2759955	0.1209878	0.0000000	0.0000000
7000.6209600	7000.0338101	6999.8782813	1.2798959	-0.8000000	0.0186123	0.2737136	0.1186089	0.0000000	0.0000000
7000.6209600	7000.0338101	6999.8782813	1.2598819	-0.8000000	0.0287552	0.2704847	0.1247020	0.0000000	0.0000000
7000.6209600	7000.0338101	6999.8782813	1.2398679	-0.8000000	0.0446589	0.2721067	0.1300815	0.0000000	0.0000000
7000.6209600	7000.0338101	6999.8782813	1.2198539	-0.8000000	0.0418009	0.2732004	0.1250206	0.0000000	0.0000000
7000.6209600	7000.0338101	6999.8782813	1.1998399	-0.8000000	0.0413202	0.2745707	0.1200004	0.0000000	0.0000000
7000.6209600	7000.0338101	6999.8782813	1.1801594	-0.8000000	0.0248794	0.2726986	0.1234722	0.0000000	0.0000000
7000.6209600	7000.0338101	6999.8782813	1.1601454	-0.8000000	0.0304403	0.2744103	0.1266814	0.0000000	0.0000000
7000.6209600	7000.0338101	6999.8782813	1.1401314	-0.8000000	0.0365164	0.2739393	0.1287777	0.0000000	0.0000000
7000.6209600	7000.0338101	6999.8782813	1.1201174	-0.8000000	0.0395653	0.2765641	0.1181095	0.0000000	0.0000000
7000.6209600	7000.0338101	6999.8782813	1.1001034	-0.8000000	0.0372826	0.2772502	0.1164775	0.0000000	0.0000000
7000.6209600	7000.0338101	6999.8782813	1.0800894	-0.8000000	0.0238218	0.2769600	0.1195787	0.0000000	0.0000000
7000.6209600	7000.0338101	6999.8782813	1.0600754	-0.8000000	0.0273279	0.2736143	0.1210170	0.0000000	0.0000000
7000.6209600	7000.0338101	6999.8782813	1.0400614	-0.8000000	0.0384716	0.2723296	0.1249454	0.0000000	0.0000000
7000.6209600	7000.0338101	6999.8782813	1.0200474	-0.8000000	0.0469954	0.2751318	0.1243312	0.0000000	0.0000000
7000.6209600	7000.0338101	6999.8782813	1.0000334	-0.8000000	0.0417319	0.2750930	0.1192734	0.0000000	0.0000000
7000.6209600	7000.0338101	6999.8782813	0.9800193	-0.8000000	0.0228135	0.2722567	0.1237118	0.0000000	0.0000000
7000.6209600	7000.0338101	6999.8782813	0.9600053	-0.8000000	0.0457576	0.2730559	0.1284519	0.0000000	0.0000000
7000.6209600	7000.0338101	6999.8782813	0.9399913	-0.8000000	0.0540941	0.2759242	0.1275312	0.0000000	0.0000000
7000.6209600	7000.0338101	6999.8782813	0.9199773	-0.8000000	0.0367800	0.2779352	0.1150017	0.0000000	0.0000000
7000.6209600	7000.0338101	6999.8782813	0.8999633	-0.8000000	0.0319292	0.2776034	0.1154437	0.0000000	0.0000000
7000.6209600	7000.0338101	6999.8782813	0.8799493	-0.8000000	0.0257648	0.2744819	0.1229974	0.0000000	0.0000000
7000.6209600	7000.0338101	6999.8782813	0.8599353	-0.8000000	0.0537202	0.2729283	0.1236831	0.0000000	0.0000000
7000.6209600	7000.0338101	6999.8782813	0.8399213	-0.8000000	0.0693672	0.2741770	0.1279469	0.0000000	0.0000000
7000.6209600	7000.0338101	6999.8782813	0.8199073	-0.8000000	0.0455149	0.2729327	0.1272277	0.0000000	0.0000000
7000.6209600	7000.0338101	6999.8782813	0.7998933	-0.8000000	0.0302914	0.2766786	0.1167505	0.0000000	0.0000000
7000.6209600	7000.0338101	6999.8782813	0.7798792	-0.8000000	0.0329393	0.2778328	0.1149575	0.0000000	0.0000000
7000.6209600	7000.0338101	6999.8782813	0.7598652	-0.8000000	0.0654072	0.2729625	0.1273267	0.0000000	0.0000000
7000.6209600	7000.0338101	6999.8782813	0.7398512	-0.8000000	0.0823411	0.2753641	0.1228456	0.0000000	0.0000000
7000.6209600	7000.0338101	6999.8782813	0.7198372	-0.8000000	0.0507192	0.2733707	0.1220568	0.0000000	0.0000000
7000.6209600	7000.0338101	6999.8782813	0.7001568	-0.8000000	0.0538308	0.2732330	0.1277146	0.0000000	0.0000000
7000.6209600	7000.0338101	6999.8782813	0.6801428	-0.8000000	0.0400254	0.2747711	0.1227673	0.0000000	0.0000000
7000.6209600	7000.0338101	6999.8782813	0.6601288	-0.8000000	0.0789325	0.2735450	0.1286315	0.0000000	0.0000000
7000.6209600	7000.0338101	6999.8782813	0.6401147	-0.8000000	0.0772874	0.2752579	0.1197260	0.0000000	0.0000000
7000.6209600	7000.0338101	6999.8782813	0.6201007	-0.8000000	0.0687517	0.2756134	0.1277994	0.0000000	0.0000000
7000.6209600	7000.0338101	6999.8782813	0.6000867	-0.8000000	0.0581149	0.2742050	0.1257277	0.0000000	0.0000000
7000.6209600	7000.0338101	6999.8782813	0.5800727	-0.8000000	0.0494075	0.2745781	0.1178218	0.0000000	0.0000000
7000.6209600	7000.0338101	6999.8782813	0.5600587	-0.8000000	0.0948755	0.2751359	0.1164043	0.0000000	0.0000000
7000.6209600	7000.0338101	6999.8782813	0.5400447	-0.8000000	0.0923925	0.2739590	0.1181133	0.0000000	0.0000000
7000.6209600	7000.0338101	6999.8782813	0.5200307	-0.8000000	0.0668557	0.2745723	0.1261168	0.0000000	0.0000000
7000.6209600	7000.0338101	6999.8782813	0.5000167	-0.8000000	0.0650920	0.2716779	0.1243236	0.0000000	0.0000000
7000.6209600	7000.0338101	6999.8782813	0.4800027	-0.8000000	0.0614375	0.2756821	0.1156636	0.0000000	0.0000000
7000.6209600	7000.0338101	6999.8782813	0.4599887	-0.8000000	0.0982919	0.2754674	0.1163306	0.0000000	0.0000000
7000.6209600	7000.0338101	6999.8782813	0.4399746	-0.8000000	0.1165111	0.2741453	0.1192867	0.0000000	0.0000000
7000.6209600	7000.0338101	6999.8782813	0.4199606	-0.8000000	0.0918160	0.2726664	0.1278165	0.0000000	0.0000000
7000.6209600	7000.0338101	6999.8782813	0.3999466	-0.8000000	0.0711534	0.2732208	0.1228219	0.0000000	0.0000000
7000.6209600	7000.0338101	6999.8782813	0.3799326	-0.8000000	0.0818169	0.2735690	0.1259115	0.0000000	0.0000000
7000.6209600	7000.0338101	6999.8782813	0.3599186	-0.8000000	0.1276519	0.2719865	0.1237291	0.0000000	0.0000000
7000.6209600	7000.0338101	6999.8782813	0.3399046	-0.8000000	0.1419960	0.2718219	0.1234550	0.0000000	0.0000000
7000.6209600	7000.0338101	6999.8782813	0.3198906	-0.8000000	0.0891865	0.2725823	0.1195747	0.0000000	0.0000000
7000.6209600	7000.0338101	6999.8782813	0.2998766	-0.8000000	0.0733333	0.2717550	0.1232764	0.0000000	0.0000000
7000.6209600	7000.0338101	6999.8782813	0.2798626	-0.8000000	0.1085944	0.2735352	0.1253341	0.0000000	0.0000000
7000.6209600	7000.0338101	6999.8782813	0.2598486	-0.8000000	0.1586300	0.2741848	0.1158427	0.0000000	0.0000000
7000.6209600	7000.0338101	6999.8782813	0.2398346	-0.8000000	0.1517573	0.2747411	0.1178549	0.0000000	0.0000000
7000.6209600	7000.0338101	6999.8782813	0.2201541	-0.8000000	0.1204564	0.2735734	0.1279362	0.0000000	0.0000000
7000.6209600	7000.0338101	6999.8782813	0.2001401	-0.8000000	0.1030894	0.2745663	0.1221196	0.0000000	0.0000000
7000.6209600	7000.0338101	6999.8782813	0.1801261	-0.8000000	0.1323005	0.2744585	0.1242058	0.0000000	0.0000000
7000.6209600	7000.0338101	6999.8782813	0.1601121	-0.8000000	0.1753131	0.2742487	0.1145710	0.0000000	0.0000000
7000.6209600	7000.0338101	6999.8782813	0.1400981	-0.8000000	0.1872808	0.2729478	0.1228733	0.0000000	0.0000000
7000.6209600	7000.0338101	6999.8782813	0.1200841	-0.8000000	0.1373756	0.2705287	0.1282246	0.0000000	0.0000000
7000.6209600	7000.0338101	6999.8782813	0.1000700	-0.8000000	0.1444817	0.2722648	0.1243281	0.0000000	0.0000000
7000.6209600	7000.0338101	6999.8782813	0.0800560	-0.8000000	0.1806057	0.2789364	0.1232578	0.0000000	0.0000000
7000.6209600	7000.0338101	6999.8782813	0.0600420	-0.8000000	0.2315070	0.2729066	0.1269214	0.0000000	0.0000000
7000.6209600	7000.0338101	6999.8782813	0.0400280	-0.8000000	0.2053806	0.2714773	0.1251595	0.0000000	0.0000000
7000.6209600	7000.0338101	6999.8782813	0.0200140	-0.8000000	0.1479554	0.2738320	0.1180498	0.0000000	0.0000000
7000.6209600	7000.0338101	6999.8782813	0.0000000	-0.8000000	0.1502971	0.2721469	0.1260306	0.0000000	0.0000000
