7000.6209600	7000.0338101	6999.8782813	3.0001001	-0.5400447	0.0828676	0.2767262	0.1197883	0.0000000	-0.5400000
7000.6209600	7000.0338101	6999.8782813	2.9800861	-0.5400000	0.0818965	0.2756471	0.1219674	0.0000000	0.0000000
7000.6209600	7000.0338101	6999.8782813	2.9600721	-0.5400000	0.0799855	0.2781493	0.1189425	0.0000000	0.0000000
7000.6209600	7000.0338101	6999.8782813	2.9400580	-0.5400000	0.0809055	0.2780126	0.1193882	0.0000000	0.0000000
7000.6209600	7000.0338101	6999.8782813	2.9200440	-0.5400000	0.0681538	0.2759916	0.1140527	0.0000000	0.0000000
7000.6209600	7000.0338101	6999.8782813	2.9000300	-0.5400000	0.0761207	0.2789513	0.1168612	0.0000000	0.0000000
7000.6209600	7000.0338101	6999.8782813	2.8800160	-0.5400000	0.0827520	0.2769585	0.1184554	0.0000000	0.0000000
7000.6209600	7000.0338101	6999.8782813	2.8600020	-0.5400000	0.0832908	0.2745938	0.1232461	0.0000000	0.0000000
7000.6209600	7000.0338101	6999.8782813	2.8399880	-0.5400000	0.0795930	0.2777686	0.1197089	0.0000000	0.0000000
7000.6209600	7000.0338101	6999.8782813	2.8199740	-0.5400000	0.0818921	0.2758441	0.1198975	0.0000000	0.0000000
7000.6209600	7000.0338101	6999.8782813	2.7999600	-0.5400000	0.0787941	0.2771827	0.1172610	0.0000000	0.0000000
7000.6209600	7000.0338101	6999.8782813	2.7799460	-0.5400000	0.0828629	0.2789648	0.1215986	0.0000000	0.0000000
7000.6209600	7000.0338101	6999.8782813	2.7599320	-0.5400000	0.0820259	0.2808651	0.1252976	0.0000000	0.0000000
7000.6209600	7000.0338101	6999.8782813	2.7399179	-0.5400000	0.0793477	0.2777075	0.1193643	0.0000000	0.0000000
7000.6209600	7000.0338101	6999.8782813	2.7199039	-0.5400000	0.0800336	0.2784910	0.1201711	0.0000000	0.0000000
7000.6209600	7000.0338101	6999.8782813	2.6998899	-0.5400000	0.0843677	0.2781781	0.1202631	0.0000000	0.0000000
7000.6209600	7000.0338101	6999.8782813	2.6798759	-0.5400000	0.0820765	0.2783855	0.1191466	0.0000000	0.0000000
7000.6209600	7000.0338101	6999.8782813	2.6598619	-0.5400000	0.0794070	0.2773746	0.1221232	0.0000000	0.0000000
7000.6209600	7000.0338101	6999.8782813	2.6398479	-0.5400000	0.0803427	0.2775560	0.1212784	0.0000000	0.0000000
7000.6209600	7000.0338101	6999.8782813	2.6198339	-0.5400000	0.0846936	0.2775624	0.1251301	0.0000000	0.0000000
7000.6209600	7000.0338101	6999.8782813	2.6001534	-0.5400000	0.0811090	0.2784042	0.1191632	0.0000000	0.0000000
7000.6209600	7000.0338101	6999.8782813	2.5801394	-0.5400000	0.0823983	0.2827350	0.1241884	0.0000000	0.0000000
7000.6209600	7000.0338101	6999.8782813	2.5601254	-0.5400000	0.0755621	0.2784774	0.1190599	0.0000000	0.0000000
7000.6209600	7000.0338101	6999.8782813	2.5401114	-0.5400000	0.0743164	0.2764521	0.1152070	0.0000000	0.0000000
7000.6209600	7000.0338101	6999.8782813	2.5200974	-0.5400000	0.0822788	0.2793475	0.1208901	0.0000000	0.0000000
7000.6209600	7000.0338101	6999.8782813	2.5000834	-0.5400000	0.0838682	0.2762703	0.1193134	0.0000000	0.0000000
7000.6209600	7000.0338101	6999.8782813	2.4800694	-0.5400000	0.0813352	0.2777217	0.1196766	0.0000000	0.0000000
7000.6209600	7000.0338101	6999.8782813	2.4600554	-0.5400000	0.0803307	0.2779646	0.1220995	0.0000000	0.0000000
7000.6209600	7000.0338101	6999.8782813	2.4400414	-0.5400000	0.0792075	0.2781508	0.1190018	0.0000000	0.0000000
7000.6209600	7000.0338101	6999.8782813	2.4200274	-0.5400000	0.0836230	0.2766781	0.1196426	0.0000000	0.0000000
7000.6209600	7000.0338101	6999.8782813	2.4000133	-0.5400000	0.0823251	0.2767307	0.1187966	0.0000000	0.0000000
7000.6209600	7000.0338101	6999.8782813	2.3799993	-0.5400000	0.0781643	0.2786675	0.1192885	0.0000000	0.0000000
7000.6209600	7000.0338101	6999.8782813	2.3599853	-0.5400000	0.0836241	0.2807136	0.1245552	0.0000000	0.0000000
7000.6209600	7000.0338101	6999.8782813	2.3399713	-0.5400000	0.0838955	0.2781295	0.1221589	0.0000000	0.0000000
7000.6209600	7000.0338101	6999.8782813	2.3199573	-0.5400000	0.0783131	0.2812074	0.1186355	0.0000000	0.0000000
7000.6209600	7000.0338101	6999.8782813	2.2999433	-0.5400000	0.0785287	0.2766954	0.1187108	0.0000000	0.0000000
7000.6209600	7000.0338101	6999.8782813	2.2799293	-0.5400000	0.0822935	0.2780364	0.1221774	0.0000000	0.0000000
7000.6209600	7000.0338101	6999.8782813	2.2599153	-0.5400000	0.0885018	0.2793505	0.1247947	0.0000000	0.0000000
7000.6209600	7000.0338101	6999.8782813	2.2399013	-0.5400000	0.0824313	0.2742832	0.1264576	0.0000000	0.0000000
7000.6209600	7000.0338101	6999.8782813	2.2198873	-0.5400000	0.0795087	0.2794265	0.1217821	0.0000000	0.0000000
7000.6209600	7000.0338101	6999.8782813	2.1998732	-0.5400000	0.0872498	0.2769687	0.1217493	0.0000000	0.0000000
7000.6209600	7000.0338101	6999.8782813	2.1798592	-0.5400000	0.0771202	0.2772573	0.1183198	0.0000000	0.0000000
7000.6209600	7000.0338101	6999.8782813	2.1598452	-0.5400000	0.0846678	0.2802000	0.1245237	0.0000000	0.0000000
7000.6209600	7000.0338101	6999.8782813	2.1401648	-0.5400000	0.0834196	0.2778193	0.1225549	0.0000000	0.0000000
7000.6209600	7000.0338101	6999.8782813	2.1201508	-0.5400000	0.0787323	0.2792881	0.1222590	0.0000000	0.0000000
7000.6209600	7000.0338101	6999.8782813	2.1001368	-0.5400000	0.0898419	0.2782426	0.1238651	0.0000000	0.0000000
7000.6209600	7000.0338101	6999.8782813	2.0801228	-0.5400000	0.0808868	0.2746776	0.1214695	0.0000000	0.0000000
7000.6209600	7000.0338101	6999.8782813	2.0601087	-0.5400000	0.0799668	0.2782513	0.1190188	0.0000000	0.0000000
7000.6209600	7000.0338101	6999.8782813	2.0400947	-0.5400000	0.0810297	0.2786340	0.1214521	0.0000000	0.0000000
7000.6209600	7000.0338101	6999.8782813	2.0200807	-0.5400000	0.0807544	0.2779935	0.1177985	0.0000000	0.0000000
7000.6209600	7000.0338101	6999.8782813	2.0000667	-0.5400000	0.0830051	0.2777631	0.1235020	0.0000000	0.0000000
7000.6209600	7000.0338101	6999.8782813	1.9800527	-0.5400000	0.0876317	0.2803961	0.1257528	0.0000000	0.0000000
7000.6209600	7000.0338101	6999.8782813	1.9600387	-0.5400000	0.0797433	0.2754113	0.1222692	0.0000000	0.0000000
7000.6209600	7000.0338101	6999.8782813	1.9400247	-0.5400000	0.0809811	0.2781703	0.1201543	0.0000000	0.0000000
7000.6209600	7000.0338101	6999.8782813	1.9200107	-0.5400000	0.0868810	0.2791877	0.1198129	0.0000000	0.0000000
7000.6209600	7000.0338101	6999.8782813	1.8999967	-0.5400000	0.0926467	0.2798748	0.1262778	0.0000000	0.0000000
7000.6209600	7000.0338101	6999.8782813	1.8799827	-0.5400000	0.0790586	0.2828052	0.1254657	0.0000000	0.0000000
7000.6209600	7000.0338101	6999.8782813	1.8599686	-0.5400000	0.0847693	0.2817266	0.1278613	0.0000000	0.0000000
7000.6209600	7000.0338101	6999.8782813	1.8399546	-0.5400000	0.0811948	0.2770566	0.1187371	0.0000000	0.0000000
7000.6209600	7000.0338101	6999.8782813	1.8199406	-0.5400000	0.0896304	0.2774722	0.1188710	0.0000000	0.0000000
7000.6209600	7000.0338101	6999.8782813	1.7999266	-0.5400000	0.0925237	0.2782540	0.1201560	0.0000000	0.0000000
7000.6209600	7000.0338101	6999.8782813	1.7799126	-0.5400000	0.0778590	0.2770760	0.1177366	0.0000000	0.0000000
7000.6209600	7000.0338101	6999.8782813	1.7598986	-0.5400000	0.0775403	0.2837380	0.1271890	0.0000000	0.0000000
7000.6209600	7000.0338101	6999.8782813	1.7398846	-0.5400000	0.0806466	0.2765530	0.1196169	0.0000000	0.0000000
7000.6209600	7000.0338101	6999.8782813	1.7198706	-0.5400000	0.0936045	0.2750822	0.1238170	0.0000000	0.0000000
7000.6209600	7000.0338101	6999.8782813	1.6998566	-0.5400000	0.0934355	0.2770448	0.1220735	0.0000000	0.0000000
7000.6209600	7000.0338101	6999.8782813	1.6798426	-0.5400000	0.0883660	0.2820253	0.1261804	0.0000000	0.0000000
7000.6209600	7000.0338101	6999.8782813	1.6601621	-0.5400000	0.0783917	0.2781523	0.1243408	0.0000000	0.0000000
7000.6209600	7000.0338101	6999.8782813	1.6401481	-0.5400000	0.0775050	0.2811716	0.1279457	0.0000000	0.0000000
7000.6209600	7000.0338101	6999.8782813	1.6201341	-0.5400000	0.0939546	0.2782196	0.1228368	0.0000000	0.0000000
7000.6209600	7000.0338101	6999.8782813	1.6001201	-0.5400000	0.0968127	0.2784149	0.1227651	0.0000000	0.0000000
7000.6209600	7000.0338101	6999.8782813	1.5801061	-0.5400000	0.0937587	0.2784802	0.1211412	0.0000000	0.0000000
7000.6209600	7000.0338101	6999.8782813	1.5600921	-0.5400000	0.0765114	0.2786627	0.1206372	0.0000000	0.0000000
7000.6209600	7000.0338101	6999.8782813	1.5400781	-0.5400000	0.0728622	0.2780988	0.1186293	0.0000000	0.0000000
7000.6209600	7000.0338101	6999.8782813	1.5200640	-0.5400000	0.0905933	0.2779138	0.1235560	0.0000000	0.0000000
7000.6209600	7000.0338101	6999.8782813	1.5000500	-0.5400000	0.0975430	0.2825885	0.1229895	0.0000000	0.0000000
7000.6209600	7000.0338101	6999.8782813	1.4800360	-0.5400000	0.0946071	0.2770952	0.1205525	0.0000000	0.0000000
7000.6209600	7000.0338101	6999.8782813	1.4600220	-0.5400000	0.0823047	0.2793589	0.1211011	0.0000000	0.0000000
7000.6209600	7000.0338101	6999.8782813	1.4400080	-0.5400000	0.0793365	0.2800920	0.1223086	0.0000000	0.0000000
7000.6209600	7000.0338101	6999.8782813	1.4199940	-0.5400000	0.0844716	0.2784655	0.1211633	0.0000000	0.0000000
7000.6209600	7000.0338101	6999.8782813	1.3999800	-0.5400000	0.0933572	0.2787058	0.1252609	0.0000000	0.0000000
7000.6209600	7000.0338101	6999.8782813	1.3799660	-0.5400000	0.1024187	0.2770942	0.1220210	0.0000000	0.0000000
7000.6209600	7000.0338101	6999.8782813	1.3599520	-0.5400000	0.0897891	0.2759032	0.1238750	0.0000000	0.0000000
7000.6209600	7000.0338101	6999.8782813	1.3399380	-0.5400000	0.0723236	0.2776234	0.1192013	0.0000000	0.0000000
7000.6209600	7000.0338101	6999.8782813	1.3199239	-0.5400000	0.0788275	0.2775410	0.1164380	0.0000000	0.0000000
7000.6209600	7000.0338101	6999.8782813	1.2999099	-0.5400000	0.0895413	0.2768325	0.1193674	0.0000000	0.0000000
7000.6209600	7000.0338101	6999.8782813	1.2798959	-0.5400000	0.1028976	0.2790876	0.1186881	0.0000000	0.0000000
7000.6209600	7000.0338101	6999.8782813	1.2598819	-0.5400000	0.0924918	0.2759528	0.1211233	0.0000000	0.0000000
7000.6209600	7000.0338101	6999.8782813	1.2398679	-0.5400000	0.0758623	0.2765339	0.1186515	0.0000000	0.0000000
7000.6209600	7000.0338101	6999.8782813	1.2198539	-0.5400000	0.0905352	0.2794312	0.1208613	0.0000000	0.0000000
7000.6209600	7000.0338101	6999.8782813	1.1998399	-0.5400000	0.0993314	0.2785377	0.1196118	0.0000000	0.0000000
7000.6209600	7000.0338101	6999.8782813	1.1801594	-0.5400000	0.1121328	0.2785071	0.1179993	0.0000000	0.0000000
7000.6209600	7000.0338101	6999.8782813	1.1601454	-0.5400000	0.1038116	0.2776882	0.1207689	0.0000000	0.0000000
7000.6209600	7000.0338101	6999.8782813	1.1401314	-0.5400000	0.0836906	0.2774567	0.1223304	0.0000000	0.0000000
7000.6209600	7000.0338101	6999.8782813	1.1201174	-0.5400000	0.1007081	0.2768622	0.1222849	0.0000000	0.0000000
7000.6209600	7000.0338101	6999.8782813	1.1001034	-0.5400000	0.1066547	0.2799670	0.1212056	0.0000000	0.0000000
7000.6209600	7000.0338101	6999.8782813	1.0800894	-0.5400000	0.1171455	0.2789492	0.1184647	0.0000000	0.0000000
7000.6209600	7000.0338101	6999.8782813	1.0600754	-0.5400000	0.0842188	0.2798512	0.1175199	0.0000000	0.0000000
7000.6209600	7000.0338101	6999.8782813	1.0400614	-0.5400000	0.0910239	0.2753091	0.1209771	0.0000000	0.0000000
7000.6209600	7000.0338101	6999.8782813	1.0200474	-0.5400000	0.1205947	0.2746216	0.1255415	0.0000000	0.0000000
7000.6209600	7000.0338101	6999.8782813	1.0000334	-0.5400000	0.1257114	0.2762406	0.1215254	0.0000000	0.0000000
7000.6209600	7000.0338101	6999.8782813	0.9800193	-0.5400000	0.1228845	0.2758179	0.1181298	0.0000000	0.0000000
7000.6209600	7000.0338101	6999.8782813	0.9600053	-0.5400000	0.0947266	0.2784667	0.1172211	0.0000000	0.0000000
7000.6209600	7000.0338101	6999.8782813	0.9399913	-0.5400000	0.0880763	0.2767483	0.1174149	0.0000000	0.0000000
7000.6209600	7000.0338101	6999.8782813	0.9199773	-0.5400000	0.1175999	0.2784210	0.1167305	0.0000000	0.0000000
7000.6209600	7000.0338101	6999.8782813	0.8999633	-0.5400000	0.1471893	0.2754036	0.1218326	0.0000000	0.0000000
7000.6209600	7000.0338101	6999.8782813	0.8799493	-0.5400000	0.1455059	0.2776415	0.1225734	0.0000000	0.0000000
7000.6209600	7000.0338101	6999.8782813	0.8599353	-0.5400000	0.1044100	0.2792542	0.1216610	0.0000000	0.0000000
7000.6209600	7000.0338101	6999.8782813	0.8399213	-0.5400000	0.1059108	0.2805037	0.1235673	0.0000000	0.0000000
7000.6209600	7000.0338101	6999.8782813	0.8199073	-0.5400000	0.1536434	0.2775405	0.1224012	0.0000000	0.0000000
7000.6209600	7000.0338101	6999.8782813	0.7998933	-0.5400000	0.1751541	0.2742191	0.1223428	0.0000000	0.0000000
7000.6209600	7000.0338101	6999.8782813	0.7798792	-0.5400000	0.1409994	0.2782762	0.1192751	0.0000000	0.0000000
7000.6209600	7000.0338101	6999.8782813	0.7598652	-0.5400000	0.1182269	0.2808245	0.1245009	0.0000000	0.0000000
7000.6209600	7000.0338101	6999.8782813	0.7398512	-0.5400000	0.1135784	0.2803226	0.1187102	0.0000000	0.0000000
7000.6209600	7000.0338101	6999.8782813	0.7198372	-0.5400000	0.1710948	0.2817000	0.1209611	0.0000000	0.0000000
7000.6209600	7000.0338101	6999.8782813	0.7001568	-0.5400000	0.1732187	0.2777893	0.1183073	0.0000000	0.0000000
7000.6209600	7000.0338101	6999.8782813	0.6801428	-0.5400000	0.1542538	0.2777076	0.1184689	0.0000000	0.0000000
7000.6209600	7000.0338101	6999.8782813	0.6601288	-0.5400000	0.1209323	0.2796003	0.1198990	0.0000000	0.0000000
7000.6209600	7000.0338101	6999.8782813	0.6401147	-0.5400000	0.1281525	0.2773326	0.1175474	0.0000000	0.0000000
7000.6209600	7000.0338101	6999.8782813	0.6201007	-0.5400000	0.1913374	0.2781056	0.1199351	0.0000000	0.0000000
7000.6209600	7000.0338101	6999.8782813	0.6000867	-0.5400000	0.1878489	0.2790552	0.1163849	0.0000000	0.0000000
7000.6209600	7000.0338101	6999.8782813	0.5800727	-0.5400000	0.1899366	0.2778508	0.1219132	0.0000000	0.0000000
7000.6209600	7000.0338101	6999.8782813	0.5600587	-0.5400000	0.1381183	0.2786477	0.1199260	0.0000000	0.0000000
7000.6209600	7000.0338101	6999.8782813	0.5400447	-0.5400000	0.1514797	0.2799705	0.1220461	0.0000000	0.0000000
7000.6209600	7000.0338101	6999.8782813	0.5200307	-0.5400000	0.2123081	0.2809288	0.1245189	0.0000000	0.0000000
7000.6209600	7000.0338101	6999.8782813	0.5000167	-0.5400000	0.2306631	0.2808949	0.1252198	0.0000000	0.0000000
7000.6209600	7000.0338101	6999.8782813	0.4800027	-0.5400000	0.2196521	0.2792295	0.1249149	0.0000000	0.0000000
7000.6209600	7000.0338101	6999.8782813	0.4599887	-0.5400000	0.1576652	0.2794474	0.1235360	0.0000000	0.0000000
7000.6209600	7000.0338101	6999.8782813	0.4399746	-0.5400000	0.1629771	0.2791259	0.1216398	0.0000000	0.0000000
7000.6209600	7000.0338101	6999.8782813	0.4199606	-0.5400000	0.2325653	0.2788820	0.1209954	0.0000000	0.0000000
7000.6209600	7000.0338101	6999.8782813	0.3999466	-0.5400000	0.2254890	0.2815067	0.1238491	0.0000000	0.0000000
7000.6209600	7000.0338101	6999.8782813	0.3799326	-0.5400000	0.1939471	0.2777681	0.1203824	0.0000000	0.0000000
7000.6209600	7000.0338101	6999.8782813	0.3599186	-0.5400000	0.1730824	0.2771366	0.1240020	0.0000000	0.0000000
7000.6209600	7000.0338101	6999.8782813	0.3399046	-0.5400000	0.1927106	0.2780212	0.1215228	0.0000000	0.0000000
7000.6209600	7000.0338101	6999.8782813	0.3198906	-0.5400000	0.2474507	0.2792123	0.1202142	0.0000000	0.0000000
7000.6209600	7000.0338101	6999.8782813	0.2998766	-0.5400000	0.2451572	0.2802170	0.1182386	0.0000000	0.0000000
7000.6209600	7000.0338101	6999.8782813	0.2798626	-0.5400000	0.2071962	0.2761543	0.1210193	0.0000000	0.0000000
7000.6209600	7000.0338101	6999.8782813	0.2598486	-0.5400000	0.2017109	0.2766686	0.1233573	0.0000000	0.0000000
7000.6209600	7000.0338101	6999.8782813	0.2398346	-0.5400000	0.2341775	0.2781051	0.1235752	0.0000000	0.0000000
7000.6209600	7000.0338101	6999.8782813	0.2201541	-0.5400000	0.2821997	0.2792197	0.1221123	0.0000000	0.0000000
7000.6209600	7000.0338101	6999.8782813	0.2001401	-0.5400000	0.2762760	0.2795509	0.1228479	0.0000000	0.0000000
7000.6209600	7000.0338101	6999.8782813	0.1801261	-0.5400000	0.2336711	0.2776241	0.1255865	0.0000000	0.0000000
7000.6209600	7000.0338101	6999.8782813	0.1601121	-0.5400000	0.2033772	0.2767991	0.1230967	0.0000000	0.0000000
7000.6209600	7000.0338101	6999.8782813	0.1400981	-0.5400000	0.2146947	0.2782327	0.1197642	0.0000000	0.0000000
7000.6209600	7000.0338101	6999.8782813	0.1200841	-0.5400000	0.2731578	0.2782927	0.1186973	0.0000000	0.0000000
7000.6209600	7000.0338101	6999.8782813	0.1000700	-0.5400000	0.3010995	0.2825974	0.1249866	0.0000000	0.0000000
7000.6209600	7000.0338101	6999.8782813	0.0800560	-0.5400000	0.2331481	0.2797349	0.1199117	0.0000000	0.0000000
7000.6209600	7000.0338101	6999.8782813	0.0600420	-0.5400000	0.2352574	0.2772267	0.1202526	0.0000000	0.0000000
7000.6209600	7000.0338101	6999.8782813	0.0400280	-0.5400000	0.2488307	0.2761373	0.1207412	0.0000000	0.0000000
7000.6209600	7000.0338101	6999.8782813	0.0200140	-0.5400000	0.3097141	0.2772915	0.1226304	0.0000000	0.0000000
7000.6209600	7000.0338101	6999.8782813	0.0000000	-0.5400000	0.3373402	0.2785735	0.1225746	0.0000000	0.0000000
