7000.6209600	7000.0338101	6999.8782813	3.0001001	-0.6601288	0.0478746	0.2714946	0.1206432	0.0000000	-0.6600000
7000.6209600	7000.0338101	6999.8782813	2.9800861	-0.6600000	0.0509495	0.2758646	0.1177407	0.0000000	0.0000000
7000.6209600	7000.0338101	6999.8782813	2.9600721	-0.6600000	0.0512610	0.2741057	0.1227759	0.0000000	0.0000000
7000.6209600	7000.0338101	6999.8782813	2.9400580	-0.6600000	0.0501575	0.2747446	0.1159459	0.0000000	0.0000000
7000.6209600	7000.0338101	6999.8782813	2.9200440	-0.6600000	0.0488821	0.2753386	0.1152806	0.0000000	0.0000000
7000.6209600	7000.0338101	6999.8782813	2.9000300	-0.6600000	0.0443763	0.2755516	0.1140323	0.0000000	0.0000000
7000.6209600	7000.0338101	6999.8782813	2.8800160	-0.6600000	0.0467300	0.2748444	0.1182487	0.0000000	0.0000000
7000.6209600	7000.0338101	6999.8782813	2.8600020	-0.6600000	0.0566321	0.2743767	0.1180066	0.0000000	0.0000000
7000.6209600	7000.0338101	6999.8782813	2.8399880	-0.6600000	0.0581157	0.2772728	0.1192894	0.0000000	0.0000000
7000.6209600	7000.0338101	6999.8782813	2.8199740	-0.6600000	0.0539531	0.2771558	0.1200585	0.0000000	0.0000000
7000.6209600	7000.0338101	6999.8782813	2.7999600	-0.6600000	0.0467814	0.2760394	0.1173612	0.0000000	0.0000000
7000.6209600	7000.0338101	6999.8782813	2.7799460	-0.6600000	0.0475360	0.2755612	0.1169402	0.0000000	0.0000000
7000.6209600	7000.0338101	6999.8782813	2.7599320	-0.6600000	0.0500868	0.2723293	0.1162263	0.0000000	0.0000000
7000.6209600	7000.0338101	6999.8782813	2.7399179	-0.6600000	0.0532430	0.2747513	0.1185474	0.0000000	0.0000000
7000.6209600	7000.0338101	6999.8782813	2.7199039	-0.6600000	0.0518263	0.2757826	0.1185879	0.0000000	0.0000000
7000.6209600	7000.0338101	6999.8782813	2.6998899	-0.6600000	0.0501072	0.2768147	0.1196951	0.0000000	0.0000000
7000.6209600	7000.0338101	6999.8782813	2.6798759	-0.6600000	0.0521697	0.2760682	0.1215618	0.0000000	0.0000000
7000.6209600	7000.0338101	6999.8782813	2.6598619	-0.6600000	0.0523304	0.2745128	0.1189750	0.0000000	0.0000000
7000.6209600	7000.0338101	6999.8782813	2.6398479	-0.6600000	0.0539587	0.2757345	0.1173890	0.0000000	0.0000000
7000.6209600	7000.0338101	6999.8782813	2.6198339	-0.6600000	0.0523723	0.2750438	0.1187178	0.0000000	0.0000000
7000.6209600	7000.0338101	6999.8782813	2.6001534	-0.6600000	0.0521388	0.2747731	0.1170950	0.0000000	0.0000000
7000.6209600	7000.0338101	6999.8782813	2.5801394	-0.6600000	0.0476091	0.2746952	0.1134424	0.0000000	0.0000000
7000.6209600	7000.0338101	6999.8782813	2.5601254	-0.6600000	0.0489861	0.2752106	0.1177639	0.0000000	0.0000000
7000.6209600	7000.0338101	6999.8782813	2.5401114	-0.6600000	0.0512683	0.2747815	0.1171484	0.0000000	0.0000000
7000.6209600	7000.0338101	6999.8782813	2.5200974	-0.6600000	0.0521298	0.2744541	0.1181554	0.0000000	0.0000000
7000.6209600	7000.0338101	6999.8782813	2.5000834	-0.6600000	0.0478596	0.2760304	0.1160487	0.0000000	0.0000000
7000.6209600	7000.0338101	6999.8782813	2.4800694	-0.6600000	0.0461881	0.2768516	0.1139482	0.0000000	0.0000000
7000.6209600	7000.0338101	6999.8782813	2.4600554	-0.6600000	0.0506930	0.2743236	0.1181595	0.0000000	0.0000000
7000.6209600	7000.0338101	6999.8782813	2.4400414	-0.6600000	0.0498290	0.2731333	0.1187400	0.0000000	0.0000000
7000.6209600	7000.0338101	6999.8782813	2.4200274	-0.6600000	0.0496011	0.2730751	0.1195138	0.0000000	0.0000000
7000.6209600	7000.0338101	6999.8782813	2.4000133	-0.6600000	0.0504545	0.2754612	0.1163820	0.0000000	0.0000000
7000.6209600	7000.0338101	6999.8782813	2.3799993	-0.6600000	0.0554008	0.2783977	0.1222401	0.0000000	0.0000000
7000.6209600	7000.0338101	6999.8782813	2.3599853	-0.6600000	0.0497397	0.2781187	0.1156010	0.0000000	0.0000000
7000.6209600	7000.0338101	6999.8782813	2.3399713	-0.6600000	0.0518822	0.2751818	0.1208616	0.0000000	0.0000000
7000.6209600	7000.0338101	6999.8782813	2.3199573	-0.6600000	0.0505923	0.2738616	0.1190222	0.0000000	0.0000000
7000.6209600	7000.0338101	6999.8782813	2.2999433	-0.6600000	0.0533907	0.2756812	0.1177091	0.0000000	0.0000000
7000.6209600	7000.0338101	6999.8782813	2.2799293	-0.6600000	0.0546273	0.2753342	0.1210806	0.0000000	0.0000000
7000.6209600	7000.0338101	6999.8782813	2.2599153	-0.6600000	0.0458578	0.2746858	0.1154863	0.0000000	0.0000000
7000.6209600	7000.0338101	6999.8782813	2.2399013	-0.6600000	0.0481316	0.2760277	0.1164535	0.0000000	0.0000000
7000.6209600	7000.0338101	6999.8782813	2.2198873	-0.6600000	0.0526663	0.2758809	0.1179609	0.0000000	0.0000000
7000.6209600	7000.0338101	6999.8782813	2.1998732	-0.6600000	0.0501544	0.2753845	0.1157943	0.0000000	0.0000000
7000.6209600	7000.0338101	6999.8782813	2.1798592	-0.6600000	0.0499021	0.2765212	0.1148558	0.0000000	0.0000000
7000.6209600	7000.0338101	6999.8782813	2.1598452	-0.6600000	0.0500868	0.2781357	0.1170381	0.0000000	0.0000000
7000.6209600	7000.0338101	6999.8782813	2.1401648	-0.6600000	0.0479208	0.2787556	0.1169125	0.0000000	0.0000000
7000.6209600	7000.0338101	6999.8782813	2.1201508	-0.6600000	0.0515157	0.2756062	0.1165585	0.0000000	0.0000000
7000.6209600	7000.0338101	6999.8782813	2.1001368	-0.6600000	0.0486339	0.2736024	0.1228074	0.0000000	0.0000000
7000.6209600	7000.0338101	6999.8782813	2.0801228	-0.6600000	0.0538254	0.2750002	0.1188370	0.0000000	0.0000000
7000.6209600	7000.0338101	6999.8782813	2.0601087	-0.6600000	0.0589519	0.2761464	0.1194592	0.0000000	0.0000000
7000.6209600	7000.0338101	6999.8782813	2.0400947	-0.6600000	0.0525719	0.2744067	0.1202278	0.0000000	0.0000000
7000.6209600	7000.0338101	6999.8782813	2.0200807	-0.6600000	0.0483679	0.2806443	0.1193668	0.0000000	0.0000000
7000.6209600	7000.0338101	6999.8782813	2.0000667	-0.6600000	0.0483898	0.2775215	0.1165847	0.0000000	0.0000000
7000.6209600	7000.0338101	6999.8782813	1.9800527	-0.6600000	0.0554058	0.2757059	0.1177192	0.0000000	0.0000000
7000.6209600	7000.0338101	6999.8782813	1.9600387	-0.6600000	0.0560480	0.2761720	0.1195502	0.0000000	0.0000000
7000.6209600	7000.0338101	6999.8782813	1.9400247	-0.6600000	0.0528754	0.2756813	0.1188406	0.0000000	0.0000000
7000.6209600	7000.0338101	6999.8782813	1.9200107	-0.6600000	0.0481199	0.2744479	0.1164279	0.0000000	0.0000000
7000.6209600	7000.0338101	6999.8782813	1.8999967	-0.6600000	0.0493508	0.2802222	0.1223726	0.0000000	0.0000000
7000.6209600	7000.0338101	6999.8782813	1.8799827	-0.6600000	0.0545270	0.2760830	0.1175980	0.0000000	0.0000000
7000.6209600	7000.0338101	6999.8782813	1.8599686	-0.6600000	0.0559873	0.2768087	0.1177917	0.0000000	0.0000000
7000.6209600	7000.0338101	6999.8782813	1.8399546	-0.6600000	0.0566741	0.2774373	0.1204014	0.0000000	0.0000000
7000.6209600	7000.0338101	6999.8782813	1.8199406	-0.6600000	0.0495973	0.2757592	0.1181055	0.0000000	0.0000000
7000.6209600	7000.0338101	6999.8782813	1.7999266	-0.6600000	0.0481473	0.2760540	0.1164336	0.0000000	0.0000000
7000.6209600	7000.0338101	6999.8782813	1.7799126	-0.6600000	0.0503344	0.2776125	0.1192755	0.0000000	0.0000000
7000.6209600	7000.0338101	6999.8782813	1.7598986	-0.6600000	0.0599697	0.2752068	0.1180283	0.0000000	0.0000000
7000.6209600	7000.0338101	6999.8782813	1.7398846	-0.6600000	0.0545262	0.2782395	0.1169467	0.0000000	0.0000000
7000.6209600	7000.0338101	6999.8782813	1.7198706	-0.6600000	0.0467787	0.2766154	0.1192509	0.0000000	0.0000000
7000.6209600	7000.0338101	6999.8782813	1.6998566	-0.6600000	0.0482616	0.2771609	0.1180712	0.0000000	0.0000000
7000.6209600	7000.0338101	6999.8782813	1.6798426	-0.6600000	0.0591995	0.2771926	0.1173876	0.0000000	0.0000000
7000.6209600	7000.0338101	6999.8782813	1.6601621	-0.6600000	0.0597606	0.2774473	0.1172482	0.0000000	0.0000000
7000.6209600	7000.0338101	6999.8782813	1.6401481	-0.6600000	0.0591361	0.2764938	0.1181166	0.0000000	0.0000000
7000.6209600	7000.0338101	6999.8782813	1.6201341	-0.6600000	0.0474951	0.2756130	0.1205001	0.0000000	0.0000000
7000.6209600	7000.0338101	6999.8782813	1.6001201	-0.6600000	0.0481825	0.2765436	0.1207089	0.0000000	0.0000000
7000.6209600	7000.0338101	6999.8782813	1.5801061	-0.6600000	0.0535028	0.2761516	0.1208717	0.0000000	0.0000000
7000.6209600	7000.0338101	6999.8782813	1.5600921	-0.6600000	0.0594554	0.2748364	0.1171477	0.0000000	0.0000000
7000.6209600	7000.0338101	6999.8782813	1.5400781	-0.6600000	0.0618534	0.2788751	0.1236520	0.0000000	0.0000000
7000.6209600	7000.0338101	6999.8782813	1.5200640	-0.6600000	0.0474862	0.2769987	0.1192430	0.0000000	0.0000000
7000.6209600	7000.0338101	6999.8782813	1.5000500	-0.6600000	0.0495510	0.2745087	0.1231067	0.0000000	0.0000000
7000.6209600	7000.0338101	6999.8782813	1.4800360	-0.6600000	0.0527701	0.2771068	0.1196906	0.0000000	0.0000000
7000.6209600	7000.0338101	6999.8782813	1.4600220	-0.6600000	0.0599115	0.2759934	0.1158501	0.0000000	0.0000000
7000.6209600	7000.0338101	6999.8782813	1.4400080	-0.6600000	0.0680408	0.2762198	0.1199294	0.0000000	0.0000000
7000.6209600	7000.0338101	6999.8782813	1.4199940	-0.6600000	0.0493492	0.2780227	0.1160952	0.0000000	0.0000000
7000.6209600	7000.0338101	6999.8782813	1.3999800	-0.6600000	0.0490532	0.2781591	0.1208895	0.0000000	0.0000000
7000.6209600	7000.0338101	6999.8782813	1.3799660	-0.6600000	0.0528802	0.2752976	0.1247723	0.0000000	0.0000000
7000.6209600	7000.0338101	6999.8782813	1.3599520	-0.6600000	0.0739338	0.2772172	0.1236613	0.0000000	0.0000000
7000.6209600	7000.0338101	6999.8782813	1.3399380	-0.6600000	0.0801838	0.2745538	0.1304924	0.0000000	0.0000000
7000.6209600	7000.0338101	6999.8782813	1.3199239	-0.6600000	0.0558668	0.2748667	0.1179155	0.0000000	0.0000000
7000.6209600	7000.0338101	6999.8782813	1.2999099	-0.6600000	0.0458381	0.2759359	0.1168135	0.0000000	0.0000000
7000.6209600	7000.0338101	6999.8782813	1.2798959	-0.6600000	0.0562418	0.2753309	0.1217194	0.0000000	0.0000000
7000.6209600	7000.0338101	6999.8782813	1.2598819	-0.6600000	0.0747469	0.2774916	0.1224208	0.0000000	0.0000000
7000.6209600	7000.0338101	6999.8782813	1.2398679	-0.6600000	0.0753087	0.2779647	0.1202187	0.0000000	0.0000000
7000.6209600	7000.0338101	6999.8782813	1.2198539	-0.6600000	0.0565096	0.2741802	0.1203497	0.0000000	0.0000000
7000.6209600	7000.0338101	6999.8782813	1.1998399	-0.6600000	0.0455957	0.2773969	0.1164454	0.0000000	0.0000000
7000.6209600	7000.0338101	6999.8782813	1.1801594	-0.6600000	0.0470461	0.2766104	0.1176458	0.0000000	0.0000000
7000.6209600	7000.0338101	6999.8782813	1.1601454	-0.6600000	0.0724395	0.2784073	0.1191541	0.0000000	0.0000000
7000.6209600	7000.0338101	6999.8782813	1.1401314	-0.6600000	0.0782418	0.2777812	0.1190720	0.0000000	0.0000000
7000.6209600	7000.0338101	6999.8782813	1.1201174	-0.6600000	0.0546793	0.2777498	0.1186388	0.0000000	0.0000000
7000.6209600	7000.0338101	6999.8782813	1.1001034	-0.6600000	0.0536652	0.2743776	0.1262921	0.0000000	0.0000000
7000.6209600	7000.0338101	6999.8782813	1.0800894	-0.6600000	0.0545809	0.2735166	0.1217112	0.0000000	0.0000000
7000.6209600	7000.0338101	6999.8782813	1.0600754	-0.6600000	0.0802960	0.2759114	0.1192373	0.0000000	0.0000000
7000.6209600	7000.0338101	6999.8782813	1.0400614	-0.6600000	0.0819254	0.2754673	0.1153521	0.0000000	0.0000000
7000.6209600	7000.0338101	6999.8782813	1.0200474	-0.6600000	0.0664270	0.2770673	0.1211648	0.0000000	0.0000000
7000.6209600	7000.0338101	6999.8782813	1.0000334	-0.6600000	0.0552870	0.2758881	0.1193738	0.0000000	0.0000000
7000.6209600	7000.0338101	6999.8782813	0.9800193	-0.6600000	0.0651733	0.2749636	0.1221075	0.0000000	0.0000000
7000.6209600	7000.0338101	6999.8782813	0.9600053	-0.6600000	0.0871309	0.2791958	0.1174221	0.0000000	0.0000000
7000.6209600	7000.0338101	6999.8782813	0.9399913	-0.6600000	0.0997002	0.2758762	0.1219905	0.0000000	0.0000000
7000.6209600	7000.0338101	6999.8782813	0.9199773	-0.6600000	0.0610077	0.2740431	0.1232089	0.0000000	0.0000000
7000.6209600	7000.0338101	6999.8782813	0.8999633	-0.6600000	0.0540680	0.2744438	0.1177592	0.0000000	0.0000000
7000.6209600	7000.0338101	6999.8782813	0.8799493	-0.6600000	0.0829208	0.2763777	0.1190228	0.0000000	0.0000000
7000.6209600	7000.0338101	6999.8782813	0.8599353	-0.6600000	0.1129960	0.2752522	0.1263951	0.0000000	0.0000000
7000.6209600	7000.0338101	6999.8782813	0.8399213	-0.6600000	0.0921354	0.2746505	0.1213372	0.0000000	0.0000000
7000.6209600	7000.0338101	6999.8782813	0.8199073	-0.6600000	0.0566228	0.2728662	0.1158749	0.0000000	0.0000000
7000.6209600	7000.0338101	6999.8782813	0.7998933	-0.6600000	0.0752583	0.2731089	0.1297279	0.0000000	0.0000000
7000.6209600	7000.0338101	6999.8782813	0.7798792	-0.6600000	0.1080010	0.2767377	0.1223353	0.0000000	0.0000000
7000.6209600	7000.0338101	6999.8782813	0.7598652	-0.6600000	0.1243167	0.2757650	0.1199298	0.0000000	0.0000000
7000.6209600	7000.0338101	6999.8782813	0.7398512	-0.6600000	0.1196750	0.2743190	0.1300376	0.0000000	0.0000000
7000.6209600	7000.0338101	6999.8782813	0.7198372	-0.6600000	0.0724908	0.2740234	0.1237410	0.0000000	0.0000000
7000.6209600	7000.0338101	6999.8782813	0.7001568	-0.6600000	0.0848849	0.2749828	0.1265680	0.0000000	0.0000000
7000.6209600	7000.0338101	6999.8782813	0.6801428	-0.6600000	0.1077017	0.2755027	0.1199801	0.0000000	0.0000000
7000.6209600	7000.0338101	6999.8782813	0.6601288	-0.6600000	0.1305745	0.2744781	0.1182985	0.0000000	0.0000000
7000.6209600	7000.0338101	6999.8782813	0.6401147	-0.6600000	0.1228231	0.2749410	0.1146584	0.0000000	0.0000000
7000.6209600	7000.0338101	6999.8782813	0.6201007	-0.6600000	0.0898855	0.2760028	0.1191166	0.0000000	0.0000000
7000.6209600	7000.0338101	6999.8782813	0.6000867	-0.6600000	0.0861426	0.2765365	0.1184269	0.0000000	0.0000000
7000.6209600	7000.0338101	6999.8782813	0.5800727	-0.6600000	0.1259323	0.2764128	0.1193923	0.0000000	0.0000000
7000.6209600	7000.0338101	6999.8782813	0.5600587	-0.6600000	0.1578026	0.2775991	0.1170166	0.0000000	0.0000000
7000.6209600	7000.0338101	6999.8782813	0.5400447	-0.6600000	0.1431554	0.2760978	0.1196362	0.0000000	0.0000000
7000.6209600	7000.0338101	6999.8782813	0.5200307	-0.6600000	0.1116150	0.2765308	0.1190518	0.0000000	0.0000000
7000.6209600	7000.0338101	6999.8782813	0.5000167	-0.6600000	0.1043271	0.2745496	0.1260226	0.0000000	0.0000000
7000.6209600	7000.0338101	6999.8782813	0.4800027	-0.6600000	0.1266085	0.2736953	0.1199810	0.0000000	0.0000000
7000.6209600	7000.0338101	6999.8782813	0.4599887	-0.6600000	0.1669403	0.2755967	0.1153209	0.0000000	0.0000000
7000.6209600	7000.0338101	6999.8782813	0.4399746	-0.6600000	0.1730448	0.2769634	0.1191904	0.0000000	0.0000000
7000.6209600	7000.0338101	6999.8782813	0.4199606	-0.6600000	0.1303718	0.2800527	0.1234762	0.0000000	0.0000000
7000.6209600	7000.0338101	6999.8782813	0.3999466	-0.6600000	0.1468762	0.2755309	0.1254756	0.0000000	0.0000000
7000.6209600	7000.0338101	6999.8782813	0.3799326	-0.6600000	0.1965032	0.2739939	0.1297698	0.0000000	0.0000000
7000.6209600	7000.0338101	6999.8782813	0.3599186	-0.6600000	0.1974360	0.2758384	0.1191506	0.0000000	0.0000000
7000.6209600	7000.0338101	6999.8782813	0.3399046	-0.6600000	0.1807145	0.2761241	0.1205787	0.0000000	0.0000000
7000.6209600	7000.0338101	6999.8782813	0.3198906	-0.6600000	0.1352826	0.2762050	0.1153024	0.0000000	0.0000000
7000.6209600	7000.0338101	6999.8782813	0.2998766	-0.6600000	0.1426912	0.2746110	0.1198838	0.0000000	0.0000000
7000.6209600	7000.0338101	6999.8782813	0.2798626	-0.6600000	0.2216613	0.2749373	0.1225183	0.0000000	0.0000000
7000.6209600	7000.0338101	6999.8782813	0.2598486	-0.6600000	0.2146012	0.2731796	0.1277953	0.0000000	0.0000000
7000.6209600	7000.0338101	6999.8782813	0.2398346	-0.6600000	0.1912247	0.2768406	0.1234601	0.0000000	0.0000000
7000.6209600	7000.0338101	6999.8782813	0.2201541	-0.6600000	0.1667841	0.2752599	0.1293193	0.0000000	0.0000000
7000.6209600	7000.0338101	6999.8782813	0.2001401	-0.6600000	0.1982009	0.2766511	0.1291421	0.0000000	0.0000000
7000.6209600	7000.0338101	6999.8782813	0.1801261	-0.6600000	0.2492830	0.2735818	0.1307224	0.0000000	0.0000000
7000.6209600	7000.0338101	6999.8782813	0.1601121	-0.6600000	0.2455092	0.2747899	0.1231442	0.0000000	0.0000000
7000.6209600	7000.0338101	6999.8782813	0.1400981	-0.6600000	0.2358291	0.2773323	0.1311272	0.0000000	0.0000000
7000.6209600	7000.0338101	6999.8782813	0.1200841	-0.6600000	0.1705533	0.2727520	0.1191666	0.0000000	0.0000000
7000.6209600	7000.0338101	6999.8782813	0.1000700	-0.6600000	0.2049786	0.2769214	0.1213593	0.0000000	0.0000000
7000.6209600	7000.0338101	6999.8782813	0.0800560	-0.6600000	0.2630837	0.2747256	0.1279839	0.0000000	0.0000000
7000.6209600	7000.0338101	6999.8782813	0.0600420	-0.6600000	0.2535889	0.2790225	0.1193481	0.0000000	0.0000000
7000.6209600	7000.0338101	6999.8782813	0.0400280	-0.6600000	0.2229478	0.2792582	0.1177037	0.0000000	0.0000000
7000.6209600	7000.0338101	6999.8782813	0.0200140	-0.6600000	0.2044095	0.2734769	0.1231169	0.0000000	0.0000000
7000.6209600	7000.0338101	6999.8782813	0.0000000	-0.6600000	0.1910776	0.2737966	0.1218295	0.0000000	0.0000000
