7000.6209600	7000.0338101	6999.8782813	3.0001001	-0.0400280	0.2222299	0.2793816	0.1273508	0.0000000	-0.0400000
7000.6209600	7000.0338101	6999.8782813	2.9800861	-0.0400000	0.2334490	0.2812693	0.1295221	0.0000000	0.0000000
7000.6209600	7000.0338101	6999.8782813	2.9600721	-0.0400000	0.2131505	0.2818154	0.1257631	0.0000000	0.0000000
7000.6209600	7000.0338101	6999.8782813	2.9400580	-0.0400000	0.2120825	0.2817013	0.1252172	0.0000000	0.0000000
7000.6209600	7000.0338101	6999.8782813	2.9200440	-0.0400000	0.2144944	0.2804811	0.1284775	0.0000000	0.0000000
7000.6209600	7000.0338101	6999.8782813	2.9000300	-0.0400000	0.2105891	0.2796219	0.1276381	0.0000000	0.0000000
7000.6209600	7000.0338101	6999.8782813	2.8800160	-0.0400000	0.2265642	0.2807804	0.1297965	0.0000000	0.0000000
7000.6209600	7000.0338101	6999.8782813	2.8600020	-0.0400000	0.2243368	0.2807556	0.1293368	0.0000000	0.0000000
7000.6209600	7000.0338101	6999.8782813	2.8399880	-0.0400000	0.2213232	0.2829786	0.1314872	0.0000000	0.0000000
7000.6209600	7000.0338101	6999.8782813	2.8199740	-0.0400000	0.1977059	0.2801078	0.1239155	0.0000000	0.0000000
7000.6209600	7000.0338101	6999.8782813	2.7999600	-0.0400000	0.2163232	0.2824182	0.1286454	0.0000000	0.0000000
7000.6209600	7000.0338101	6999.8782813	2.7799460	-0.0400000	0.2209335	0.2797771	0.1270415	0.0000000	0.0000000
7000.6209600	7000.0338101	6999.8782813	2.7599320	-0.0400000	0.2148862	0.2805312	0.1267084	0.0000000	0.0000000
7000.6209600	7000.0338101	6999.8782813	2.7399179	-0.0400000	0.2155630	0.2824767	0.1270657	0.0000000	0.0000000
7000.6209600	7000.0338101	6999.8782813	2.7199039	-0.0400000	0.2068516	0.2829169	0.1286461	0.0000000	0.0000000
7000.6209600	7000.0338101	6999.8782813	2.6998899	-0.0400000	0.2060607	0.2831370	0.1265226	0.0000000	0.0000000
7000.6209600	7000.0338101	6999.8782813	2.6798759	-0.0400000	0.2262166	0.2836646	0.1313982	0.0000000	0.0000000
7000.6209600	7000.0338101	6999.8782813	2.6598619	-0.0400000	0.2277074	0.2796697	0.1316219	0.0000000	0.0000000
7000.6209600	7000.0338101	6999.8782813	2.6398479	-0.0400000	0.2134365	0.2814175	0.1275552	0.0000000	0.0000000
7000.6209600	7000.0338101	6999.8782813	2.6198339	-0.0400000	0.2017677	0.2808181	0.1258623	0.0000000	0.0000000
7000.6209600	7000.0338101	6999.8782813	2.6001534	-0.0400000	0.2158126	0.2848815	0.1284661	0.0000000	0.0000000
7000.6209600	7000.0338101	6999.8782813	2.5801394	-0.0400000	0.2156222	0.2812935	0.1270730	0.0000000	0.0000000
7000.6209600	7000.0338101	6999.8782813	2.5601254	-0.0400000	0.2136730	0.2810337	0.1272399	0.0000000	0.0000000
7000.6209600	7000.0338101	6999.8782813	2.5401114	-0.0400000	0.2194595	0.2824640	0.1302157	0.0000000	0.0000000
7000.6209600	7000.0338101	6999.8782813	2.5200974	-0.0400000	0.2200016	0.2827040	0.1299708	0.0000000	0.0000000
7000.6209600	7000.0338101	6999.8782813	2.5000834	-0.0400000	0.2110847	0.2800278	0.1267678	0.0000000	0.0000000
7000.6209600	7000.0338101	6999.8782813	2.4800694	-0.0400000	0.2141632	0.2798135	0.1286116	0.0000000	0.0000000
7000.6209600	7000.0338101	6999.8782813	2.4600554	-0.0400000	0.2062163	0.2800009	0.1264822	0.0000000	0.0000000
7000.6209600	7000.0338101	6999.8782813	2.4400414	-0.0400000	0.2083439	0.2796577	0.1263970	0.0000000	0.0000000
7000.6209600	7000.0338101	6999.8782813	2.4200274	-0.0400000	0.2011605	0.2748213	0.1236469	0.0000000	0.0000000
7000.6209600	7000.0338101	6999.8782813	2.4000133	-0.0400000	0.2050863	0.2806844	0.1254237	0.0000000	0.0000000
7000.6209600	7000.0338101	6999.8782813	2.3799993	-0.0400000	0.2128138	0.2799524	0.1270867	0.0000000	0.0000000
7000.6209600	7000.0338101	6999.8782813	2.3599853	-0.0400000	0.2172126	0.2802212	0.1267736	0.0000000	0.0000000
7000.6209600	7000.0338101	6999.8782813	2.3399713	-0.0400000	0.2199642	0.2802144	0.1262914	0.0000000	0.0000000
7000.6209600	7000.0338101	6999.8782813	2.3199573	-0.0400000	0.2023387	0.2769325	0.1225078	0.0000000	0.0000000
7000.6209600	7000.0338101	6999.8782813	2.2999433	-0.0400000	0.2148693	0.2818965	0.1287229	0.0000000	0.0000000
7000.6209600	7000.0338101	6999.8782813	2.2799293	-0.0400000	0.2097988	0.2806155	0.1255359	0.0000000	0.0000000
7000.6209600	7000.0338101	6999.8782813	2.2599153	-0.0400000	0.2209507	0.2798468	0.1288605	0.0000000	0.0000000
7000.6209600	7000.0338101	6999.8782813	2.2399013	-0.0400000	0.2211975	0.2824524	0.1293387	0.0000000	0.0000000
7000.6209600	7000.0338101	6999.8782813	2.2198873	-0.0400000	0.2116128	0.2829342	0.1246079	0.0000000	0.0000000
7000.6209600	7000.0338101	6999.8782813	2.1998732	-0.0400000	0.1880083	0.2802677	0.1203628	0.0000000	0.0000000
7000.6209600	7000.0338101	6999.8782813	2.1798592	-0.0400000	0.2132109	0.2804642	0.1270718	0.0000000	0.0000000
7000.6209600	7000.0338101	6999.8782813	2.1598452	-0.0400000	0.2102645	0.2801420	0.1251475	0.0000000	0.0000000
7000.6209600	7000.0338101	6999.8782813	2.1401648	-0.0400000	0.2150568	0.2790017	0.1263225	0.0000000	0.0000000
7000.6209600	7000.0338101	6999.8782813	2.1201508	-0.0400000	0.2161877	0.2790693	0.1253663	0.0000000	0.0000000
7000.6209600	7000.0338101	6999.8782813	2.1001368	-0.0400000	0.2119835	0.2806019	0.1247937	0.0000000	0.0000000
7000.6209600	7000.0338101	6999.8782813	2.0801228	-0.0400000	0.2239716	0.2795306	0.1289707	0.0000000	0.0000000
7000.6209600	7000.0338101	6999.8782813	2.0601087	-0.0400000	0.2168936	0.2801617	0.1262561	0.0000000	0.0000000
7000.6209600	7000.0338101	6999.8782813	2.0400947	-0.0400000	0.2195314	0.2808129	0.1287268	0.0000000	0.0000000
7000.6209600	7000.0338101	6999.8782813	2.0200807	-0.0400000	0.2193022	0.2786935	0.1278716	0.0000000	0.0000000
7000.6209600	7000.0338101	6999.8782813	2.0000667	-0.0400000	0.2130793	0.2805760	0.1263784	0.0000000	0.0000000
7000.6209600	7000.0338101	6999.8782813	1.9800527	-0.0400000	0.2193571	0.2815856	0.1257852	0.0000000	0.0000000
7000.6209600	7000.0338101	6999.8782813	1.9600387	-0.0400000	0.2188042	0.2795685	0.1264398	0.0000000	0.0000000
7000.6209600	7000.0338101	6999.8782813	1.9400247	-0.0400000	0.2128873	0.2799316	0.1274508	0.0000000	0.0000000
7000.6209600	7000.0338101	6999.8782813	1.9200107	-0.0400000	0.2200117	0.2807576	0.1240751	0.0000000	0.0000000
7000.6209600	7000.0338101	6999.8782813	1.8999967	-0.0400000	0.2289182	0.2778859	0.1265018	0.0000000	0.0000000
7000.6209600	7000.0338101	6999.8782813	1.8799827	-0.0400000	0.2178279	0.2794561	0.1251006	0.0000000	0.0000000
7000.6209600	7000.0338101	6999.8782813	1.8599686	-0.0400000	0.2209957	0.2800571	0.1283903	0.0000000	0.0000000
7000.6209600	7000.0338101	6999.8782813	1.8399546	-0.0400000	0.2144900	0.2801171	0.1278627	0.0000000	0.0000000
7000.6209600	7000.0338101	6999.8782813	1.8199406	-0.0400000	0.2198569	0.2804294	0.1247662	0.0000000	0.0000000
7000.6209600	7000.0338101	6999.8782813	1.7999266	-0.0400000	0.2172958	0.2800657	0.1226774	0.0000000	0.0000000
7000.6209600	7000.0338101	6999.8782813	1.7799126	-0.0400000	0.2252975	0.2776296	0.1276652	0.0000000	0.0000000
7000.6209600	7000.0338101	6999.8782813	1.7598986	-0.0400000	0.2128663	0.2812909	0.1275205	0.0000000	0.0000000
7000.6209600	7000.0338101	6999.8782813	1.7398846	-0.0400000	0.2072655	0.2792545	0.1282383	0.0000000	0.0000000
7000.6209600	7000.0338101	6999.8782813	1.7198706	-0.0400000	0.2342075	0.2798279	0.1278547	0.0000000	0.0000000
7000.6209600	7000.0338101	6999.8782813	1.6998566	-0.0400000	0.2325936	0.2811848	0.1265200	0.0000000	0.0000000
7000.6209600	7000.0338101	6999.8782813	1.6798426	-0.0400000	0.2238599	0.2796932	0.1246519	0.0000000	0.0000000
7000.6209600	7000.0338101	6999.8782813	1.6601621	-0.0400000	0.2122939	0.2773379	0.1255901	0.0000000	0.0000000
7000.6209600	7000.0338101	6999.8782813	1.6401481	-0.0400000	0.2103812	0.2788917	0.1244146	0.0000000	0.0000000
7000.6209600	7000.0338101	6999.8782813	1.6201341	-0.0400000	0.2182729	0.2796920	0.1237059	0.0000000	0.0000000
7000.6209600	7000.0338101	6999.8782813	1.6001201	-0.0400000	0.2320791	0.2804492	0.1269342	0.0000000	0.0000000
7000.6209600	7000.0338101	6999.8782813	1.5801061	-0.0400000	0.2406829	0.2804937	0.1254496	0.0000000	0.0000000
7000.6209600	7000.0338101	6999.8782813	1.5600921	-0.0400000	0.2274989	0.2807777	0.1274001	0.0000000	0.0000000
7000.6209600	7000.0338101	6999.8782813	1.5400781	-0.0400000	0.2122426	0.2783927	0.1261305	0.0000000	0.0000000
7000.6209600	7000.0338101	6999.8782813	1.5200640	-0.0400000	0.2268506	0.2782367	0.1270200	0.0000000	0.0000000
7000.6209600	7000.0338101	6999.8782813	1.5000500	-0.0400000	0.2310033	0.2793029	0.1249165	0.0000000	0.0000000
7000.6209600	7000.0338101	6999.8782813	1.4800360	-0.0400000	0.2346844	0.2775024	0.1219719	0.0000000	0.0000000
7000.6209600	7000.0338101	6999.8782813	1.4600220	-0.0400000	0.2200985	0.2787600	0.1229636	0.0000000	0.0000000
7000.6209600	7000.0338101	6999.8782813	1.4400080	-0.0400000	0.2276680	0.2808280	0.1272137	0.0000000	0.0000000
7000.6209600	7000.0338101	6999.8782813	1.4199940	-0.0400000	0.2188702	0.2796187	0.1232894	0.0000000	0.0000000
7000.6209600	7000.0338101	6999.8782813	1.3999800	-0.0400000	0.2372787	0.2797408	0.1253743	0.0000000	0.0000000
7000.6209600	7000.0338101	6999.8782813	1.3799660	-0.0400000	0.2524089	0.2781515	0.1226691	0.0000000	0.0000000
7000.6209600	7000.0338101	6999.8782813	1.3599520	-0.0400000	0.2588022	0.2797808	0.1253815	0.0000000	0.0000000
7000.6209600	7000.0338101	6999.8782813	1.3399380	-0.0400000	0.2359266	0.2779014	0.1239454	0.0000000	0.0000000
7000.6209600	7000.0338101	6999.8782813	1.3199239	-0.0400000	0.2106892	0.2783799	0.1247242	0.0000000	0.0000000
7000.6209600	7000.0338101	6999.8782813	1.2999099	-0.0400000	0.1992550	0.2768291	0.1240482	0.0000000	0.0000000
7000.6209600	7000.0338101	6999.8782813	1.2798959	-0.0400000	0.2551169	0.2783661	0.1227823	0.0000000	0.0000000
7000.6209600	7000.0338101	6999.8782813	1.2598819	-0.0400000	0.2674633	0.2792998	0.1253055	0.0000000	0.0000000
7000.6209600	7000.0338101	6999.8782813	1.2398679	-0.0400000	0.2579572	0.2785298	0.1259019	0.0000000	0.0000000
7000.6209600	7000.0338101	6999.8782813	1.2198539	-0.0400000	0.2218296	0.2773401	0.1229043	0.0000000	0.0000000
7000.6209600	7000.0338101	6999.8782813	1.1998399	-0.0400000	0.2250325	0.2770610	0.1253949	0.0000000	0.0000000
7000.6209600	7000.0338101	6999.8782813	1.1801594	-0.0400000	0.2692528	0.2785076	0.1272278	0.0000000	0.0000000
7000.6209600	7000.0338101	6999.8782813	1.1601454	-0.0400000	0.2806199	0.2779351	0.1247285	0.0000000	0.0000000
7000.6209600	7000.0338101	6999.8782813	1.1401314	-0.0400000	0.2619307	0.2766700	0.1240195	0.0000000	0.0000000
7000.6209600	7000.0338101	6999.8782813	1.1201174	-0.0400000	0.2267717	0.2811028	0.1267073	0.0000000	0.0000000
7000.6209600	7000.0338101	6999.8782813	1.1001034	-0.0400000	0.2407458	0.2779281	0.1260914	0.0000000	0.0000000
7000.6209600	7000.0338101	6999.8782813	1.0800894	-0.0400000	0.3079176	0.2810383	0.1279191	0.0000000	0.0000000
7000.6209600	7000.0338101	6999.8782813	1.0600754	-0.0400000	0.2980980	0.2798087	0.1251732	0.0000000	0.0000000
7000.6209600	7000.0338101	6999.8782813	1.0400614	-0.0400000	0.2430981	0.2767467	0.1240415	0.0000000	0.0000000
7000.6209600	7000.0338101	6999.8782813	1.0200474	-0.0400000	0.2157268	0.2785867	0.1238000	0.0000000	0.0000000
7000.6209600	7000.0338101	6999.8782813	1.0000334	-0.0400000	0.2424612	0.2787025	0.1265093	0.0000000	0.0000000
7000.6209600	7000.0338101	6999.8782813	0.9800193	-0.0400000	0.2988875	0.2781176	0.1257473	0.0000000	0.0000000
7000.6209600	7000.0338101	6999.8782813	0.9600053	-0.0400000	0.2726688	0.2779711	0.1237396	0.0000000	0.0000000
7000.6209600	7000.0338101	6999.8782813	0.9399913	-0.0400000	0.2413269	0.2790459	0.1237373	0.0000000	0.0000000
7000.6209600	7000.0338101	6999.8782813	0.9199773	-0.0400000	0.2444913	0.2792101	0.1243883	0.0000000	0.0000000
7000.6209600	7000.0338101	6999.8782813	0.8999633	-0.0400000	0.2499634	0.2773003	0.1233901	0.0000000	0.0000000
7000.6209600	7000.0338101	6999.8782813	0.8799493	-0.0400000	0.3049456	0.2784224	0.1232040	0.0000000	0.0000000
7000.6209600	7000.0338101	6999.8782813	0.8599353	-0.0400000	0.2829087	0.2786799	0.1284431	0.0000000	0.0000000
7000.6209600	7000.0338101	6999.8782813	0.8399213	-0.0400000	0.2432361	0.2771855	0.1254619	0.0000000	0.0000000
7000.6209600	7000.0338101	6999.8782813	0.8199073	-0.0400000	0.2436150	0.2788794	0.1211361	0.0000000	0.0000000
7000.6209600	7000.0338101	6999.8782813	0.7998933	-0.0400000	0.2882198	0.2814171	0.1298048	0.0000000	0.0000000
7000.6209600	7000.0338101	6999.8782813	0.7798792	-0.0400000	0.3170696	0.2799590	0.1245510	0.0000000	0.0000000
7000.6209600	7000.0338101	6999.8782813	0.7598652	-0.0400000	0.2663358	0.2796866	0.1263174	0.0000000	0.0000000
7000.6209600	7000.0338101	6999.8782813	0.7398512	-0.0400000	0.2318303	0.2790142	0.1229351	0.0000000	0.0000000
7000.6209600	7000.0338101	6999.8782813	0.7198372	-0.0400000	0.2689055	0.2792250	0.1249092	0.0000000	0.0000000
7000.6209600	7000.0338101	6999.8782813	0.7001568	-0.0400000	0.3015649	0.2804978	0.1268824	0.0000000	0.0000000
7000.6209600	7000.0338101	6999.8782813	0.6801428	-0.0400000	0.3287753	0.2789966	0.1235085	0.0000000	0.0000000
7000.6209600	7000.0338101	6999.8782813	0.6601288	-0.0400000	0.2413113	0.2783643	0.1236249	0.0000000	0.0000000
7000.6209600	7000.0338101	6999.8782813	0.6401147	-0.0400000	0.2454423	0.2781665	0.1231995	0.0000000	0.0000000
7000.6209600	7000.0338101	6999.8782813	0.6201007	-0.0400000	0.2623668	0.2785179	0.1256155	0.0000000	0.0000000
7000.6209600	7000.0338101	6999.8782813	0.6000867	-0.0400000	0.3248889	0.2816692	0.1255154	0.0000000	0.0000000
7000.6209600	7000.0338101	6999.8782813	0.5800727	-0.0400000	0.3514991	0.2805588	0.1282013	0.0000000	0.0000000
7000.6209600	7000.0338101	6999.8782813	0.5600587	-0.0400000	0.2782166	0.2805303	0.1278171	0.0000000	0.0000000
7000.6209600	7000.0338101	6999.8782813	0.5400447	-0.0400000	0.2859679	0.2843796	0.1315708	0.0000000	0.0000000
7000.6209600	7000.0338101	6999.8782813	0.5200307	-0.0400000	0.2961543	0.2806283	0.1257810	0.0000000	0.0000000
7000.6209600	7000.0338101	6999.8782813	0.5000167	-0.0400000	0.2941355	0.2789055	0.1232155	0.0000000	0.0000000
7000.6209600	7000.0338101	6999.8782813	0.4800027	-0.0400000	0.3320835	0.2791259	0.1225173	0.0000000	0.0000000
7000.6209600	7000.0338101	6999.8782813	0.4599887	-0.0400000	0.2748136	0.2789990	0.1241952	0.0000000	0.0000000
7000.6209600	7000.0338101	6999.8782813	0.4399746	-0.0400000	0.2586859	0.2788115	0.1240521	0.0000000	0.0000000
7000.6209600	7000.0338101	6999.8782813	0.4199606	-0.0400000	0.2799911	0.2777460	0.1225870	0.0000000	0.0000000
7000.6209600	7000.0338101	6999.8782813	0.3999466	-0.0400000	0.3234130	0.2784821	0.1256404	0.0000000	0.0000000
7000.6209600	7000.0338101	6999.8782813	0.3799326	-0.0400000	0.3423165	0.2783599	0.1251060	0.0000000	0.0000000
7000.6209600	7000.0338101	6999.8782813	0.3599186	-0.0400000	0.2582288	0.2759944	0.1228228	0.0000000	0.0000000
7000.6209600	7000.0338101	6999.8782813	0.3399046	-0.0400000	0.2350822	0.2765483	0.1226562	0.0000000	0.0000000
7000.6209600	7000.0338101	6999.8782813	0.3198906	-0.0400000	0.3278478	0.2801273	0.1267887	0.0000000	0.0000000
7000.6209600	7000.0338101	6999.8782813	0.2998766	-0.0400000	0.3163048	0.2776305	0.1250068	0.0000000	0.0000000
7000.6209600	7000.0338101	6999.8782813	0.2798626	-0.0400000	0.3349025	0.2782523	0.1230292	0.0000000	0.0000000
7000.6209600	7000.0338101	6999.8782813	0.2598486	-0.0400000	0.2539467	0.2789172	0.1218602	0.0000000	0.0000000
7000.6209600	7000.0338101	6999.8782813	0.2398346	-0.0400000	0.2483756	0.2782833	0.1241625	0.0000000	0.0000000
7000.6209600	7000.0338101	6999.8782813	0.2201541	-0.0400000	0.2997576	0.2761481	0.1208687	0.0000000	0.0000000
7000.6209600	7000.0338101	6999.8782813	0.2001401	-0.0400000	0.3417324	0.2792686	0.1252814	0.0000000	0.0000000
7000.6209600	7000.0338101	6999.8782813	0.1801261	-0.0400000	0.3541234	0.2790898	0.1254720	0.0000000	0.0000000
7000.6209600	7000.0338101	6999.8782813	0.1601121	-0.0400000	0.2593379	0.2778636	0.1233667	0.0000000	0.0000000
7000.6209600	7000.0338101	6999.8782813	0.1400981	-0.0400000	0.2635035	0.2781727	0.1246729	0.0000000	0.0000000
7000.6209600	7000.0338101	6999.8782813	0.1200841	-0.0400000	0.3331709	0.2776541	0.1235457	0.0000000	0.0000000
7000.6209600	7000.0338101	6999.8782813	0.1000700	-0.0400000	0.3520361	0.2799930	0.1271638	0.0000000	0.0000000
7000.6209600	7000.0338101	6999.8782813	0.0800560	-0.0400000	0.3362795	0.2796122	0.1236417	0.0000000	0.0000000
7000.6209600	7000.0338101	6999.8782813	0.0600420	-0.0400000	0.2871403	0.2803723	0.1277777	0.0000000	0.0000000
7000.6209600	7000.0338101	6999.8782813	0.0400280	-0.0400000	0.2650680	0.2766102	0.1243322	0.0000000	0.0000000
7000.6209600	7000.0338101	6999.8782813	0.0200140	-0.0400000	0.3524010	0.2792159	0.1267769	0.0000000	0.0000000
7000.6209600	7000.0338101	6999.8782813	0.0000000	-0.0400000	0.3328446	0.2796642	0.1254604	0.0000000	0.0000000
