1.000000	1282.051282	1.000000	1282.051282	1.000000	1282.084600	200.053729	0.000000	200.083917	0.000000	-0.006950	-0.000025	-0.000033	-0.000180	NaN	NaN	NaN	NaN	NaN
2.000000	1282.051282	1.000000	1282.051282	1.000000	1282.084600	200.053729	0.000000	180.003358	0.000000	-0.006488	-0.000024	-0.000029	-0.000187	NaN	NaN	NaN	NaN	NaN
3.000000	1282.051282	1.000000	1282.051282	1.000000	1282.084600	200.053729	0.000000	160.056225	0.000000	-0.006272	-0.000027	-0.000030	-0.000189	NaN	NaN	NaN	NaN	NaN
4.000000	1282.051282	1.000000	1282.051282	1.000000	1282.084600	200.053729	0.000000	140.109093	0.000000	-0.006703	-0.000026	-0.000032	-0.000209	NaN	NaN	NaN	NaN	NaN
5.000000	1282.051282	1.000000	1282.051282	1.000000	1282.084600	200.053729	0.000000	120.028534	0.000000	-0.006402	-0.000026	-0.000033	-0.000198	NaN	NaN	NaN	NaN	NaN
6.000000	1282.051282	1.000000	1282.051282	1.000000	1282.084600	200.053729	0.000000	100.081401	0.000000	-0.003739	-0.000027	-0.000030	-0.000200	NaN	NaN	NaN	NaN	NaN
7.000000	1282.051282	1.000000	1282.051282	1.000000	1282.084600	200.053729	0.000000	80.134268	0.000000	0.008844	-0.000026	-0.000029	-0.000189	NaN	NaN	NaN	NaN	NaN
8.000000	1282.051282	1.000000	1282.051282	1.000000	1282.084600	200.053729	0.000000	59.920284	0.000000	0.028493	-0.000025	-0.000030	-0.000197	NaN	NaN	NaN	NaN	NaN
9.000000	1282.051282	1.000000	1282.051282	1.000000	1282.084600	200.053729	0.000000	40.106577	0.000000	0.070447	-0.000026	-0.000029	-0.000193	NaN	NaN	NaN	NaN	NaN
10.000000	1282.051282	1.000000	1282.051282	1.000000	1282.084600	200.053729	0.000000	20.026018	0.000000	0.132896	-0.000022	-0.000031	-0.000192	NaN	NaN	NaN	NaN	NaN
11.000000	1282.051282	1.000000	1282.051282	1.000000	1282.084600	200.053729	0.000000	0.078885	0.000000	0.183492	-0.000023	-0.000029	-0.000205	NaN	NaN	NaN	NaN	NaN
12.000000	1282.051282	1.000000	1282.051282	1.000000	1282.084600	200.053729	0.000000	-19.868248	0.000000	0.157166	-0.000020	-0.000031	-0.000191	NaN	NaN	NaN	NaN	NaN
13.000000	1282.051282	1.000000	1282.051282	1.000000	1282.084600	200.053729	0.000000	-39.948806	0.000000	0.083431	-0.000020	-0.000028	-0.000182	NaN	NaN	NaN	NaN	NaN
14.000000	1282.051282	1.000000	1282.051282	1.000000	1282.084600	200.053729	0.000000	-59.829226	0.000000	0.022179	-0.000026	-0.000030	-0.000191	NaN	NaN	NaN	NaN	NaN
15.000000	1282.051282	1.000000	1282.051282	1.000000	1282.084600	200.053729	0.000000	-79.976498	0.000000	0.001367	-0.000025	-0.000030	-0.000195	NaN	NaN	NaN	NaN	NaN
16.000000	1282.051282	1.000000	1282.051282	1.000000	1282.084600	200.053729	0.000000	-99.923630	0.000000	-0.005060	-0.000026	-0.000034	-0.000192	NaN	NaN	NaN	NaN	NaN
17.000000	1282.051282	1.000000	1282.051282	1.000000	1282.084600	200.053729	0.000000	-119.937476	0.000000	-0.007751	-0.000024	-0.000027	-0.000197	NaN	NaN	NaN	NaN	NaN
18.000000	1282.051282	1.000000	1282.051282	1.000000	1282.084600	200.053729	0.000000	-139.951322	0.000000	-0.007340	-0.000027	-0.000029	-0.000172	NaN	NaN	NaN	NaN	NaN
19.000000	1282.051282	1.000000	1282.051282	1.000000	1282.084600	200.053729	0.000000	-159.831742	0.000000	-0.005879	-0.000025	-0.000029	-0.000175	NaN	NaN	NaN	NaN	NaN
20.000000	1282.051282	1.000000	1282.051282	1.000000	1282.084600	200.053729	0.000000	-179.912300	0.000000	-0.006640	-0.000026	-0.000031	-0.000186	NaN	NaN	NaN	NaN	NaN
21.000000	1282.051282	1.000000	1282.051282	1.000000	1282.084600	200.053729	0.000000	-199.992859	0.000000	-0.005835	-0.000025	-0.000033	-0.000195	NaN	NaN	NaN	NaN	NaN
22.000000	1282.051282	1.000000	1282.051282	1.000000	1282.084600	180.039883	0.000000	200.083917	0.000000	-0.006850	-0.000026	-0.000030	-0.000191	NaN	NaN	NaN	NaN	NaN
23.000000	1282.051282	1.000000	1282.051282	1.000000	1282.084600	180.039883	0.000000	180.003358	0.000000	-0.005371	-0.000026	-0.000031	-0.000178	NaN	NaN	NaN	NaN	NaN
24.000000	1282.051282	1.000000	1282.051282	1.000000	1282.084600	180.039883	0.000000	160.056225	0.000000	-0.005709	-0.000024	-0.000032	-0.000194	NaN	NaN	NaN	NaN	NaN
25.000000	1282.051282	1.000000	1282.051282	1.000000	1282.084600	180.039883	0.000000	140.109093	0.000000	-0.006997	-0.000025	-0.000032	-0.000208	NaN	NaN	NaN	NaN	NaN
26.000000	1282.051282	1.000000	1282.051282	1.000000	1282.084600	180.039883	0.000000	120.028534	0.000000	-0.006845	-0.000025	-0.000033	-0.000199	NaN	NaN	NaN	NaN	NaN
27.000000	1282.051282	1.000000	1282.051282	1.000000	1282.084600	180.039883	0.000000	100.081401	0.000000	-0.003283	-0.000026	-0.000035	-0.000212	NaN	NaN	NaN	NaN	NaN
28.000000	1282.051282	1.000000	1282.051282	1.000000	1282.084600	180.039883	0.000000	80.134268	0.000000	0.007787	-0.000024	-0.000030	-0.000199	NaN	NaN	NaN	NaN	NaN
29.000000	1282.051282	1.000000	1282.051282	1.000000	1282.084600	180.039883	0.000000	60.053710	0.000000	0.025545	-0.000025	-0.000031	-0.000208	NaN	NaN	NaN	NaN	NaN
30.000000	1282.051282	1.000000	1282.051282	1.000000	1282.084600	180.039883	0.000000	40.106577	0.000000	0.064937	-0.000024	-0.000028	-0.000191	NaN	NaN	NaN	NaN	NaN
31.000000	1282.051282	1.000000	1282.051282	1.000000	1282.084600	180.039883	0.000000	20.026018	0.000000	0.127268	-0.000024	-0.000032	-0.000194	NaN	NaN	NaN	NaN	NaN
32.000000	1282.051282	1.000000	1282.051282	1.000000	1282.084600	180.039883	0.000000	0.078885	0.000000	0.177199	-0.000024	-0.000029	-0.000198	NaN	NaN	NaN	NaN	NaN
33.000000	1282.051282	1.000000	1282.051282	1.000000	1282.084600	180.039883	0.000000	-19.868248	0.000000	0.135715	-0.000021	-0.000028	-0.000199	NaN	NaN	NaN	NaN	NaN
34.000000	1282.051282	1.000000	1282.051282	1.000000	1282.084600	180.039883	0.000000	-39.948806	0.000000	0.075791	-0.000021	-0.000030	-0.000180	NaN	NaN	NaN	NaN	NaN
35.000000	1282.051282	1.000000	1282.051282	1.000000	1282.084600	180.039883	0.000000	-59.895939	0.000000	0.023891	-0.000025	-0.000032	-0.000193	NaN	NaN	NaN	NaN	NaN
36.000000	1282.051282	1.000000	1282.051282	1.000000	1282.084600	180.039883	0.000000	-79.976498	0.000000	-0.000760	-0.000026	-0.000029	-0.000196	NaN	NaN	NaN	NaN	NaN
37.000000	1282.051282	1.000000	1282.051282	1.000000	1282.084600	180.039883	0.000000	-99.923630	0.000000	-0.005438	-0.000026	-0.000033	-0.000210	NaN	NaN	NaN	NaN	NaN
38.000000	1282.051282	1.000000	1282.051282	1.000000	1282.084600	180.039883	0.000000	-119.937476	0.000000	-0.005920	-0.000025	-0.000031	-0.000183	NaN	NaN	NaN	NaN	NaN
39.000000	1282.051282	1.000000	1282.051282	1.000000	1282.084600	180.039883	0.000000	-139.951322	0.000000	-0.005788	-0.000026	-0.000032	-0.000176	NaN	NaN	NaN	NaN	NaN
40.000000	1282.051282	1.000000	1282.051282	1.000000	1282.084600	180.039883	0.000000	-159.965168	0.000000	-0.006801	-0.000027	-0.000031	-0.000193	NaN	NaN	NaN	NaN	NaN
41.000000	1282.051282	1.000000	1282.051282	1.000000	1282.084600	180.039883	0.000000	-179.912300	0.000000	-0.006754	-0.000026	-0.000029	-0.000180	NaN	NaN	NaN	NaN	NaN
42.000000	1282.051282	1.000000	1282.051282	1.000000	1282.084600	180.039883	0.000000	-199.992859	0.000000	-0.006798	-0.000027	-0.000030	-0.000191	NaN	NaN	NaN	NaN	NaN
43.000000	1282.051282	1.000000	1282.051282	1.000000	1282.084600	160.092750	0.000000	200.083917	0.000000	-0.006467	-0.000025	-0.000026	-0.000185	NaN	NaN	NaN	NaN	NaN
44.000000	1282.051282	1.000000	1282.051282	1.000000	1282.084600	160.092750	0.000000	180.003358	0.000000	-0.007344	-0.000025	-0.000031	-0.000192	NaN	NaN	NaN	NaN	NaN
45.000000	1282.051282	1.000000	1282.051282	1.000000	1282.084600	160.092750	0.000000	160.056225	0.000000	-0.006228	-0.000025	-0.000031	-0.000172	NaN	NaN	NaN	NaN	NaN
46.000000	1282.051282	1.000000	1282.051282	1.000000	1282.084600	160.092750	0.000000	140.109093	0.000000	-0.006724	-0.000026	-0.000030	-0.000208	NaN	NaN	NaN	NaN	NaN
47.000000	1282.051282	1.000000	1282.051282	1.000000	1282.084600	160.092750	0.000000	120.028534	0.000000	-0.006397	-0.000027	-0.000031	-0.000199	NaN	NaN	NaN	NaN	NaN
48.000000	1282.051282	1.000000	1282.051282	1.000000	1282.084600	160.092750	0.000000	100.081401	0.000000	-0.002736	-0.000028	-0.000031	-0.000185	NaN	NaN	NaN	NaN	NaN
49.000000	1282.051282	1.000000	1282.051282	1.000000	1282.084600	160.092750	0.000000	80.134268	0.000000	0.002940	-0.000026	-0.000027	-0.000202	NaN	NaN	NaN	NaN	NaN
50.000000	1282.051282	1.000000	1282.051282	1.000000	1282.084600	160.092750	0.000000	60.053710	0.000000	0.023927	-0.000024	-0.000035	-0.000194	NaN	NaN	NaN	NaN	NaN
51.000000	1282.051282	1.000000	1282.051282	1.000000	1282.084600	160.092750	0.000000	40.106577	0.000000	0.064177	-0.000022	-0.000032	-0.000183	NaN	NaN	NaN	NaN	NaN
52.000000	1282.051282	1.000000	1282.051282	1.000000	1282.084600	160.092750	0.000000	20.026018	0.000000	0.117371	-0.000023	-0.000031	-0.000192	NaN	NaN	NaN	NaN	NaN
53.000000	1282.051282	1.000000	1282.051282	1.000000	1282.084600	160.092750	0.000000	0.078885	0.000000	0.167148	-0.000022	-0.000028	-0.000191	NaN	NaN	NaN	NaN	NaN
54.000000	1282.051282	1.000000	1282.051282	1.000000	1282.084600	160.092750	0.000000	-19.868248	0.000000	0.141102	-0.000022	-0.000028	-0.000179	NaN	NaN	NaN	NaN	NaN
55.000000	1282.051282	1.000000	1282.051282	1.000000	1282.084600	160.092750	0.000000	-39.948806	0.000000	0.077357	-0.000023	-0.000030	-0.000178	NaN	NaN	NaN	NaN	NaN
56.000000	1282.051282	1.000000	1282.051282	1.000000	1282.084600	160.092750	0.000000	-59.895939	0.000000	0.028646	-0.000024	-0.000030	-0.000188	NaN	NaN	NaN	NaN	NaN
57.000000	1282.051282	1.000000	1282.051282	1.000000	1282.084600	160.092750	0.000000	-79.976498	0.000000	0.002796	-0.000024	-0.000030	-0.000193	NaN	NaN	NaN	NaN	NaN
58.000000	1282.051282	1.000000	1282.051282	1.000000	1282.084600	160.092750	0.000000	-99.923630	0.000000	-0.004278	-0.000026	-0.000032	-0.000196	NaN	NaN	NaN	NaN	NaN
59.000000	1282.051282	1.000000	1282.051282	1.000000	1282.084600	160.092750	0.000000	-119.937476	0.000000	-0.005732	-0.000027	-0.000031	-0.000189	NaN	NaN	NaN	NaN	NaN
60.000000	1282.051282	1.000000	1282.051282	1.000000	1282.084600	160.092750	0.000000	-139.951322	0.000000	-0.006410	-0.000026	-0.000029	-0.000179	NaN	NaN	NaN	NaN	NaN
61.000000	1282.051282	1.000000	1282.051282	1.000000	1282.084600	160.092750	0.000000	-159.965168	0.000000	-0.006975	-0.000025	-0.000030	-0.000186	NaN	NaN	NaN	NaN	NaN
62.000000	1282.051282	1.000000	1282.051282	1.000000	1282.084600	160.092750	0.000000	-179.912300	0.000000	-0.006882	-0.000025	-0.000030	-0.000199	NaN	NaN	NaN	NaN	NaN
63.000000	1282.051282	1.000000	1282.051282	1.000000	1282.084600	160.092750	0.000000	-199.992859	0.000000	-0.006910	-0.000024	-0.000031	-0.000200	NaN	NaN	NaN	NaN	NaN
64.000000	1282.051282	1.000000	1282.051282	1.000000	1282.084600	140.012192	0.000000	200.083917	0.000000	-0.005269	-0.000026	-0.000032	-0.000175	NaN	NaN	NaN	NaN	NaN
65.000000	1282.051282	1.000000	1282.051282	1.000000	1282.084600	140.012192	0.000000	180.003358	0.000000	-0.006343	-0.000025	-0.000031	-0.000189	NaN	NaN	NaN	NaN	NaN
66.000000	1282.051282	1.000000	1282.051282	1.000000	1282.084600	140.012192	0.000000	160.056225	0.000000	-0.007293	-0.000025	-0.000031	-0.000195	NaN	NaN	NaN	NaN	NaN
67.000000	1282.051282	1.000000	1282.051282	1.000000	1282.084600	140.012192	0.000000	140.109093	0.000000	-0.006336	-0.000026	-0.000033	-0.000201	NaN	NaN	NaN	NaN	NaN
68.000000	1282.051282	1.000000	1282.051282	1.000000	1282.084600	140.012192	0.000000	120.028534	0.000000	-0.004684	-0.000027	-0.000031	-0.000198	NaN	NaN	NaN	NaN	NaN
69.000000	1282.051282	1.000000	1282.051282	1.000000	1282.084600	140.012192	0.000000	100.081401	0.000000	-0.005051	-0.000024	-0.000031	-0.000181	NaN	NaN	NaN	NaN	NaN
70.000000	1282.051282	1.000000	1282.051282	1.000000	1282.084600	140.012192	0.000000	80.134268	0.000000	0.003178	-0.000026	-0.000031	-0.000195	NaN	NaN	NaN	NaN	NaN
71.000000	1282.051282	1.000000	1282.051282	1.000000	1282.084600	140.012192	0.000000	59.920284	0.000000	0.024936	-0.000024	-0.000031	-0.000201	NaN	NaN	NaN	NaN	NaN
72.000000	1282.051282	1.000000	1282.051282	1.000000	1282.084600	140.012192	0.000000	40.106577	0.000000	0.057548	-0.000026	-0.000029	-0.000183	NaN	NaN	NaN	NaN	NaN
73.000000	1282.051282	1.000000	1282.051282	1.000000	1282.084600	140.012192	0.000000	20.026018	0.000000	0.116641	-0.000024	-0.000029	-0.000206	NaN	NaN	NaN	NaN	NaN
74.000000	1282.051282	1.000000	1282.051282	1.000000	1282.084600	140.012192	0.000000	0.078885	0.000000	0.182864	-0.000022	-0.000031	-0.000211	NaN	NaN	NaN	NaN	NaN
75.000000	1282.051282	1.000000	1282.051282	1.000000	1282.084600	140.012192	0.000000	-19.868248	0.000000	0.156618	-0.000022	-0.000026	-0.000205	NaN	NaN	NaN	NaN	NaN
76.000000	1282.051282	1.000000	1282.051282	1.000000	1282.084600	140.012192	0.000000	-39.948806	0.000000	0.071114	-0.000024	-0.000033	-0.000197	NaN	NaN	NaN	NaN	NaN
77.000000	1282.051282	1.000000	1282.051282	1.000000	1282.084600	140.012192	0.000000	-59.895939	0.000000	0.024966	-0.000024	-0.000031	-0.000186	NaN	NaN	NaN	NaN	NaN
78.000000	1282.051282	1.000000	1282.051282	1.000000	1282.084600	140.012192	0.000000	-79.976498	0.000000	0.002840	-0.000025	-0.000029	-0.000194	NaN	NaN	NaN	NaN	NaN
79.000000	1282.051282	1.000000	1282.051282	1.000000	1282.084600	140.012192	0.000000	-99.923630	0.000000	-0.003947	-0.000024	-0.000029	-0.000186	NaN	NaN	NaN	NaN	NaN
80.000000	1282.051282	1.000000	1282.051282	1.000000	1282.084600	140.012192	0.000000	-119.937476	0.000000	-0.005832	-0.000026	-0.000030	-0.000210	NaN	NaN	NaN	NaN	NaN
81.000000	1282.051282	1.000000	1282.051282	1.000000	1282.084600	140.012192	0.000000	-139.951322	0.000000	-0.007833	-0.000028	-0.000031	-0.000181	NaN	NaN	NaN	NaN	NaN
82.000000	1282.051282	1.000000	1282.051282	1.000000	1282.084600	140.012192	0.000000	-159.965168	0.000000	-0.006051	-0.000024	-0.000027	-0.000200	NaN	NaN	NaN	NaN	NaN
83.000000	1282.051282	1.000000	1282.051282	1.000000	1282.084600	140.012192	0.000000	-179.912300	0.000000	-0.006162	-0.000027	-0.000030	-0.000205	NaN	NaN	NaN	NaN	NaN
84.000000	1282.051282	1.000000	1282.051282	1.000000	1282.084600	140.012192	0.000000	-199.992859	0.000000	-0.006203	-0.000026	-0.000029	-0.000185	NaN	NaN	NaN	NaN	NaN
85.000000	1282.051282	1.000000	1282.051282	1.000000	1282.084600	120.065059	0.000000	200.083917	0.000000	-0.005711	-0.000025	-0.000033	-0.000189	NaN	NaN	NaN	NaN	NaN
86.000000	1282.051282	1.000000	1282.051282	1.000000	1282.084600	120.065059	0.000000	180.003358	0.000000	-0.005869	-0.000025	-0.000028	-0.000194	NaN	NaN	NaN	NaN	NaN
87.000000	1282.051282	1.000000	1282.051282	1.000000	1282.084600	120.065059	0.000000	160.056225	0.000000	-0.006966	-0.000025	-0.000032	-0.000203	NaN	NaN	NaN	NaN	NaN
88.000000	1282.051282	1.000000	1282.051282	1.000000	1282.084600	120.065059	0.000000	140.109093	0.000000	-0.006057	-0.000025	-0.000031	-0.000188	NaN	NaN	NaN	NaN	NaN
89.000000	1282.051282	1.000000	1282.051282	1.000000	1282.084600	120.065059	0.000000	120.028534	0.000000	-0.005855	-0.000026	-0.000033	-0.000185	NaN	NaN	NaN	NaN	NaN
90.000000	1282.051282	1.000000	1282.051282	1.000000	1282.084600	120.065059	0.000000	100.081401	0.000000	-0.003955	-0.000027	-0.000029	-0.000189	NaN	NaN	NaN	NaN	NaN
91.000000	1282.051282	1.000000	1282.051282	1.000000	1282.084600	120.065059	0.000000	80.134268	0.000000	0.003265	-0.000026	-0.000031	-0.000192	NaN	NaN	NaN	NaN	NaN
92.000000	1282.051282	1.000000	1282.051282	1.000000	1282.084600	120.065059	0.000000	60.053710	0.000000	0.022291	-0.000025	-0.000031	-0.000202	NaN	NaN	NaN	NaN	NaN
93.000000	1282.051282	1.000000	1282.051282	1.000000	1282.084600	120.065059	0.000000	40.106577	0.000000	0.060755	-0.000023	-0.000028	-0.000198	NaN	NaN	NaN	NaN	NaN
94.000000	1282.051282	1.000000	1282.051282	1.000000	1282.084600	120.065059	0.000000	20.026018	0.000000	0.122747	-0.000022	-0.000029	-0.000181	NaN	NaN	NaN	NaN	NaN
95.000000	1282.051282	1.000000	1282.051282	1.000000	1282.084600	120.065059	0.000000	0.078885	0.000000	0.166806	-0.000023	-0.000030	-0.000203	NaN	NaN	NaN	NaN	NaN
96.000000	1282.051282	1.000000	1282.051282	1.000000	1282.084600	120.065059	0.000000	-19.868248	0.000000	0.168163	-0.000019	-0.000028	-0.000188	NaN	NaN	NaN	NaN	NaN
97.000000	1282.051282	1.000000	1282.051282	1.000000	1282.084600	120.065059	0.000000	-39.948806	0.000000	0.082473	-0.000022	-0.000029	-0.000181	NaN	NaN	NaN	NaN	NaN
98.000000	1282.051282	1.000000	1282.051282	1.000000	1282.084600	120.065059	0.000000	-59.895939	0.000000	0.031629	-0.000022	-0.000028	-0.000197	NaN	NaN	NaN	NaN	NaN
99.000000	1282.051282	1.000000	1282.051282	1.000000	1282.084600	120.065059	0.000000	-79.976498	0.000000	0.002490	-0.000023	-0.000031	-0.000200	NaN	NaN	NaN	NaN	NaN
100.000000	1282.051282	1.000000	1282.051282	1.000000	1282.084600	120.065059	0.000000	-99.923630	0.000000	-0.004211	-0.000025	-0.000029	-0.000185	NaN	NaN	NaN	NaN	NaN
101.000000	1282.051282	1.000000	1282.051282	1.000000	1282.084600	120.065059	0.000000	-119.937476	0.000000	-0.005826	-0.000023	-0.000028	-0.000178	NaN	NaN	NaN	NaN	NaN
102.000000	1282.051282	1.000000	1282.051282	1.000000	1282.084600	120.065059	0.000000	-139.951322	0.000000	-0.006477	-0.000026	-0.000031	-0.000188	NaN	NaN	NaN	NaN	NaN
103.000000	1282.051282	1.000000	1282.051282	1.000000	1282.084600	120.065059	0.000000	-159.965168	0.000000	-0.006566	-0.000025	-0.000029	-0.000195	NaN	NaN	NaN	NaN	NaN
104.000000	1282.051282	1.000000	1282.051282	1.000000	1282.084600	120.065059	0.000000	-179.912300	0.000000	-0.005318	-0.000021	-0.000029	-0.000201	NaN	NaN	NaN	NaN	NaN
105.000000	1282.051282	1.000000	1282.051282	1.000000	1282.084600	120.065059	0.000000	-199.992859	0.000000	-0.005599	-0.000024	-0.000026	-0.000185	NaN	NaN	NaN	NaN	NaN
106.000000	1282.051282	1.000000	1282.051282	1.000000	1282.084600	99.984500	0.000000	200.083917	0.000000	-0.006791	-0.000025	-0.000029	-0.000209	NaN	NaN	NaN	NaN	NaN
107.000000	1282.051282	1.000000	1282.051282	1.000000	1282.084600	99.984500	0.000000	180.003358	0.000000	-0.004970	-0.000024	-0.000030	-0.000199	NaN	NaN	NaN	NaN	NaN
108.000000	1282.051282	1.000000	1282.051282	1.000000	1282.084600	99.984500	0.000000	160.056225	0.000000	-0.007651	-0.000024	-0.000027	-0.000193	NaN	NaN	NaN	NaN	NaN
109.000000	1282.051282	1.000000	1282.051282	1.000000	1282.084600	99.984500	0.000000	140.109093	0.000000	-0.007096	-0.000024	-0.000029	-0.000182	NaN	NaN	NaN	NaN	NaN
110.000000	1282.051282	1.000000	1282.051282	1.000000	1282.084600	99.984500	0.000000	120.028534	0.000000	-0.007091	-0.000025	-0.000026	-0.000176	NaN	NaN	NaN	NaN	NaN
111.000000	1282.051282	1.000000	1282.051282	1.000000	1282.084600	99.984500	0.000000	100.081401	0.000000	-0.005391	-0.000024	-0.000027	-0.000186	NaN	NaN	NaN	NaN	NaN
112.000000	1282.051282	1.000000	1282.051282	1.000000	1282.084600	99.984500	0.000000	80.134268	0.000000	0.002257	-0.000025	-0.000031	-0.000198	NaN	NaN	NaN	NaN	NaN
113.000000	1282.051282	1.000000	1282.051282	1.000000	1282.084600	99.984500	0.000000	59.920284	0.000000	0.022546	-0.000025	-0.000031	-0.000205	NaN	NaN	NaN	NaN	NaN
114.000000	1282.051282	1.000000	1282.051282	1.000000	1282.084600	99.984500	0.000000	40.106577	0.000000	0.052959	-0.000022	-0.000030	-0.000184	NaN	NaN	NaN	NaN	NaN
115.000000	1282.051282	1.000000	1282.051282	1.000000	1282.084600	99.984500	0.000000	20.026018	0.000000	0.118119	-0.000020	-0.000027	-0.000203	NaN	NaN	NaN	NaN	NaN
116.000000	1282.051282	1.000000	1282.051282	1.000000	1282.084600	99.984500	0.000000	0.078885	0.000000	0.180119	-0.000021	-0.000030	-0.000196	NaN	NaN	NaN	NaN	NaN
117.000000	1282.051282	1.000000	1282.051282	1.000000	1282.084600	99.984500	0.000000	-19.868248	0.000000	0.170241	-0.000021	-0.000027	-0.000182	NaN	NaN	NaN	NaN	NaN
118.000000	1282.051282	1.000000	1282.051282	1.000000	1282.084600	99.984500	0.000000	-39.948806	0.000000	0.096679	-0.000022	-0.000032	-0.000197	NaN	NaN	NaN	NaN	NaN
119.000000	1282.051282	1.000000	1282.051282	1.000000	1282.084600	99.984500	0.000000	-59.895939	0.000000	0.033614	-0.000023	-0.000029	-0.000200	NaN	NaN	NaN	NaN	NaN
120.000000	1282.051282	1.000000	1282.051282	1.000000	1282.084600	99.984500	0.000000	-79.976498	0.000000	0.005663	-0.000024	-0.000030	-0.000201	NaN	NaN	NaN	NaN	NaN
121.000000	1282.051282	1.000000	1282.051282	1.000000	1282.084600	99.984500	0.000000	-99.923630	0.000000	-0.004127	-0.000026	-0.000031	-0.000205	NaN	NaN	NaN	NaN	NaN
122.000000	1282.051282	1.000000	1282.051282	1.000000	1282.084600	99.984500	0.000000	-119.937476	0.000000	-0.005767	-0.000023	-0.000029	-0.000183	NaN	NaN	NaN	NaN	NaN
123.000000	1282.051282	1.000000	1282.051282	1.000000	1282.084600	99.984500	0.000000	-139.951322	0.000000	-0.006457	-0.000027	-0.000029	-0.000194	NaN	NaN	NaN	NaN	NaN
124.000000	1282.051282	1.000000	1282.051282	1.000000	1282.084600	99.984500	0.000000	-159.965168	0.000000	-0.005050	-0.000025	-0.000028	-0.000192	NaN	NaN	NaN	NaN	NaN
125.000000	1282.051282	1.000000	1282.051282	1.000000	1282.084600	99.984500	0.000000	-179.912300	0.000000	-0.007053	-0.000024	-0.000030	-0.000185	NaN	NaN	NaN	NaN	NaN
126.000000	1282.051282	1.000000	1282.051282	1.000000	1282.084600	99.984500	0.000000	-199.992859	0.000000	-0.007416	-0.000027	-0.000030	-0.000178	NaN	NaN	NaN	NaN	NaN
127.000000	1282.051282	1.000000	1282.051282	1.000000	1282.084600	80.037367	0.000000	200.083917	0.000000	-0.006590	-0.000025	-0.000028	-0.000199	NaN	NaN	NaN	NaN	NaN
128.000000	1282.051282	1.000000	1282.051282	1.000000	1282.084600	80.037367	0.000000	180.003358	0.000000	-0.006225	-0.000025	-0.000028	-0.000203	NaN	NaN	NaN	NaN	NaN
129.000000	1282.051282	1.000000	1282.051282	1.000000	1282.084600	80.037367	0.000000	160.056225	0.000000	-0.006702	-0.000025	-0.000031	-0.000191	NaN	NaN	NaN	NaN	NaN
130.000000	1282.051282	1.000000	1282.051282	1.000000	1282.084600	80.037367	0.000000	140.109093	0.000000	-0.006989	-0.000023	-0.000028	-0.000196	NaN	NaN	NaN	NaN	NaN
131.000000	1282.051282	1.000000	1282.051282	1.000000	1282.084600	80.037367	0.000000	120.028534	0.000000	-0.005748	-0.000027	-0.000031	-0.000198	NaN	NaN	NaN	NaN	NaN
132.000000	1282.051282	1.000000	1282.051282	1.000000	1282.084600	80.037367	0.000000	100.081401	0.000000	-0.006453	-0.000025	-0.000030	-0.000187	NaN	NaN	NaN	NaN	NaN
133.000000	1282.051282	1.000000	1282.051282	1.000000	1282.084600	80.037367	0.000000	80.134268	0.000000	0.000408	-0.000024	-0.000032	-0.000193	NaN	NaN	NaN	NaN	NaN
134.000000	1282.051282	1.000000	1282.051282	1.000000	1282.084600	80.037367	0.000000	60.053710	0.000000	0.019017	-0.000025	-0.000032	-0.000185	NaN	NaN	NaN	NaN	NaN
135.000000	1282.051282	1.000000	1282.051282	1.000000	1282.084600	80.037367	0.000000	40.106577	0.000000	0.048275	-0.000022	-0.000028	-0.000193	NaN	NaN	NaN	NaN	NaN
136.000000	1282.051282	1.000000	1282.051282	1.000000	1282.084600	80.037367	0.000000	20.026018	0.000000	0.103412	-0.000023	-0.000026	-0.000199	NaN	NaN	NaN	NaN	NaN
137.000000	1282.051282	1.000000	1282.051282	1.000000	1282.084600	80.037367	0.000000	0.078885	0.000000	0.183284	-0.000020	-0.000027	-0.000193	NaN	NaN	NaN	NaN	NaN
138.000000	1282.051282	1.000000	1282.051282	1.000000	1282.084600	80.037367	0.000000	-19.868248	0.000000	0.179096	-0.000020	-0.000031	-0.000209	NaN	NaN	NaN	NaN	NaN
139.000000	1282.051282	1.000000	1282.051282	1.000000	1282.084600	80.037367	0.000000	-39.948806	0.000000	0.106817	-0.000023	-0.000031	-0.000220	NaN	NaN	NaN	NaN	NaN
140.000000	1282.051282	1.000000	1282.051282	1.000000	1282.084600	80.037367	0.000000	-59.895939	0.000000	0.045609	-0.000024	-0.000029	-0.000190	NaN	NaN	NaN	NaN	NaN
141.000000	1282.051282	1.000000	1282.051282	1.000000	1282.084600	80.037367	0.000000	-79.976498	0.000000	0.010745	-0.000023	-0.000031	-0.000194	NaN	NaN	NaN	NaN	NaN
142.000000	1282.051282	1.000000	1282.051282	1.000000	1282.084600	80.037367	0.000000	-99.923630	0.000000	-0.003301	-0.000023	-0.000028	-0.000199	NaN	NaN	NaN	NaN	NaN
143.000000	1282.051282	1.000000	1282.051282	1.000000	1282.084600	80.037367	0.000000	-119.937476	0.000000	-0.007323	-0.000024	-0.000032	-0.000188	NaN	NaN	NaN	NaN	NaN
144.000000	1282.051282	1.000000	1282.051282	1.000000	1282.084600	80.037367	0.000000	-139.951322	0.000000	-0.007107	-0.000022	-0.000030	-0.000196	NaN	NaN	NaN	NaN	NaN
145.000000	1282.051282	1.000000	1282.051282	1.000000	1282.084600	80.037367	0.000000	-159.965168	0.000000	-0.005998	-0.000024	-0.000027	-0.000195	NaN	NaN	NaN	NaN	NaN
146.000000	1282.051282	1.000000	1282.051282	1.000000	1282.084600	80.037367	0.000000	-179.912300	0.000000	-0.006543	-0.000023	-0.000029	-0.000200	NaN	NaN	NaN	NaN	NaN
147.000000	1282.051282	1.000000	1282.051282	1.000000	1282.084600	80.037367	0.000000	-199.992859	0.000000	-0.006273	-0.000025	-0.000030	-0.000194	NaN	NaN	NaN	NaN	NaN
148.000000	1282.051282	1.000000	1282.051282	1.000000	1282.084600	60.090235	0.000000	200.083917	0.000000	-0.006177	-0.000023	-0.000029	-0.000190	NaN	NaN	NaN	NaN	NaN
149.000000	1282.051282	1.000000	1282.051282	1.000000	1282.084600	60.090235	0.000000	180.003358	0.000000	-0.005979	-0.000024	-0.000030	-0.000191	NaN	NaN	NaN	NaN	NaN
150.000000	1282.051282	1.000000	1282.051282	1.000000	1282.084600	60.090235	0.000000	160.056225	0.000000	-0.005400	-0.000023	-0.000030	-0.000212	NaN	NaN	NaN	NaN	NaN
151.000000	1282.051282	1.000000	1282.051282	1.000000	1282.084600	60.090235	0.000000	140.109093	0.000000	-0.006080	-0.000023	-0.000028	-0.000179	NaN	NaN	NaN	NaN	NaN
152.000000	1282.051282	1.000000	1282.051282	1.000000	1282.084600	60.090235	0.000000	120.028534	0.000000	-0.006505	-0.000025	-0.000030	-0.000195	NaN	NaN	NaN	NaN	NaN
153.000000	1282.051282	1.000000	1282.051282	1.000000	1282.084600	60.090235	0.000000	100.081401	0.000000	-0.005257	-0.000023	-0.000030	-0.000187	NaN	NaN	NaN	NaN	NaN
154.000000	1282.051282	1.000000	1282.051282	1.000000	1282.084600	60.090235	0.000000	80.134268	0.000000	-0.003485	-0.000023	-0.000032	-0.000190	NaN	NaN	NaN	NaN	NaN
155.000000	1282.051282	1.000000	1282.051282	1.000000	1282.084600	60.090235	0.000000	60.053710	0.000000	0.014305	-0.000025	-0.000028	-0.000191	NaN	NaN	NaN	NaN	NaN
156.000000	1282.051282	1.000000	1282.051282	1.000000	1282.084600	60.090235	0.000000	40.106577	0.000000	0.044773	-0.000022	-0.000030	-0.000211	NaN	NaN	NaN	NaN	NaN
157.000000	1282.051282	1.000000	1282.051282	1.000000	1282.084600	60.090235	0.000000	20.026018	0.000000	0.087415	-0.000021	-0.000027	-0.000196	NaN	NaN	NaN	NaN	NaN
158.000000	1282.051282	1.000000	1282.051282	1.000000	1282.084600	60.090235	0.000000	0.078885	0.000000	0.157207	-0.000020	-0.000029	-0.000188	NaN	NaN	NaN	NaN	NaN
159.000000	1282.051282	1.000000	1282.051282	1.000000	1282.084600	60.090235	0.000000	-19.868248	0.000000	0.199988	-0.000022	-0.000027	-0.000195	NaN	NaN	NaN	NaN	NaN
160.000000	1282.051282	1.000000	1282.051282	1.000000	1282.084600	60.090235	0.000000	-39.948806	0.000000	0.119906	-0.000021	-0.000030	-0.000196	NaN	NaN	NaN	NaN	NaN
161.000000	1282.051282	1.000000	1282.051282	1.000000	1282.084600	60.090235	0.000000	-59.895939	0.000000	0.043079	-0.000021	-0.000029	-0.000199	NaN	NaN	NaN	NaN	NaN
162.000000	1282.051282	1.000000	1282.051282	1.000000	1282.084600	60.090235	0.000000	-79.976498	0.000000	0.009890	-0.000023	-0.000030	-0.000199	NaN	NaN	NaN	NaN	NaN
163.000000	1282.051282	1.000000	1282.051282	1.000000	1282.084600	60.090235	0.000000	-99.923630	0.000000	-0.003382	-0.000025	-0.000032	-0.000189	NaN	NaN	NaN	NaN	NaN
164.000000	1282.051282	1.000000	1282.051282	1.000000	1282.084600	60.090235	0.000000	-119.937476	0.000000	-0.007003	-0.000024	-0.000031	-0.000194	NaN	NaN	NaN	NaN	NaN
165.000000	1282.051282	1.000000	1282.051282	1.000000	1282.084600	60.090235	0.000000	-139.951322	0.000000	-0.005997	-0.000023	-0.000031	-0.000179	NaN	NaN	NaN	NaN	NaN
166.000000	1282.051282	1.000000	1282.051282	1.000000	1282.084600	60.090235	0.000000	-159.965168	0.000000	-0.005859	-0.000025	-0.000030	-0.000189	NaN	NaN	NaN	NaN	NaN
167.000000	1282.051282	1.000000	1282.051282	1.000000	1282.084600	60.090235	0.000000	-179.912300	0.000000	-0.007002	-0.000023	-0.000032	-0.000190	NaN	NaN	NaN	NaN	NaN
168.000000	1282.051282	1.000000	1282.051282	1.000000	1282.084600	60.090235	0.000000	-199.992859	0.000000	-0.006825	-0.000024	-0.000030	-0.000170	NaN	NaN	NaN	NaN	NaN
169.000000	1282.051282	1.000000	1282.051282	1.000000	1282.084600	40.009676	0.000000	200.083917	0.000000	-0.006422	-0.000026	-0.000029	-0.000174	NaN	NaN	NaN	NaN	NaN
170.000000	1282.051282	1.000000	1282.051282	1.000000	1282.084600	40.009676	0.000000	180.003358	0.000000	-0.007150	-0.000023	-0.000029	-0.000190	NaN	NaN	NaN	NaN	NaN
171.000000	1282.051282	1.000000	1282.051282	1.000000	1282.084600	40.009676	0.000000	160.056225	0.000000	-0.005431	-0.000025	-0.000030	-0.000186	NaN	NaN	NaN	NaN	NaN
172.000000	1282.051282	1.000000	1282.051282	1.000000	1282.084600	40.009676	0.000000	140.109093	0.000000	-0.006348	-0.000022	-0.000029	-0.000180	NaN	NaN	NaN	NaN	NaN
173.000000	1282.051282	1.000000	1282.051282	1.000000	1282.084600	40.009676	0.000000	120.028534	0.000000	-0.005920	-0.000024	-0.000031	-0.000192	NaN	NaN	NaN	NaN	NaN
174.000000	1282.051282	1.000000	1282.051282	1.000000	1282.084600	40.009676	0.000000	100.081401	0.000000	-0.006326	-0.000023	-0.000031	-0.000186	NaN	NaN	NaN	NaN	NaN
175.000000	1282.051282	1.000000	1282.051282	1.000000	1282.084600	40.009676	0.000000	80.134268	0.000000	-0.002583	-0.000024	-0.000028	-0.000201	NaN	NaN	NaN	NaN	NaN
176.000000	1282.051282	1.000000	1282.051282	1.000000	1282.084600	40.009676	0.000000	60.053710	0.000000	0.008417	-0.000023	-0.000032	-0.000202	NaN	NaN	NaN	NaN	NaN
177.000000	1282.051282	1.000000	1282.051282	1.000000	1282.084600	40.009676	0.000000	40.106577	0.000000	0.038172	-0.000022	-0.000028	-0.000197	NaN	NaN	NaN	NaN	NaN
178.000000	1282.051282	1.000000	1282.051282	1.000000	1282.084600	40.009676	0.000000	20.026018	0.000000	0.083847	-0.000020	-0.000027	-0.000203	NaN	NaN	NaN	NaN	NaN
179.000000	1282.051282	1.000000	1282.051282	1.000000	1282.084600	40.009676	0.000000	0.078885	0.000000	0.128912	-0.000022	-0.000026	-0.000201	NaN	NaN	NaN	NaN	NaN
180.000000	1282.051282	1.000000	1282.051282	1.000000	1282.084600	40.009676	0.000000	-19.868248	0.000000	0.162585	-0.000021	-0.000027	-0.000192	NaN	NaN	NaN	NaN	NaN
181.000000	1282.051282	1.000000	1282.051282	1.000000	1282.084600	40.009676	0.000000	-39.948806	0.000000	0.138884	-0.000021	-0.000028	-0.000194	NaN	NaN	NaN	NaN	NaN
182.000000	1282.051282	1.000000	1282.051282	1.000000	1282.084600	40.009676	0.000000	-59.895939	0.000000	0.066443	-0.000022	-0.000029	-0.000193	NaN	NaN	NaN	NaN	NaN
183.000000	1282.051282	1.000000	1282.051282	1.000000	1282.084600	40.009676	0.000000	-79.976498	0.000000	0.013620	-0.000023	-0.000033	-0.000200	NaN	NaN	NaN	NaN	NaN
184.000000	1282.051282	1.000000	1282.051282	1.000000	1282.084600	40.009676	0.000000	-99.923630	0.000000	-0.003364	-0.000023	-0.000032	-0.000173	NaN	NaN	NaN	NaN	NaN
185.000000	1282.051282	1.000000	1282.051282	1.000000	1282.084600	40.009676	0.000000	-119.937476	0.000000	-0.006210	-0.000025	-0.000029	-0.000174	NaN	NaN	NaN	NaN	NaN
186.000000	1282.051282	1.000000	1282.051282	1.000000	1282.084600	40.009676	0.000000	-139.951322	0.000000	-0.007176	-0.000025	-0.000032	-0.000176	NaN	NaN	NaN	NaN	NaN
187.000000	1282.051282	1.000000	1282.051282	1.000000	1282.084600	40.009676	0.000000	-159.965168	0.000000	-0.006605	-0.000024	-0.000030	-0.000178	NaN	NaN	NaN	NaN	NaN
188.000000	1282.051282	1.000000	1282.051282	1.000000	1282.084600	40.009676	0.000000	-179.912300	0.000000	-0.007167	-0.000021	-0.000029	-0.000181	NaN	NaN	NaN	NaN	NaN
189.000000	1282.051282	1.000000	1282.051282	1.000000	1282.084600	40.009676	0.000000	-199.992859	0.000000	-0.004904	-0.000024	-0.000029	-0.000186	NaN	NaN	NaN	NaN	NaN
190.000000	1282.051282	1.000000	1282.051282	1.000000	1282.084600	20.062543	0.000000	200.083917	0.000000	-0.006240	-0.000023	-0.000030	-0.000198	NaN	NaN	NaN	NaN	NaN
191.000000	1282.051282	1.000000	1282.051282	1.000000	1282.084600	20.062543	0.000000	180.003358	0.000000	-0.007430	-0.000022	-0.000031	-0.000201	NaN	NaN	NaN	NaN	NaN
192.000000	1282.051282	1.000000	1282.051282	1.000000	1282.084600	20.062543	0.000000	160.056225	0.000000	-0.006196	-0.000025	-0.000032	-0.000177	NaN	NaN	NaN	NaN	NaN
193.000000	1282.051282	1.000000	1282.051282	1.000000	1282.084600	20.062543	0.000000	140.109093	0.000000	-0.006078	-0.000025	-0.000032	-0.000185	NaN	NaN	NaN	NaN	NaN
194.000000	1282.051282	1.000000	1282.051282	1.000000	1282.084600	20.062543	0.000000	120.028534	0.000000	-0.006306	-0.000026	-0.000030	-0.000197	NaN	NaN	NaN	NaN	NaN
195.000000	1282.051282	1.000000	1282.051282	1.000000	1282.084600	20.062543	0.000000	100.081401	0.000000	-0.006262	-0.000026	-0.000032	-0.000198	NaN	NaN	NaN	NaN	NaN
196.000000	1282.051282	1.000000	1282.051282	1.000000	1282.084600	20.062543	0.000000	80.134268	0.000000	-0.001737	-0.000025	-0.000029	-0.000196	NaN	NaN	NaN	NaN	NaN
197.000000	1282.051282	1.000000	1282.051282	1.000000	1282.084600	20.062543	0.000000	60.053710	0.000000	0.008331	-0.000024	-0.000033	-0.000210	NaN	NaN	NaN	NaN	NaN
198.000000	1282.051282	1.000000	1282.051282	1.000000	1282.084600	20.062543	0.000000	40.106577	0.000000	0.031860	-0.000025	-0.000030	-0.000199	NaN	NaN	NaN	NaN	NaN
199.000000	1282.051282	1.000000	1282.051282	1.000000	1282.084600	20.062543	0.000000	20.026018	0.000000	0.085321	-0.000022	-0.000027	-0.000201	NaN	NaN	NaN	NaN	NaN
200.000000	1282.051282	1.000000	1282.051282	1.000000	1282.084600	20.062543	0.000000	0.078885	0.000000	0.130964	-0.000023	-0.000027	-0.000197	NaN	NaN	NaN	NaN	NaN
201.000000	1282.051282	1.000000	1282.051282	1.000000	1282.084600	20.062543	0.000000	-19.868248	0.000000	0.146581	-0.000024	-0.000028	-0.000190	NaN	NaN	NaN	NaN	NaN
202.000000	1282.051282	1.000000	1282.051282	1.000000	1282.084600	20.062543	0.000000	-39.948806	0.000000	0.146065	-0.000022	-0.000031	-0.000200	NaN	NaN	NaN	NaN	NaN
203.000000	1282.051282	1.000000	1282.051282	1.000000	1282.084600	20.062543	0.000000	-59.895939	0.000000	0.088687	-0.000024	-0.000029	-0.000184	NaN	NaN	NaN	NaN	NaN
204.000000	1282.051282	1.000000	1282.051282	1.000000	1282.084600	20.062543	0.000000	-79.976498	0.000000	0.023576	-0.000024	-0.000030	-0.000192	NaN	NaN	NaN	NaN	NaN
205.000000	1282.051282	1.000000	1282.051282	1.000000	1282.084600	20.062543	0.000000	-99.923630	0.000000	0.000689	-0.000026	-0.000031	-0.000201	NaN	NaN	NaN	NaN	NaN
206.000000	1282.051282	1.000000	1282.051282	1.000000	1282.084600	20.062543	0.000000	-119.937476	0.000000	-0.005556	-0.000025	-0.000030	-0.000199	NaN	NaN	NaN	NaN	NaN
207.000000	1282.051282	1.000000	1282.051282	1.000000	1282.084600	20.062543	0.000000	-139.951322	0.000000	-0.006776	-0.000023	-0.000026	-0.000211	NaN	NaN	NaN	NaN	NaN
208.000000	1282.051282	1.000000	1282.051282	1.000000	1282.084600	20.062543	0.000000	-159.965168	0.000000	-0.005456	-0.000024	-0.000030	-0.000204	NaN	NaN	NaN	NaN	NaN
209.000000	1282.051282	1.000000	1282.051282	1.000000	1282.084600	20.062543	0.000000	-179.912300	0.000000	-0.006320	-0.000023	-0.000031	-0.000206	NaN	NaN	NaN	NaN	NaN
210.000000	1282.051282	1.000000	1282.051282	1.000000	1282.084600	20.062543	0.000000	-199.992859	0.000000	-0.006122	-0.000023	-0.000031	-0.000200	NaN	NaN	NaN	NaN	NaN
211.000000	1282.051282	1.000000	1282.051282	1.000000	1282.084600	-0.018015	0.000000	200.083917	0.000000	-0.006691	-0.000026	-0.000032	-0.000188	NaN	NaN	NaN	NaN	NaN
212.000000	1282.051282	1.000000	1282.051282	1.000000	1282.084600	-0.018015	0.000000	180.003358	0.000000	-0.007318	-0.000025	-0.000030	-0.000187	NaN	NaN	NaN	NaN	NaN
213.000000	1282.051282	1.000000	1282.051282	1.000000	1282.084600	-0.018015	0.000000	160.056225	0.000000	-0.007128	-0.000026	-0.000029	-0.000181	NaN	NaN	NaN	NaN	NaN
214.000000	1282.051282	1.000000	1282.051282	1.000000	1282.084600	-0.018015	0.000000	140.109093	0.000000	-0.008327	-0.000025	-0.000030	-0.000195	NaN	NaN	NaN	NaN	NaN
215.000000	1282.051282	1.000000	1282.051282	1.000000	1282.084600	-0.018015	0.000000	120.028534	0.000000	-0.007259	-0.000022	-0.000032	-0.000199	NaN	NaN	NaN	NaN	NaN
216.000000	1282.051282	1.000000	1282.051282	1.000000	1282.084600	-0.018015	0.000000	100.081401	0.000000	-0.006462	-0.000028	-0.000030	-0.000191	NaN	NaN	NaN	NaN	NaN
217.000000	1282.051282	1.000000	1282.051282	1.000000	1282.084600	-0.018015	0.000000	80.134268	0.000000	-0.004243	-0.000025	-0.000028	-0.000191	NaN	NaN	NaN	NaN	NaN
218.000000	1282.051282	1.000000	1282.051282	1.000000	1282.084600	-0.018015	0.000000	60.053710	0.000000	0.004441	-0.000023	-0.000030	-0.000194	NaN	NaN	NaN	NaN	NaN
219.000000	1282.051282	1.000000	1282.051282	1.000000	1282.084600	-0.018015	0.000000	40.106577	0.000000	0.020625	-0.000025	-0.000029	-0.000202	NaN	NaN	NaN	NaN	NaN
220.000000	1282.051282	1.000000	1282.051282	1.000000	1282.084600	-0.018015	0.000000	20.026018	0.000000	0.051224	-0.000024	-0.000025	-0.000193	NaN	NaN	NaN	NaN	NaN
221.000000	1282.051282	1.000000	1282.051282	1.000000	1282.084600	-0.018015	0.000000	0.078885	0.000000	0.125159	-0.000021	-0.000031	-0.000193	NaN	NaN	NaN	NaN	NaN
222.000000	1282.051282	1.000000	1282.051282	1.000000	1282.084600	-0.018015	0.000000	-19.868248	0.000000	0.148355	-0.000022	-0.000029	-0.000220	NaN	NaN	NaN	NaN	NaN
223.000000	1282.051282	1.000000	1282.051282	1.000000	1282.084600	-0.018015	0.000000	-39.948806	0.000000	0.148064	-0.000022	-0.000031	-0.000206	NaN	NaN	NaN	NaN	NaN
224.000000	1282.051282	1.000000	1282.051282	1.000000	1282.084600	-0.018015	0.000000	-59.829226	0.000000	0.093601	-0.000023	-0.000030	-0.000193	NaN	NaN	NaN	NaN	NaN
225.000000	1282.051282	1.000000	1282.051282	1.000000	1282.084600	-0.018015	0.000000	-79.976498	0.000000	0.044798	-0.000024	-0.000029	-0.000188	NaN	NaN	NaN	NaN	NaN
226.000000	1282.051282	1.000000	1282.051282	1.000000	1282.084600	-0.018015	0.000000	-99.923630	0.000000	0.011701	-0.000025	-0.000033	-0.000204	NaN	NaN	NaN	NaN	NaN
227.000000	1282.051282	1.000000	1282.051282	1.000000	1282.084600	-0.018015	0.000000	-119.937476	0.000000	-0.003601	-0.000024	-0.000032	-0.000209	NaN	NaN	NaN	NaN	NaN
228.000000	1282.051282	1.000000	1282.051282	1.000000	1282.084600	-0.018015	0.000000	-139.951322	0.000000	-0.005879	-0.000023	-0.000029	-0.000193	NaN	NaN	NaN	NaN	NaN
229.000000	1282.051282	1.000000	1282.051282	1.000000	1282.084600	-0.018015	0.000000	-159.965168	0.000000	-0.007368	-0.000027	-0.000032	-0.000217	NaN	NaN	NaN	NaN	NaN
230.000000	1282.051282	1.000000	1282.051282	1.000000	1282.084600	-0.018015	0.000000	-179.912300	0.000000	-0.006960	-0.000026	-0.000031	-0.000193	NaN	NaN	NaN	NaN	NaN
231.000000	1282.051282	1.000000	1282.051282	1.000000	1282.084600	-0.018015	0.000000	-199.992859	0.000000	-0.005532	-0.000026	-0.000029	-0.000192	NaN	NaN	NaN	NaN	NaN
232.000000	1282.051282	1.000000	1282.051282	1.000000	1282.084600	-19.965148	0.000000	200.083917	0.000000	-0.005856	-0.000024	-0.000034	-0.000200	NaN	NaN	NaN	NaN	NaN
233.000000	1282.051282	1.000000	1282.051282	1.000000	1282.084600	-19.965148	0.000000	180.003358	0.000000	-0.006089	-0.000023	-0.000028	-0.000193	NaN	NaN	NaN	NaN	NaN
234.000000	1282.051282	1.000000	1282.051282	1.000000	1282.084600	-19.965148	0.000000	160.056225	0.000000	-0.006496	-0.000026	-0.000031	-0.000207	NaN	NaN	NaN	NaN	NaN
235.000000	1282.051282	1.000000	1282.051282	1.000000	1282.084600	-19.965148	0.000000	140.109093	0.000000	-0.006562	-0.000024	-0.000030	-0.000193	NaN	NaN	NaN	NaN	NaN
236.000000	1282.051282	1.000000	1282.051282	1.000000	1282.084600	-19.965148	0.000000	120.028534	0.000000	-0.007201	-0.000023	-0.000028	-0.000188	NaN	NaN	NaN	NaN	NaN
237.000000	1282.051282	1.000000	1282.051282	1.000000	1282.084600	-19.965148	0.000000	100.081401	0.000000	-0.007459	-0.000024	-0.000028	-0.000186	NaN	NaN	NaN	NaN	NaN
238.000000	1282.051282	1.000000	1282.051282	1.000000	1282.084600	-19.965148	0.000000	80.134268	0.000000	-0.006045	-0.000023	-0.000027	-0.000191	NaN	NaN	NaN	NaN	NaN
239.000000	1282.051282	1.000000	1282.051282	1.000000	1282.084600	-19.965148	0.000000	60.053710	0.000000	0.000052	-0.000024	-0.000029	-0.000201	NaN	NaN	NaN	NaN	NaN
240.000000	1282.051282	1.000000	1282.051282	1.000000	1282.084600	-19.965148	0.000000	40.106577	0.000000	0.016648	-0.000023	-0.000032	-0.000179	NaN	NaN	NaN	NaN	NaN
241.000000	1282.051282	1.000000	1282.051282	1.000000	1282.084600	-19.965148	0.000000	20.026018	0.000000	0.034281	-0.000020	-0.000032	-0.000193	NaN	NaN	NaN	NaN	NaN
242.000000	1282.051282	1.000000	1282.051282	1.000000	1282.084600	-19.965148	0.000000	0.078885	0.000000	0.099347	-0.000022	-0.000028	-0.000189	NaN	NaN	NaN	NaN	NaN
243.000000	1282.051282	1.000000	1282.051282	1.000000	1282.084600	-19.965148	0.000000	-19.868248	0.000000	0.149713	-0.000021	-0.000029	-0.000178	NaN	NaN	NaN	NaN	NaN
244.000000	1282.051282	1.000000	1282.051282	1.000000	1282.084600	-19.965148	0.000000	-39.948806	0.000000	0.152352	-0.000020	-0.000027	-0.000213	NaN	NaN	NaN	NaN	NaN
245.000000	1282.051282	1.000000	1282.051282	1.000000	1282.084600	-19.965148	0.000000	-59.895939	0.000000	0.115781	-0.000021	-0.000028	-0.000201	NaN	NaN	NaN	NaN	NaN
246.000000	1282.051282	1.000000	1282.051282	1.000000	1282.084600	-19.965148	0.000000	-79.976498	0.000000	0.052624	-0.000025	-0.000029	-0.000192	NaN	NaN	NaN	NaN	NaN
247.000000	1282.051282	1.000000	1282.051282	1.000000	1282.084600	-19.965148	0.000000	-99.923630	0.000000	0.021947	-0.000022	-0.000030	-0.000177	NaN	NaN	NaN	NaN	NaN
248.000000	1282.051282	1.000000	1282.051282	1.000000	1282.084600	-19.965148	0.000000	-119.937476	0.000000	0.001162	-0.000024	-0.000028	-0.000221	NaN	NaN	NaN	NaN	NaN
249.000000	1282.051282	1.000000	1282.051282	1.000000	1282.084600	-19.965148	0.000000	-139.951322	0.000000	-0.005638	-0.000023	-0.000031	-0.000203	NaN	NaN	NaN	NaN	NaN
250.000000	1282.051282	1.000000	1282.051282	1.000000	1282.084600	-19.965148	0.000000	-159.965168	0.000000	-0.006505	-0.000023	-0.000029	-0.000191	NaN	NaN	NaN	NaN	NaN
251.000000	1282.051282	1.000000	1282.051282	1.000000	1282.084600	-19.965148	0.000000	-179.912300	0.000000	-0.007268	-0.000024	-0.000030	-0.000189	NaN	NaN	NaN	NaN	NaN
252.000000	1282.051282	1.000000	1282.051282	1.000000	1282.084600	-19.965148	0.000000	-199.992859	0.000000	-0.007409	-0.000024	-0.000029	-0.000187	NaN	NaN	NaN	NaN	NaN
253.000000	1282.051282	1.000000	1282.051282	1.000000	1282.084600	-39.912281	0.000000	200.083917	0.000000	-0.006046	-0.000022	-0.000030	-0.000189	NaN	NaN	NaN	NaN	NaN
254.000000	1282.051282	1.000000	1282.051282	1.000000	1282.084600	-39.912281	0.000000	180.003358	0.000000	-0.006074	-0.000025	-0.000031	-0.000186	NaN	NaN	NaN	NaN	NaN
255.000000	1282.051282	1.000000	1282.051282	1.000000	1282.084600	-39.912281	0.000000	160.056225	0.000000	-0.006913	-0.000025	-0.000031	-0.000191	NaN	NaN	NaN	NaN	NaN
256.000000	1282.051282	1.000000	1282.051282	1.000000	1282.084600	-39.912281	0.000000	140.109093	0.000000	-0.007786	-0.000023	-0.000030	-0.000192	NaN	NaN	NaN	NaN	NaN
257.000000	1282.051282	1.000000	1282.051282	1.000000	1282.084600	-39.912281	0.000000	120.028534	0.000000	-0.007713	-0.000024	-0.000028	-0.000181	NaN	NaN	NaN	NaN	NaN
258.000000	1282.051282	1.000000	1282.051282	1.000000	1282.084600	-39.912281	0.000000	100.081401	0.000000	-0.006720	-0.000025	-0.000029	-0.000202	NaN	NaN	NaN	NaN	NaN
259.000000	1282.051282	1.000000	1282.051282	1.000000	1282.084600	-39.912281	0.000000	80.134268	0.000000	-0.006386	-0.000023	-0.000031	-0.000185	NaN	NaN	NaN	NaN	NaN
260.000000	1282.051282	1.000000	1282.051282	1.000000	1282.084600	-39.912281	0.000000	60.053710	0.000000	-0.005139	-0.000024	-0.000031	-0.000180	NaN	NaN	NaN	NaN	NaN
261.000000	1282.051282	1.000000	1282.051282	1.000000	1282.084600	-39.912281	0.000000	40.106577	0.000000	-0.000677	-0.000026	-0.000031	-0.000186	NaN	NaN	NaN	NaN	NaN
262.000000	1282.051282	1.000000	1282.051282	1.000000	1282.084600	-39.912281	0.000000	20.026018	0.000000	0.014943	-0.000022	-0.000030	-0.000181	NaN	NaN	NaN	NaN	NaN
263.000000	1282.051282	1.000000	1282.051282	1.000000	1282.084600	-39.912281	0.000000	0.078885	0.000000	0.031381	-0.000024	-0.000028	-0.000181	NaN	NaN	NaN	NaN	NaN
264.000000	1282.051282	1.000000	1282.051282	1.000000	1282.084600	-39.912281	0.000000	-19.801535	0.000000	0.088316	-0.000024	-0.000029	-0.000214	NaN	NaN	NaN	NaN	NaN
265.000000	1282.051282	1.000000	1282.051282	1.000000	1282.084600	-39.912281	0.000000	-39.948806	0.000000	0.163080	-0.000022	-0.000029	-0.000199	NaN	NaN	NaN	NaN	NaN
266.000000	1282.051282	1.000000	1282.051282	1.000000	1282.084600	-39.912281	0.000000	-59.895939	0.000000	0.183962	-0.000020	-0.000030	-0.000200	NaN	NaN	NaN	NaN	NaN
267.000000	1282.051282	1.000000	1282.051282	1.000000	1282.084600	-39.912281	0.000000	-79.976498	0.000000	0.103583	-0.000023	-0.000031	-0.000202	NaN	NaN	NaN	NaN	NaN
268.000000	1282.051282	1.000000	1282.051282	1.000000	1282.084600	-39.912281	0.000000	-99.923630	0.000000	0.039528	-0.000023	-0.000033	-0.000197	NaN	NaN	NaN	NaN	NaN
269.000000	1282.051282	1.000000	1282.051282	1.000000	1282.084600	-39.912281	0.000000	-119.937476	0.000000	0.013425	-0.000026	-0.000034	-0.000205	NaN	NaN	NaN	NaN	NaN
270.000000	1282.051282	1.000000	1282.051282	1.000000	1282.084600	-39.912281	0.000000	-139.951322	0.000000	0.002968	-0.000026	-0.000035	-0.000190	NaN	NaN	NaN	NaN	NaN
271.000000	1282.051282	1.000000	1282.051282	1.000000	1282.084600	-39.912281	0.000000	-159.965168	0.000000	-0.004075	-0.000025	-0.000029	-0.000198	NaN	NaN	NaN	NaN	NaN
272.000000	1282.051282	1.000000	1282.051282	1.000000	1282.084600	-39.912281	0.000000	-179.912300	0.000000	-0.007183	-0.000026	-0.000028	-0.000185	NaN	NaN	NaN	NaN	NaN
273.000000	1282.051282	1.000000	1282.051282	1.000000	1282.084600	-39.912281	0.000000	-199.992859	0.000000	-0.005676	-0.000025	-0.000027	-0.000200	NaN	NaN	NaN	NaN	NaN
274.000000	1282.051282	1.000000	1282.051282	1.000000	1282.084600	-59.992840	0.000000	200.083917	0.000000	-0.007177	-0.000023	-0.000033	-0.000185	NaN	NaN	NaN	NaN	NaN
275.000000	1282.051282	1.000000	1282.051282	1.000000	1282.084600	-59.992840	0.000000	180.003358	0.000000	-0.005592	-0.000025	-0.000029	-0.000184	NaN	NaN	NaN	NaN	NaN
276.000000	1282.051282	1.000000	1282.051282	1.000000	1282.084600	-59.992840	0.000000	160.056225	0.000000	-0.007886	-0.000023	-0.000028	-0.000193	NaN	NaN	NaN	NaN	NaN
277.000000	1282.051282	1.000000	1282.051282	1.000000	1282.084600	-59.992840	0.000000	140.109093	0.000000	-0.007610	-0.000024	-0.000030	-0.000183	NaN	NaN	NaN	NaN	NaN
278.000000	1282.051282	1.000000	1282.051282	1.000000	1282.084600	-59.992840	0.000000	120.028534	0.000000	-0.006040	-0.000025	-0.000030	-0.000187	NaN	NaN	NaN	NaN	NaN
279.000000	1282.051282	1.000000	1282.051282	1.000000	1282.084600	-59.992840	0.000000	100.081401	0.000000	-0.006361	-0.000024	-0.000032	-0.000181	NaN	NaN	NaN	NaN	NaN
280.000000	1282.051282	1.000000	1282.051282	1.000000	1282.084600	-59.992840	0.000000	80.134268	0.000000	-0.007267	-0.000024	-0.000031	-0.000188	NaN	NaN	NaN	NaN	NaN
281.000000	1282.051282	1.000000	1282.051282	1.000000	1282.084600	-59.992840	0.000000	60.053710	0.000000	-0.006128	-0.000024	-0.000030	-0.000184	NaN	NaN	NaN	NaN	NaN
282.000000	1282.051282	1.000000	1282.051282	1.000000	1282.084600	-59.992840	0.000000	40.106577	0.000000	-0.004499	-0.000026	-0.000032	-0.000189	NaN	NaN	NaN	NaN	NaN
283.000000	1282.051282	1.000000	1282.051282	1.000000	1282.084600	-59.992840	0.000000	20.026018	0.000000	0.003400	-0.000025	-0.000031	-0.000200	NaN	NaN	NaN	NaN	NaN
284.000000	1282.051282	1.000000	1282.051282	1.000000	1282.084600	-59.992840	0.000000	0.078885	0.000000	0.017769	-0.000023	-0.000030	-0.000200	NaN	NaN	NaN	NaN	NaN
285.000000	1282.051282	1.000000	1282.051282	1.000000	1282.084600	-59.992840	0.000000	-19.868248	0.000000	0.039220	-0.000023	-0.000029	-0.000192	NaN	NaN	NaN	NaN	NaN
286.000000	1282.051282	1.000000	1282.051282	1.000000	1282.084600	-59.992840	0.000000	-39.948806	0.000000	0.111410	-0.000020	-0.000027	-0.000207	NaN	NaN	NaN	NaN	NaN
287.000000	1282.051282	1.000000	1282.051282	1.000000	1282.084600	-59.992840	0.000000	-59.895939	0.000000	0.183883	-0.000018	-0.000027	-0.000169	NaN	NaN	NaN	NaN	NaN
288.000000	1282.051282	1.000000	1282.051282	1.000000	1282.084600	-59.992840	0.000000	-79.976498	0.000000	0.161291	-0.000021	-0.000030	-0.000184	NaN	NaN	NaN	NaN	NaN
289.000000	1282.051282	1.000000	1282.051282	1.000000	1282.084600	-59.992840	0.000000	-99.923630	0.000000	0.068600	-0.000022	-0.000029	-0.000175	NaN	NaN	NaN	NaN	NaN
290.000000	1282.051282	1.000000	1282.051282	1.000000	1282.084600	-59.992840	0.000000	-119.937476	0.000000	0.022833	-0.000021	-0.000027	-0.000197	NaN	NaN	NaN	NaN	NaN
291.000000	1282.051282	1.000000	1282.051282	1.000000	1282.084600	-59.992840	0.000000	-139.951322	0.000000	0.009224	-0.000023	-0.000029	-0.000190	NaN	NaN	NaN	NaN	NaN
292.000000	1282.051282	1.000000	1282.051282	1.000000	1282.084600	-59.992840	0.000000	-159.965168	0.000000	0.000434	-0.000023	-0.000030	-0.000174	NaN	NaN	NaN	NaN	NaN
293.000000	1282.051282	1.000000	1282.051282	1.000000	1282.084600	-59.992840	0.000000	-179.912300	0.000000	-0.004733	-0.000024	-0.000030	-0.000180	NaN	NaN	NaN	NaN	NaN
294.000000	1282.051282	1.000000	1282.051282	1.000000	1282.084600	-59.992840	0.000000	-199.992859	0.000000	-0.006739	-0.000024	-0.000030	-0.000185	NaN	NaN	NaN	NaN	NaN
295.000000	1282.051282	1.000000	1282.051282	1.000000	1282.084600	-79.939973	0.000000	200.083917	0.000000	-0.005747	-0.000023	-0.000030	-0.000193	NaN	NaN	NaN	NaN	NaN
296.000000	1282.051282	1.000000	1282.051282	1.000000	1282.084600	-79.939973	0.000000	180.003358	0.000000	-0.007170	-0.000024	-0.000030	-0.000192	NaN	NaN	NaN	NaN	NaN
297.000000	1282.051282	1.000000	1282.051282	1.000000	1282.084600	-79.939973	0.000000	160.056225	0.000000	-0.006313	-0.000025	-0.000030	-0.000182	NaN	NaN	NaN	NaN	NaN
298.000000	1282.051282	1.000000	1282.051282	1.000000	1282.084600	-79.939973	0.000000	140.109093	0.000000	-0.006918	-0.000023	-0.000031	-0.000182	NaN	NaN	NaN	NaN	NaN
299.000000	1282.051282	1.000000	1282.051282	1.000000	1282.084600	-79.939973	0.000000	120.028534	0.000000	-0.005921	-0.000023	-0.000030	-0.000179	NaN	NaN	NaN	NaN	NaN
300.000000	1282.051282	1.000000	1282.051282	1.000000	1282.084600	-79.939973	0.000000	100.081401	0.000000	-0.005365	-0.000024	-0.000030	-0.000183	NaN	NaN	NaN	NaN	NaN
301.000000	1282.051282	1.000000	1282.051282	1.000000	1282.084600	-79.939973	0.000000	80.134268	0.000000	-0.006313	-0.000025	-0.000028	-0.000192	NaN	NaN	NaN	NaN	NaN
302.000000	1282.051282	1.000000	1282.051282	1.000000	1282.084600	-79.939973	0.000000	60.053710	0.000000	-0.006602	-0.000025	-0.000030	-0.000181	NaN	NaN	NaN	NaN	NaN
303.000000	1282.051282	1.000000	1282.051282	1.000000	1282.084600	-79.939973	0.000000	40.106577	0.000000	-0.005301	-0.000026	-0.000030	-0.000184	NaN	NaN	NaN	NaN	NaN
304.000000	1282.051282	1.000000	1282.051282	1.000000	1282.084600	-79.939973	0.000000	20.026018	0.000000	-0.003903	-0.000022	-0.000032	-0.000195	NaN	NaN	NaN	NaN	NaN
305.000000	1282.051282	1.000000	1282.051282	1.000000	1282.084600	-79.939973	0.000000	0.078885	0.000000	0.001837	-0.000024	-0.000029	-0.000182	NaN	NaN	NaN	NaN	NaN
306.000000	1282.051282	1.000000	1282.051282	1.000000	1282.084600	-79.939973	0.000000	-19.868248	0.000000	0.012031	-0.000025	-0.000030	-0.000186	NaN	NaN	NaN	NaN	NaN
307.000000	1282.051282	1.000000	1282.051282	1.000000	1282.084600	-79.939973	0.000000	-39.948806	0.000000	0.023838	-0.000023	-0.000029	-0.000174	NaN	NaN	NaN	NaN	NaN
308.000000	1282.051282	1.000000	1282.051282	1.000000	1282.084600	-79.939973	0.000000	-59.895939	0.000000	0.079535	-0.000023	-0.000027	-0.000191	NaN	NaN	NaN	NaN	NaN
309.000000	1282.051282	1.000000	1282.051282	1.000000	1282.084600	-79.939973	0.000000	-79.976498	0.000000	0.178066	-0.000020	-0.000034	-0.000180	NaN	NaN	NaN	NaN	NaN
310.000000	1282.051282	1.000000	1282.051282	1.000000	1282.084600	-79.939973	0.000000	-99.923630	0.000000	0.166632	-0.000020	-0.000026	-0.000178	NaN	NaN	NaN	NaN	NaN
311.000000	1282.051282	1.000000	1282.051282	1.000000	1282.084600	-79.939973	0.000000	-119.937476	0.000000	0.073760	-0.000019	-0.000026	-0.000197	NaN	NaN	NaN	NaN	NaN
312.000000	1282.051282	1.000000	1282.051282	1.000000	1282.084600	-79.939973	0.000000	-139.951322	0.000000	0.025079	-0.000022	-0.000030	-0.000184	NaN	NaN	NaN	NaN	NaN
313.000000	1282.051282	1.000000	1282.051282	1.000000	1282.084600	-79.939973	0.000000	-159.965168	0.000000	0.009896	-0.000024	-0.000029	-0.000187	NaN	NaN	NaN	NaN	NaN
314.000000	1282.051282	1.000000	1282.051282	1.000000	1282.084600	-79.939973	0.000000	-179.912300	0.000000	0.001616	-0.000024	-0.000028	-0.000185	NaN	NaN	NaN	NaN	NaN
315.000000	1282.051282	1.000000	1282.051282	1.000000	1282.084600	-79.939973	0.000000	-199.992859	0.000000	-0.006208	-0.000024	-0.000027	-0.000203	NaN	NaN	NaN	NaN	NaN
316.000000	1282.051282	1.000000	1282.051282	1.000000	1282.084600	-99.887105	0.000000	200.083917	0.000000	-0.006845	-0.000025	-0.000032	-0.000195	NaN	NaN	NaN	NaN	NaN
317.000000	1282.051282	1.000000	1282.051282	1.000000	1282.084600	-99.887105	0.000000	180.003358	0.000000	-0.006544	-0.000025	-0.000031	-0.000186	NaN	NaN	NaN	NaN	NaN
318.000000	1282.051282	1.000000	1282.051282	1.000000	1282.084600	-99.887105	0.000000	160.056225	0.000000	-0.006912	-0.000023	-0.000029	-0.000178	NaN	NaN	NaN	NaN	NaN
319.000000	1282.051282	1.000000	1282.051282	1.000000	1282.084600	-99.887105	0.000000	140.109093	0.000000	-0.006251	-0.000023	-0.000030	-0.000177	NaN	NaN	NaN	NaN	NaN
320.000000	1282.051282	1.000000	1282.051282	1.000000	1282.084600	-99.887105	0.000000	120.028534	0.000000	-0.005870	-0.000025	-0.000032	-0.000184	NaN	NaN	NaN	NaN	NaN
321.000000	1282.051282	1.000000	1282.051282	1.000000	1282.084600	-99.887105	0.000000	100.081401	0.000000	-0.007079	-0.000026	-0.000030	-0.000175	NaN	NaN	NaN	NaN	NaN
322.000000	1282.051282	1.000000	1282.051282	1.000000	1282.084600	-99.887105	0.000000	80.134268	0.000000	-0.005650	-0.000027	-0.000029	-0.000187	NaN	NaN	NaN	NaN	NaN
323.000000	1282.051282	1.000000	1282.051282	1.000000	1282.084600	-99.887105	0.000000	59.920284	0.000000	-0.004817	-0.000023	-0.000031	-0.000181	NaN	NaN	NaN	NaN	NaN
324.000000	1282.051282	1.000000	1282.051282	1.000000	1282.084600	-99.887105	0.000000	40.106577	0.000000	-0.006099	-0.000026	-0.000031	-0.000189	NaN	NaN	NaN	NaN	NaN
325.000000	1282.051282	1.000000	1282.051282	1.000000	1282.084600	-99.887105	0.000000	20.026018	0.000000	-0.007003	-0.000024	-0.000031	-0.000184	NaN	NaN	NaN	NaN	NaN
326.000000	1282.051282	1.000000	1282.051282	1.000000	1282.084600	-99.887105	0.000000	0.078885	0.000000	-0.003667	-0.000025	-0.000028	-0.000190	NaN	NaN	NaN	NaN	NaN
327.000000	1282.051282	1.000000	1282.051282	1.000000	1282.084600	-99.887105	0.000000	-19.868248	0.000000	0.002936	-0.000025	-0.000030	-0.000198	NaN	NaN	NaN	NaN	NaN
328.000000	1282.051282	1.000000	1282.051282	1.000000	1282.084600	-99.887105	0.000000	-39.948806	0.000000	0.012805	-0.000023	-0.000032	-0.000186	NaN	NaN	NaN	NaN	NaN
329.000000	1282.051282	1.000000	1282.051282	1.000000	1282.084600	-99.887105	0.000000	-59.895939	0.000000	0.029974	-0.000024	-0.000033	-0.000189	NaN	NaN	NaN	NaN	NaN
330.000000	1282.051282	1.000000	1282.051282	1.000000	1282.084600	-99.887105	0.000000	-79.976498	0.000000	0.101583	-0.000021	-0.000030	-0.000210	NaN	NaN	NaN	NaN	NaN
331.000000	1282.051282	1.000000	1282.051282	1.000000	1282.084600	-99.887105	0.000000	-99.923630	0.000000	0.182093	-0.000021	-0.000032	-0.000200	NaN	NaN	NaN	NaN	NaN
332.000000	1282.051282	1.000000	1282.051282	1.000000	1282.084600	-99.887105	0.000000	-119.937476	0.000000	0.134414	-0.000022	-0.000027	-0.000190	NaN	NaN	NaN	NaN	NaN
333.000000	1282.051282	1.000000	1282.051282	1.000000	1282.084600	-99.887105	0.000000	-139.951322	0.000000	0.052421	-0.000025	-0.000027	-0.000200	NaN	NaN	NaN	NaN	NaN
334.000000	1282.051282	1.000000	1282.051282	1.000000	1282.084600	-99.887105	0.000000	-159.965168	0.000000	0.019934	-0.000026	-0.000029	-0.000190	NaN	NaN	NaN	NaN	NaN
335.000000	1282.051282	1.000000	1282.051282	1.000000	1282.084600	-99.887105	0.000000	-179.912300	0.000000	0.007722	-0.000022	-0.000032	-0.000202	NaN	NaN	NaN	NaN	NaN
336.000000	1282.051282	1.000000	1282.051282	1.000000	1282.084600	-99.887105	0.000000	-199.992859	0.000000	-0.001262	-0.000025	-0.000032	-0.000181	NaN	NaN	NaN	NaN	NaN
337.000000	1282.051282	1.000000	1282.051282	1.000000	1282.084600	-119.967664	0.000000	200.083917	0.000000	-0.005764	-0.000026	-0.000033	-0.000183	NaN	NaN	NaN	NaN	NaN
338.000000	1282.051282	1.000000	1282.051282	1.000000	1282.084600	-119.967664	0.000000	179.869933	0.000000	-0.006730	-0.000024	-0.000030	-0.000189	NaN	NaN	NaN	NaN	NaN
339.000000	1282.051282	1.000000	1282.051282	1.000000	1282.084600	-119.967664	0.000000	160.056225	0.000000	-0.006423	-0.000023	-0.000030	-0.000189	NaN	NaN	NaN	NaN	NaN
340.000000	1282.051282	1.000000	1282.051282	1.000000	1282.084600	-119.967664	0.000000	140.109093	0.000000	-0.007335	-0.000027	-0.000030	-0.000210	NaN	NaN	NaN	NaN	NaN
341.000000	1282.051282	1.000000	1282.051282	1.000000	1282.084600	-119.967664	0.000000	120.028534	0.000000	-0.006492	-0.000023	-0.000030	-0.000181	NaN	NaN	NaN	NaN	NaN
342.000000	1282.051282	1.000000	1282.051282	1.000000	1282.084600	-119.967664	0.000000	100.081401	0.000000	-0.007346	-0.000024	-0.000029	-0.000189	NaN	NaN	NaN	NaN	NaN
343.000000	1282.051282	1.000000	1282.051282	1.000000	1282.084600	-119.967664	0.000000	80.134268	0.000000	-0.004944	-0.000024	-0.000031	-0.000186	NaN	NaN	NaN	NaN	NaN
344.000000	1282.051282	1.000000	1282.051282	1.000000	1282.084600	-119.967664	0.000000	60.053710	0.000000	-0.005378	-0.000026	-0.000031	-0.000181	NaN	NaN	NaN	NaN	NaN
345.000000	1282.051282	1.000000	1282.051282	1.000000	1282.084600	-119.967664	0.000000	40.106577	0.000000	-0.006051	-0.000027	-0.000031	-0.000193	NaN	NaN	NaN	NaN	NaN
346.000000	1282.051282	1.000000	1282.051282	1.000000	1282.084600	-119.967664	0.000000	20.026018	0.000000	-0.004970	-0.000026	-0.000034	-0.000207	NaN	NaN	NaN	NaN	NaN
347.000000	1282.051282	1.000000	1282.051282	1.000000	1282.084600	-119.967664	0.000000	0.078885	0.000000	-0.005948	-0.000024	-0.000031	-0.000199	NaN	NaN	NaN	NaN	NaN
348.000000	1282.051282	1.000000	1282.051282	1.000000	1282.084600	-119.967664	0.000000	-19.868248	0.000000	-0.004631	-0.000024	-0.000029	-0.000188	NaN	NaN	NaN	NaN	NaN
349.000000	1282.051282	1.000000	1282.051282	1.000000	1282.084600	-119.967664	0.000000	-39.948806	0.000000	0.001242	-0.000027	-0.000028	-0.000199	NaN	NaN	NaN	NaN	NaN
350.000000	1282.051282	1.000000	1282.051282	1.000000	1282.084600	-119.967664	0.000000	-59.895939	0.000000	0.011463	-0.000024	-0.000031	-0.000185	NaN	NaN	NaN	NaN	NaN
351.000000	1282.051282	1.000000	1282.051282	1.000000	1282.084600	-119.967664	0.000000	-79.976498	0.000000	0.024552	-0.000024	-0.000029	-0.000187	NaN	NaN	NaN	NaN	NaN
352.000000	1282.051282	1.000000	1282.051282	1.000000	1282.084600	-119.967664	0.000000	-99.923630	0.000000	0.072937	-0.000025	-0.000030	-0.000194	NaN	NaN	NaN	NaN	NaN
353.000000	1282.051282	1.000000	1282.051282	1.000000	1282.084600	-119.967664	0.000000	-119.937476	0.000000	0.174896	-0.000022	-0.000028	-0.000191	NaN	NaN	NaN	NaN	NaN
354.000000	1282.051282	1.000000	1282.051282	1.000000	1282.084600	-119.967664	0.000000	-139.951322	0.000000	0.144625	-0.000021	-0.000030	-0.000194	NaN	NaN	NaN	NaN	NaN
355.000000	1282.051282	1.000000	1282.051282	1.000000	1282.084600	-119.967664	0.000000	-159.965168	0.000000	0.058765	-0.000023	-0.000030	-0.000197	NaN	NaN	NaN	NaN	NaN
356.000000	1282.051282	1.000000	1282.051282	1.000000	1282.084600	-119.967664	0.000000	-179.912300	0.000000	0.018616	-0.000022	-0.000034	-0.000190	NaN	NaN	NaN	NaN	NaN
357.000000	1282.051282	1.000000	1282.051282	1.000000	1282.084600	-119.967664	0.000000	-199.992859	0.000000	0.009745	-0.000023	-0.000031	-0.000202	NaN	NaN	NaN	NaN	NaN
358.000000	1282.051282	1.000000	1282.051282	1.000000	1282.084600	-139.914797	0.000000	200.083917	0.000000	-0.006021	-0.000026	-0.000033	-0.000195	NaN	NaN	NaN	NaN	NaN
359.000000	1282.051282	1.000000	1282.051282	1.000000	1282.084600	-139.914797	0.000000	179.869933	0.000000	-0.005966	-0.000025	-0.000030	-0.000206	NaN	NaN	NaN	NaN	NaN
360.000000	1282.051282	1.000000	1282.051282	1.000000	1282.084600	-139.914797	0.000000	160.056225	0.000000	-0.005982	-0.000025	-0.000032	-0.000198	NaN	NaN	NaN	NaN	NaN
361.000000	1282.051282	1.000000	1282.051282	1.000000	1282.084600	-139.914797	0.000000	140.109093	0.000000	-0.006391	-0.000023	-0.000027	-0.000187	NaN	NaN	NaN	NaN	NaN
362.000000	1282.051282	1.000000	1282.051282	1.000000	1282.084600	-139.914797	0.000000	120.028534	0.000000	-0.005691	-0.000024	-0.000030	-0.000210	NaN	NaN	NaN	NaN	NaN
363.000000	1282.051282	1.000000	1282.051282	1.000000	1282.084600	-139.914797	0.000000	100.081401	0.000000	-0.006267	-0.000023	-0.000028	-0.000188	NaN	NaN	NaN	NaN	NaN
364.000000	1282.051282	1.000000	1282.051282	1.000000	1282.084600	-139.914797	0.000000	80.134268	0.000000	-0.005820	-0.000024	-0.000026	-0.000195	NaN	NaN	NaN	NaN	NaN
365.000000	1282.051282	1.000000	1282.051282	1.000000	1282.084600	-139.914797	0.000000	60.053710	0.000000	-0.006056	-0.000025	-0.000033	-0.000187	NaN	NaN	NaN	NaN	NaN
366.000000	1282.051282	1.000000	1282.051282	1.000000	1282.084600	-139.914797	0.000000	40.106577	0.000000	-0.005900	-0.000025	-0.000031	-0.000183	NaN	NaN	NaN	NaN	NaN
367.000000	1282.051282	1.000000	1282.051282	1.000000	1282.084600	-139.914797	0.000000	20.026018	0.000000	-0.004906	-0.000027	-0.000030	-0.000195	NaN	NaN	NaN	NaN	NaN
368.000000	1282.051282	1.000000	1282.051282	1.000000	1282.084600	-139.914797	0.000000	0.078885	0.000000	-0.004826	-0.000027	-0.000031	-0.000211	NaN	NaN	NaN	NaN	NaN
369.000000	1282.051282	1.000000	1282.051282	1.000000	1282.084600	-139.914797	0.000000	-19.868248	0.000000	-0.005284	-0.000027	-0.000031	-0.000193	NaN	NaN	NaN	NaN	NaN
370.000000	1282.051282	1.000000	1282.051282	1.000000	1282.084600	-139.914797	0.000000	-39.948806	0.000000	-0.003255	-0.000027	-0.000034	-0.000192	NaN	NaN	NaN	NaN	NaN
371.000000	1282.051282	1.000000	1282.051282	1.000000	1282.084600	-139.914797	0.000000	-59.895939	0.000000	0.002530	-0.000027	-0.000032	-0.000199	NaN	NaN	NaN	NaN	NaN
372.000000	1282.051282	1.000000	1282.051282	1.000000	1282.084600	-139.914797	0.000000	-79.976498	0.000000	0.011703	-0.000023	-0.000031	-0.000199	NaN	NaN	NaN	NaN	NaN
373.000000	1282.051282	1.000000	1282.051282	1.000000	1282.084600	-139.914797	0.000000	-99.923630	0.000000	0.028138	-0.000026	-0.000031	-0.000196	NaN	NaN	NaN	NaN	NaN
374.000000	1282.051282	1.000000	1282.051282	1.000000	1282.084600	-139.914797	0.000000	-119.937476	0.000000	0.097305	-0.000025	-0.000028	-0.000201	NaN	NaN	NaN	NaN	NaN
375.000000	1282.051282	1.000000	1282.051282	1.000000	1282.084600	-139.914797	0.000000	-139.951322	0.000000	0.179341	-0.000023	-0.000030	-0.000192	NaN	NaN	NaN	NaN	NaN
376.000000	1282.051282	1.000000	1282.051282	1.000000	1282.084600	-139.914797	0.000000	-159.965168	0.000000	0.114335	-0.000024	-0.000032	-0.000201	NaN	NaN	NaN	NaN	NaN
377.000000	1282.051282	1.000000	1282.051282	1.000000	1282.084600	-139.914797	0.000000	-179.912300	0.000000	0.044813	-0.000025	-0.000029	-0.000190	NaN	NaN	NaN	NaN	NaN
378.000000	1282.051282	1.000000	1282.051282	1.000000	1282.084600	-139.914797	0.000000	-199.992859	0.000000	0.015406	-0.000025	-0.000029	-0.000191	NaN	NaN	NaN	NaN	NaN
379.000000	1282.051282	1.000000	1282.051282	1.000000	1282.084600	-159.995355	0.000000	200.083917	0.000000	-0.006506	-0.000027	-0.000032	-0.000189	NaN	NaN	NaN	NaN	NaN
380.000000	1282.051282	1.000000	1282.051282	1.000000	1282.084600	-159.995355	0.000000	179.869933	0.000000	-0.007184	-0.000024	-0.000029	-0.000195	NaN	NaN	NaN	NaN	NaN
381.000000	1282.051282	1.000000	1282.051282	1.000000	1282.084600	-159.995355	0.000000	160.056225	0.000000	-0.006332	-0.000025	-0.000035	-0.000183	NaN	NaN	NaN	NaN	NaN
382.000000	1282.051282	1.000000	1282.051282	1.000000	1282.084600	-159.995355	0.000000	140.109093	0.000000	-0.005897	-0.000027	-0.000028	-0.000198	NaN	NaN	NaN	NaN	NaN
383.000000	1282.051282	1.000000	1282.051282	1.000000	1282.084600	-159.995355	0.000000	120.028534	0.000000	-0.006448	-0.000024	-0.000033	-0.000191	NaN	NaN	NaN	NaN	NaN
384.000000	1282.051282	1.000000	1282.051282	1.000000	1282.084600	-159.995355	0.000000	100.081401	0.000000	-0.007557	-0.000027	-0.000028	-0.000199	NaN	NaN	NaN	NaN	NaN
385.000000	1282.051282	1.000000	1282.051282	1.000000	1282.084600	-159.995355	0.000000	80.134268	0.000000	-0.006407	-0.000024	-0.000030	-0.000179	NaN	NaN	NaN	NaN	NaN
386.000000	1282.051282	1.000000	1282.051282	1.000000	1282.084600	-159.995355	0.000000	60.053710	0.000000	-0.006883	-0.000026	-0.000029	-0.000182	NaN	NaN	NaN	NaN	NaN
387.000000	1282.051282	1.000000	1282.051282	1.000000	1282.084600	-159.995355	0.000000	40.106577	0.000000	-0.005645	-0.000026	-0.000033	-0.000208	NaN	NaN	NaN	NaN	NaN
388.000000	1282.051282	1.000000	1282.051282	1.000000	1282.084600	-159.995355	0.000000	20.026018	0.000000	-0.005528	-0.000026	-0.000032	-0.000191	NaN	NaN	NaN	NaN	NaN
389.000000	1282.051282	1.000000	1282.051282	1.000000	1282.084600	-159.995355	0.000000	0.078885	0.000000	-0.004847	-0.000024	-0.000028	-0.000209	NaN	NaN	NaN	NaN	NaN
390.000000	1282.051282	1.000000	1282.051282	1.000000	1282.084600	-159.995355	0.000000	-19.868248	0.000000	-0.005837	-0.000025	-0.000031	-0.000200	NaN	NaN	NaN	NaN	NaN
391.000000	1282.051282	1.000000	1282.051282	1.000000	1282.084600	-159.995355	0.000000	-39.948806	0.000000	-0.004803	-0.000027	-0.000031	-0.000199	NaN	NaN	NaN	NaN	NaN
392.000000	1282.051282	1.000000	1282.051282	1.000000	1282.084600	-159.995355	0.000000	-59.895939	0.000000	-0.004149	-0.000023	-0.000031	-0.000208	NaN	NaN	NaN	NaN	NaN
393.000000	1282.051282	1.000000	1282.051282	1.000000	1282.084600	-159.995355	0.000000	-79.976498	0.000000	0.002534	-0.000024	-0.000030	-0.000217	NaN	NaN	NaN	NaN	NaN
394.000000	1282.051282	1.000000	1282.051282	1.000000	1282.084600	-159.995355	0.000000	-99.923630	0.000000	0.011596	-0.000027	-0.000030	-0.000203	NaN	NaN	NaN	NaN	NaN
395.000000	1282.051282	1.000000	1282.051282	1.000000	1282.084600	-159.995355	0.000000	-119.937476	0.000000	0.026536	-0.000027	-0.000029	-0.000195	NaN	NaN	NaN	NaN	NaN
396.000000	1282.051282	1.000000	1282.051282	1.000000	1282.084600	-159.995355	0.000000	-139.951322	0.000000	0.096106	-0.000023	-0.000030	-0.000205	NaN	NaN	NaN	NaN	NaN
397.000000	1282.051282	1.000000	1282.051282	1.000000	1282.084600	-159.995355	0.000000	-159.965168	0.000000	0.175506	-0.000023	-0.000028	-0.000199	NaN	NaN	NaN	NaN	NaN
398.000000	1282.051282	1.000000	1282.051282	1.000000	1282.084600	-159.995355	0.000000	-179.912300	0.000000	0.114552	-0.000022	-0.000027	-0.000178	NaN	NaN	NaN	NaN	NaN
399.000000	1282.051282	1.000000	1282.051282	1.000000	1282.084600	-159.995355	0.000000	-199.992859	0.000000	0.043716	-0.000024	-0.000031	-0.000208	NaN	NaN	NaN	NaN	NaN
400.000000	1282.051282	1.000000	1282.051282	1.000000	1282.084600	-179.942488	0.000000	200.083917	0.000000	-0.008089	-0.000026	-0.000030	-0.000190	NaN	NaN	NaN	NaN	NaN
401.000000	1282.051282	1.000000	1282.051282	1.000000	1282.084600	-179.942488	0.000000	179.869933	0.000000	-0.007094	-0.000026	-0.000030	-0.000203	NaN	NaN	NaN	NaN	NaN
402.000000	1282.051282	1.000000	1282.051282	1.000000	1282.084600	-179.942488	0.000000	160.056225	0.000000	-0.005738	-0.000026	-0.000032	-0.000180	NaN	NaN	NaN	NaN	NaN
403.000000	1282.051282	1.000000	1282.051282	1.000000	1282.084600	-179.942488	0.000000	140.109093	0.000000	-0.006245	-0.000028	-0.000029	-0.000196	NaN	NaN	NaN	NaN	NaN
404.000000	1282.051282	1.000000	1282.051282	1.000000	1282.084600	-179.942488	0.000000	120.028534	0.000000	-0.007229	-0.000026	-0.000029	-0.000207	NaN	NaN	NaN	NaN	NaN
405.000000	1282.051282	1.000000	1282.051282	1.000000	1282.084600	-179.942488	0.000000	100.081401	0.000000	-0.008066	-0.000027	-0.000032	-0.000203	NaN	NaN	NaN	NaN	NaN
406.000000	1282.051282	1.000000	1282.051282	1.000000	1282.084600	-179.942488	0.000000	80.134268	0.000000	-0.005877	-0.000027	-0.000029	-0.000192	NaN	NaN	NaN	NaN	NaN
407.000000	1282.051282	1.000000	1282.051282	1.000000	1282.084600	-179.942488	0.000000	59.920284	0.000000	-0.006346	-0.000027	-0.000029	-0.000189	NaN	NaN	NaN	NaN	NaN
408.000000	1282.051282	1.000000	1282.051282	1.000000	1282.084600	-179.942488	0.000000	40.106577	0.000000	-0.006512	-0.000028	-0.000031	-0.000214	NaN	NaN	NaN	NaN	NaN
409.000000	1282.051282	1.000000	1282.051282	1.000000	1282.084600	-179.942488	0.000000	20.026018	0.000000	-0.006011	-0.000026	-0.000031	-0.000187	NaN	NaN	NaN	NaN	NaN
410.000000	1282.051282	1.000000	1282.051282	1.000000	1282.084600	-179.942488	0.000000	0.078885	0.000000	-0.004511	-0.000025	-0.000034	-0.000205	NaN	NaN	NaN	NaN	NaN
411.000000	1282.051282	1.000000	1282.051282	1.000000	1282.084600	-179.942488	0.000000	-19.868248	0.000000	-0.003917	-0.000024	-0.000029	-0.000181	NaN	NaN	NaN	NaN	NaN
412.000000	1282.051282	1.000000	1282.051282	1.000000	1282.084600	-179.942488	0.000000	-39.948806	0.000000	-0.005510	-0.000025	-0.000031	-0.000205	NaN	NaN	NaN	NaN	NaN
413.000000	1282.051282	1.000000	1282.051282	1.000000	1282.084600	-179.942488	0.000000	-59.895939	0.000000	-0.005337	-0.000026	-0.000032	-0.000200	NaN	NaN	NaN	NaN	NaN
414.000000	1282.051282	1.000000	1282.051282	1.000000	1282.084600	-179.942488	0.000000	-79.976498	0.000000	-0.003304	-0.000024	-0.000030	-0.000192	NaN	NaN	NaN	NaN	NaN
415.000000	1282.051282	1.000000	1282.051282	1.000000	1282.084600	-179.942488	0.000000	-99.923630	0.000000	0.004351	-0.000025	-0.000032	-0.000206	NaN	NaN	NaN	NaN	NaN
416.000000	1282.051282	1.000000	1282.051282	1.000000	1282.084600	-179.942488	0.000000	-119.937476	0.000000	0.012391	-0.000025	-0.000031	-0.000207	NaN	NaN	NaN	NaN	NaN
417.000000	1282.051282	1.000000	1282.051282	1.000000	1282.084600	-179.942488	0.000000	-139.951322	0.000000	0.034319	-0.000027	-0.000031	-0.000208	NaN	NaN	NaN	NaN	NaN
418.000000	1282.051282	1.000000	1282.051282	1.000000	1282.084600	-179.942488	0.000000	-159.965168	0.000000	0.099834	-0.000022	-0.000029	-0.000197	NaN	NaN	NaN	NaN	NaN
419.000000	1282.051282	1.000000	1282.051282	1.000000	1282.084600	-179.942488	0.000000	-179.912300	0.000000	0.162868	-0.000023	-0.000029	-0.000190	NaN	NaN	NaN	NaN	NaN
420.000000	1282.051282	1.000000	1282.051282	1.000000	1282.084600	-179.942488	0.000000	-199.992859	0.000000	0.093648	-0.000024	-0.000029	-0.000183	NaN	NaN	NaN	NaN	NaN
421.000000	1282.051282	1.000000	1282.051282	1.000000	1282.084600	-199.889621	0.000000	200.083917	0.000000	-0.006936	-0.000025	-0.000027	-0.000195	NaN	NaN	NaN	NaN	NaN
422.000000	1282.051282	1.000000	1282.051282	1.000000	1282.084600	-199.889621	0.000000	179.869933	0.000000	-0.006874	-0.000025	-0.000031	-0.000200	NaN	NaN	NaN	NaN	NaN
423.000000	1282.051282	1.000000	1282.051282	1.000000	1282.084600	-199.889621	0.000000	160.056225	0.000000	-0.006618	-0.000027	-0.000030	-0.000205	NaN	NaN	NaN	NaN	NaN
424.000000	1282.051282	1.000000	1282.051282	1.000000	1282.084600	-199.889621	0.000000	140.109093	0.000000	-0.006655	-0.000026	-0.000031	-0.000196	NaN	NaN	NaN	NaN	NaN
425.000000	1282.051282	1.000000	1282.051282	1.000000	1282.084600	-199.889621	0.000000	120.028534	0.000000	-0.006400	-0.000024	-0.000029	-0.000205	NaN	NaN	NaN	NaN	NaN
426.000000	1282.051282	1.000000	1282.051282	1.000000	1282.084600	-199.889621	0.000000	100.081401	0.000000	-0.006083	-0.000025	-0.000032	-0.000197	NaN	NaN	NaN	NaN	NaN
427.000000	1282.051282	1.000000	1282.051282	1.000000	1282.084600	-199.889621	0.000000	80.134268	0.000000	-0.006855	-0.000027	-0.000033	-0.000209	NaN	NaN	NaN	NaN	NaN
428.000000	1282.051282	1.000000	1282.051282	1.000000	1282.084600	-199.889621	0.000000	60.053710	0.000000	-0.007212	-0.000025	-0.000032	-0.000178	NaN	NaN	NaN	NaN	NaN
429.000000	1282.051282	1.000000	1282.051282	1.000000	1282.084600	-199.889621	0.000000	40.106577	0.000000	-0.005939	-0.000025	-0.000029	-0.000203	NaN	NaN	NaN	NaN	NaN
430.000000	1282.051282	1.000000	1282.051282	1.000000	1282.084600	-199.889621	0.000000	20.026018	0.000000	-0.005038	-0.000025	-0.000031	-0.000177	NaN	NaN	NaN	NaN	NaN
431.000000	1282.051282	1.000000	1282.051282	1.000000	1282.084600	-199.889621	0.000000	0.078885	0.000000	-0.005261	-0.000025	-0.000032	-0.000187	NaN	NaN	NaN	NaN	NaN
432.000000	1282.051282	1.000000	1282.051282	1.000000	1282.084600	-199.889621	0.000000	-19.868248	0.000000	-0.003338	-0.000026	-0.000028	-0.000182	NaN	NaN	NaN	NaN	NaN
433.000000	1282.051282	1.000000	1282.051282	1.000000	1282.084600	-199.889621	0.000000	-39.948806	0.000000	-0.005840	-0.000024	-0.000032	-0.000203	NaN	NaN	NaN	NaN	NaN
434.000000	1282.051282	1.000000	1282.051282	1.000000	1282.084600	-199.889621	0.000000	-59.895939	0.000000	-0.007074	-0.000024	-0.000032	-0.000202	NaN	NaN	NaN	NaN	NaN
435.000000	1282.051282	1.000000	1282.051282	1.000000	1282.084600	-199.889621	0.000000	-79.976498	0.000000	-0.006330	-0.000024	-0.000032	-0.000184	NaN	NaN	NaN	NaN	NaN
436.000000	1282.051282	1.000000	1282.051282	1.000000	1282.084600	-199.889621	0.000000	-99.923630	0.000000	-0.004606	-0.000027	-0.000030	-0.000194	NaN	NaN	NaN	NaN	NaN
437.000000	1282.051282	1.000000	1282.051282	1.000000	1282.084600	-199.889621	0.000000	-119.937476	0.000000	0.001459	-0.000027	-0.000032	-0.000208	NaN	NaN	NaN	NaN	NaN
438.000000	1282.051282	1.000000	1282.051282	1.000000	1282.084600	-199.889621	0.000000	-139.951322	0.000000	0.009675	-0.000025	-0.000032	-0.000185	NaN	NaN	NaN	NaN	NaN
439.000000	1282.051282	1.000000	1282.051282	1.000000	1282.084600	-199.889621	0.000000	-159.965168	0.000000	0.026328	-0.000024	-0.000029	-0.000200	NaN	NaN	NaN	NaN	NaN
440.000000	1282.051282	1.000000	1282.051282	1.000000	1282.084600	-199.889621	0.000000	-179.912300	0.000000	0.089348	-0.000023	-0.000029	-0.000191	NaN	NaN	NaN	NaN	NaN
441.000000	1282.051282	1.000000	1282.051282	1.000000	1282.084600	-199.889621	0.000000	-199.992859	0.000000	0.155979	-0.000018	-0.000027	-0.000201	NaN	NaN	NaN	NaN	NaN
