1599.9954356	1455.0000091	15544.7634766	3.1785583	0.8596017	0.0195159	0.8003644	0.3663565	0.0000000	1455.0000000
1594.9925208	1455.0000091	15539.9238281	3.1686408	0.8392541	0.0402112	0.8693816	0.3690067	0.0000000	0.0000000
1589.9980278	1455.0000091	15534.8586035	3.1587817	0.8192401	0.0454851	0.8756756	0.3729338	0.0000000	0.0000000
1584.9897793	1455.0000091	15529.7933789	3.1489225	0.7988926	0.0401887	0.8636262	0.3727224	0.0000000	0.0000000
1579.9932605	1455.0000091	15524.9693555	3.1390634	0.7785450	0.0357806	0.8551129	0.3703529	0.0000000	0.0000000
1574.9903821	1455.0000091	15519.9041309	3.1292042	0.7585310	0.0324625	0.8435685	0.3727752	0.0000000	0.0000000
1569.9935429	1455.0000091	15514.8420312	3.1193451	0.7381834	0.0317173	0.8295455	0.3691126	0.0000000	0.0000000
1564.9854875	1455.0000091	15509.7932129	3.1094859	0.7181694	0.0302545	0.7920985	0.3736395	0.0000000	0.0000000
1559.9998645	1455.0000091	15504.9848145	3.0996268	0.6978218	0.0319281	0.7698850	0.3668027	0.0000000	0.0000000
1554.9972408	1455.0000091	15499.9359961	3.0897676	0.6774742	0.0367898	0.7596843	0.3667622	0.0000000	0.0000000
1549.9908346	1455.0000091	15494.8871777	3.0799085	0.6574602	0.0435822	0.7607843	0.3642548	0.0000000	0.0000000
1544.9998486	1455.0000091	15489.8445312	3.0700493	0.6371126	0.0606624	0.7430241	0.3708641	0.0000000	0.0000000
1539.9918854	1455.0000091	15484.8119141	3.0601901	0.6170986	0.0846602	0.7459253	0.3639509	0.0000000	0.0000000
1534.9898781	1455.0000091	15479.7792969	3.0503310	0.5967511	0.1272310	0.7370729	0.3632848	0.0000000	0.0000000
1529.9946542	1455.0000091	15474.9863281	3.0404718	0.5764035	0.1602528	0.7341785	0.3549370	0.0000000	0.0000000
1524.9994304	1455.0000091	15469.9537109	3.0306127	0.5563895	0.1960072	0.7215125	0.3543054	0.0000000	0.0000000
1519.9916865	1455.0000091	15464.9302344	3.0207535	0.5360419	0.2153723	0.7212035	0.3593944	0.0000000	0.0000000
1514.9902785	1455.0000091	15459.9136133	3.0108944	0.5160279	0.2258444	0.7058456	0.3615418	0.0000000	0.0000000
1509.9948860	1455.0000091	15454.8969922	3.0010352	0.4956803	0.1828673	0.6989686	0.3620086	0.0000000	0.0000000
1504.9928588	1455.0000091	15449.8803711	2.9911761	0.4753327	0.1462174	0.7005963	0.3674463	0.0000000	0.0000000
1499.9935148	1455.0000091	15444.8637500	2.9813169	0.4553187	0.1248107	0.7233156	0.3606135	0.0000000	0.0000000
1494.9945089	1455.0000091	15439.8602441	2.9714577	0.4349711	0.1223177	0.7346397	0.3642243	0.0000000	0.0000000
1489.9975133	1455.0000091	15434.8598242	2.9615986	0.4149571	0.1073622	0.7257824	0.3636564	0.0000000	0.0000000
1485.0010010	1455.0000091	15429.8594043	2.9517394	0.3946096	0.0582778	0.7319271	0.3668055	0.0000000	0.0000000
1479.9972092	1455.0000091	15424.8589844	2.9418803	0.3745956	0.0307307	0.7198634	0.3703732	0.0000000	0.0000000
1474.9938468	1455.0000091	15419.8593262	2.9320211	0.3542480	0.0384811	0.6907072	0.3715490	0.0000000	0.0000000
1470.0034186	1455.0000091	15414.8749023	2.9221620	0.3339004	0.0705760	0.6863507	0.3639612	0.0000000	0.0000000
1464.9928549	1455.0000091	15409.8904785	2.9123028	0.3138864	0.0792532	0.6856666	0.3713439	0.0000000	0.0000000
1459.9964112	1455.0000091	15404.9060547	2.9024437	0.2935388	0.0888561	0.6991002	0.3665748	0.0000000	0.0000000
1454.9998480	1455.0000091	15399.9216309	2.8925845	0.2735248	0.0575809	0.6851546	0.3662996	0.0000000	0.0000000
1449.9892324	1455.0000091	15394.9417773	2.8827254	0.2531772	0.0335271	0.6748627	0.3703803	0.0000000	0.0000000
1444.9966097	1455.0000091	15389.9733496	2.8728662	0.2328296	0.0172611	0.6592114	0.3752627	0.0000000	0.0000000
1439.9920783	1455.0000091	15384.7683301	2.8630070	0.2128156	0.0373136	0.6555631	0.3646870	0.0000000	0.0000000
1435.0050512	1455.0000091	15379.7999023	2.8531479	0.1924681	0.0970646	0.6454387	0.3704699	0.0000000	0.0000000
1429.9929097	1455.0000091	15374.8314746	2.8432887	0.1724541	0.1629622	0.6312947	0.3713984	0.0000000	0.0000000
1424.9928269	1455.0000091	15369.8720703	2.8334296	0.1521065	0.1724105	0.6213434	0.3719939	0.0000000	0.0000000
1419.9996525	1455.0000091	15364.9194336	2.8235704	0.1317589	0.1519094	0.6170465	0.3713112	0.0000000	0.0000000
1414.9875199	1455.0000091	15359.9667969	2.8137113	0.1117449	0.1173175	0.6078674	0.3653718	0.0000000	0.0000000
1409.9936575	1455.0000091	15354.7783203	2.8038521	0.0913973	0.0868473	0.5990769	0.3649983	0.0000000	0.0000000
1404.9940311	1455.0000091	15349.8256836	2.7939930	0.0713833	0.0750029	0.5763123	0.3716696	0.0000000	0.0000000
1399.9876626	1455.0000091	15344.8864062	2.7841338	0.0510357	0.0614501	0.5633699	0.3735405	0.0000000	0.0000000
1394.9969913	1455.0000091	15339.9493555	2.7742746	0.0306881	0.0549966	0.5563361	0.3655000	0.0000000	0.0000000
1389.9855886	1455.0000091	15334.7772070	2.7644155	0.0106741	0.0488009	0.5534230	0.3695054	0.0000000	0.0000000
1384.9993143	1455.0000091	15329.8401562	2.7545563	-0.0096734	0.0466627	0.5484441	0.3664157	0.0000000	0.0000000
1379.9954919	1455.0000091	15324.9053613	2.7446972	-0.0296874	0.0371646	0.5524304	0.3590526	0.0000000	0.0000000
1374.9977128	1455.0000091	15319.9841016	2.7348380	-0.0500350	0.0278914	0.5260845	0.3658484	0.0000000	0.0000000
1369.9938149	1455.0000091	15314.8284961	2.7249789	-0.0703826	0.0286676	0.5172484	0.3704260	0.0000000	0.0000000
1364.9893972	1455.0000091	15309.9072363	2.7151197	-0.0903966	0.0499349	0.4956836	0.3724906	0.0000000	0.0000000
1360.0037170	1455.0000091	15304.9859766	2.7052606	-0.1107442	0.0917294	0.4680590	0.3747565	0.0000000	0.0000000
1354.9999390	1455.0000091	15299.8376953	2.6954014	-0.1307582	0.1089225	0.4698058	0.3725559	0.0000000	0.0000000
1349.9905185	1455.0000091	15294.9318164	2.6855423	-0.1511058	0.1188812	0.4511625	0.3692759	0.0000000	0.0000000
1344.9967843	1455.0000091	15289.7923242	2.6756831	-0.1711198	0.0840811	0.4421271	0.3718989	0.0000000	0.0000000
1340.0058595	1455.0000091	15284.8864453	2.6658239	-0.1914674	0.0731251	0.4323154	0.3671272	0.0000000	0.0000000
1334.9945685	1455.0000091	15279.9805664	2.6559648	-0.2118149	0.0832970	0.4181384	0.3699943	0.0000000	0.0000000
1329.9975394	1455.0000091	15274.8536914	2.6461056	-0.2318289	0.1098113	0.4003646	0.3730656	0.0000000	0.0000000
1325.0067276	1455.0000091	15269.9633984	2.6362465	-0.2521765	0.1122590	0.3858433	0.3647214	0.0000000	0.0000000
1320.0022339	1455.0000091	15264.8402344	2.6263873	-0.2721905	0.0978602	0.3658928	0.3754136	0.0000000	0.0000000
1314.9983984	1455.0000091	15259.9499414	2.6165282	-0.2925381	0.0721807	0.3521873	0.3681278	0.0000000	0.0000000
1309.9938559	1455.0000091	15254.8289746	2.6066690	-0.3128857	0.0575436	0.3335068	0.3613274	0.0000000	0.0000000
1304.9961614	1455.0000091	15249.9540625	2.5968099	-0.3328997	0.0523167	0.3213267	0.3646681	0.0000000	0.0000000
1300.0059589	1455.0000091	15244.8470117	2.5869507	-0.3532473	0.0472686	0.3003496	0.3760261	0.0000000	0.0000000
1294.9989791	1455.0000091	15239.9720996	2.5770915	-0.3732613	0.0496685	0.2862990	0.3710687	0.0000000	0.0000000
1290.0052150	1455.0000091	15234.8650488	2.5672324	-0.3936089	0.0548741	0.2742135	0.3764804	0.0000000	0.0000000
1285.0068833	1455.0000091	15229.9973633	2.5573732	-0.4139564	0.0519348	0.2492924	0.3692604	0.0000000	0.0000000
1280.0011129	1455.0000091	15224.9062109	2.5475141	-0.4339704	0.0590594	0.2325841	0.3734533	0.0000000	0.0000000
1275.0093966	1455.0000091	15219.8150586	2.5376549	-0.4543180	0.1052689	0.2260000	0.3711836	0.0000000	0.0000000
1270.0009934	1455.0000091	15214.9553223	2.5277958	-0.4743320	0.1742423	0.1989559	0.3700073	0.0000000	0.0000000
1264.9950068	1455.0000091	15209.8641699	2.5179366	-0.4946796	0.1921368	0.1924511	0.3736240	0.0000000	0.0000000
1260.0048768	1455.0000091	15204.7869336	2.5080775	-0.5150272	0.1571654	0.1725609	0.3726116	0.0000000	0.0000000
1255.0147454	1455.0000091	15199.9425781	2.4982183	-0.5350412	0.0989443	0.1647332	0.3704197	0.0000000	0.0000000
1250.0156050	1455.0000091	15194.8675391	2.4883592	-0.5553888	0.0575060	0.1515674	0.3784517	0.0000000	0.0000000
