1599.9894452	1594.9996710	15684.8241211	2.7165683	0.4256313	0.0113059	0.8052586	0.5197166	0.0000000	1595.0000000
1594.9984053	1594.9996710	15679.9051758	2.7066408	0.4052837	0.0161121	0.8737407	0.5213871	0.0000000	0.0000000
1590.0036367	1594.9996710	15674.9862305	2.6967817	0.3849361	0.0219620	0.8677175	0.5229210	0.0000000	0.0000000
1584.9953866	1594.9996710	15669.8213379	2.6869225	0.3649221	0.0295966	0.8473722	0.5290469	0.0000000	0.0000000
1579.9988693	1594.9996710	15664.9023926	2.6770634	0.3445745	0.0324771	0.8525221	0.5189071	0.0000000	0.0000000
1574.9903821	1594.9996710	15659.9890527	2.6672042	0.3245605	0.0285920	0.8453906	0.5195244	0.0000000	0.0000000
1569.9991510	1594.9996710	15654.8409766	2.6573451	0.3042129	0.0268622	0.8193480	0.5193806	0.0000000	0.0000000
1564.9910956	1594.9996710	15649.9380469	2.6474859	0.2838654	0.0301588	0.8122229	0.5164790	0.0000000	0.0000000
1560.0054727	1594.9996710	15644.7899707	2.6376268	0.2638514	0.0293566	0.7786111	0.5072521	0.0000000	0.0000000
1555.0028496	1594.9996710	15639.8870410	2.6277676	0.2435038	0.0328226	0.7661499	0.5079641	0.0000000	0.0000000
1549.9965481	1594.9996710	15634.9912305	2.6179085	0.2234898	0.0355042	0.7614236	0.5140194	0.0000000	0.0000000
1545.0061240	1594.9996710	15629.8597656	2.6080493	0.2031422	0.0400936	0.7505141	0.5135203	0.0000000	0.0000000
1540.0044380	1594.9996710	15624.9726562	2.5981901	0.1831282	0.0368445	0.7317387	0.5125966	0.0000000	0.0000000
1534.9961535	1594.9996710	15619.8411914	2.5883310	0.1627806	0.0430737	0.7467770	0.5159644	0.0000000	0.0000000
1530.0009296	1594.9996710	15614.9540820	2.5784718	0.1424330	0.0338267	0.7417736	0.5180398	0.0000000	0.0000000
1525.0057058	1594.9996710	15609.8322266	2.5686127	0.1224190	0.0318159	0.7315133	0.5185407	0.0000000	0.0000000
1519.9979617	1594.9996710	15604.9611328	2.5587535	0.1020715	0.0224351	0.7110535	0.5206802	0.0000000	0.0000000
1515.0028293	1594.9996710	15599.8464844	2.5488944	0.0820574	0.0187332	0.7079912	0.5185513	0.0000000	0.0000000
1510.0011622	1594.9996710	15594.9753906	2.5390352	0.0617099	0.0162765	0.7172567	0.5171714	0.0000000	0.0000000
1505.0054096	1594.9996710	15589.8607422	2.5291761	0.0413623	0.0127623	0.7074331	0.5167752	0.0000000	0.0000000
1499.9998464	1594.9996710	15584.7578125	2.5193169	0.0213483	0.0137053	0.7214725	0.5217239	0.0000000	0.0000000
1495.0012710	1594.9996710	15579.9023437	2.5094577	0.0010007	0.0142920	0.7391322	0.5159790	0.0000000	0.0000000
1489.9975133	1594.9996710	15574.8041016	2.4995986	-0.0190133	0.0151002	0.7285961	0.5255984	0.0000000	0.0000000
1485.0077631	1594.9996710	15569.9486328	2.4897394	-0.0393609	0.0188369	0.7188911	0.5223616	0.0000000	0.0000000
1479.9972092	1594.9996710	15564.8503906	2.4798803	-0.0597085	0.0410072	0.6942575	0.5240831	0.0000000	0.0000000
1475.0006089	1594.9996710	15559.7663867	2.4700211	-0.0797225	0.0418915	0.6812942	0.5229401	0.0000000	0.0000000
1470.0169428	1594.9996710	15554.9267383	2.4601620	-0.1000700	0.0386260	0.6861936	0.5127266	0.0000000	0.0000000
1465.0063771	1594.9996710	15549.8451074	2.4503028	-0.1200841	0.0194629	0.6769107	0.5179110	0.0000000	0.0000000
1460.0031723	1594.9996710	15544.7634766	2.4404437	-0.1404316	0.0151323	0.6670885	0.5217545	0.0000000	0.0000000
1455.0133719	1594.9996710	15539.9238281	2.4305845	-0.1607792	0.0109622	0.6744746	0.5180197	0.0000000	0.0000000
1449.9959945	1594.9996710	15534.8586035	2.4207254	-0.1807932	0.0079365	0.6636799	0.5182571	0.0000000	0.0000000
1445.0031453	1594.9996710	15529.7933789	2.4108662	-0.2011408	0.0059901	0.6571693	0.5214136	0.0000000	0.0000000
1440.0045771	1594.9996710	15524.9693555	2.4010070	-0.2211548	0.0047876	0.6492676	0.5135736	0.0000000	0.0000000
1435.0050512	1594.9996710	15519.9041309	2.3911479	-0.2415024	0.0108102	0.6284879	0.5151174	0.0000000	0.0000000
1430.0054103	1594.9996710	15514.8420312	2.3812887	-0.2615164	0.0207079	0.6281522	0.5176375	0.0000000	0.0000000
1424.9990761	1594.9996710	15509.7932129	2.3714296	-0.2818640	0.0318251	0.6108248	0.5094730	0.0000000	0.0000000
1420.0059019	1594.9996710	15504.9848145	2.3615704	-0.3022115	0.0356912	0.6084201	0.5192083	0.0000000	0.0000000
1414.9937701	1594.9996710	15499.9359961	2.3517113	-0.3222256	0.0308280	0.6030242	0.5180393	0.0000000	0.0000000
1409.9999070	1594.9996710	15494.8871777	2.3418521	-0.3425731	0.0262009	0.6007581	0.5209108	0.0000000	0.0000000
1405.0065316	1594.9996710	15489.8445312	2.3319930	-0.3625871	0.0166934	0.5823261	0.5180956	0.0000000	0.0000000
1399.9939120	1594.9996710	15484.8119141	2.3221338	-0.3829347	0.0129751	0.5691387	0.5112500	0.0000000	0.0000000
1394.9969913	1594.9996710	15479.7792969	2.3122746	-0.4032823	0.0116597	0.5623341	0.5108689	0.0000000	0.0000000
1389.9976768	1594.9996710	15474.9863281	2.3024155	-0.4232963	0.0094547	0.5520494	0.5211690	0.0000000	0.0000000
1385.0053575	1594.9996710	15469.9537109	2.2925563	-0.4436439	0.0102096	0.5486387	0.5197528	0.0000000	0.0000000
1380.0015352	1594.9996710	15464.9302344	2.2826972	-0.4636579	0.0079012	0.5353936	0.5143590	0.0000000	0.0000000
1374.9977128	1594.9996710	15459.9136133	2.2728380	-0.4840055	0.0059891	0.5203556	0.5268196	0.0000000	0.0000000
1369.9998590	1594.9996710	15454.8969922	2.2629789	-0.5043530	0.0061918	0.5127916	0.5252207	0.0000000	0.0000000
1364.9954405	1594.9996710	15449.8803711	2.2531197	-0.5243671	0.0138196	0.4963711	0.5189509	0.0000000	0.0000000
1360.0158033	1594.9996710	15444.8637500	2.2432606	-0.5447146	0.0259375	0.4755938	0.5314075	0.0000000	0.0000000
1355.0059831	1594.9996710	15439.8602441	2.2334014	-0.5647286	0.0385292	0.4677954	0.5324696	0.0000000	0.0000000
1350.0030554	1594.9996710	15434.8598242	2.2235423	-0.5850762	0.0443115	0.4352582	0.5304545	0.0000000	0.0000000
1345.0035932	1594.9996710	15429.8594043	2.2136831	-0.6054238	0.0389004	0.4430597	0.5278157	0.0000000	0.0000000
1340.0126684	1594.9996710	15424.8589844	2.2038239	-0.6254378	0.0228368	0.4221019	0.5231795	0.0000000	0.0000000
1335.0013764	1594.9996710	15419.8593262	2.1939648	-0.6457854	0.0172531	0.4171694	0.5211401	0.0000000	0.0000000
1330.0111569	1594.9996710	15414.8749023	2.1841056	-0.6657994	0.0191129	0.3976476	0.5188450	0.0000000	0.0000000
1325.0135365	1594.9996710	15409.8904785	2.1742465	-0.6861470	0.0262987	0.3746350	0.5188873	0.0000000	0.0000000
1320.0090417	1594.9996710	15404.9060547	2.1643873	-0.7064945	0.0229423	0.3521150	0.5117505	0.0000000	0.0000000
1315.0052073	1594.9996710	15399.9216309	2.1545282	-0.7265086	0.0239133	0.3437037	0.5192905	0.0000000	0.0000000
1310.0006648	1594.9996710	15394.9417773	2.1446690	-0.7468561	0.0245619	0.3314880	0.5250324	0.0000000	0.0000000
1305.0097771	1594.9996710	15389.9733496	2.1348099	-0.7668701	0.0246877	0.3268546	0.5036458	0.0000000	0.0000000
1300.0127676	1594.9996710	15384.7683301	2.1249507	-0.7872177	0.0189615	0.3056372	0.5140886	0.0000000	0.0000000
1295.0063540	1594.9996710	15379.7999023	2.1150915	-0.8072317	0.0108219	0.2903991	0.5211106	0.0000000	0.0000000
1290.0126310	1594.9996710	15374.8314746	2.1052324	-0.8275793	0.0107729	0.2751040	0.5263320	0.0000000	0.0000000
1285.0068833	1594.9996710	15369.8720703	2.0953732	-0.8479269	0.0084191	0.2542520	0.5267607	0.0000000	0.0000000
1280.0085301	1594.9996710	15364.9194336	2.0855141	-0.8679409	0.0079233	0.2309495	0.5202200	0.0000000	0.0000000
1275.0093966	1594.9996710	15359.9667969	2.0756549	-0.8882885	0.0169218	0.2100671	0.5242788	0.0000000	0.0000000
1270.0086294	1594.9996710	15354.7783203	2.0657958	-0.9083025	0.0364595	0.1969784	0.5266282	0.0000000	0.0000000
1265.0031208	1594.9996710	15349.8256836	2.0559366	-0.9286501	0.0488105	0.1882340	0.5203071	0.0000000	0.0000000
1260.0211049	1594.9996710	15344.8864062	2.0460775	-0.9489976	0.0390724	0.1722435	0.5269871	0.0000000	0.0000000
1255.0228608	1594.9996710	15339.9493555	2.0362183	-0.9690116	0.0373954	0.1657148	0.5182108	0.0000000	0.0000000
1250.0237205	1594.9996710	15334.7772070	2.0263592	-0.9893592	0.0274275	0.1453777	0.5227577	0.0000000	0.0000000
