1599.9954356	1479.9963406	15569.9486328	3.0958338	0.7818806	0.0258196	0.8120996	0.4049633	0.0000000	1480.0000000
1594.9984053	1479.9963406	15564.8503906	3.0861408	0.7618666	0.0466270	0.8739375	0.4134401	0.0000000	0.0000000
1589.9980278	1479.9963406	15559.7663867	3.0762817	0.7415191	0.0524199	0.8919013	0.4013621	0.0000000	0.0000000
1584.9953866	1479.9963406	15554.9267383	3.0664225	0.7215051	0.0470483	0.8778971	0.4084113	0.0000000	0.0000000
1579.9988693	1479.9963406	15549.8451074	3.0565634	0.7011575	0.0425946	0.8514038	0.4124019	0.0000000	0.0000000
1574.9903821	1479.9963406	15544.7634766	3.0467042	0.6808099	0.0287421	0.8351856	0.4140416	0.0000000	0.0000000
1569.9935429	1479.9963406	15539.9238281	3.0368451	0.6607959	0.0252563	0.8324834	0.4037306	0.0000000	0.0000000
1564.9910956	1479.9963406	15534.8586035	3.0269859	0.6404483	0.0186140	0.7922257	0.4060769	0.0000000	0.0000000
1559.9998645	1479.9963406	15529.7933789	3.0171268	0.6204343	0.0190448	0.7821857	0.4010566	0.0000000	0.0000000
1554.9972408	1479.9963406	15524.9693555	3.0072676	0.6000867	0.0253109	0.7742688	0.4078514	0.0000000	0.0000000
1549.9908346	1479.9963406	15519.9041309	2.9974085	0.5797392	0.0362620	0.7653659	0.4147473	0.0000000	0.0000000
1544.9998486	1479.9963406	15514.8420312	2.9875493	0.5597251	0.0389215	0.7353606	0.4086411	0.0000000	0.0000000
1539.9918854	1479.9963406	15509.7932129	2.9776901	0.5393776	0.0512150	0.7406311	0.4063748	0.0000000	0.0000000
1534.9898781	1479.9963406	15504.9848145	2.9678310	0.5193636	0.0562446	0.7461154	0.3970909	0.0000000	0.0000000
1529.9946542	1479.9963406	15499.9359961	2.9579718	0.4990160	0.0681256	0.7587918	0.4015971	0.0000000	0.0000000
1525.0057058	1479.9963406	15494.8871777	2.9481127	0.4786684	0.0755726	0.7416428	0.4001071	0.0000000	0.0000000
1519.9916865	1479.9963406	15489.8445312	2.9382535	0.4586544	0.0840563	0.7250965	0.4040485	0.0000000	0.0000000
1514.9965539	1479.9963406	15484.8119141	2.9283944	0.4383068	0.0882135	0.7089634	0.4041403	0.0000000	0.0000000
1510.0011622	1479.9963406	15479.7792969	2.9185352	0.4182928	0.0819003	0.7118295	0.3995065	0.0000000	0.0000000
1504.9928588	1479.9963406	15474.9863281	2.9086761	0.3979452	0.0719109	0.7072509	0.4001083	0.0000000	0.0000000
1499.9935148	1479.9963406	15469.9537109	2.8988169	0.3779312	0.0584650	0.7280481	0.4014767	0.0000000	0.0000000
1494.9945089	1479.9963406	15464.9302344	2.8889577	0.3575836	0.0457621	0.7251503	0.4078670	0.0000000	0.0000000
1489.9975133	1479.9963406	15459.9136133	2.8790986	0.3372361	0.0396022	0.7341019	0.4038930	0.0000000	0.0000000
1485.0010010	1479.9963406	15454.8969922	2.8692394	0.3172221	0.0459203	0.7258637	0.4027661	0.0000000	0.0000000
1479.9972092	1479.9963406	15449.8803711	2.8593803	0.2968745	0.0728845	0.7240075	0.4052550	0.0000000	0.0000000
1475.0006089	1479.9963406	15444.8637500	2.8495211	0.2768605	0.0775688	0.7015254	0.4051947	0.0000000	0.0000000
1470.0034186	1479.9963406	15439.8602441	2.8396620	0.2565129	0.0812950	0.6818373	0.4110200	0.0000000	0.0000000
1464.9928549	1479.9963406	15434.8598242	2.8298028	0.2361653	0.0702581	0.6916771	0.4072467	0.0000000	0.0000000
1460.0031723	1479.9963406	15429.8594043	2.8199437	0.2161513	0.0605035	0.6675331	0.4051317	0.0000000	0.0000000
1455.0066100	1479.9963406	15424.8589844	2.8100845	0.1958037	0.0358260	0.6876513	0.4017297	0.0000000	0.0000000
1449.9892324	1479.9963406	15419.8593262	2.8002254	0.1757897	0.0152245	0.6817582	0.4006787	0.0000000	0.0000000
1444.9966097	1479.9963406	15414.8749023	2.7903662	0.1554421	0.0132998	0.6744132	0.4034061	0.0000000	0.0000000
1439.9983277	1479.9963406	15409.8904785	2.7805070	0.1350946	0.0410111	0.6547490	0.4077179	0.0000000	0.0000000
1435.0050512	1479.9963406	15404.9060547	2.7706479	0.1150806	0.0849028	0.6429148	0.4062639	0.0000000	0.0000000
1429.9991600	1479.9963406	15399.9216309	2.7607887	0.0947330	0.1418256	0.6329762	0.4105560	0.0000000	0.0000000
1424.9928269	1479.9963406	15394.9417773	2.7509296	0.0747190	0.1448053	0.6276625	0.4120060	0.0000000	0.0000000
1420.0059019	1479.9963406	15389.9733496	2.7410704	0.0543714	0.1132152	0.6117545	0.4064782	0.0000000	0.0000000
1414.9875199	1479.9963406	15384.7683301	2.7312113	0.0340238	0.0819258	0.6040958	0.4073179	0.0000000	0.0000000
1409.9936575	1479.9963406	15379.7999023	2.7213521	0.0140098	0.0568853	0.6045587	0.4039530	0.0000000	0.0000000
1405.0002814	1479.9963406	15374.8314746	2.7114930	-0.0063378	0.0455507	0.5863887	0.4076550	0.0000000	0.0000000
1399.9876626	1479.9963406	15369.8720703	2.7016338	-0.0263518	0.0367905	0.5661487	0.4105897	0.0000000	0.0000000
1394.9969913	1479.9963406	15364.9194336	2.6917746	-0.0466994	0.0264103	0.5552975	0.4087356	0.0000000	0.0000000
1389.9916327	1479.9963406	15359.9667969	2.6819155	-0.0667134	0.0270078	0.5420745	0.4086538	0.0000000	0.0000000
1385.0053575	1479.9963406	15354.7783203	2.6720563	-0.0870609	0.0244646	0.5443932	0.4054922	0.0000000	0.0000000
1379.9954919	1479.9963406	15349.8256836	2.6621972	-0.1074085	0.0200815	0.5374849	0.4080524	0.0000000	0.0000000
1375.0037561	1479.9963406	15344.8864062	2.6523380	-0.1274225	0.0169346	0.5185978	0.4140121	0.0000000	0.0000000
1369.9938149	1479.9963406	15339.9493555	2.6424789	-0.1477701	0.0255068	0.5116095	0.4062763	0.0000000	0.0000000
1364.9893972	1479.9963406	15334.7772070	2.6326197	-0.1677841	0.0512324	0.5097407	0.4011519	0.0000000	0.0000000
1360.0037170	1479.9963406	15329.8401562	2.6227606	-0.1881317	0.0768896	0.4832111	0.3963193	0.0000000	0.0000000
1354.9999390	1479.9963406	15324.9053613	2.6129014	-0.2084793	0.0927377	0.4699091	0.4083248	0.0000000	0.0000000
1349.9905185	1479.9963406	15319.9841016	2.6030423	-0.2284933	0.0747272	0.4492275	0.4070059	0.0000000	0.0000000
1344.9967843	1479.9963406	15314.8284961	2.5931831	-0.2488409	0.0660897	0.4373988	0.4139299	0.0000000	0.0000000
1340.0058595	1479.9963406	15309.9072363	2.5833239	-0.2688549	0.0539198	0.4253230	0.4194631	0.0000000	0.0000000
1334.9945685	1479.9963406	15304.9859766	2.5734648	-0.2892024	0.0629606	0.4183722	0.4084530	0.0000000	0.0000000
1329.9975394	1479.9963406	15299.8376953	2.5636056	-0.3095500	0.0697629	0.4027256	0.3980682	0.0000000	0.0000000
1325.0067276	1479.9963406	15294.9318164	2.5537465	-0.3295640	0.0741373	0.3701006	0.4149799	0.0000000	0.0000000
1320.0022339	1479.9963406	15289.7923242	2.5438873	-0.3499116	0.0576693	0.3562188	0.4078601	0.0000000	0.0000000
1314.9983984	1479.9963406	15284.8864453	2.5340282	-0.3699256	0.0389448	0.3463324	0.4109786	0.0000000	0.0000000
1309.9938559	1479.9963406	15279.9805664	2.5241690	-0.3902732	0.0278503	0.3372994	0.4067849	0.0000000	0.0000000
1305.0029693	1479.9963406	15274.8536914	2.5143099	-0.4106208	0.0197312	0.3192494	0.4134424	0.0000000	0.0000000
1300.0059589	1479.9963406	15269.9633984	2.5044507	-0.4306348	0.0201993	0.3075474	0.4066336	0.0000000	0.0000000
1295.0063540	1479.9963406	15264.8402344	2.4945915	-0.4509824	0.0250829	0.2711178	0.4144642	0.0000000	0.0000000
1290.0126310	1479.9963406	15259.9499414	2.4847324	-0.4709964	0.0345825	0.2538247	0.4168329	0.0000000	0.0000000
1285.0068833	1479.9963406	15254.8289746	2.4748732	-0.4913439	0.0373829	0.2463579	0.4102470	0.0000000	0.0000000
1280.0085301	1479.9963406	15249.9540625	2.4650141	-0.5113580	0.0465198	0.2310807	0.4116314	0.0000000	0.0000000
1275.0093966	1479.9963406	15244.8470117	2.4551549	-0.5317055	0.0813914	0.2102494	0.4095632	0.0000000	0.0000000
1270.0009934	1479.9963406	15239.9720996	2.4452958	-0.5520531	0.1128752	0.1892454	0.4032356	0.0000000	0.0000000
1265.0031208	1479.9963406	15234.8650488	2.4354366	-0.5720671	0.1109871	0.1839943	0.4125378	0.0000000	0.0000000
1260.0211049	1479.9963406	15229.9973633	2.4255775	-0.5924147	0.0798810	0.1735264	0.4071144	0.0000000	0.0000000
1255.0147454	1479.9963406	15224.9062109	2.4157183	-0.6124287	0.0556692	0.1589980	0.4031552	0.0000000	0.0000000
1250.0237205	1479.9963406	15219.8150586	2.4058592	-0.6327763	0.0328269	0.1408640	0.4114738	0.0000000	0.0000000
