1599.9954356	1489.9955430	15579.9023437	3.0631442	0.7508589	0.0189182	0.8035098	0.4105635	0.0000000	1490.0000000
1594.9925208	1489.9955430	15574.8041016	3.0531408	0.7308449	0.0396125	0.8587139	0.4165144	0.0000000	0.0000000
1589.9980278	1489.9955430	15569.9486328	3.0432817	0.7104973	0.0466584	0.8753610	0.4167495	0.0000000	0.0000000
1584.9953866	1489.9955430	15564.8503906	3.0334225	0.6904833	0.0427334	0.8717757	0.4131334	0.0000000	0.0000000
1579.9988693	1489.9955430	15559.7663867	3.0235634	0.6701358	0.0390347	0.8513429	0.4080565	0.0000000	0.0000000
1574.9903821	1489.9955430	15554.9267383	3.0137042	0.6497882	0.0382034	0.8624014	0.3991421	0.0000000	0.0000000
1569.9935429	1489.9955430	15549.8451074	3.0038451	0.6297742	0.0340475	0.8218251	0.4026213	0.0000000	0.0000000
1564.9910956	1489.9955430	15544.7634766	2.9939859	0.6094266	0.0298076	0.7914507	0.4098024	0.0000000	0.0000000
1559.9998645	1489.9955430	15539.9238281	2.9841268	0.5894126	0.0279619	0.7767931	0.4032659	0.0000000	0.0000000
1554.9972408	1489.9955430	15534.8586035	2.9742676	0.5690650	0.0251493	0.7627727	0.4080302	0.0000000	0.0000000
1549.9908346	1489.9955430	15529.7933789	2.9644085	0.5490510	0.0262520	0.7592107	0.4080020	0.0000000	0.0000000
1544.9998486	1489.9955430	15524.9693555	2.9545493	0.5287034	0.0300109	0.7354210	0.4145596	0.0000000	0.0000000
1539.9918854	1489.9955430	15519.9041309	2.9446901	0.5083558	0.0418606	0.7365333	0.4111188	0.0000000	0.0000000
1534.9961535	1489.9955430	15514.8420312	2.9348310	0.4883418	0.0636803	0.7257659	0.4169067	0.0000000	0.0000000
1529.9946542	1489.9955430	15509.7932129	2.9249718	0.4679943	0.0911157	0.7364640	0.3994507	0.0000000	0.0000000
1525.0057058	1489.9955430	15504.9848145	2.9151127	0.4479803	0.1114744	0.7358754	0.4033944	0.0000000	0.0000000
1519.9916865	1489.9955430	15499.9359961	2.9052535	0.4276327	0.0988304	0.7124823	0.4060228	0.0000000	0.0000000
1514.9965539	1489.9955430	15494.8871777	2.8953944	0.4072851	0.1034254	0.7131664	0.4030192	0.0000000	0.0000000
1509.9948860	1489.9955430	15489.8445312	2.8855352	0.3872711	0.1027386	0.7092719	0.4054202	0.0000000	0.0000000
1504.9991342	1489.9955430	15484.8119141	2.8756761	0.3669235	0.1008492	0.7162824	0.4110604	0.0000000	0.0000000
1499.9935148	1489.9955430	15479.7792969	2.8658169	0.3469095	0.0969095	0.7229600	0.4045689	0.0000000	0.0000000
1494.9945089	1489.9955430	15474.9863281	2.8559577	0.3265619	0.0929492	0.7177428	0.4085800	0.0000000	0.0000000
1489.9975133	1489.9955430	15469.9537109	2.8460986	0.3062144	0.0704110	0.7204783	0.4139360	0.0000000	0.0000000
1485.0010010	1489.9955430	15464.9302344	2.8362394	0.2862003	0.0390421	0.7195685	0.4069906	0.0000000	0.0000000
1479.9972092	1489.9955430	15459.9136133	2.8263803	0.2658528	0.0431827	0.7108403	0.4080558	0.0000000	0.0000000
1475.0006089	1489.9955430	15454.8969922	2.8165211	0.2458388	0.0918542	0.6967554	0.4100322	0.0000000	0.0000000
1470.0034186	1489.9955430	15449.8803711	2.8066620	0.2254912	0.1393849	0.6852887	0.4074528	0.0000000	0.0000000
1464.9996160	1489.9955430	15444.8637500	2.7968028	0.2051436	0.1477087	0.6848018	0.4084015	0.0000000	0.0000000
1460.0031723	1489.9955430	15439.8602441	2.7869437	0.1851296	0.1263849	0.6758755	0.4079878	0.0000000	0.0000000
1455.0066100	1489.9955430	15434.8598242	2.7770845	0.1647820	0.0826958	0.6715225	0.4123629	0.0000000	0.0000000
1449.9959945	1489.9955430	15429.8594043	2.7672254	0.1447680	0.0346719	0.6811607	0.4019619	0.0000000	0.0000000
1444.9966097	1489.9955430	15424.8589844	2.7573662	0.1244204	0.0173954	0.6648723	0.4096541	0.0000000	0.0000000
1440.0045771	1489.9955430	15419.8593262	2.7475070	0.1040729	0.0661821	0.6566566	0.4148828	0.0000000	0.0000000
1435.0050512	1489.9955430	15414.8749023	2.7376479	0.0840588	0.1677493	0.6405996	0.4076889	0.0000000	0.0000000
1429.9929097	1489.9955430	15409.8904785	2.7277887	0.0637113	0.2613531	0.6330565	0.4089718	0.0000000	0.0000000
1424.9928269	1489.9955430	15404.9060547	2.7179296	0.0436973	0.2848605	0.6269468	0.4058969	0.0000000	0.0000000
1420.0059019	1489.9955430	15399.9216309	2.7080704	0.0233497	0.2517566	0.6189170	0.4138759	0.0000000	0.0000000
1414.9937701	1489.9955430	15394.9417773	2.6982113	0.0033357	0.1840807	0.6051773	0.4150908	0.0000000	0.0000000
1409.9936575	1489.9955430	15389.9733496	2.6883521	-0.0170119	0.1403093	0.5961137	0.4109608	0.0000000	0.0000000
1404.9940311	1489.9955430	15384.7683301	2.6784930	-0.0373595	0.1078250	0.5904934	0.4160568	0.0000000	0.0000000
1399.9876626	1489.9955430	15379.7999023	2.6686338	-0.0573735	0.0821125	0.5691741	0.4128760	0.0000000	0.0000000
1394.9969913	1489.9955430	15374.8314746	2.6587746	-0.0777211	0.0642595	0.5570684	0.4201880	0.0000000	0.0000000
1389.9916327	1489.9955430	15369.8720703	2.6489155	-0.0977351	0.0562000	0.5581609	0.4147042	0.0000000	0.0000000
1385.0053575	1489.9955430	15364.9194336	2.6390563	-0.1180827	0.0515463	0.5488632	0.4096682	0.0000000	0.0000000
1379.9954919	1489.9955430	15359.9667969	2.6291972	-0.1384302	0.0322350	0.5504314	0.4069097	0.0000000	0.0000000
1374.9977128	1489.9955430	15354.7783203	2.6193380	-0.1584442	0.0252740	0.5214019	0.4130641	0.0000000	0.0000000
1369.9998590	1489.9955430	15349.8256836	2.6094789	-0.1787918	0.0535916	0.5230487	0.4151113	0.0000000	0.0000000
1364.9893972	1489.9955430	15344.8864062	2.5996197	-0.1988058	0.1089436	0.5176536	0.4084600	0.0000000	0.0000000
1360.0097601	1489.9955430	15339.9493555	2.5897606	-0.2191534	0.1784604	0.4793646	0.4076372	0.0000000	0.0000000
1354.9999390	1489.9955430	15334.7772070	2.5799014	-0.2395010	0.2024612	0.4685910	0.4104906	0.0000000	0.0000000
1349.9905185	1489.9955430	15329.8401562	2.5700423	-0.2595150	0.2008002	0.4563434	0.4094750	0.0000000	0.0000000
1344.9967843	1489.9955430	15324.9053613	2.5601831	-0.2798626	0.1252963	0.4374896	0.4129064	0.0000000	0.0000000
1340.0058595	1489.9955430	15319.9841016	2.5503239	-0.2998766	0.1363831	0.4319075	0.4133317	0.0000000	0.0000000
1335.0013764	1489.9955430	15314.8284961	2.5404648	-0.3202242	0.1466843	0.4177390	0.4086832	0.0000000	0.0000000
1330.0043482	1489.9955430	15309.9072363	2.5306056	-0.3405717	0.1978243	0.3918677	0.4218252	0.0000000	0.0000000
1325.0067276	1489.9955430	15304.9859766	2.5207465	-0.3605857	0.2040790	0.3780072	0.4184457	0.0000000	0.0000000
1320.0090417	1489.9955430	15299.8376953	2.5108873	-0.3809333	0.1556770	0.3616528	0.4156974	0.0000000	0.0000000
1314.9983984	1489.9955430	15294.9318164	2.5010282	-0.4009473	0.0933777	0.3488645	0.4189049	0.0000000	0.0000000
1309.9938559	1489.9955430	15289.7923242	2.4911690	-0.4212949	0.0658624	0.3400476	0.4086620	0.0000000	0.0000000
1305.0029693	1489.9955430	15284.8864453	2.4813099	-0.4413089	0.0406134	0.3177113	0.4224478	0.0000000	0.0000000
1300.0059589	1489.9955430	15279.9805664	2.4714507	-0.4616565	0.0381525	0.2995696	0.4262511	0.0000000	0.0000000
1295.0063540	1489.9955430	15274.8536914	2.4615915	-0.4820041	0.0490760	0.2952056	0.4165076	0.0000000	0.0000000
1290.0052150	1489.9955430	15269.9633984	2.4517324	-0.5020181	0.0644790	0.2747582	0.4172676	0.0000000	0.0000000
1285.0068833	1489.9955430	15264.8402344	2.4418732	-0.5223657	0.0784424	0.2544152	0.4151764	0.0000000	0.0000000
1280.0085301	1489.9955430	15259.9499414	2.4320141	-0.5423797	0.1039178	0.2379399	0.4190888	0.0000000	0.0000000
1275.0093966	1489.9955430	15254.8289746	2.4221549	-0.5627272	0.1949357	0.2214218	0.4243693	0.0000000	0.0000000
1270.0086294	1489.9955430	15249.9540625	2.4122958	-0.5830748	0.2806914	0.1936862	0.4198446	0.0000000	0.0000000
1264.9950068	1489.9955430	15244.8470117	2.4024366	-0.6030888	0.2660631	0.1908982	0.4155552	0.0000000	0.0000000
1260.0211049	1489.9955430	15239.9720996	2.3925775	-0.6234364	0.2119337	0.1749263	0.4195459	0.0000000	0.0000000
1255.0147454	1489.9955430	15234.8650488	2.3827183	-0.6434504	0.1368245	0.1717854	0.4178511	0.0000000	0.0000000
1250.0156050	1489.9955430	15229.9973633	2.3728592	-0.6637980	0.0706267	0.1550713	0.4227960	0.0000000	0.0000000
