1599.9954356	1274.9966140	15364.9194336	3.7726408	1.4176590	0.0453723	0.7899768	0.1623936	0.0000000	1275.0000000
1594.9925208	1274.9966140	15359.9667969	3.7626408	1.3973115	0.0649905	0.8594242	0.1559358	0.0000000	0.0000000
1589.9980278	1274.9966140	15354.7783203	3.7527817	1.3769639	0.0696915	0.8640038	0.1623068	0.0000000	0.0000000
1584.9897793	1274.9966140	15349.8256836	3.7429225	1.3569499	0.0547064	0.8699756	0.1655332	0.0000000	0.0000000
1579.9932605	1274.9966140	15344.8864062	3.7330634	1.3366023	0.0417704	0.8479105	0.1635555	0.0000000	0.0000000
1574.9903821	1274.9966140	15339.9493555	3.7232042	1.3165883	0.0351561	0.8361099	0.1600520	0.0000000	0.0000000
1569.9879348	1274.9966140	15334.7772070	3.7133451	1.2962407	0.0304291	0.8428484	0.1605352	0.0000000	0.0000000
1564.9854875	1274.9966140	15329.8401562	3.7034859	1.2758931	0.0274312	0.7853746	0.1583286	0.0000000	0.0000000
1559.9942564	1274.9966140	15324.9053613	3.6936268	1.2558791	0.0254958	0.7630862	0.1595404	0.0000000	0.0000000
1554.9972408	1274.9966140	15319.9841016	3.6837676	1.2355315	0.0306229	0.7593513	0.1569795	0.0000000	0.0000000
1549.9908346	1274.9966140	15314.8284961	3.6739085	1.2155175	0.0354968	0.7359638	0.1598918	0.0000000	0.0000000
1544.9998486	1274.9966140	15309.9072363	3.6640493	1.1951700	0.0706918	0.7363251	0.1547909	0.0000000	0.0000000
1539.9918854	1274.9966140	15304.9859766	3.6541901	1.1748224	0.1100081	0.7200733	0.1602175	0.0000000	0.0000000
1534.9961535	1274.9966140	15299.8376953	3.6443310	1.1548084	0.1389857	0.7042399	0.1629442	0.0000000	0.0000000
1529.9946542	1274.9966140	15294.9318164	3.6344718	1.1344608	0.1917885	0.7302667	0.1603776	0.0000000	0.0000000
1524.9994304	1274.9966140	15289.7923242	3.6246127	1.1144468	0.2801456	0.7168666	0.1598734	0.0000000	0.0000000
1519.9916865	1274.9966140	15284.8864453	3.6147535	1.0940992	0.3303761	0.7198471	0.1590978	0.0000000	0.0000000
1514.9902785	1274.9966140	15279.9805664	3.6048944	1.0737516	0.4318328	0.6978190	0.1629907	0.0000000	0.0000000
1509.9948860	1274.9966140	15274.8536914	3.5950352	1.0537376	0.4098234	0.7038497	0.1604612	0.0000000	0.0000000
1504.9928588	1274.9966140	15269.9633984	3.5851761	1.0333900	0.3012153	0.7115903	0.1620133	0.0000000	0.0000000
1499.9935148	1274.9966140	15264.8402344	3.5753169	1.0133760	0.2149316	0.7062005	0.1569811	0.0000000	0.0000000
1494.9945089	1274.9966140	15259.9499414	3.5654577	0.9930285	0.1655896	0.7277893	0.1545795	0.0000000	0.0000000
1489.9975133	1274.9966140	15254.8289746	3.5555986	0.9730144	0.1364271	0.7368544	0.1587184	0.0000000	0.0000000
1485.0010010	1274.9966140	15249.9540625	3.5457394	0.9526669	0.0780399	0.7332122	0.1601373	0.0000000	0.0000000
1479.9972092	1274.9966140	15244.8470117	3.5358803	0.9323193	0.0406747	0.7069429	0.1543286	0.0000000	0.0000000
1474.9938468	1274.9966140	15239.9720996	3.5260211	0.9123053	0.0447789	0.6949899	0.1602507	0.0000000	0.0000000
1470.0034186	1274.9966140	15234.8650488	3.5161620	0.8919577	0.0892400	0.7028060	0.1596848	0.0000000	0.0000000
1464.9928549	1274.9966140	15229.9973633	3.5063028	0.8719437	0.1155228	0.6818262	0.1579680	0.0000000	0.0000000
1459.9964112	1274.9966140	15224.9062109	3.4964437	0.8515961	0.1082905	0.6832268	0.1608723	0.0000000	0.0000000
1455.0066100	1274.9966140	15219.8150586	3.4865845	0.8312485	0.0788861	0.6867691	0.1612011	0.0000000	0.0000000
1449.9892324	1274.9966140	15214.9553223	3.4767254	0.8112345	0.0441403	0.6797349	0.1633755	0.0000000	0.0000000
1444.9966097	1274.9966140	15209.8641699	3.4668662	0.7908870	0.0280331	0.6605567	0.1617183	0.0000000	0.0000000
1439.9920783	1274.9966140	15204.7869336	3.4570070	0.7708729	0.0615544	0.6604711	0.1568451	0.0000000	0.0000000
1435.0050512	1274.9966140	15199.9425781	3.4471479	0.7505254	0.1332540	0.6419037	0.1589600	0.0000000	0.0000000
1429.9929097	1274.9966140	15194.8675391	3.4372887	0.7301778	0.2143169	0.6342717	0.1562859	0.0000000	0.0000000
1424.9928269	1274.9966140	15189.7925000	3.4274296	0.7101638	0.2020391	0.6187277	0.1612787	0.0000000	0.0000000
1420.0059019	1274.9966140	15184.9517090	3.4175704	0.6898162	0.1867250	0.6192637	0.1546400	0.0000000	0.0000000
1414.9875199	1274.9966140	15179.8923535	3.4077113	0.6698022	0.1494348	0.6053015	0.1480112	0.0000000	0.0000000
1409.9936575	1274.9966140	15174.8329980	3.3978521	0.6494546	0.1057737	0.5932107	0.1595468	0.0000000	0.0000000
1405.0002814	1274.9966140	15169.7736426	3.3879930	0.6291070	0.0962383	0.5905039	0.1575793	0.0000000	0.0000000
1399.9876626	1274.9966140	15164.9442578	3.3781338	0.6090930	0.0716752	0.5802714	0.1587091	0.0000000	0.0000000
1394.9969913	1274.9966140	15159.8950195	3.3682746	0.5887455	0.0457915	0.5610538	0.1581744	0.0000000	0.0000000
1389.9916327	1274.9966140	15154.8515625	3.3584155	0.5687314	0.0516914	0.5575978	0.1595162	0.0000000	0.0000000
1384.9993143	1274.9966140	15149.8081055	3.3485563	0.5483839	0.0516106	0.5432454	0.1589673	0.0000000	0.0000000
1379.9894486	1274.9966140	15144.9938965	3.3386972	0.5283699	0.0386824	0.5379164	0.1598817	0.0000000	0.0000000
1374.9977128	1274.9966140	15139.9511523	3.3288380	0.5080223	0.0332026	0.5357097	0.1624006	0.0000000	0.0000000
1369.9938149	1274.9966140	15134.9233789	3.3189789	0.4876747	0.0346711	0.5134988	0.1588364	0.0000000	0.0000000
1364.9893972	1274.9966140	15129.8956055	3.3091197	0.4676607	0.0605087	0.5150007	0.1574425	0.0000000	0.0000000
1359.9976739	1274.9966140	15124.8678320	3.2992606	0.4473131	0.1176819	0.4763936	0.1583893	0.0000000	0.0000000
1354.9938949	1274.9966140	15119.8400586	3.2894014	0.4272991	0.1880706	0.4820133	0.1564393	0.0000000	0.0000000
1349.9842500	1274.9966140	15114.8202344	3.2795423	0.4069515	0.1633624	0.4563512	0.1590573	0.0000000	0.0000000
1344.9967843	1274.9966140	15109.8083594	3.2696831	0.3866040	0.1497802	0.4517474	0.1586331	0.0000000	0.0000000
1340.0058595	1274.9966140	15104.7964844	3.2598239	0.3665899	0.0949550	0.4246325	0.1584738	0.0000000	0.0000000
1334.9945685	1274.9966140	15099.7846094	3.2499648	0.3462424	0.1027767	0.4230872	0.1583190	0.0000000	0.0000000
1329.9975394	1274.9966140	15094.7727344	3.2401056	0.3262284	0.1680770	0.4082155	0.1553402	0.0000000	0.0000000
1324.9999187	1274.9966140	15089.7762402	3.2302465	0.3058808	0.2211283	0.3913689	0.1567124	0.0000000	0.0000000
1320.0022339	1274.9966140	15084.7804785	3.2203873	0.2855332	0.1638375	0.3718516	0.1583690	0.0000000	0.0000000
1314.9915895	1274.9966140	15079.7847168	3.2105282	0.2655192	0.1063530	0.3576566	0.1540808	0.0000000	0.0000000
1309.9938559	1274.9966140	15074.7889551	3.2006690	0.2451716	0.0799877	0.3361000	0.1590092	0.0000000	0.0000000
1304.9961614	1274.9966140	15069.7997852	3.1908099	0.2251576	0.0723865	0.3218668	0.1572151	0.0000000	0.0000000
1299.9991501	1274.9966140	15064.8201367	3.1809507	0.2048100	0.0519045	0.3065222	0.1509905	0.0000000	0.0000000
1294.9989791	1274.9966140	15059.8404883	3.1710915	0.1844625	0.0553077	0.2972992	0.1541118	0.0000000	0.0000000
1290.0052150	1274.9966140	15054.8608398	3.1612324	0.1644484	0.0663052	0.2742203	0.1516693	0.0000000	0.0000000
1285.0068833	1274.9966140	15049.8811914	3.1513732	0.1441009	0.0812822	0.2525223	0.1534734	0.0000000	0.0000000
1280.0011129	1274.9966140	15044.9154590	3.1415141	0.1240869	0.0839971	0.2466047	0.1545585	0.0000000	0.0000000
1275.0093966	1274.9966140	15039.9519238	3.1316549	0.1037393	0.1437489	0.2275648	0.1557090	0.0000000	0.0000000
1270.0009934	1274.9966140	15034.9883887	3.1217958	0.0833917	0.2465109	0.2118214	0.1540873	0.0000000	0.0000000
1264.9950068	1274.9966140	15029.7992383	3.1119366	0.0633777	0.2791832	0.1991278	0.1580543	0.0000000	0.0000000
1260.0048768	1274.9966140	15024.8417187	3.1020775	0.0430301	0.2593616	0.1816382	0.1532316	0.0000000	0.0000000
1255.0147454	1274.9966140	15019.8947266	3.0922183	0.0230161	0.1730991	0.1708185	0.1552791	0.0000000	0.0000000
1250.0156050	1274.9966140	15014.9477344	3.0823592	0.0026685	0.0966537	0.1613900	0.1601454	0.0000000	0.0000000
