1599.9954356	1284.9995733	15374.8314746	3.7396177	1.3866373	0.0173357	0.8164218	0.1813877	0.0000000	1285.0000000
1594.9925208	1284.9995733	15369.8720703	3.7296408	1.3662897	0.0367845	0.8569673	0.1810776	0.0000000	0.0000000
1589.9980278	1284.9995733	15364.9194336	3.7197817	1.3459422	0.0395514	0.8675762	0.1799523	0.0000000	0.0000000
1584.9897793	1284.9995733	15359.9667969	3.7099225	1.3259281	0.0389827	0.8846738	0.1798084	0.0000000	0.0000000
1579.9932605	1284.9995733	15354.7783203	3.7000634	1.3055806	0.0306646	0.8695845	0.1805330	0.0000000	0.0000000
1574.9903821	1284.9995733	15349.8256836	3.6902042	1.2855666	0.0263015	0.8631718	0.1782544	0.0000000	0.0000000
1569.9879348	1284.9995733	15344.8864062	3.6803451	1.2652190	0.0258171	0.8400535	0.1802640	0.0000000	0.0000000
1564.9854875	1284.9995733	15339.9493555	3.6704859	1.2448714	0.0223124	0.8020203	0.1796450	0.0000000	0.0000000
1559.9942564	1284.9995733	15334.7772070	3.6606268	1.2248574	0.0224744	0.7779715	0.1792012	0.0000000	0.0000000
1554.9916320	1284.9995733	15329.8401562	3.6507676	1.2045098	0.0243334	0.7827864	0.1799392	0.0000000	0.0000000
1549.9908346	1284.9995733	15324.9053613	3.6409085	1.1844958	0.0355210	0.7630457	0.1758654	0.0000000	0.0000000
1544.9935732	1284.9995733	15319.9841016	3.6310493	1.1641482	0.0562643	0.7573031	0.1799105	0.0000000	0.0000000
1539.9918854	1284.9995733	15314.8284961	3.6211901	1.1438007	0.0832719	0.7436079	0.1781803	0.0000000	0.0000000
1534.9898781	1284.9995733	15309.9072363	3.6113310	1.1237867	0.1063683	0.7385296	0.1755574	0.0000000	0.0000000
1529.9946542	1284.9995733	15304.9859766	3.6014718	1.1034391	0.1413873	0.7370099	0.1788119	0.0000000	0.0000000
1524.9994304	1284.9995733	15299.8376953	3.5916127	1.0834251	0.1738026	0.7407543	0.1794635	0.0000000	0.0000000
1519.9916865	1284.9995733	15294.9318164	3.5817535	1.0630775	0.2154572	0.7204747	0.1809530	0.0000000	0.0000000
1514.9965539	1284.9995733	15289.7923242	3.5718944	1.0430635	0.2351821	0.7129673	0.1798212	0.0000000	0.0000000
1509.9948860	1284.9995733	15284.8864453	3.5620352	1.0227159	0.2115775	0.7151620	0.1780221	0.0000000	0.0000000
1504.9928588	1284.9995733	15279.9805664	3.5521761	1.0023683	0.1645999	0.7093892	0.1806858	0.0000000	0.0000000
1499.9871832	1284.9995733	15274.8536914	3.5423169	0.9823543	0.1295367	0.7148527	0.1810448	0.0000000	0.0000000
1494.9877468	1284.9995733	15269.9633984	3.5324577	0.9620067	0.1078519	0.7217627	0.1792584	0.0000000	0.0000000
1489.9907524	1284.9995733	15264.8402344	3.5225986	0.9419927	0.0833313	0.7441508	0.1791102	0.0000000	0.0000000
1485.0010010	1284.9995733	15259.9499414	3.5127394	0.9216452	0.0458564	0.7132184	0.1809002	0.0000000	0.0000000
1479.9972092	1284.9995733	15254.8289746	3.5028803	0.9012976	0.0264347	0.7037293	0.1789288	0.0000000	0.0000000
1474.9938468	1284.9995733	15249.9540625	3.4930211	0.8812836	0.0401478	0.6921088	0.1826389	0.0000000	0.0000000
1470.0034186	1284.9995733	15244.8470117	3.4831620	0.8609360	0.0681099	0.7027931	0.1814506	0.0000000	0.0000000
1464.9928549	1284.9995733	15239.9720996	3.4733028	0.8409220	0.0897615	0.6863516	0.1798264	0.0000000	0.0000000
1459.9964112	1284.9995733	15234.8650488	3.4634437	0.8205744	0.0785175	0.6690897	0.1793685	0.0000000	0.0000000
1455.0066100	1284.9995733	15229.9973633	3.4535845	0.8002268	0.0510066	0.6568181	0.1815538	0.0000000	0.0000000
1449.9892324	1284.9995733	15224.9062109	3.4437254	0.7802128	0.0272672	0.6643732	0.1765392	0.0000000	0.0000000
1444.9966097	1284.9995733	15219.8150586	3.4338662	0.7598652	0.0171576	0.6680689	0.1815675	0.0000000	0.0000000
1439.9920783	1284.9995733	15214.9553223	3.4240070	0.7398512	0.0379354	0.6493351	0.1748611	0.0000000	0.0000000
1434.9988018	1284.9995733	15209.8641699	3.4141479	0.7195037	0.0963928	0.6358687	0.1732872	0.0000000	0.0000000
1429.9929097	1284.9995733	15204.7869336	3.4042887	0.6991561	0.1541288	0.6177551	0.1753229	0.0000000	0.0000000
1424.9928269	1284.9995733	15199.9425781	3.3944296	0.6791421	0.1634233	0.6238501	0.1722599	0.0000000	0.0000000
1420.0059019	1284.9995733	15194.8675391	3.3845704	0.6587945	0.1357711	0.6094314	0.1730552	0.0000000	0.0000000
1414.9875199	1284.9995733	15189.7925000	3.3747113	0.6387805	0.1121128	0.5991642	0.1699127	0.0000000	0.0000000
1409.9936575	1284.9995733	15184.9517090	3.3648521	0.6184329	0.0880123	0.5772020	0.1725828	0.0000000	0.0000000
1404.9940311	1284.9995733	15179.8923535	3.3549930	0.5984189	0.0643088	0.5863889	0.1754911	0.0000000	0.0000000
1399.9876626	1284.9995733	15174.8329980	3.3451338	0.5780713	0.0577899	0.5695344	0.1738652	0.0000000	0.0000000
1394.9969913	1284.9995733	15169.7736426	3.3352746	0.5577237	0.0445332	0.5496785	0.1752543	0.0000000	0.0000000
1389.9855886	1284.9995733	15164.9442578	3.3254155	0.5377097	0.0430150	0.5437383	0.1750509	0.0000000	0.0000000
1384.9993143	1284.9995733	15159.8950195	3.3155563	0.5173622	0.0379780	0.5386865	0.1700341	0.0000000	0.0000000
1379.9954919	1284.9995733	15154.8515625	3.3056972	0.4973481	0.0325394	0.5429564	0.1723001	0.0000000	0.0000000
1374.9977128	1284.9995733	15149.8081055	3.2958380	0.4770006	0.0237078	0.5121210	0.1735398	0.0000000	0.0000000
1369.9938149	1284.9995733	15144.9938965	3.2859789	0.4566530	0.0270079	0.5140059	0.1779232	0.0000000	0.0000000
1364.9893972	1284.9995733	15139.9511523	3.2761197	0.4366390	0.0525909	0.4869801	0.1800522	0.0000000	0.0000000
1359.9976739	1284.9995733	15134.9233789	3.2662606	0.4162914	0.0934424	0.4699885	0.1801443	0.0000000	0.0000000
1354.9999390	1284.9995733	15129.8956055	3.2564014	0.3962774	0.1377646	0.4597063	0.1803240	0.0000000	0.0000000
1349.9905185	1284.9995733	15124.8678320	3.2465423	0.3759298	0.1366556	0.4526062	0.1750394	0.0000000	0.0000000
1344.9967843	1284.9995733	15119.8400586	3.2366831	0.3555822	0.1138905	0.4447007	0.1759995	0.0000000	0.0000000
1340.0058595	1284.9995733	15114.8202344	3.2268239	0.3355682	0.0775945	0.4259015	0.1770496	0.0000000	0.0000000
1334.9945685	1284.9995733	15109.8083594	3.2169648	0.3152207	0.0755432	0.4079949	0.1751191	0.0000000	0.0000000
1329.9975394	1284.9995733	15104.7964844	3.2071056	0.2952066	0.1039532	0.3862512	0.1798623	0.0000000	0.0000000
1324.9999187	1284.9995733	15099.7846094	3.1972465	0.2748591	0.1428958	0.3798535	0.1738669	0.0000000	0.0000000
1320.0022339	1284.9995733	15094.7727344	3.1873873	0.2545115	0.1157916	0.3510461	0.1766085	0.0000000	0.0000000
1314.9915895	1284.9995733	15089.7762402	3.1775282	0.2344975	0.0836333	0.3271928	0.1732963	0.0000000	0.0000000
1309.9938559	1284.9995733	15084.7804785	3.1676690	0.2141499	0.0652605	0.3218810	0.1748313	0.0000000	0.0000000
1304.9961614	1284.9995733	15079.7847168	3.1578099	0.1941359	0.0603851	0.3084598	0.1795341	0.0000000	0.0000000
1300.0059589	1284.9995733	15074.7889551	3.1479507	0.1737883	0.0457474	0.2882438	0.1810248	0.0000000	0.0000000
1294.9989791	1284.9995733	15069.7997852	3.1380915	0.1537743	0.0389971	0.2767893	0.1789381	0.0000000	0.0000000
1290.0052150	1284.9995733	15064.8201367	3.1282324	0.1334267	0.0499326	0.2572152	0.1786200	0.0000000	0.0000000
1285.0068833	1284.9995733	15059.8404883	3.1183732	0.1130792	0.0516584	0.2402061	0.1762393	0.0000000	0.0000000
1280.0011129	1284.9995733	15054.8608398	3.1085141	0.0930651	0.0806919	0.2324938	0.1806132	0.0000000	0.0000000
1275.0019807	1284.9995733	15049.8811914	3.0986549	0.0727176	0.0976056	0.2108234	0.1807653	0.0000000	0.0000000
1270.0009934	1284.9995733	15044.9154590	3.0887958	0.0527036	0.1612527	0.1896008	0.1828042	0.0000000	0.0000000
1265.0031208	1284.9995733	15039.9519238	3.0789366	0.0323560	0.2280614	0.1766675	0.1818464	0.0000000	0.0000000
1260.0048768	1284.9995733	15034.9883887	3.0690775	0.0120084	0.1774449	0.1703811	0.1782410	0.0000000	0.0000000
1255.0147454	1284.9995733	15029.7992383	3.0592183	-0.0080056	0.1053062	0.1558062	0.1756290	0.0000000	0.0000000
1250.0156050	1284.9995733	15024.8417187	3.0493592	-0.0283532	0.0789272	0.1462789	0.1760724	0.0000000	0.0000000
