1599.9954356	1384.9949446	15474.9863281	3.4093866	1.0764202	0.0076489	0.7927747	0.2820137	0.0000000	1385.0000000
1594.9866363	1384.9949446	15469.9537109	3.3996408	1.0564062	0.0361647	0.8837717	0.2809351	0.0000000	0.0000000
1589.9980278	1384.9949446	15464.9302344	3.3897817	1.0360586	0.0461954	0.8764695	0.2844458	0.0000000	0.0000000
1584.9897793	1384.9949446	15459.9136133	3.3799225	1.0157110	0.0369550	0.8710862	0.2844622	0.0000000	0.0000000
1579.9932605	1384.9949446	15454.8969922	3.3700634	0.9956970	0.0330898	0.8381049	0.2887408	0.0000000	0.0000000
1574.9847739	1384.9949446	15449.8803711	3.3602042	0.9753494	0.0262632	0.8383604	0.2863906	0.0000000	0.0000000
1569.9935429	1384.9949446	15444.8637500	3.3503451	0.9553354	0.0213379	0.8272483	0.2869020	0.0000000	0.0000000
1564.9854875	1384.9949446	15439.8602441	3.3404859	0.9349878	0.0172827	0.7942091	0.2835792	0.0000000	0.0000000
1559.9998645	1384.9949446	15434.8598242	3.3306268	0.9149738	0.0246289	0.7885037	0.2866866	0.0000000	0.0000000
1554.9972408	1384.9949446	15429.8594043	3.3207676	0.8946262	0.0278912	0.7675165	0.2819844	0.0000000	0.0000000
1549.9908346	1384.9949446	15424.8589844	3.3109085	0.8742787	0.0382687	0.7488604	0.2862134	0.0000000	0.0000000
1544.9998486	1384.9949446	15419.8593262	3.3010493	0.8542647	0.0615369	0.7630509	0.2836353	0.0000000	0.0000000
1539.9918854	1384.9949446	15414.8749023	3.2911901	0.8339171	0.0675194	0.7360475	0.2851655	0.0000000	0.0000000
1534.9898781	1384.9949446	15409.8904785	3.2813310	0.8139031	0.0886907	0.7295172	0.2902086	0.0000000	0.0000000
1529.9946542	1384.9949446	15404.9060547	3.2714718	0.7935555	0.1082126	0.7431205	0.2887540	0.0000000	0.0000000
1524.9994304	1384.9949446	15399.9216309	3.2616127	0.7732079	0.1332029	0.7307389	0.2894125	0.0000000	0.0000000
1519.9854112	1384.9949446	15394.9417773	3.2517535	0.7531939	0.1744615	0.7248969	0.2823058	0.0000000	0.0000000
1514.9965539	1384.9949446	15389.9733496	3.2418944	0.7328463	0.1683433	0.7217283	0.2849089	0.0000000	0.0000000
1509.9948860	1384.9949446	15384.7683301	3.2320352	0.7128323	0.1645549	0.7120963	0.2847604	0.0000000	0.0000000
1504.9928588	1384.9949446	15379.7999023	3.2221761	0.6924847	0.1377179	0.7132208	0.2875787	0.0000000	0.0000000
1499.9935148	1384.9949446	15374.8314746	3.2123169	0.6721372	0.0919879	0.7293794	0.2767063	0.0000000	0.0000000
1494.9877468	1384.9949446	15369.8720703	3.2024577	0.6521232	0.0730371	0.7349490	0.2791715	0.0000000	0.0000000
1489.9975133	1384.9949446	15364.9194336	3.1925986	0.6317756	0.0551898	0.7262583	0.2829677	0.0000000	0.0000000
1485.0010010	1384.9949446	15359.9667969	3.1827394	0.6117616	0.0291086	0.7245709	0.2871154	0.0000000	0.0000000
1479.9904481	1384.9949446	15354.7783203	3.1728803	0.5914140	0.0171733	0.7151850	0.2763757	0.0000000	0.0000000
1474.9870847	1384.9949446	15349.8256836	3.1630211	0.5710664	0.0293403	0.6893381	0.2918283	0.0000000	0.0000000
1469.9966565	1384.9949446	15344.8864062	3.1531620	0.5510524	0.0537130	0.6999179	0.2792344	0.0000000	0.0000000
1464.9928549	1384.9949446	15339.9493555	3.1433028	0.5307048	0.0744711	0.6796436	0.2757559	0.0000000	0.0000000
1459.9964112	1384.9949446	15334.7772070	3.1334437	0.5106908	0.0663837	0.6659220	0.2854032	0.0000000	0.0000000
1455.0066100	1384.9949446	15329.8401562	3.1235845	0.4903432	0.0482775	0.6830071	0.2797679	0.0000000	0.0000000
1449.9892324	1384.9949446	15324.9053613	3.1137254	0.4699957	0.0242008	0.6637101	0.2887294	0.0000000	0.0000000
1444.9966097	1384.9949446	15319.9841016	3.1038662	0.4499817	0.0150703	0.6824710	0.2893720	0.0000000	0.0000000
1439.9983277	1384.9949446	15314.8284961	3.0940070	0.4296341	0.0394688	0.6562686	0.2881403	0.0000000	0.0000000
1435.0050512	1384.9949446	15309.9072363	3.0841479	0.4096201	0.0871232	0.6439539	0.2836621	0.0000000	0.0000000
1429.9929097	1384.9949446	15304.9859766	3.0742887	0.3892725	0.1430679	0.6338424	0.2842216	0.0000000	0.0000000
1424.9928269	1384.9949446	15299.8376953	3.0644296	0.3692585	0.1456469	0.6118555	0.2865032	0.0000000	0.0000000
1419.9996525	1384.9949446	15294.9318164	3.0545704	0.3489109	0.1327211	0.6094938	0.2853318	0.0000000	0.0000000
1414.9875199	1384.9949446	15289.7923242	3.0447113	0.3285633	0.1138888	0.6045286	0.2829887	0.0000000	0.0000000
1409.9936575	1384.9949446	15284.8864453	3.0348521	0.3085493	0.0951227	0.5939362	0.2850304	0.0000000	0.0000000
1404.9940311	1384.9949446	15279.9805664	3.0249930	0.2882017	0.0743807	0.5773617	0.2864587	0.0000000	0.0000000
1399.9876626	1384.9949446	15274.8536914	3.0151338	0.2681877	0.0537339	0.5584712	0.2876161	0.0000000	0.0000000
1394.9969913	1384.9949446	15269.9633984	3.0052746	0.2478402	0.0514397	0.5646455	0.2851925	0.0000000	0.0000000
1389.9855886	1384.9949446	15264.8402344	2.9954155	0.2274926	0.0476964	0.5493998	0.2862867	0.0000000	0.0000000
1384.9993143	1384.9949446	15259.9499414	2.9855563	0.2074786	0.0490013	0.5357205	0.2878190	0.0000000	0.0000000
1379.9954919	1384.9949446	15254.8289746	2.9756972	0.1871310	0.0375697	0.5328895	0.2812828	0.0000000	0.0000000
1374.9977128	1384.9949446	15249.9540625	2.9658380	0.1671170	0.0234226	0.5189954	0.2820429	0.0000000	0.0000000
1369.9938149	1384.9949446	15244.8470117	2.9559789	0.1467694	0.0151752	0.5182130	0.2777647	0.0000000	0.0000000
1364.9893972	1384.9949446	15239.9720996	2.9461197	0.1264218	0.0239733	0.4921188	0.2850929	0.0000000	0.0000000
1360.0037170	1384.9949446	15234.8650488	2.9362606	0.1064078	0.0577268	0.4812271	0.2903883	0.0000000	0.0000000
1354.9938949	1384.9949446	15229.9973633	2.9264014	0.0860602	0.0899803	0.4767166	0.2865496	0.0000000	0.0000000
1349.9842500	1384.9949446	15224.9062109	2.9165423	0.0660462	0.0857001	0.4579937	0.2863226	0.0000000	0.0000000
1344.9967843	1384.9949446	15219.8150586	2.9066831	0.0456987	0.0768329	0.4345114	0.2854075	0.0000000	0.0000000
1340.0058595	1384.9949446	15214.9553223	2.8968239	0.0253511	0.0647174	0.4194670	0.2817247	0.0000000	0.0000000
1334.9945685	1384.9949446	15209.8641699	2.8869648	0.0053371	0.0704037	0.3968894	0.2857199	0.0000000	0.0000000
1329.9975394	1384.9949446	15204.7869336	2.8771056	-0.0150105	0.0989188	0.3940502	0.2841647	0.0000000	0.0000000
1325.0067276	1384.9949446	15199.9425781	2.8672465	-0.0350245	0.1042539	0.3791621	0.2851896	0.0000000	0.0000000
1320.0022339	1384.9949446	15194.8675391	2.8573873	-0.0553721	0.1019729	0.3604360	0.2772880	0.0000000	0.0000000
1314.9983984	1384.9949446	15189.7925000	2.8475282	-0.0753861	0.0585742	0.3320787	0.2798561	0.0000000	0.0000000
1309.9938559	1384.9949446	15184.9517090	2.8376690	-0.0957337	0.0451168	0.3206602	0.2759366	0.0000000	0.0000000
1304.9961614	1384.9949446	15179.8923535	2.8278099	-0.1160813	0.0469170	0.3082451	0.2695553	0.0000000	0.0000000
1300.0059589	1384.9949446	15174.8329980	2.8179507	-0.1360953	0.0428483	0.2979727	0.2799442	0.0000000	0.0000000
1294.9989791	1384.9949446	15169.7736426	2.8080915	-0.1564428	0.0384860	0.2762649	0.2783814	0.0000000	0.0000000
1290.0052150	1384.9949446	15164.9442578	2.7982324	-0.1764569	0.0461180	0.2571967	0.2777636	0.0000000	0.0000000
1285.0068833	1384.9949446	15159.8950195	2.7883732	-0.1968044	0.0395004	0.2527697	0.2839055	0.0000000	0.0000000
1280.0011129	1384.9949446	15154.8515625	2.7785141	-0.2171520	0.0502000	0.2355386	0.2738580	0.0000000	0.0000000
1275.0019807	1384.9949446	15149.8081055	2.7686549	-0.2371660	0.0780613	0.2168475	0.2772730	0.0000000	0.0000000
1270.0009934	1384.9949446	15144.9938965	2.7587958	-0.2575136	0.1230513	0.1905934	0.2764790	0.0000000	0.0000000
1264.9950068	1384.9949446	15139.9511523	2.7489366	-0.2775276	0.1387129	0.1815408	0.2835606	0.0000000	0.0000000
1260.0129909	1384.9949446	15134.9233789	2.7390775	-0.2978752	0.1110549	0.1683116	0.2810645	0.0000000	0.0000000
1255.0147454	1384.9949446	15129.8956055	2.7292183	-0.3182228	0.0912715	0.1595859	0.2881071	0.0000000	0.0000000
1250.0156050	1384.9949446	15124.8678320	2.7193592	-0.3382368	0.0609761	0.1513544	0.2815223	0.0000000	0.0000000
