1599.9894452	1329.9913050	15419.8593262	3.5908469	1.2468728	0.0342458	0.8088804	0.2396324	0.0000000	1330.0000000
1594.9925208	1329.9913050	15414.8749023	3.5811408	1.2268588	0.0804585	0.8713911	0.2330735	0.0000000	0.0000000
1590.0036367	1329.9913050	15409.8904785	3.5712817	1.2065112	0.0935677	0.8981924	0.2340145	0.0000000	0.0000000
1584.9953866	1329.9913050	15404.9060547	3.5614225	1.1864972	0.0671742	0.9022062	0.2306116	0.0000000	0.0000000
1579.9932605	1329.9913050	15399.9216309	3.5515634	1.1661496	0.0575507	0.8958666	0.2272384	0.0000000	0.0000000
1574.9903821	1329.9913050	15394.9417773	3.5417042	1.1458021	0.0425537	0.8598247	0.2377157	0.0000000	0.0000000
1569.9879348	1329.9913050	15389.9733496	3.5318451	1.1257881	0.0302898	0.8367197	0.2385496	0.0000000	0.0000000
1564.9910956	1329.9913050	15384.7683301	3.5219859	1.1054405	0.0266027	0.8028464	0.2370425	0.0000000	0.0000000
1559.9998645	1329.9913050	15379.7999023	3.5121268	1.0854265	0.0269934	0.7658185	0.2377072	0.0000000	0.0000000
1554.9972408	1329.9913050	15374.8314746	3.5022676	1.0650789	0.0362365	0.7659375	0.2417011	0.0000000	0.0000000
1549.9908346	1329.9913050	15369.8720703	3.4924085	1.0447313	0.0483478	0.7629533	0.2405338	0.0000000	0.0000000
1544.9998486	1329.9913050	15364.9194336	3.4825493	1.0247173	0.0783022	0.7551395	0.2342128	0.0000000	0.0000000
1539.9918854	1329.9913050	15359.9667969	3.4726901	1.0043697	0.1368955	0.7616206	0.2381307	0.0000000	0.0000000
1534.9961535	1329.9913050	15354.7783203	3.4628310	0.9843557	0.2156798	0.7674961	0.2322615	0.0000000	0.0000000
1529.9946542	1329.9913050	15349.8256836	3.4529718	0.9640081	0.2655503	0.7583388	0.2327826	0.0000000	0.0000000
1525.0057058	1329.9913050	15344.8864062	3.4431127	0.9439941	0.3890739	0.7586784	0.2338828	0.0000000	0.0000000
1519.9916865	1329.9913050	15339.9493555	3.4332535	0.9236466	0.4358273	0.7379325	0.2315872	0.0000000	0.0000000
1514.9965539	1329.9913050	15334.7772070	3.4233944	0.9032990	0.4586558	0.7093407	0.2439128	0.0000000	0.0000000
1509.9948860	1329.9913050	15329.8401562	3.4135352	0.8832850	0.4113606	0.7049069	0.2418511	0.0000000	0.0000000
1504.9928588	1329.9913050	15324.9053613	3.4036761	0.8629374	0.3585699	0.7088269	0.2368071	0.0000000	0.0000000
1499.9998464	1329.9913050	15319.9841016	3.3938169	0.8429234	0.2784141	0.7287506	0.2427269	0.0000000	0.0000000
1494.9945089	1329.9913050	15314.8284961	3.3839577	0.8225758	0.2255410	0.7550740	0.2331918	0.0000000	0.0000000
1489.9975133	1329.9913050	15309.9072363	3.3740986	0.8022282	0.1689031	0.7551188	0.2404551	0.0000000	0.0000000
1485.0010010	1329.9913050	15304.9859766	3.3642394	0.7822142	0.0912736	0.7417566	0.2432485	0.0000000	0.0000000
1479.9972092	1329.9913050	15299.8376953	3.3543803	0.7618666	0.0430769	0.7406489	0.2395770	0.0000000	0.0000000
1475.0006089	1329.9913050	15294.9318164	3.3445211	0.7418526	0.0614578	0.7328977	0.2410487	0.0000000	0.0000000
1470.0101807	1329.9913050	15289.7923242	3.3346620	0.7215051	0.1068483	0.6965695	0.2381657	0.0000000	0.0000000
1464.9996160	1329.9913050	15284.8864453	3.3248028	0.7011575	0.1475200	0.7004403	0.2394125	0.0000000	0.0000000
1459.9964112	1329.9913050	15279.9805664	3.3149437	0.6811435	0.1339944	0.6884126	0.2382106	0.0000000	0.0000000
1455.0066100	1329.9913050	15274.8536914	3.3050845	0.6607959	0.0949276	0.6920902	0.2380326	0.0000000	0.0000000
1449.9892324	1329.9913050	15269.9633984	3.2952254	0.6407819	0.0451517	0.6872085	0.2378306	0.0000000	0.0000000
1444.9966097	1329.9913050	15264.8402344	3.2853662	0.6204343	0.0332384	0.6701991	0.2382173	0.0000000	0.0000000
1439.9983277	1329.9913050	15259.9499414	3.2755070	0.6000867	0.0935581	0.6736908	0.2387765	0.0000000	0.0000000
1435.0050512	1329.9913050	15254.8289746	3.2656479	0.5800727	0.1917097	0.6523086	0.2347489	0.0000000	0.0000000
1429.9929097	1329.9913050	15249.9540625	3.2557887	0.5597251	0.2962737	0.6383949	0.2433672	0.0000000	0.0000000
1424.9928269	1329.9913050	15244.8470117	3.2459296	0.5397111	0.3179683	0.6439221	0.2444369	0.0000000	0.0000000
1420.0059019	1329.9913050	15239.9720996	3.2360704	0.5193636	0.2661187	0.6215023	0.2409895	0.0000000	0.0000000
1414.9875199	1329.9913050	15234.8650488	3.2262113	0.4993495	0.1977847	0.6141897	0.2414170	0.0000000	0.0000000
1409.9936575	1329.9913050	15229.9973633	3.2163521	0.4790020	0.1666431	0.6020155	0.2426254	0.0000000	0.0000000
1405.0002814	1329.9913050	15224.9062109	3.2064930	0.4586544	0.1352963	0.5933474	0.2446915	0.0000000	0.0000000
1399.9876626	1329.9913050	15219.8150586	3.1966338	0.4386404	0.0916788	0.5848849	0.2428363	0.0000000	0.0000000
1394.9969913	1329.9913050	15214.9553223	3.1867746	0.4182928	0.0733887	0.5625331	0.2388855	0.0000000	0.0000000
1389.9916327	1329.9913050	15209.8641699	3.1769155	0.3982788	0.0755454	0.5614241	0.2402709	0.0000000	0.0000000
1385.0053575	1329.9913050	15204.7869336	3.1670563	0.3779312	0.0688680	0.5614601	0.2375377	0.0000000	0.0000000
1379.9954919	1329.9913050	15199.9425781	3.1571972	0.3575836	0.0602876	0.5458052	0.2380543	0.0000000	0.0000000
1374.9977128	1329.9913050	15194.8675391	3.1473380	0.3375696	0.0408444	0.5340128	0.2463540	0.0000000	0.0000000
1369.9938149	1329.9913050	15189.7925000	3.1374789	0.3172221	0.0507513	0.5324031	0.2426630	0.0000000	0.0000000
1364.9893972	1329.9913050	15184.9517090	3.1276197	0.2972080	0.0890437	0.5083053	0.2387267	0.0000000	0.0000000
1360.0037170	1329.9913050	15179.8923535	3.1177606	0.2768605	0.1921479	0.4947730	0.2407008	0.0000000	0.0000000
1354.9999390	1329.9913050	15174.8329980	3.1079014	0.2565129	0.2634344	0.4820225	0.2366650	0.0000000	0.0000000
1349.9842500	1329.9913050	15169.7736426	3.0980423	0.2364989	0.2684811	0.4734175	0.2365145	0.0000000	0.0000000
1344.9967843	1329.9913050	15164.9442578	3.0881831	0.2161513	0.1801969	0.4560402	0.2377181	0.0000000	0.0000000
1340.0058595	1329.9913050	15159.8950195	3.0783239	0.1961373	0.1548365	0.4437601	0.2406574	0.0000000	0.0000000
1334.9945685	1329.9913050	15154.8515625	3.0684648	0.1757897	0.1837631	0.4265828	0.2353510	0.0000000	0.0000000
1330.0043482	1329.9913050	15149.8081055	3.0586056	0.1554421	0.2294631	0.4052998	0.2355792	0.0000000	0.0000000
1325.0067276	1329.9913050	15144.9938965	3.0487465	0.1354281	0.2541118	0.3884053	0.2393629	0.0000000	0.0000000
1320.0090417	1329.9913050	15139.9511523	3.0388873	0.1150806	0.2257427	0.3729534	0.2404927	0.0000000	0.0000000
1314.9983984	1329.9913050	15134.9233789	3.0290282	0.0950665	0.1436643	0.3581149	0.2418894	0.0000000	0.0000000
1309.9938559	1329.9913050	15129.8956055	3.0191690	0.0747190	0.1216632	0.3322687	0.2448828	0.0000000	0.0000000
1305.0029693	1329.9913050	15124.8678320	3.0093099	0.0543714	0.1105364	0.3277338	0.2430266	0.0000000	0.0000000
1299.9991501	1329.9913050	15119.8400586	2.9994507	0.0343574	0.0945894	0.3038991	0.2390579	0.0000000	0.0000000
1295.0063540	1329.9913050	15114.8202344	2.9895915	0.0140098	0.0789413	0.2926005	0.2401215	0.0000000	0.0000000
1290.0126310	1329.9913050	15109.8083594	2.9797324	-0.0060042	0.0935771	0.2777097	0.2301212	0.0000000	0.0000000
1285.0068833	1329.9913050	15104.7964844	2.9698732	-0.0263518	0.0960956	0.2594211	0.2369919	0.0000000	0.0000000
1280.0011129	1329.9913050	15099.7846094	2.9600141	-0.0463658	0.1144751	0.2379136	0.2352181	0.0000000	0.0000000
1275.0093966	1329.9913050	15094.7727344	2.9501549	-0.0667134	0.1833394	0.2201285	0.2341394	0.0000000	0.0000000
1270.0009934	1329.9913050	15089.7762402	2.9402958	-0.0870609	0.3192979	0.2039514	0.2449081	0.0000000	0.0000000
1265.0031208	1329.9913050	15084.7804785	2.9304366	-0.1070750	0.3828573	0.1987258	0.2387717	0.0000000	0.0000000
1260.0129909	1329.9913050	15079.7847168	2.9205775	-0.1274225	0.3226813	0.1892402	0.2381108	0.0000000	0.0000000
1255.0147454	1329.9913050	15074.7889551	2.9107183	-0.1474365	0.2154689	0.1643370	0.2379006	0.0000000	0.0000000
1250.0156050	1329.9913050	15069.7997852	2.9008592	-0.1677841	0.1403733	0.1518577	0.2319246	0.0000000	0.0000000
