1599.9954356	1430.0005503	15519.9041309	3.2609493	0.9369892	0.0383116	0.8075686	0.3300836	0.0000000	1430.0000000
1594.9925208	1430.0005503	15514.8420312	3.2511408	0.9166416	0.0354613	0.8560390	0.3315023	0.0000000	0.0000000
1589.9980278	1430.0005503	15509.7932129	3.2412817	0.8966276	0.0327687	0.8695863	0.3299974	0.0000000	0.0000000
1584.9953866	1430.0005503	15504.9848145	3.2314225	0.8762801	0.0267222	0.8552579	0.3271306	0.0000000	0.0000000
1579.9932605	1430.0005503	15499.9359961	3.2215634	0.8562661	0.0253431	0.8488263	0.3323193	0.0000000	0.0000000
1574.9903821	1430.0005503	15494.8871777	3.2117042	0.8359185	0.0249601	0.8293074	0.3314647	0.0000000	0.0000000
1569.9879348	1430.0005503	15489.8445312	3.2018451	0.8155709	0.0268544	0.8156002	0.3347780	0.0000000	0.0000000
1564.9910956	1430.0005503	15484.8119141	3.1919859	0.7955569	0.0286075	0.7922147	0.3301310	0.0000000	0.0000000
1559.9942564	1430.0005503	15479.7792969	3.1821268	0.7752093	0.0370726	0.7613486	0.3336582	0.0000000	0.0000000
1554.9972408	1430.0005503	15474.9863281	3.1722676	0.7551953	0.0436923	0.7371069	0.3319382	0.0000000	0.0000000
1549.9908346	1430.0005503	15469.9537109	3.1624085	0.7348477	0.0674952	0.7413739	0.3336633	0.0000000	0.0000000
1544.9998486	1430.0005503	15464.9302344	3.1525493	0.7148337	0.1098212	0.7362079	0.3296550	0.0000000	0.0000000
1539.9918854	1430.0005503	15459.9136133	3.1426901	0.6944861	0.1706267	0.7191350	0.3206948	0.0000000	0.0000000
1534.9961535	1430.0005503	15454.8969922	3.1328310	0.6741386	0.2619360	0.7240244	0.3279751	0.0000000	0.0000000
1529.9946542	1430.0005503	15449.8803711	3.1229718	0.6541246	0.2839807	0.7053176	0.3286364	0.0000000	0.0000000
1525.0057058	1430.0005503	15444.8637500	3.1131127	0.6337770	0.3501722	0.7155208	0.3252550	0.0000000	0.0000000
1519.9916865	1430.0005503	15439.8602441	3.1032535	0.6137630	0.3885554	0.7005287	0.3268740	0.0000000	0.0000000
1514.9965539	1430.0005503	15434.8598242	3.0933944	0.5934154	0.4429155	0.6909789	0.3273806	0.0000000	0.0000000
1509.9948860	1430.0005503	15429.8594043	3.0835352	0.5730678	0.4001796	0.6807516	0.3237178	0.0000000	0.0000000
1504.9991342	1430.0005503	15424.8589844	3.0736761	0.5530538	0.3097611	0.6804833	0.3239103	0.0000000	0.0000000
1499.9935148	1430.0005503	15419.8593262	3.0638169	0.5327062	0.2447203	0.7042438	0.3218308	0.0000000	0.0000000
1494.9877468	1430.0005503	15414.8749023	3.0539577	0.5126922	0.2016306	0.7164933	0.3262607	0.0000000	0.0000000
1489.9975133	1430.0005503	15409.8904785	3.0440986	0.4923446	0.1452004	0.7131649	0.3269638	0.0000000	0.0000000
1485.0010010	1430.0005503	15404.9060547	3.0342394	0.4719971	0.0942861	0.7053374	0.3237982	0.0000000	0.0000000
1479.9972092	1430.0005503	15399.9216309	3.0243803	0.4519831	0.0594845	0.6974972	0.3288064	0.0000000	0.0000000
1474.9938468	1430.0005503	15394.9417773	3.0145211	0.4316355	0.0709514	0.6804776	0.3263019	0.0000000	0.0000000
1470.0034186	1430.0005503	15389.9733496	3.0046620	0.4116215	0.1131925	0.6761492	0.3200544	0.0000000	0.0000000
1464.9928549	1430.0005503	15384.7683301	2.9948028	0.3912739	0.1477352	0.6623892	0.3309465	0.0000000	0.0000000
1459.9964112	1430.0005503	15379.7999023	2.9849437	0.3709263	0.1310835	0.6676751	0.3228270	0.0000000	0.0000000
1455.0066100	1430.0005503	15374.8314746	2.9750845	0.3509123	0.0973684	0.6598601	0.3253903	0.0000000	0.0000000
1449.9892324	1430.0005503	15369.8720703	2.9652254	0.3305647	0.0446295	0.6422714	0.3251698	0.0000000	0.0000000
1444.9966097	1430.0005503	15364.9194336	2.9553662	0.3105507	0.0239648	0.6372343	0.3317116	0.0000000	0.0000000
1439.9983277	1430.0005503	15359.9667969	2.9455070	0.2902031	0.0508346	0.6368583	0.3257335	0.0000000	0.0000000
1435.0050512	1430.0005503	15354.7783203	2.9356479	0.2701891	0.1400676	0.6160247	0.3326782	0.0000000	0.0000000
1429.9929097	1430.0005503	15349.8256836	2.9257887	0.2498416	0.2312465	0.6190227	0.3332750	0.0000000	0.0000000
1424.9928269	1430.0005503	15344.8864062	2.9159296	0.2294940	0.2196122	0.6049221	0.3342347	0.0000000	0.0000000
1420.0059019	1430.0005503	15339.9493555	2.9060704	0.2094800	0.2013053	0.5970381	0.3313004	0.0000000	0.0000000
1414.9875199	1430.0005503	15334.7772070	2.8962113	0.1891324	0.1835529	0.5837452	0.3302774	0.0000000	0.0000000
1409.9999070	1430.0005503	15329.8401562	2.8863521	0.1691184	0.1399055	0.5846968	0.3262512	0.0000000	0.0000000
1404.9940311	1430.0005503	15324.9053613	2.8764930	0.1487708	0.1083171	0.5632811	0.3324171	0.0000000	0.0000000
1399.9876626	1430.0005503	15319.9841016	2.8666338	0.1284232	0.0988883	0.5637045	0.3265631	0.0000000	0.0000000
1394.9969913	1430.0005503	15314.8284961	2.8567746	0.1084092	0.0938616	0.5497262	0.3286403	0.0000000	0.0000000
1389.9855886	1430.0005503	15309.9072363	2.8469155	0.0880616	0.0908267	0.5343076	0.3313836	0.0000000	0.0000000
1385.0053575	1430.0005503	15304.9859766	2.8370563	0.0680476	0.0879452	0.5413041	0.3295315	0.0000000	0.0000000
1379.9954919	1430.0005503	15299.8376953	2.8271972	0.0477001	0.0779413	0.5366669	0.3221857	0.0000000	0.0000000
1374.9977128	1430.0005503	15294.9318164	2.8173380	0.0273525	0.0477826	0.5310386	0.3166372	0.0000000	0.0000000
1369.9938149	1430.0005503	15289.7923242	2.8074789	0.0073385	0.0447205	0.4977091	0.3277908	0.0000000	0.0000000
1364.9893972	1430.0005503	15284.8864453	2.7976197	-0.0130091	0.0805415	0.4947294	0.3266133	0.0000000	0.0000000
1360.0037170	1430.0005503	15279.9805664	2.7877606	-0.0330231	0.1524397	0.4695270	0.3256664	0.0000000	0.0000000
1354.9999390	1430.0005503	15274.8536914	2.7779014	-0.0533707	0.1804943	0.4615795	0.3223431	0.0000000	0.0000000
1349.9842500	1430.0005503	15269.9633984	2.7680423	-0.0737183	0.1901375	0.4506013	0.3310913	0.0000000	0.0000000
1344.9967843	1430.0005503	15264.8402344	2.7581831	-0.0937323	0.1442719	0.4419587	0.3204673	0.0000000	0.0000000
1340.0058595	1430.0005503	15259.9499414	2.7483239	-0.1140799	0.1304369	0.4201138	0.3278018	0.0000000	0.0000000
1334.9945685	1430.0005503	15254.8289746	2.7384648	-0.1340939	0.1640995	0.4123429	0.3262113	0.0000000	0.0000000
1329.9975394	1430.0005503	15249.9540625	2.7286056	-0.1544414	0.2285160	0.3890242	0.3241185	0.0000000	0.0000000
1325.0067276	1430.0005503	15244.8470117	2.7187465	-0.1744555	0.2694615	0.3747332	0.3231770	0.0000000	0.0000000
1320.0090417	1430.0005503	15239.9720996	2.7088873	-0.1948030	0.1930912	0.3569130	0.3270359	0.0000000	0.0000000
1314.9983984	1430.0005503	15234.8650488	2.6990282	-0.2151506	0.1253873	0.3331110	0.3263737	0.0000000	0.0000000
1309.9938559	1430.0005503	15229.9973633	2.6891690	-0.2351646	0.0833920	0.3208827	0.3264232	0.0000000	0.0000000
1305.0029693	1430.0005503	15224.9062109	2.6793099	-0.2555122	0.0710508	0.3133342	0.3253130	0.0000000	0.0000000
1300.0059589	1430.0005503	15219.8150586	2.6694507	-0.2755262	0.0836659	0.2893138	0.3297951	0.0000000	0.0000000
1295.0063540	1430.0005503	15214.9553223	2.6595915	-0.2958738	0.0949961	0.2752556	0.3270310	0.0000000	0.0000000
1290.0126310	1430.0005503	15209.8641699	2.6497324	-0.3162214	0.0930299	0.2533430	0.3302299	0.0000000	0.0000000
1285.0068833	1430.0005503	15204.7869336	2.6398732	-0.3362354	0.0919785	0.2329636	0.3305652	0.0000000	0.0000000
1280.0011129	1430.0005503	15199.9425781	2.6300141	-0.3565829	0.1226957	0.2143995	0.3262322	0.0000000	0.0000000
1275.0093966	1430.0005503	15194.8675391	2.6201549	-0.3765970	0.1814000	0.2028814	0.3234257	0.0000000	0.0000000
1270.0009934	1430.0005503	15189.7925000	2.6102958	-0.3969445	0.2758655	0.1880984	0.3267468	0.0000000	0.0000000
1265.0031208	1430.0005503	15184.9517090	2.6004366	-0.4172921	0.2889728	0.1799448	0.3275017	0.0000000	0.0000000
1260.0211049	1430.0005503	15179.8923535	2.5905775	-0.4373061	0.2620680	0.1651764	0.3282058	0.0000000	0.0000000
1255.0147454	1430.0005503	15174.8329980	2.5807183	-0.4576537	0.1750258	0.1458157	0.3239392	0.0000000	0.0000000
1250.0237205	1430.0005503	15169.7736426	2.5708592	-0.4776677	0.1056283	0.1365381	0.3331585	0.0000000	0.0000000
