1599.9954356	1310.0041580	15399.9216309	3.6568932	1.3089162	0.0467307	0.8103593	0.2155997	0.0000000	1310.0000000
1594.9925208	1310.0041580	15394.9417773	3.6471408	1.2889022	0.1003281	0.8854136	0.2192437	0.0000000	0.0000000
1589.9980278	1310.0041580	15389.9733496	3.6372817	1.2685547	0.0864637	0.8946953	0.2127539	0.0000000	0.0000000
1584.9953866	1310.0041580	15384.7683301	3.6274225	1.2482071	0.0794564	0.9050985	0.2066741	0.0000000	0.0000000
1579.9932605	1310.0041580	15379.7999023	3.6175634	1.2281931	0.0562761	0.8693565	0.2189374	0.0000000	0.0000000
1574.9903821	1310.0041580	15374.8314746	3.6077042	1.2078455	0.0450291	0.8641314	0.2145077	0.0000000	0.0000000
1569.9879348	1310.0041580	15369.8720703	3.5978451	1.1878315	0.0353123	0.8443012	0.2176510	0.0000000	0.0000000
1564.9910956	1310.0041580	15364.9194336	3.5879859	1.1674839	0.0333894	0.8151037	0.2111282	0.0000000	0.0000000
1559.9998645	1310.0041580	15359.9667969	3.5781268	1.1474699	0.0266797	0.7830958	0.2106411	0.0000000	0.0000000
1554.9972408	1310.0041580	15354.7783203	3.5682676	1.1271223	0.0237521	0.7708749	0.2160962	0.0000000	0.0000000
1549.9908346	1310.0041580	15349.8256836	3.5584085	1.1067747	0.0244012	0.7659137	0.2141456	0.0000000	0.0000000
1544.9998486	1310.0041580	15344.8864062	3.5485493	1.0867607	0.0345729	0.7549391	0.2163608	0.0000000	0.0000000
1539.9918854	1310.0041580	15339.9493555	3.5386901	1.0664132	0.0517410	0.7428417	0.2158689	0.0000000	0.0000000
1534.9898781	1310.0041580	15334.7772070	3.5288310	1.0463991	0.0642197	0.7399456	0.2160685	0.0000000	0.0000000
1529.9946542	1310.0041580	15329.8401562	3.5189718	1.0260516	0.0742141	0.7416641	0.2172777	0.0000000	0.0000000
1525.0057058	1310.0041580	15324.9053613	3.5091127	1.0057040	0.1095133	0.7293812	0.2176285	0.0000000	0.0000000
1519.9916865	1310.0041580	15319.9841016	3.4992535	0.9856900	0.1436787	0.7367044	0.2123380	0.0000000	0.0000000
1514.9965539	1310.0041580	15314.8284961	3.4893944	0.9653424	0.1725406	0.7149202	0.2105302	0.0000000	0.0000000
1509.9948860	1310.0041580	15309.9072363	3.4795352	0.9453284	0.1741615	0.7023568	0.2175443	0.0000000	0.0000000
1504.9928588	1310.0041580	15304.9859766	3.4696761	0.9249808	0.1391781	0.7086701	0.2167407	0.0000000	0.0000000
1499.9935148	1310.0041580	15299.8376953	3.4598169	0.9046332	0.1000471	0.7244813	0.2119027	0.0000000	0.0000000
1494.9877468	1310.0041580	15294.9318164	3.4499577	0.8846192	0.0914347	0.7370399	0.2171500	0.0000000	0.0000000
1489.9975133	1310.0041580	15289.7923242	3.4400986	0.8642717	0.0609814	0.7299879	0.2141223	0.0000000	0.0000000
1485.0010010	1310.0041580	15284.8864453	3.4302394	0.8442576	0.0396948	0.7435956	0.2136638	0.0000000	0.0000000
1479.9904481	1310.0041580	15279.9805664	3.4203803	0.8239101	0.0205858	0.7073298	0.2155277	0.0000000	0.0000000
1474.9938468	1310.0041580	15274.8536914	3.4105211	0.8035625	0.0312090	0.7005040	0.2127368	0.0000000	0.0000000
1470.0034186	1310.0041580	15269.9633984	3.4006620	0.7835485	0.0612001	0.6800112	0.2175475	0.0000000	0.0000000
1464.9928549	1310.0041580	15264.8402344	3.3908028	0.7632009	0.0829420	0.6723837	0.2099089	0.0000000	0.0000000
1459.9964112	1310.0041580	15259.9499414	3.3809437	0.7431869	0.0837208	0.6787931	0.2076075	0.0000000	0.0000000
1455.0066100	1310.0041580	15254.8289746	3.3710845	0.7228393	0.0581959	0.6724152	0.2118738	0.0000000	0.0000000
1449.9892324	1310.0041580	15249.9540625	3.3612254	0.7028253	0.0342196	0.6759317	0.2182369	0.0000000	0.0000000
1444.9966097	1310.0041580	15244.8470117	3.3513662	0.6824777	0.0162766	0.6623008	0.2122308	0.0000000	0.0000000
1439.9920783	1310.0041580	15239.9720996	3.3415070	0.6621302	0.0284513	0.6537255	0.2122836	0.0000000	0.0000000
1434.9988018	1310.0041580	15234.8650488	3.3316479	0.6421161	0.0907925	0.6432634	0.2104094	0.0000000	0.0000000
1429.9929097	1310.0041580	15229.9973633	3.3217887	0.6217686	0.1419368	0.6255183	0.2096766	0.0000000	0.0000000
1424.9928269	1310.0041580	15224.9062109	3.3119296	0.6017546	0.1682665	0.6191450	0.2066659	0.0000000	0.0000000
1419.9996525	1310.0041580	15219.8150586	3.3020704	0.5814070	0.1315802	0.6119898	0.2077968	0.0000000	0.0000000
1414.9875199	1310.0041580	15214.9553223	3.2922113	0.5610594	0.1205937	0.5976174	0.2081356	0.0000000	0.0000000
1409.9936575	1310.0041580	15209.8641699	3.2823521	0.5410454	0.0973254	0.5978117	0.2137047	0.0000000	0.0000000
1404.9940311	1310.0041580	15204.7869336	3.2724930	0.5206978	0.0686431	0.5818241	0.2138669	0.0000000	0.0000000
1399.9876626	1310.0041580	15199.9425781	3.2626338	0.5006838	0.0572549	0.5681969	0.2103379	0.0000000	0.0000000
1394.9969913	1310.0041580	15194.8675391	3.2527746	0.4803362	0.0457375	0.5615997	0.2113895	0.0000000	0.0000000
1389.9855886	1310.0041580	15189.7925000	3.2429155	0.4599887	0.0434136	0.5495176	0.2158264	0.0000000	0.0000000
1384.9993143	1310.0041580	15184.9517090	3.2330563	0.4399746	0.0426189	0.5455129	0.2144562	0.0000000	0.0000000
1379.9954919	1310.0041580	15179.8923535	3.2231972	0.4196271	0.0353407	0.5330512	0.2106470	0.0000000	0.0000000
1374.9977128	1310.0041580	15174.8329980	3.2133380	0.3996131	0.0244406	0.5241084	0.2140607	0.0000000	0.0000000
1369.9938149	1310.0041580	15169.7736426	3.2034789	0.3792655	0.0280833	0.5272471	0.2103859	0.0000000	0.0000000
1364.9893972	1310.0041580	15164.9442578	3.1936197	0.3589179	0.0498466	0.5010081	0.2168029	0.0000000	0.0000000
1360.0037170	1310.0041580	15159.8950195	3.1837606	0.3389039	0.1010155	0.4846217	0.2108922	0.0000000	0.0000000
1354.9999390	1310.0041580	15154.8515625	3.1739014	0.3185563	0.1500769	0.4487286	0.2100059	0.0000000	0.0000000
1349.9842500	1310.0041580	15149.8081055	3.1640423	0.2985423	0.1603572	0.4582062	0.2144783	0.0000000	0.0000000
1344.9967843	1310.0041580	15144.9938965	3.1541831	0.2781947	0.1306816	0.4434042	0.2160360	0.0000000	0.0000000
1340.0058595	1310.0041580	15139.9511523	3.1443239	0.2581807	0.1135170	0.4316430	0.2120272	0.0000000	0.0000000
1334.9945685	1310.0041580	15134.9233789	3.1344648	0.2378331	0.1049302	0.4071620	0.2162626	0.0000000	0.0000000
1329.9975394	1310.0041580	15129.8956055	3.1246056	0.2174856	0.1293579	0.4008045	0.2095776	0.0000000	0.0000000
1324.9999187	1310.0041580	15124.8678320	3.1147465	0.1974716	0.1442913	0.3738184	0.2125791	0.0000000	0.0000000
1320.0022339	1310.0041580	15119.8400586	3.1048873	0.1771240	0.1155901	0.3641001	0.2116720	0.0000000	0.0000000
1314.9983984	1310.0041580	15114.8202344	3.0950282	0.1571100	0.1017444	0.3322700	0.2166888	0.0000000	0.0000000
1309.9938559	1310.0041580	15109.8083594	3.0851690	0.1367624	0.0799689	0.3318849	0.2166055	0.0000000	0.0000000
1304.9961614	1310.0041580	15104.7964844	3.0753099	0.1164148	0.0775415	0.3072313	0.2146929	0.0000000	0.0000000
1299.9991501	1310.0041580	15099.7846094	3.0654507	0.0964008	0.0697329	0.2956663	0.2107631	0.0000000	0.0000000
1294.9989791	1310.0041580	15094.7727344	3.0555915	0.0760532	0.0584575	0.2711299	0.2142509	0.0000000	0.0000000
1290.0052150	1310.0041580	15089.7762402	3.0457324	0.0560392	0.0600754	0.2599550	0.2145230	0.0000000	0.0000000
1285.0068833	1310.0041580	15084.7804785	3.0358732	0.0356917	0.0654780	0.2472393	0.2190438	0.0000000	0.0000000
1280.0011129	1310.0041580	15079.7847168	3.0260141	0.0153441	0.0704644	0.2295527	0.2128442	0.0000000	0.0000000
1275.0093966	1310.0041580	15074.7889551	3.0161549	-0.0046699	0.1000990	0.2061942	0.2166205	0.0000000	0.0000000
1270.0009934	1310.0041580	15069.7997852	3.0062958	-0.0250175	0.1919080	0.1899133	0.2169921	0.0000000	0.0000000
1265.0031208	1310.0041580	15064.8201367	2.9964366	-0.0450315	0.2161545	0.1804553	0.2151491	0.0000000	0.0000000
1260.0129909	1310.0041580	15059.8404883	2.9865775	-0.0653791	0.1801404	0.1665132	0.2107445	0.0000000	0.0000000
1255.0147454	1310.0041580	15054.8608398	2.9767183	-0.0857267	0.1280043	0.1456060	0.2084723	0.0000000	0.0000000
1250.0156050	1310.0041580	15049.8811914	2.9668592	-0.1057407	0.0856582	0.1339701	0.2142001	0.0000000	0.0000000
