1599.9954356	1389.9940715	15479.7792969	3.3930418	1.0610761	0.0109329	0.7963963	0.2839279	0.0000000	1390.0000000
1594.9925208	1389.9940715	15474.9863281	3.3831408	1.0407285	0.0330273	0.8721646	0.2897307	0.0000000	0.0000000
1589.9980278	1389.9940715	15469.9537109	3.3732817	1.0207145	0.0556327	0.8720617	0.2844260	0.0000000	0.0000000
1584.9897793	1389.9940715	15464.9302344	3.3634225	1.0003669	0.0515186	0.8792025	0.2836062	0.0000000	0.0000000
1579.9932605	1389.9940715	15459.9136133	3.3535634	0.9800193	0.0398510	0.8601930	0.2808657	0.0000000	0.0000000
1574.9847739	1389.9940715	15454.8969922	3.3437042	0.9600053	0.0312675	0.8454517	0.2834022	0.0000000	0.0000000
1569.9879348	1389.9940715	15449.8803711	3.3338451	0.9396578	0.0252511	0.8268395	0.2861386	0.0000000	0.0000000
1564.9854875	1389.9940715	15444.8637500	3.3239859	0.9196438	0.0238754	0.7907070	0.2878129	0.0000000	0.0000000
1559.9998645	1389.9940715	15439.8602441	3.3141268	0.8992962	0.0239664	0.7697953	0.2779354	0.0000000	0.0000000
1554.9916320	1389.9940715	15434.8598242	3.3042676	0.8789486	0.0278047	0.7588634	0.2832145	0.0000000	0.0000000
1549.9908346	1389.9940715	15429.8594043	3.2944085	0.8589346	0.0402214	0.7692899	0.2805269	0.0000000	0.0000000
1544.9935732	1389.9940715	15424.8589844	3.2845493	0.8385870	0.0611307	0.7484245	0.2854021	0.0000000	0.0000000
1539.9918854	1389.9940715	15419.8593262	3.2746901	0.8185730	0.0837555	0.7444481	0.2853442	0.0000000	0.0000000
1534.9898781	1389.9940715	15414.8749023	3.2648310	0.7982254	0.1114740	0.7347166	0.2886741	0.0000000	0.0000000
1529.9946542	1389.9940715	15409.8904785	3.2549718	0.7778778	0.1390177	0.7494845	0.2873439	0.0000000	0.0000000
1524.9994304	1389.9940715	15404.9060547	3.2451127	0.7578638	0.1783457	0.7257356	0.2926412	0.0000000	0.0000000
1519.9916865	1389.9940715	15399.9216309	3.2352535	0.7375163	0.2245872	0.7294149	0.2855701	0.0000000	0.0000000
1514.9902785	1389.9940715	15394.9417773	3.2253944	0.7175023	0.2298826	0.7294281	0.2851068	0.0000000	0.0000000
1509.9948860	1389.9940715	15389.9733496	3.2155352	0.6971547	0.2220234	0.7210167	0.2873106	0.0000000	0.0000000
1504.9928588	1389.9940715	15384.7683301	3.2056761	0.6771407	0.1571393	0.7200163	0.2861460	0.0000000	0.0000000
1499.9935148	1389.9940715	15379.7999023	3.1958169	0.6567931	0.1252831	0.7274646	0.2843021	0.0000000	0.0000000
1494.9877468	1389.9940715	15374.8314746	3.1859577	0.6364455	0.0954808	0.7387239	0.2852310	0.0000000	0.0000000
1489.9975133	1389.9940715	15369.8720703	3.1760986	0.6164315	0.0635316	0.7241539	0.2868431	0.0000000	0.0000000
1485.0010010	1389.9940715	15364.9194336	3.1662394	0.5960839	0.0349863	0.7371713	0.2862008	0.0000000	0.0000000
1479.9972092	1389.9940715	15359.9667969	3.1563803	0.5760699	0.0212003	0.7186940	0.2874746	0.0000000	0.0000000
1474.9938468	1389.9940715	15354.7783203	3.1465211	0.5557223	0.0323320	0.7046218	0.2846278	0.0000000	0.0000000
1469.9966565	1389.9940715	15349.8256836	3.1366620	0.5353748	0.0621331	0.6930248	0.2878700	0.0000000	0.0000000
1464.9928549	1389.9940715	15344.8864062	3.1268028	0.5153608	0.0847582	0.6819314	0.2852809	0.0000000	0.0000000
1459.9964112	1389.9940715	15339.9493555	3.1169437	0.4950132	0.0872878	0.6757625	0.2817969	0.0000000	0.0000000
1454.9998480	1389.9940715	15334.7772070	3.1070845	0.4749992	0.0667516	0.6920382	0.2799854	0.0000000	0.0000000
1449.9892324	1389.9940715	15329.8401562	3.0972254	0.4546516	0.0281119	0.6679014	0.2836494	0.0000000	0.0000000
1444.9966097	1389.9940715	15324.9053613	3.0873662	0.4343040	0.0137867	0.6643725	0.2901685	0.0000000	0.0000000
1439.9983277	1389.9940715	15319.9841016	3.0775070	0.4142900	0.0427286	0.6503773	0.2874957	0.0000000	0.0000000
1435.0050512	1389.9940715	15314.8284961	3.0676479	0.3939424	0.1160413	0.6450568	0.2867825	0.0000000	0.0000000
1429.9929097	1389.9940715	15309.9072363	3.0577887	0.3739284	0.1804613	0.6308401	0.2833189	0.0000000	0.0000000
1424.9928269	1389.9940715	15304.9859766	3.0479296	0.3535808	0.1864788	0.6255693	0.2866631	0.0000000	0.0000000
1419.9996525	1389.9940715	15299.8376953	3.0380704	0.3332333	0.1447742	0.6108862	0.2859707	0.0000000	0.0000000
1414.9875199	1389.9940715	15294.9318164	3.0282113	0.3132193	0.1441772	0.6151441	0.2807178	0.0000000	0.0000000
1409.9936575	1389.9940715	15289.7923242	3.0183521	0.2928717	0.1039083	0.5949945	0.2835494	0.0000000	0.0000000
1404.9940311	1389.9940715	15284.8864453	3.0084930	0.2728577	0.0867273	0.5965233	0.2819221	0.0000000	0.0000000
1399.9876626	1389.9940715	15279.9805664	2.9986338	0.2525101	0.0628176	0.5715310	0.2885360	0.0000000	0.0000000
1394.9969913	1389.9940715	15274.8536914	2.9887746	0.2324961	0.0548530	0.5758230	0.2810889	0.0000000	0.0000000
1389.9916327	1389.9940715	15269.9633984	2.9789155	0.2121485	0.0531875	0.5634941	0.2791699	0.0000000	0.0000000
1384.9993143	1389.9940715	15264.8402344	2.9690563	0.1918009	0.0506544	0.5410376	0.2824027	0.0000000	0.0000000
1379.9954919	1389.9940715	15259.9499414	2.9591972	0.1717869	0.0434174	0.5465719	0.2876149	0.0000000	0.0000000
1374.9916695	1389.9940715	15254.8289746	2.9493380	0.1514393	0.0287362	0.5357427	0.2853967	0.0000000	0.0000000
1369.9938149	1389.9940715	15249.9540625	2.9394789	0.1314253	0.0188306	0.5083451	0.2849855	0.0000000	0.0000000
1364.9893972	1389.9940715	15244.8470117	2.9296197	0.1110778	0.0325583	0.5010067	0.2863914	0.0000000	0.0000000
1359.9976739	1389.9940715	15239.9720996	2.9197606	0.0907302	0.0642653	0.4862512	0.2872927	0.0000000	0.0000000
1354.9999390	1389.9940715	15234.8650488	2.9099014	0.0707162	0.0992577	0.4755381	0.2850896	0.0000000	0.0000000
1349.9905185	1389.9940715	15229.9973633	2.9000423	0.0503686	0.1049402	0.4542085	0.2851222	0.0000000	0.0000000
1344.9967843	1389.9940715	15224.9062109	2.8901831	0.0303546	0.0856478	0.4380952	0.2864540	0.0000000	0.0000000
1340.0058595	1389.9940715	15219.8150586	2.8803239	0.0100070	0.0744410	0.4311737	0.2833086	0.0000000	0.0000000
1334.9945685	1389.9940715	15214.9553223	2.8704648	-0.0103406	0.0893685	0.4233015	0.2802051	0.0000000	0.0000000
1329.9975394	1389.9940715	15209.8641699	2.8606056	-0.0303546	0.1080078	0.4041221	0.2863844	0.0000000	0.0000000
1325.0067276	1389.9940715	15204.7869336	2.8507465	-0.0507022	0.1312588	0.3863927	0.2855254	0.0000000	0.0000000
1320.0022339	1389.9940715	15199.9425781	2.8408873	-0.0707162	0.0974777	0.3709387	0.2852322	0.0000000	0.0000000
1314.9915895	1389.9940715	15194.8675391	2.8310282	-0.0910637	0.0688542	0.3425397	0.2854075	0.0000000	0.0000000
1309.9938559	1389.9940715	15189.7925000	2.8211690	-0.1114113	0.0585598	0.3393667	0.2810190	0.0000000	0.0000000
1305.0029693	1389.9940715	15184.9517090	2.8113099	-0.1314253	0.0540989	0.3231580	0.2850508	0.0000000	0.0000000
1299.9991501	1389.9940715	15179.8923535	2.8014507	-0.1517729	0.0507504	0.2912522	0.2892892	0.0000000	0.0000000
1294.9989791	1389.9940715	15174.8329980	2.7915915	-0.1717869	0.0469645	0.2797316	0.2791379	0.0000000	0.0000000
1290.0052150	1389.9940715	15169.7736426	2.7817324	-0.1921345	0.0464557	0.2579114	0.2812632	0.0000000	0.0000000
1285.0068833	1389.9940715	15164.9442578	2.7718732	-0.2121485	0.0493000	0.2523148	0.2850017	0.0000000	0.0000000
1280.0011129	1389.9940715	15159.8950195	2.7620141	-0.2324961	0.0572581	0.2392407	0.2813209	0.0000000	0.0000000
1275.0019807	1389.9940715	15154.8515625	2.7521549	-0.2528437	0.1004984	0.2219522	0.2865033	0.0000000	0.0000000
1270.0009934	1389.9940715	15149.8081055	2.7422958	-0.2728577	0.1392865	0.2073815	0.2871345	0.0000000	0.0000000
1264.9950068	1389.9940715	15144.9938965	2.7324366	-0.2932052	0.1696543	0.1935007	0.2927960	0.0000000	0.0000000
1260.0048768	1389.9940715	15139.9511523	2.7225775	-0.3132193	0.1383450	0.1759927	0.2896241	0.0000000	0.0000000
1255.0066299	1389.9940715	15134.9233789	2.7127183	-0.3335668	0.0923678	0.1639546	0.2867616	0.0000000	0.0000000
1250.0074895	1389.9940715	15129.8956055	2.7028592	-0.3539144	0.0603518	0.1513292	0.2864612	0.0000000	0.0000000
