1599.9954356	1374.9966908	15464.9302344	3.4424097	1.1074419	0.0035840	0.7978373	0.2711702	0.0000000	1375.0000000
1594.9984053	1374.9966908	15459.9136133	3.4326408	1.0874279	0.0156399	0.8820608	0.2731788	0.0000000	0.0000000
1589.9980278	1374.9966908	15454.8969922	3.4227817	1.0670803	0.0247078	0.8754094	0.2845518	0.0000000	0.0000000
1584.9953866	1374.9966908	15449.8803711	3.4129225	1.0467327	0.0266222	0.8696138	0.2823765	0.0000000	0.0000000
1579.9932605	1374.9966908	15444.8637500	3.4030634	1.0267187	0.0223289	0.8533207	0.2849374	0.0000000	0.0000000
1574.9903821	1374.9966908	15439.8602441	3.3932042	1.0063711	0.0195267	0.8407345	0.2821423	0.0000000	0.0000000
1569.9935429	1374.9966908	15434.8598242	3.3833451	0.9863571	0.0206233	0.8190492	0.2827156	0.0000000	0.0000000
1564.9910956	1374.9966908	15429.8594043	3.3734859	0.9660095	0.0245170	0.8229263	0.2832178	0.0000000	0.0000000
1559.9998645	1374.9966908	15424.8589844	3.3636268	0.9456620	0.0227756	0.7752147	0.2855609	0.0000000	0.0000000
1554.9972408	1374.9966908	15419.8593262	3.3537676	0.9256480	0.0294700	0.7578501	0.2781310	0.0000000	0.0000000
1549.9908346	1374.9966908	15414.8749023	3.3439085	0.9053004	0.0318215	0.7522626	0.2832334	0.0000000	0.0000000
1544.9998486	1374.9966908	15409.8904785	3.3340493	0.8852864	0.0425281	0.7164380	0.2869439	0.0000000	0.0000000
1539.9981617	1374.9966908	15404.9060547	3.3241901	0.8649388	0.0559927	0.7446262	0.2829843	0.0000000	0.0000000
1534.9961535	1374.9966908	15399.9216309	3.3143310	0.8445912	0.0558348	0.7328550	0.2812255	0.0000000	0.0000000
1529.9946542	1374.9966908	15394.9417773	3.3044718	0.8245772	0.0742330	0.7353864	0.2808313	0.0000000	0.0000000
1525.0057058	1374.9966908	15389.9733496	3.2946127	0.8042296	0.0891062	0.7210486	0.2786864	0.0000000	0.0000000
1519.9916865	1374.9966908	15384.7683301	3.2847535	0.7842156	0.1124227	0.7102370	0.2802242	0.0000000	0.0000000
1514.9965539	1374.9966908	15379.7999023	3.2748944	0.7638680	0.1214281	0.7243314	0.2799219	0.0000000	0.0000000
1509.9948860	1374.9966908	15374.8314746	3.2650352	0.7438540	0.1240751	0.6971514	0.2767373	0.0000000	0.0000000
1504.9928588	1374.9966908	15369.8720703	3.2551761	0.7235065	0.0954255	0.7166771	0.2785952	0.0000000	0.0000000
1499.9935148	1374.9966908	15364.9194336	3.2453169	0.7031589	0.0728240	0.7120663	0.2813705	0.0000000	0.0000000
1494.9877468	1374.9966908	15359.9667969	3.2354577	0.6831449	0.0602180	0.7297650	0.2798120	0.0000000	0.0000000
1489.9975133	1374.9966908	15354.7783203	3.2255986	0.6627973	0.0421479	0.7172512	0.2768044	0.0000000	0.0000000
1485.0010010	1374.9966908	15349.8256836	3.2157394	0.6427833	0.0303800	0.7224702	0.2831288	0.0000000	0.0000000
1479.9972092	1374.9966908	15344.8864062	3.2058803	0.6224357	0.0167949	0.7065084	0.2774572	0.0000000	0.0000000
1474.9938468	1374.9966908	15339.9493555	3.1960211	0.6020881	0.0252688	0.6937971	0.2719482	0.0000000	0.0000000
1470.0034186	1374.9966908	15334.7772070	3.1861620	0.5820741	0.0470028	0.7010383	0.2707941	0.0000000	0.0000000
1464.9928549	1374.9966908	15329.8401562	3.1763028	0.5617265	0.0599457	0.6855318	0.2823967	0.0000000	0.0000000
1460.0031723	1374.9966908	15324.9053613	3.1664437	0.5417125	0.0568307	0.6708334	0.2821912	0.0000000	0.0000000
1455.0066100	1374.9966908	15319.9841016	3.1565845	0.5213650	0.0438130	0.6867241	0.2764135	0.0000000	0.0000000
1449.9892324	1374.9966908	15314.8284961	3.1467254	0.5010174	0.0207085	0.6683657	0.2770803	0.0000000	0.0000000
1444.9966097	1374.9966908	15309.9072363	3.1368662	0.4810034	0.0120920	0.6554595	0.2805226	0.0000000	0.0000000
1439.9920783	1374.9966908	15304.9859766	3.1270070	0.4606558	0.0231201	0.6414110	0.2800325	0.0000000	0.0000000
1435.0050512	1374.9966908	15299.8376953	3.1171479	0.4406418	0.0544537	0.6437763	0.2757041	0.0000000	0.0000000
1429.9929097	1374.9966908	15294.9318164	3.1072887	0.4202942	0.0945475	0.6397568	0.2730380	0.0000000	0.0000000
1424.9928269	1374.9966908	15289.7923242	3.0974296	0.3999466	0.1128269	0.6170202	0.2811204	0.0000000	0.0000000
1420.0059019	1374.9966908	15284.8864453	3.0875704	0.3799326	0.1028530	0.5939961	0.2819728	0.0000000	0.0000000
1414.9875199	1374.9966908	15279.9805664	3.0777113	0.3595850	0.0792032	0.5899746	0.2810315	0.0000000	0.0000000
1409.9936575	1374.9966908	15274.8536914	3.0678521	0.3395710	0.0587742	0.5802188	0.2773755	0.0000000	0.0000000
1404.9940311	1374.9966908	15269.9633984	3.0579930	0.3192235	0.0538646	0.5661545	0.2835259	0.0000000	0.0000000
1399.9876626	1374.9966908	15264.8402344	3.0481338	0.2992094	0.0384242	0.5623143	0.2791711	0.0000000	0.0000000
1394.9908780	1374.9966908	15259.9499414	3.0382746	0.2788619	0.0387614	0.5519531	0.2892202	0.0000000	0.0000000
1389.9855886	1374.9966908	15254.8289746	3.0284155	0.2585143	0.0367329	0.5427827	0.2794912	0.0000000	0.0000000
1385.0053575	1374.9966908	15249.9540625	3.0185563	0.2385003	0.0296532	0.5379421	0.2706818	0.0000000	0.0000000
1379.9894486	1374.9966908	15244.8470117	3.0086972	0.2181527	0.0203431	0.5130966	0.2834922	0.0000000	0.0000000
1374.9977128	1374.9966908	15239.9720996	2.9988380	0.1981387	0.0133408	0.5179793	0.2831097	0.0000000	0.0000000
1369.9938149	1374.9966908	15234.8650488	2.9889789	0.1777911	0.0137389	0.5106986	0.2755867	0.0000000	0.0000000
1364.9893972	1374.9966908	15229.9973633	2.9791197	0.1574435	0.0266498	0.4831961	0.2791350	0.0000000	0.0000000
1360.0037170	1374.9966908	15224.9062109	2.9692606	0.1374295	0.0548225	0.4835026	0.2818640	0.0000000	0.0000000
1354.9938949	1374.9966908	15219.8150586	2.9594014	0.1170820	0.0695032	0.4568845	0.2776973	0.0000000	0.0000000
1349.9905185	1374.9966908	15214.9553223	2.9495423	0.0970679	0.0727966	0.4467731	0.2756268	0.0000000	0.0000000
1344.9967843	1374.9966908	15209.8641699	2.9396831	0.0767204	0.0601959	0.4384479	0.2819097	0.0000000	0.0000000
1340.0058595	1374.9966908	15204.7869336	2.9298239	0.0563728	0.0515428	0.4229592	0.2749522	0.0000000	0.0000000
1334.9945685	1374.9966908	15199.9425781	2.9199648	0.0363588	0.0628077	0.4105554	0.2765350	0.0000000	0.0000000
1329.9975394	1374.9966908	15194.8675391	2.9101056	0.0160112	0.0876503	0.3915983	0.2795920	0.0000000	0.0000000
1324.9999187	1374.9966908	15189.7925000	2.9002465	-0.0040028	0.0861469	0.3787041	0.2823193	0.0000000	0.0000000
1320.0022339	1374.9966908	15184.9517090	2.8903873	-0.0243504	0.0670039	0.3545956	0.2730079	0.0000000	0.0000000
1314.9983984	1374.9966908	15179.8923535	2.8805282	-0.0446980	0.0505295	0.3451489	0.2729398	0.0000000	0.0000000
1309.9938559	1374.9966908	15174.8329980	2.8706690	-0.0647120	0.0460129	0.3277712	0.2800381	0.0000000	0.0000000
1304.9961614	1374.9966908	15169.7736426	2.8608099	-0.0850595	0.0375383	0.3062047	0.2833301	0.0000000	0.0000000
1299.9991501	1374.9966908	15164.9442578	2.8509507	-0.1050736	0.0390864	0.2990088	0.2813165	0.0000000	0.0000000
1294.9989791	1374.9966908	15159.8950195	2.8410915	-0.1254211	0.0297438	0.2869233	0.2826072	0.0000000	0.0000000
1290.0052150	1374.9966908	15154.8515625	2.8312324	-0.1454351	0.0314886	0.2646848	0.2827523	0.0000000	0.0000000
1284.9994674	1374.9966908	15149.8081055	2.8213732	-0.1657827	0.0330093	0.2464751	0.2871571	0.0000000	0.0000000
1280.0011129	1374.9966908	15144.9938965	2.8115141	-0.1861303	0.0541702	0.2399127	0.2839016	0.0000000	0.0000000
1275.0019807	1374.9966908	15139.9511523	2.8016549	-0.2061443	0.0725685	0.2194009	0.2823815	0.0000000	0.0000000
1270.0009934	1374.9966908	15134.9233789	2.7917958	-0.2264919	0.1226469	0.2048926	0.2838934	0.0000000	0.0000000
1264.9950068	1374.9966908	15129.8956055	2.7819366	-0.2465059	0.1180577	0.1824204	0.2876039	0.0000000	0.0000000
1260.0048768	1374.9966908	15124.8678320	2.7720775	-0.2668535	0.1002313	0.1733716	0.2884821	0.0000000	0.0000000
1255.0147454	1374.9966908	15119.8400586	2.7622183	-0.2872010	0.0733682	0.1565758	0.2790981	0.0000000	0.0000000
1250.0156050	1374.9966908	15114.8202344	2.7523592	-0.3072151	0.0488363	0.1503680	0.2815103	0.0000000	0.0000000
