1599.9954356	1270.0041541	15359.9667969	3.7889856	1.4330031	0.0687802	0.8141145	0.1473803	0.0000000	1270.0000000
1594.9925208	1270.0041541	15354.7783203	3.7791408	1.4126555	0.0927550	0.8868463	0.1481646	0.0000000	0.0000000
1589.9980278	1270.0041541	15349.8256836	3.7692817	1.3926415	0.0765558	0.8855968	0.1472460	0.0000000	0.0000000
1584.9897793	1270.0041541	15344.8864062	3.7594225	1.3722939	0.0608977	0.8848665	0.1489812	0.0000000	0.0000000
1579.9932605	1270.0041541	15339.9493555	3.7495634	1.3522799	0.0480729	0.8662481	0.1475223	0.0000000	0.0000000
1574.9847739	1270.0041541	15334.7772070	3.7397042	1.3319324	0.0373854	0.8626738	0.1475792	0.0000000	0.0000000
1569.9879348	1270.0041541	15329.8401562	3.7298451	1.3115848	0.0278446	0.8363090	0.1495245	0.0000000	0.0000000
1564.9854875	1270.0041541	15324.9053613	3.7199859	1.2915708	0.0253827	0.8132869	0.1462578	0.0000000	0.0000000
1559.9998645	1270.0041541	15319.9841016	3.7101268	1.2712232	0.0294526	0.7911660	0.1478234	0.0000000	0.0000000
1554.9916320	1270.0041541	15314.8284961	3.7002676	1.2512092	0.0266115	0.7767758	0.1449115	0.0000000	0.0000000
1549.9908346	1270.0041541	15309.9072363	3.6904085	1.2308616	0.0368225	0.7787500	0.1486908	0.0000000	0.0000000
1544.9935732	1270.0041541	15304.9859766	3.6805493	1.2105140	0.0593246	0.7501666	0.1386760	0.0000000	0.0000000
1539.9918854	1270.0041541	15299.8376953	3.6706901	1.1905000	0.1097932	0.7444351	0.1442599	0.0000000	0.0000000
1534.9898781	1270.0041541	15294.9318164	3.6608310	1.1701524	0.1602118	0.7412543	0.1448201	0.0000000	0.0000000
1529.9946542	1270.0041541	15289.7923242	3.6509718	1.1501384	0.1996024	0.7387387	0.1505977	0.0000000	0.0000000
1524.9994304	1270.0041541	15284.8864453	3.6411127	1.1297909	0.2766538	0.7368700	0.1504813	0.0000000	0.0000000
1519.9916865	1270.0041541	15279.9805664	3.6312535	1.1097768	0.3413754	0.7073493	0.1526426	0.0000000	0.0000000
1514.9902785	1270.0041541	15274.8536914	3.6213944	1.0894293	0.4536033	0.7077401	0.1483474	0.0000000	0.0000000
1509.9948860	1270.0041541	15269.9633984	3.6115352	1.0690817	0.3748840	0.7004788	0.1539558	0.0000000	0.0000000
1504.9928588	1270.0041541	15264.8402344	3.6016761	1.0500684	0.3021498	0.7013501	0.1496668	0.0000000	0.0000000
1499.9935148	1270.0041541	15259.9499414	3.5918169	1.0287201	0.2131038	0.7019852	0.1496605	0.0000000	0.0000000
1494.9945089	1270.0041541	15254.8289746	3.5819577	1.0087061	0.1558630	0.7174105	0.1474642	0.0000000	0.0000000
1489.9975133	1270.0041541	15249.9540625	3.5720986	0.9883585	0.1238627	0.7211997	0.1465941	0.0000000	0.0000000
1485.0010010	1270.0041541	15244.8470117	3.5622394	0.9680109	0.0725250	0.7106248	0.1474540	0.0000000	0.0000000
1479.9972092	1270.0041541	15239.9720996	3.5523803	0.9479969	0.0405070	0.7018920	0.1509896	0.0000000	0.0000000
1474.9938468	1270.0041541	15234.8650488	3.5425211	0.9276494	0.0492869	0.6941447	0.1482830	0.0000000	0.0000000
1469.9966565	1270.0041541	15229.9973633	3.5326620	0.9076353	0.0855371	0.6806716	0.1471570	0.0000000	0.0000000
1464.9928549	1270.0041541	15224.9062109	3.5228028	0.8872878	0.1152075	0.6902473	0.1456250	0.0000000	0.0000000
1459.9964112	1270.0041541	15219.8150586	3.5129437	0.8669402	0.1207135	0.6718778	0.1495526	0.0000000	0.0000000
1455.0066100	1270.0041541	15214.9553223	3.5030845	0.8469262	0.0805082	0.6775039	0.1496517	0.0000000	0.0000000
1449.9892324	1270.0041541	15209.8641699	3.4932254	0.8265786	0.0457157	0.6633324	0.1463097	0.0000000	0.0000000
1444.9966097	1270.0041541	15204.7869336	3.4833662	0.8065646	0.0370277	0.6561287	0.1504286	0.0000000	0.0000000
1439.9983277	1270.0041541	15199.9425781	3.4735070	0.7862170	0.0814282	0.6568049	0.1469491	0.0000000	0.0000000
1435.0050512	1270.0041541	15194.8675391	3.4636479	0.7658694	0.1502625	0.6242266	0.1434168	0.0000000	0.0000000
1429.9991600	1270.0041541	15189.7925000	3.4537887	0.7458554	0.2112546	0.6193403	0.1515083	0.0000000	0.0000000
1424.9928269	1270.0041541	15184.9517090	3.4439296	0.7255079	0.1923514	0.6181154	0.1495728	0.0000000	0.0000000
1420.0059019	1270.0041541	15179.8923535	3.4340704	0.7054938	0.1975104	0.6029291	0.1501429	0.0000000	0.0000000
1414.9875199	1270.0041541	15174.8329980	3.4242113	0.6851463	0.1235267	0.5833309	0.1541879	0.0000000	0.0000000
1409.9936575	1270.0041541	15169.7736426	3.4143521	0.6651323	0.1154266	0.5810249	0.1508928	0.0000000	0.0000000
1404.9940311	1270.0041541	15164.9442578	3.4044930	0.6447847	0.0912269	0.5721077	0.1560852	0.0000000	0.0000000
1399.9876626	1270.0041541	15159.8950195	3.3946338	0.6244371	0.0653853	0.5634822	0.1516196	0.0000000	0.0000000
1394.9969913	1270.0041541	15154.8515625	3.3847746	0.6044231	0.0495137	0.5594766	0.1541512	0.0000000	0.0000000
1389.9855886	1270.0041541	15149.8081055	3.3749155	0.5840755	0.0508607	0.5502488	0.1528248	0.0000000	0.0000000
1385.0053575	1270.0041541	15144.9938965	3.3650563	0.5640615	0.0462362	0.5372503	0.1508519	0.0000000	0.0000000
1379.9954919	1270.0041541	15139.9511523	3.3551972	0.5437139	0.0405417	0.5265737	0.1530592	0.0000000	0.0000000
1374.9977128	1270.0041541	15134.9233789	3.3453380	0.5233664	0.0320165	0.5204100	0.1500178	0.0000000	0.0000000
1369.9938149	1270.0041541	15129.8956055	3.3354789	0.5033523	0.0391525	0.4917824	0.1534655	0.0000000	0.0000000
1364.9893972	1270.0041541	15124.8678320	3.3256197	0.4830048	0.0595447	0.4968048	0.1505352	0.0000000	0.0000000
1360.0037170	1270.0041541	15119.8400586	3.3157606	0.4629908	0.1127673	0.4745624	0.1470200	0.0000000	0.0000000
1354.9999390	1270.0041541	15114.8202344	3.3059014	0.4426432	0.1862205	0.4730075	0.1499785	0.0000000	0.0000000
1349.9905185	1270.0041541	15109.8083594	3.2960423	0.4222956	0.1780117	0.4450419	0.1521700	0.0000000	0.0000000
1344.9967843	1270.0041541	15104.7964844	3.2861831	0.4022816	0.1467494	0.4351614	0.1477109	0.0000000	0.0000000
1340.0058595	1270.0041541	15099.7846094	3.2763239	0.3819340	0.0933785	0.4334674	0.1473789	0.0000000	0.0000000
1334.9945685	1270.0041541	15094.7727344	3.2664648	0.3619200	0.1020793	0.4193392	0.1439606	0.0000000	0.0000000
1329.9975394	1270.0041541	15089.7762402	3.2566056	0.3415724	0.1640330	0.4031163	0.1462744	0.0000000	0.0000000
1325.0067276	1270.0041541	15084.7804785	3.2467465	0.3212249	0.1827538	0.3778650	0.1511962	0.0000000	0.0000000
1320.0022339	1270.0041541	15079.7847168	3.2368873	0.3012108	0.1606971	0.3681487	0.1500339	0.0000000	0.0000000
1314.9915895	1270.0041541	15074.7889551	3.2270282	0.2808633	0.1036324	0.3409561	0.1491096	0.0000000	0.0000000
1309.9938559	1270.0041541	15069.7997852	3.2171690	0.2608493	0.0724739	0.3321123	0.1494098	0.0000000	0.0000000
1304.9961614	1270.0041541	15064.8201367	3.2073099	0.2405017	0.0805233	0.3253804	0.1485275	0.0000000	0.0000000
1300.0059589	1270.0041541	15059.8404883	3.1974507	0.2204877	0.0542533	0.3125175	0.1530499	0.0000000	0.0000000
1294.9989791	1270.0041541	15054.8608398	3.1875915	0.2001401	0.0560435	0.2907990	0.1524246	0.0000000	0.0000000
1290.0126310	1270.0041541	15049.8811914	3.1777324	0.1797925	0.0729694	0.2726694	0.1521765	0.0000000	0.0000000
1285.0068833	1270.0041541	15044.9154590	3.1678732	0.1597785	0.0728710	0.2544879	0.1503490	0.0000000	0.0000000
1280.0011129	1270.0041541	15039.9519238	3.1580141	0.1394309	0.0708450	0.2364417	0.1509519	0.0000000	0.0000000
1275.0093966	1270.0041541	15034.9883887	3.1481549	0.1194169	0.1483239	0.2185383	0.1461636	0.0000000	0.0000000
1270.0009934	1270.0041541	15029.7992383	3.1382958	0.0990693	0.2436442	0.2051997	0.1488442	0.0000000	0.0000000
1265.0031208	1270.0041541	15024.8417187	3.1284366	0.0787218	0.2947463	0.1943312	0.1479553	0.0000000	0.0000000
1260.0048768	1270.0041541	15019.8947266	3.1185775	0.0587078	0.2625891	0.1835359	0.1434430	0.0000000	0.0000000
1255.0147454	1270.0041541	15014.9477344	3.1087183	0.0383602	0.1748121	0.1728750	0.1485646	0.0000000	0.0000000
1250.0156050	1270.0041541	15009.7758789	3.0988592	0.0183462	0.1079460	0.1625886	0.1513555	0.0000000	0.0000000
