1599.9894452	1379.9958177	15469.9537109	3.4260649	1.0920978	0.0045726	0.8033429	0.2890031	0.0000000	1380.0000000
1594.9925208	1379.9958177	15464.9302344	3.4161408	1.0717502	0.0220754	0.8546647	0.2815507	0.0000000	0.0000000
1589.9980278	1379.9958177	15459.9136133	3.4062817	1.0517362	0.0356161	0.9027044	0.2723192	0.0000000	0.0000000
1584.9897793	1379.9958177	15454.8969922	3.3964225	1.0313886	0.0316974	0.8823887	0.2789952	0.0000000	0.0000000
1579.9932605	1379.9958177	15449.8803711	3.3865634	1.0110411	0.0278425	0.8560004	0.2808189	0.0000000	0.0000000
1574.9903821	1379.9958177	15444.8637500	3.3767042	0.9910271	0.0220216	0.8493915	0.2861670	0.0000000	0.0000000
1569.9879348	1379.9958177	15439.8602441	3.3668451	0.9706795	0.0188755	0.8253294	0.2784658	0.0000000	0.0000000
1564.9854875	1379.9958177	15434.8598242	3.3569859	0.9506655	0.0211111	0.7937595	0.2792180	0.0000000	0.0000000
1559.9998645	1379.9958177	15429.8594043	3.3471268	0.9303179	0.0207123	0.7686526	0.2821198	0.0000000	0.0000000
1554.9972408	1379.9958177	15424.8589844	3.3372676	0.9099703	0.0270371	0.7698458	0.2804077	0.0000000	0.0000000
1549.9908346	1379.9958177	15419.8593262	3.3274085	0.8899563	0.0355607	0.7632879	0.2821959	0.0000000	0.0000000
1544.9998486	1379.9958177	15414.8749023	3.3175493	0.8696087	0.0453136	0.7536216	0.2832290	0.0000000	0.0000000
1539.9918854	1379.9958177	15409.8904785	3.3076901	0.8495947	0.0492612	0.7401548	0.2763995	0.0000000	0.0000000
1534.9961535	1379.9958177	15404.9060547	3.2978310	0.8292471	0.0616680	0.7363355	0.2795082	0.0000000	0.0000000
1529.9946542	1379.9958177	15399.9216309	3.2879718	0.8088996	0.0786626	0.7461134	0.2795353	0.0000000	0.0000000
1525.0057058	1379.9958177	15394.9417773	3.2781127	0.7888856	0.0966866	0.7480310	0.2758993	0.0000000	0.0000000
1519.9916865	1379.9958177	15389.9733496	3.2682535	0.7685380	0.1219877	0.7414492	0.2841569	0.0000000	0.0000000
1514.9902785	1379.9958177	15384.7683301	3.2583944	0.7485240	0.1185112	0.7166456	0.2833492	0.0000000	0.0000000
1509.9948860	1379.9958177	15379.7999023	3.2485352	0.7281764	0.1326768	0.7109237	0.2818348	0.0000000	0.0000000
1504.9928588	1379.9958177	15374.8314746	3.2386761	0.7078288	0.0927875	0.7065112	0.2813635	0.0000000	0.0000000
1499.9935148	1379.9958177	15369.8720703	3.2288169	0.6878148	0.0738069	0.7256963	0.2824097	0.0000000	0.0000000
1494.9877468	1379.9958177	15364.9194336	3.2189577	0.6674672	0.0632140	0.7384113	0.2808757	0.0000000	0.0000000
1489.9975133	1379.9958177	15359.9667969	3.2090986	0.6474532	0.0401715	0.7444369	0.2784380	0.0000000	0.0000000
1485.0010010	1379.9958177	15354.7783203	3.1992394	0.6271056	0.0268625	0.7446946	0.2771082	0.0000000	0.0000000
1479.9972092	1379.9958177	15349.8256836	3.1893803	0.6070916	0.0159904	0.7218717	0.2789269	0.0000000	0.0000000
1474.9870847	1379.9958177	15344.8864062	3.1795211	0.5867441	0.0226077	0.7112523	0.2791655	0.0000000	0.0000000
1469.9966565	1379.9958177	15339.9493555	3.1696620	0.5663965	0.0469294	0.7125349	0.2808484	0.0000000	0.0000000
1464.9928549	1379.9958177	15334.7772070	3.1598028	0.5463825	0.0632738	0.7010377	0.2805692	0.0000000	0.0000000
1460.0031723	1379.9958177	15329.8401562	3.1499437	0.5260349	0.0570619	0.6958076	0.2801493	0.0000000	0.0000000
1455.0066100	1379.9958177	15324.9053613	3.1400845	0.5060209	0.0456737	0.6961128	0.2770187	0.0000000	0.0000000
1449.9892324	1379.9958177	15319.9841016	3.1302254	0.4856733	0.0195488	0.6781681	0.2789164	0.0000000	0.0000000
1444.9966097	1379.9958177	15314.8284961	3.1203662	0.4653257	0.0127391	0.6757540	0.2795764	0.0000000	0.0000000
1439.9920783	1379.9958177	15309.9072363	3.1105070	0.4453117	0.0307681	0.6647804	0.2755515	0.0000000	0.0000000
1434.9988018	1379.9958177	15304.9859766	3.1006479	0.4249641	0.0702478	0.6478958	0.2748032	0.0000000	0.0000000
1429.9929097	1379.9958177	15299.8376953	3.0907887	0.4049501	0.1144326	0.6572628	0.2761405	0.0000000	0.0000000
1424.9928269	1379.9958177	15294.9318164	3.0809296	0.3846026	0.1178307	0.6324037	0.2757402	0.0000000	0.0000000
1419.9996525	1379.9958177	15289.7923242	3.0710704	0.3642550	0.1141638	0.6267040	0.2770994	0.0000000	0.0000000
1414.9875199	1379.9958177	15284.8864453	3.0612113	0.3442410	0.0832843	0.6062258	0.2773400	0.0000000	0.0000000
1409.9936575	1379.9958177	15279.9805664	3.0513521	0.3238934	0.0771381	0.6097133	0.2758872	0.0000000	0.0000000
1404.9940311	1379.9958177	15274.8536914	3.0414930	0.3038794	0.0527435	0.5851847	0.2784979	0.0000000	0.0000000
1399.9876626	1379.9958177	15269.9633984	3.0316338	0.2835318	0.0472759	0.5758921	0.2802238	0.0000000	0.0000000
1394.9969913	1379.9958177	15264.8402344	3.0217746	0.2631842	0.0405251	0.5687828	0.2823293	0.0000000	0.0000000
1389.9855886	1379.9958177	15259.9499414	3.0119155	0.2431702	0.0408329	0.5729808	0.2783825	0.0000000	0.0000000
1384.9993143	1379.9958177	15254.8289746	3.0020563	0.2228226	0.0401410	0.5664638	0.2728350	0.0000000	0.0000000
1379.9954919	1379.9958177	15249.9540625	2.9921972	0.2028086	0.0308511	0.5504810	0.2729983	0.0000000	0.0000000
1374.9977128	1379.9958177	15244.8470117	2.9823380	0.1824611	0.0162048	0.5431823	0.2746692	0.0000000	0.0000000
1369.9938149	1379.9958177	15239.9720996	2.9724789	0.1624470	0.0107467	0.5253528	0.2776998	0.0000000	0.0000000
1364.9893972	1379.9958177	15234.8650488	2.9626197	0.1420995	0.0235211	0.5003552	0.2811643	0.0000000	0.0000000
1359.9976739	1379.9958177	15229.9973633	2.9527606	0.1217519	0.0503972	0.4923295	0.2837026	0.0000000	0.0000000
1354.9999390	1379.9958177	15224.9062109	2.9429014	0.1017379	0.0768348	0.4642979	0.2827848	0.0000000	0.0000000
1349.9905185	1379.9958177	15219.8150586	2.9330423	0.0813903	0.0836183	0.4560034	0.2863832	0.0000000	0.0000000
1344.9899754	1379.9958177	15214.9553223	2.9231831	0.0613763	0.0679574	0.4426869	0.2876998	0.0000000	0.0000000
1340.0058595	1379.9958177	15209.8641699	2.9133239	0.0410287	0.0525564	0.4315879	0.2836448	0.0000000	0.0000000
1334.9945685	1379.9958177	15204.7869336	2.9034648	0.0206811	0.0636998	0.4184332	0.2794285	0.0000000	0.0000000
1329.9975394	1379.9958177	15199.9425781	2.8936056	0.0006671	0.0778345	0.3937401	0.2828472	0.0000000	0.0000000
1324.9999187	1379.9958177	15194.8675391	2.8837465	-0.0196804	0.0886365	0.3832197	0.2868870	0.0000000	0.0000000
1320.0022339	1379.9958177	15189.7925000	2.8738873	-0.0396945	0.0741072	0.3616711	0.2889021	0.0000000	0.0000000
1314.9915895	1379.9958177	15184.9517090	2.8640282	-0.0600420	0.0579072	0.3497395	0.2865975	0.0000000	0.0000000
1309.9938559	1379.9958177	15179.8923535	2.8541690	-0.0803896	0.0444298	0.3337714	0.2822269	0.0000000	0.0000000
1304.9961614	1379.9958177	15174.8329980	2.8443099	-0.1004036	0.0393258	0.3156688	0.2835029	0.0000000	0.0000000
1299.9991501	1379.9958177	15169.7736426	2.8344507	-0.1207512	0.0365309	0.3057089	0.2828594	0.0000000	0.0000000
1294.9989791	1379.9958177	15164.9442578	2.8245915	-0.1407652	0.0343625	0.2867837	0.2829753	0.0000000	0.0000000
1290.0052150	1379.9958177	15159.8950195	2.8147324	-0.1611128	0.0363580	0.2598392	0.2832455	0.0000000	0.0000000
1284.9994674	1379.9958177	15154.8515625	2.8048732	-0.1814604	0.0353652	0.2446272	0.2805930	0.0000000	0.0000000
1280.0011129	1379.9958177	15149.8081055	2.7950141	-0.2014744	0.0444792	0.2224799	0.2882389	0.0000000	0.0000000
1275.0019807	1379.9958177	15144.9938965	2.7851549	-0.2218219	0.0721927	0.2109429	0.2815006	0.0000000	0.0000000
1270.0086294	1379.9958177	15139.9511523	2.7752958	-0.2418360	0.1113751	0.1984387	0.2760652	0.0000000	0.0000000
1264.9950068	1379.9958177	15134.9233789	2.7654366	-0.2621835	0.1244559	0.1811097	0.2799363	0.0000000	0.0000000
1260.0048768	1379.9958177	15129.8956055	2.7555775	-0.2825311	0.1141063	0.1748820	0.2834460	0.0000000	0.0000000
1255.0066299	1379.9958177	15124.8678320	2.7457183	-0.3025451	0.0796144	0.1594237	0.2863097	0.0000000	0.0000000
1250.0156050	1379.9958177	15119.8400586	2.7358592	-0.3228927	0.0494866	0.1521272	0.2800282	0.0000000	0.0000000
