1599.9954356	1544.9911352	15634.9912305	2.8813503	0.5804063	0.0819420	0.8076215	0.4310219	0.0000000	1545.0000000
1594.9984053	1544.9911352	15629.8597656	2.8716408	0.5603923	0.0551929	0.8470975	0.4378878	0.0000000	0.0000000
1590.0036367	1544.9911352	15624.9726562	2.8617817	0.5400447	0.0544691	0.8657468	0.4326411	0.0000000	0.0000000
1584.9953866	1544.9911352	15619.8411914	2.8519225	0.5200307	0.0598351	0.8530984	0.4415927	0.0000000	0.0000000
1579.9988693	1544.9911352	15614.9540820	2.8420634	0.4996831	0.0650574	0.8427179	0.4350670	0.0000000	0.0000000
1574.9959902	1544.9911352	15609.8322266	2.8322042	0.4793355	0.0814619	0.8537636	0.4307352	0.0000000	0.0000000
1569.9935429	1544.9911352	15604.9611328	2.8223451	0.4593215	0.0822881	0.8130557	0.4345726	0.0000000	0.0000000
1564.9910956	1544.9911352	15599.8464844	2.8124859	0.4389739	0.0828247	0.7779741	0.4367567	0.0000000	0.0000000
1559.9998645	1544.9911352	15594.9753906	2.8026268	0.4189599	0.0913607	0.7574307	0.4341699	0.0000000	0.0000000
1555.0028496	1544.9911352	15589.8607422	2.7927676	0.3986124	0.1039862	0.7480071	0.4369981	0.0000000	0.0000000
1549.9965481	1544.9911352	15584.7578125	2.7829085	0.3782648	0.1549774	0.7498772	0.4345277	0.0000000	0.0000000
1545.0061240	1544.9911352	15579.9023437	2.7730493	0.3582508	0.2209014	0.7477661	0.4256201	0.0000000	0.0000000
1539.9981617	1544.9911352	15574.8041016	2.7631901	0.3379032	0.3137424	0.7304462	0.4251954	0.0000000	0.0000000
1534.9961535	1544.9911352	15569.9486328	2.7533310	0.3178892	0.4392223	0.7296456	0.4353889	0.0000000	0.0000000
1530.0009296	1544.9911352	15564.8503906	2.7434718	0.2975416	0.5590522	0.7471521	0.4285151	0.0000000	0.0000000
1525.0057058	1544.9911352	15559.7663867	2.7336127	0.2771940	0.5150208	0.7221106	0.4308394	0.0000000	0.0000000
1519.9979617	1544.9911352	15554.9267383	2.7237535	0.2571800	0.4460896	0.7145704	0.4364439	0.0000000	0.0000000
1514.9965539	1544.9911352	15549.8451074	2.7138944	0.2368324	0.3002515	0.7049561	0.4324208	0.0000000	0.0000000
1510.0011622	1544.9911352	15544.7634766	2.7040352	0.2168184	0.1280515	0.7073568	0.4354412	0.0000000	0.0000000
1504.9991342	1544.9911352	15539.9238281	2.6941761	0.1964709	0.0405164	0.7053709	0.4323197	0.0000000	0.0000000
1499.9935148	1544.9911352	15534.8586035	2.6843169	0.1761233	0.0272178	0.7164772	0.4409072	0.0000000	0.0000000
1494.9945089	1544.9911352	15529.7933789	2.6744577	0.1561093	0.0313622	0.7348998	0.4302001	0.0000000	0.0000000
1489.9975133	1544.9911352	15524.9693555	2.6645986	0.1357617	0.0368087	0.7278198	0.4314884	0.0000000	0.0000000
1485.0010010	1544.9911352	15519.9041309	2.6547394	0.1157477	0.0441666	0.7406574	0.4307870	0.0000000	0.0000000
1479.9972092	1544.9911352	15514.8420312	2.6448803	0.0954001	0.0433171	0.7178017	0.4365357	0.0000000	0.0000000
1475.0006089	1544.9911352	15509.7932129	2.6350211	0.0750525	0.0463252	0.6945632	0.4284235	0.0000000	0.0000000
1470.0101807	1544.9911352	15504.9848145	2.6251620	0.0550385	0.0542783	0.6890932	0.4270979	0.0000000	0.0000000
1464.9996160	1544.9911352	15499.9359961	2.6153028	0.0346910	0.0641422	0.6798047	0.4432120	0.0000000	0.0000000
1460.0031723	1544.9911352	15494.8871777	2.6054437	0.0146769	0.0617649	0.6940626	0.4304391	0.0000000	0.0000000
1455.0133719	1544.9911352	15489.8445312	2.5955845	-0.0056706	0.0539214	0.6628128	0.4390182	0.0000000	0.0000000
1449.9959945	1544.9911352	15484.8119141	2.5857254	-0.0256846	0.0476061	0.6650756	0.4381332	0.0000000	0.0000000
1444.9966097	1544.9911352	15479.7792969	2.5758662	-0.0460322	0.0569166	0.6602577	0.4400463	0.0000000	0.0000000
1440.0045771	1544.9911352	15474.9863281	2.5660070	-0.0663798	0.0802146	0.6685629	0.4344340	0.0000000	0.0000000
1435.0050512	1544.9911352	15469.9537109	2.5561479	-0.0863938	0.0975378	0.6456521	0.4331011	0.0000000	0.0000000
1429.9991600	1544.9911352	15464.9302344	2.5462887	-0.1067414	0.0782542	0.6273212	0.4343129	0.0000000	0.0000000
1424.9990761	1544.9911352	15459.9136133	2.5364296	-0.1267554	0.0667136	0.6258362	0.4340341	0.0000000	0.0000000
1420.0059019	1544.9911352	15454.8969922	2.5265704	-0.1471030	0.0456038	0.6127295	0.4340302	0.0000000	0.0000000
1414.9937701	1544.9911352	15449.8803711	2.5167113	-0.1674505	0.0353256	0.6085153	0.4359794	0.0000000	0.0000000
1409.9999070	1544.9911352	15444.8637500	2.5068521	-0.1874646	0.0325497	0.5925001	0.4364374	0.0000000	0.0000000
1405.0002814	1544.9911352	15439.8602441	2.4969930	-0.2078121	0.0378521	0.5857725	0.4316256	0.0000000	0.0000000
1399.9939120	1544.9911352	15434.8598242	2.4871338	-0.2278261	0.0450341	0.5553757	0.4381587	0.0000000	0.0000000
1394.9969913	1544.9911352	15429.8594043	2.4772746	-0.2481737	0.0391107	0.5471506	0.4340717	0.0000000	0.0000000
1389.9976768	1544.9911352	15424.8589844	2.4674155	-0.2685213	0.0369458	0.5480477	0.4330507	0.0000000	0.0000000
1385.0053575	1544.9911352	15419.8593262	2.4575563	-0.2885353	0.0290652	0.5361596	0.4287466	0.0000000	0.0000000
1380.0015352	1544.9911352	15414.8749023	2.4476972	-0.3088829	0.0203878	0.5330972	0.4322670	0.0000000	0.0000000
1374.9977128	1544.9911352	15409.8904785	2.4378380	-0.3288969	0.0217117	0.5321671	0.4263923	0.0000000	0.0000000
1369.9998590	1544.9911352	15404.9060547	2.4279789	-0.3492445	0.0299254	0.5176701	0.4280576	0.0000000	0.0000000
1364.9954405	1544.9911352	15399.9216309	2.4181197	-0.3695920	0.0459429	0.4992371	0.4285298	0.0000000	0.0000000
1360.0097601	1544.9911352	15394.9417773	2.4082606	-0.3896061	0.0569072	0.4773960	0.4323346	0.0000000	0.0000000
1355.0059831	1544.9911352	15389.9733496	2.3984014	-0.4099536	0.0627537	0.4737116	0.4331205	0.0000000	0.0000000
1350.0030554	1544.9911352	15384.7683301	2.3885423	-0.4299676	0.0462950	0.4459513	0.4319319	0.0000000	0.0000000
1345.0035932	1544.9911352	15379.7999023	2.3786831	-0.4503152	0.0404537	0.4359883	0.4414677	0.0000000	0.0000000
1340.0126684	1544.9911352	15374.8314746	2.3688239	-0.4703292	0.0486113	0.4425953	0.4289320	0.0000000	0.0000000
1334.9945685	1544.9911352	15369.8720703	2.3589648	-0.4906768	0.0595533	0.4253761	0.4377495	0.0000000	0.0000000
1330.0043482	1544.9911352	15364.9194336	2.3491056	-0.5110244	0.0512797	0.4029481	0.4400006	0.0000000	0.0000000
1325.0067276	1544.9911352	15359.9667969	2.3392465	-0.5310384	0.0432244	0.3810276	0.4376964	0.0000000	0.0000000
1320.0090417	1544.9911352	15354.7783203	2.3293873	-0.5513860	0.0221014	0.3616808	0.4378897	0.0000000	0.0000000
1315.0052073	1544.9911352	15349.8256836	2.3195282	-0.5714000	0.0143969	0.3450518	0.4335663	0.0000000	0.0000000
1310.0006648	1544.9911352	15344.8864062	2.3096690	-0.5917476	0.0129135	0.3314579	0.4287333	0.0000000	0.0000000
1305.0029693	1544.9911352	15339.9493555	2.2998099	-0.6120951	0.0152247	0.3078966	0.4316741	0.0000000	0.0000000
1300.0059589	1544.9911352	15334.7772070	2.2899507	-0.6321091	0.0229384	0.3043536	0.4377669	0.0000000	0.0000000
1295.0063540	1544.9911352	15329.8401562	2.2800915	-0.6524567	0.0254189	0.2894053	0.4360549	0.0000000	0.0000000
1290.0126310	1544.9911352	15324.9053613	2.2702324	-0.6724707	0.0369159	0.2655577	0.4321213	0.0000000	0.0000000
1285.0142992	1544.9911352	15319.9841016	2.2603732	-0.6928183	0.0379303	0.2529867	0.4346798	0.0000000	0.0000000
1280.0085301	1544.9911352	15314.8284961	2.2505141	-0.7131659	0.0411445	0.2287682	0.4374174	0.0000000	0.0000000
1275.0093966	1544.9911352	15309.9072363	2.2406549	-0.7331799	0.0518062	0.2156067	0.4284824	0.0000000	0.0000000
1270.0086294	1544.9911352	15304.9859766	2.2307958	-0.7535275	0.0556875	0.1958497	0.4300326	0.0000000	0.0000000
1265.0031208	1544.9911352	15299.8376953	2.2209366	-0.7735415	0.0454124	0.1835011	0.4305206	0.0000000	0.0000000
1260.0211049	1544.9911352	15294.9318164	2.2110775	-0.7938891	0.0300096	0.1820078	0.4379581	0.0000000	0.0000000
1255.0147454	1544.9911352	15289.7923242	2.2012183	-0.8142366	0.0201281	0.1675289	0.4327395	0.0000000	0.0000000
1250.0237205	1544.9911352	15284.8864453	2.1913592	-0.8342506	0.0180670	0.1587527	0.4342235	0.0000000	0.0000000
