1599.9894452	1599.9979834	15689.7545508	2.6998899	0.4099536	0.0189917	0.8193945	0.5233471	0.0000000	1600.0000000
1594.9984053	1599.9979834	15684.8241211	2.6901408	0.3899396	0.0131420	0.8703972	0.5278593	0.0000000	0.0000000
1590.0092455	1599.9979834	15679.9051758	2.6802817	0.3695920	0.0173973	0.8771889	0.5311863	0.0000000	0.0000000
1585.0009939	1599.9979834	15674.9862305	2.6704225	0.3492445	0.0204844	0.8679271	0.5340952	0.0000000	0.0000000
1580.0044781	1599.9979834	15669.8213379	2.6605634	0.3292305	0.0212278	0.8559559	0.5363159	0.0000000	0.0000000
1574.9959902	1599.9979834	15664.9023926	2.6507042	0.3088829	0.0225598	0.8322398	0.5371084	0.0000000	0.0000000
1569.9991510	1599.9979834	15659.9890527	2.6408451	0.2888689	0.0254972	0.8252769	0.5339005	0.0000000	0.0000000
1564.9967037	1599.9979834	15654.8409766	2.6309859	0.2685213	0.0281072	0.8008107	0.5326787	0.0000000	0.0000000
1560.0054727	1599.9979834	15649.9380469	2.6211268	0.2481737	0.0315337	0.7805359	0.5311788	0.0000000	0.0000000
1555.0028496	1599.9979834	15644.7899707	2.6112676	0.2281597	0.0331775	0.7719590	0.5312726	0.0000000	0.0000000
1550.0022616	1599.9979834	15639.8870410	2.6014085	0.2078121	0.0367542	0.7547228	0.5326503	0.0000000	0.0000000
1545.0123994	1599.9979834	15634.9912305	2.5915493	0.1877981	0.0456451	0.7657572	0.5236393	0.0000000	0.0000000
1540.0044380	1599.9979834	15629.8597656	2.5816901	0.1674505	0.0525118	0.7482833	0.5274430	0.0000000	0.0000000
1534.9961535	1599.9979834	15624.9726562	2.5718310	0.1471030	0.0668751	0.7374760	0.5387072	0.0000000	0.0000000
1530.0072050	1599.9979834	15619.8411914	2.5619718	0.1270890	0.0599858	0.7343140	0.5336505	0.0000000	0.0000000
1525.0119812	1599.9979834	15614.9540820	2.5521127	0.1067414	0.0495656	0.7263878	0.5420686	0.0000000	0.0000000
1520.0042370	1599.9979834	15609.8322266	2.5422535	0.0867274	0.0435450	0.7139944	0.5327488	0.0000000	0.0000000
1515.0028293	1599.9979834	15604.9611328	2.5323944	0.0663798	0.0300504	0.7115419	0.5263589	0.0000000	0.0000000
1510.0011622	1599.9979834	15599.8464844	2.5225352	0.0460322	0.0216655	0.7114242	0.5334773	0.0000000	0.0000000
1505.0054096	1599.9979834	15594.9753906	2.5126761	0.0260182	0.0127292	0.6993054	0.5397251	0.0000000	0.0000000
1499.9998464	1599.9979834	15589.8607422	2.5028169	0.0056706	0.0077738	0.7185141	0.5293237	0.0000000	0.0000000
1495.0012710	1599.9979834	15584.7578125	2.4929577	-0.0143434	0.0079182	0.7199777	0.5361503	0.0000000	0.0000000
1490.0110351	1599.9979834	15579.9023437	2.4830986	-0.0346910	0.0097827	0.7280377	0.5337529	0.0000000	0.0000000
1485.0077631	1599.9979834	15574.8041016	2.4732394	-0.0547050	0.0169771	0.7400293	0.5358909	0.0000000	0.0000000
1480.0039702	1599.9979834	15569.9486328	2.4633803	-0.0750525	0.0305365	0.7090137	0.5424297	0.0000000	0.0000000
1475.0006089	1599.9979834	15564.8503906	2.4535211	-0.0954001	0.0415808	0.6877575	0.5380219	0.0000000	0.0000000
1470.0169428	1599.9979834	15559.7663867	2.4436620	-0.1154141	0.0328876	0.7090556	0.5261901	0.0000000	0.0000000
1465.0131381	1599.9979834	15554.9267383	2.4338028	-0.1357617	0.0164286	0.6773347	0.5407315	0.0000000	0.0000000
1460.0099334	1599.9979834	15549.8451074	2.4239437	-0.1557757	0.0096559	0.6769384	0.5325206	0.0000000	0.0000000
1455.0201338	1599.9979834	15544.7634766	2.4140845	-0.1761233	0.0056907	0.6697672	0.5352243	0.0000000	0.0000000
1450.0027566	1599.9979834	15539.9238281	2.4042254	-0.1964709	0.0061560	0.6721131	0.5347014	0.0000000	0.0000000
1445.0096808	1599.9979834	15534.8586035	2.3943662	-0.2164849	0.0078988	0.6738833	0.5329137	0.0000000	0.0000000
1440.0108265	1599.9979834	15529.7933789	2.3845070	-0.2368324	0.0114852	0.6432536	0.5286323	0.0000000	0.0000000
1435.0050512	1599.9979834	15524.9693555	2.3746479	-0.2568465	0.0153658	0.6477977	0.5287188	0.0000000	0.0000000
1430.0054103	1599.9979834	15519.9041309	2.3647887	-0.2771940	0.0166797	0.6194369	0.5342240	0.0000000	0.0000000
1425.0053254	1599.9979834	15514.8420312	2.3549296	-0.2975416	0.0215122	0.6180762	0.5272781	0.0000000	0.0000000
1420.0059019	1599.9979834	15509.7932129	2.3450704	-0.3175556	0.0245513	0.6229561	0.5265353	0.0000000	0.0000000
1414.9937701	1599.9979834	15504.9848145	2.3352113	-0.3379032	0.0230795	0.6194932	0.5263687	0.0000000	0.0000000
1409.9999070	1599.9979834	15499.9359961	2.3253521	-0.3579172	0.0180529	0.6086972	0.5352371	0.0000000	0.0000000
1405.0065316	1599.9979834	15494.8871777	2.3154930	-0.3782648	0.0147380	0.5893269	0.5272745	0.0000000	0.0000000
1400.0001614	1599.9979834	15489.8445312	2.3056338	-0.3986124	0.0097130	0.5601495	0.5327336	0.0000000	0.0000000
1395.0031046	1599.9979834	15484.8119141	2.2957746	-0.4186264	0.0065419	0.5720274	0.5243308	0.0000000	0.0000000
1390.0037209	1599.9979834	15479.7792969	2.2859155	-0.4389739	0.0065676	0.5685956	0.5390480	0.0000000	0.0000000
1385.0114008	1599.9979834	15474.9863281	2.2760563	-0.4589880	0.0047080	0.5290346	0.5371155	0.0000000	0.0000000
1380.0075784	1599.9979834	15469.9537109	2.2661972	-0.4793355	0.0052656	0.5429988	0.5402423	0.0000000	0.0000000
1375.0037561	1599.9979834	15464.9302344	2.2563380	-0.4993495	0.0032212	0.5284185	0.5352590	0.0000000	0.0000000
1370.0059031	1599.9979834	15459.9136133	2.2464789	-0.5196971	0.0071530	0.5326082	0.5267689	0.0000000	0.0000000
1364.9954405	1599.9979834	15454.8969922	2.2366197	-0.5400447	0.0121836	0.5071405	0.5332691	0.0000000	0.0000000
1360.0158033	1599.9979834	15449.8803711	2.2267606	-0.5600587	0.0268422	0.4897615	0.5390286	0.0000000	0.0000000
1355.0120272	1599.9979834	15444.8637500	2.2169014	-0.5804063	0.0310719	0.4765122	0.5327264	0.0000000	0.0000000
1350.0030554	1599.9979834	15439.8602441	2.2070423	-0.6004203	0.0348365	0.4595806	0.5286528	0.0000000	0.0000000
1345.0035932	1599.9979834	15434.8598242	2.1971831	-0.6207679	0.0269291	0.4507605	0.5353989	0.0000000	0.0000000
1340.0126684	1599.9979834	15429.8594043	2.1873239	-0.6411154	0.0148584	0.4342301	0.5248843	0.0000000	0.0000000
1335.0013764	1599.9979834	15424.8589844	2.1774648	-0.6611295	0.0084102	0.4247249	0.5309047	0.0000000	0.0000000
1330.0111569	1599.9979834	15419.8593262	2.1676056	-0.6814770	0.0123335	0.4034994	0.5300369	0.0000000	0.0000000
1325.0135365	1599.9979834	15414.8749023	2.1577465	-0.7014910	0.0153418	0.3858217	0.5283132	0.0000000	0.0000000
1320.0158496	1599.9979834	15409.8904785	2.1478873	-0.7218386	0.0158149	0.3640587	0.5331306	0.0000000	0.0000000
1315.0052073	1599.9979834	15404.9060547	2.1380282	-0.7421862	0.0168685	0.3545924	0.5252918	0.0000000	0.0000000
1310.0006648	1599.9979834	15399.9216309	2.1281690	-0.7622002	0.0164596	0.3390343	0.5272360	0.0000000	0.0000000
1305.0097771	1599.9979834	15394.9417773	2.1183099	-0.7825478	0.0155350	0.3154739	0.5286937	0.0000000	0.0000000
1300.0127676	1599.9979834	15389.9733496	2.1084507	-0.8025618	0.0105730	0.2960371	0.5282612	0.0000000	0.0000000
1295.0137288	1599.9979834	15384.7683301	2.0985915	-0.8229094	0.0061476	0.2802799	0.5274583	0.0000000	0.0000000
1290.0126310	1599.9979834	15379.7999023	2.0887324	-0.8432569	0.0073488	0.2781613	0.5269653	0.0000000	0.0000000
1285.0142992	1599.9979834	15374.8314746	2.0788732	-0.8632710	0.0046606	0.2590037	0.5201959	0.0000000	0.0000000
1280.0159472	1599.9979834	15369.8720703	2.0690141	-0.8836185	0.0043744	0.2324955	0.5228071	0.0000000	0.0000000
1275.0093966	1599.9979834	15364.9194336	2.0591549	-0.9036325	0.0122714	0.2216688	0.5235615	0.0000000	0.0000000
1270.0086294	1599.9979834	15359.9667969	2.0492958	-0.9239801	0.0317302	0.2008029	0.5215126	0.0000000	0.0000000
1265.0031208	1599.9979834	15354.7783203	2.0394366	-0.9439941	0.0362990	0.1797636	0.5292084	0.0000000	0.0000000
1260.0211049	1599.9979834	15349.8256836	2.0295775	-0.9643417	0.0359371	0.1788814	0.5228530	0.0000000	0.0000000
1255.0228608	1599.9979834	15344.8864062	2.0197183	-0.9846893	0.0283782	0.1580980	0.5250180	0.0000000	0.0000000
1250.0237205	1599.9979834	15339.9493555	2.0098592	-1.0047033	0.0205592	0.1465858	0.5291604	0.0000000	0.0000000
