1599.9954356	1409.9986854	15499.9359961	3.3269956	0.9990327	0.0499600	0.7779047	0.3068196	0.0000000	1410.0000000
1594.9925208	1409.9986854	15494.8871777	3.3171408	0.9786851	0.0872885	0.8593670	0.3010663	0.0000000	0.0000000
1589.9980278	1409.9986854	15489.8445312	3.3072817	0.9586711	0.0773473	0.8607186	0.3073936	0.0000000	0.0000000
1584.9953866	1409.9986854	15484.8119141	3.2974225	0.9383235	0.0667700	0.8617940	0.3043749	0.0000000	0.0000000
1579.9932605	1409.9986854	15479.7792969	3.2875634	0.9183095	0.0512900	0.8540286	0.2991140	0.0000000	0.0000000
1574.9903821	1409.9986854	15474.9863281	3.2777042	0.8979619	0.0397755	0.8315173	0.3014513	0.0000000	0.0000000
1569.9935429	1409.9986854	15469.9537109	3.2678451	0.8776143	0.0277114	0.8113959	0.3062371	0.0000000	0.0000000
1564.9854875	1409.9986854	15464.9302344	3.2579859	0.8576003	0.0274042	0.7961887	0.2975359	0.0000000	0.0000000
1559.9998645	1409.9986854	15459.9136133	3.2481268	0.8372527	0.0222169	0.7604306	0.2979818	0.0000000	0.0000000
1554.9972408	1409.9986854	15454.8969922	3.2382676	0.8172387	0.0275765	0.7592338	0.3000859	0.0000000	0.0000000
1549.9908346	1409.9986854	15449.8803711	3.2284085	0.7968912	0.0425814	0.7502241	0.2974424	0.0000000	0.0000000
1544.9998486	1409.9986854	15444.8637500	3.2185493	0.7765436	0.0594767	0.7323657	0.3017681	0.0000000	0.0000000
1539.9918854	1409.9986854	15439.8602441	3.2086901	0.7565296	0.0876755	0.7206268	0.3036830	0.0000000	0.0000000
1534.9961535	1409.9986854	15434.8598242	3.1988310	0.7361820	0.1115469	0.7172075	0.3018262	0.0000000	0.0000000
1529.9946542	1409.9986854	15429.8594043	3.1889718	0.7161680	0.1707905	0.7205457	0.2994758	0.0000000	0.0000000
1525.0057058	1409.9986854	15424.8589844	3.1791127	0.6958204	0.2335654	0.7159899	0.3003884	0.0000000	0.0000000
1519.9916865	1409.9986854	15419.8593262	3.1692535	0.6754728	0.3075999	0.7144556	0.2981780	0.0000000	0.0000000
1514.9965539	1409.9986854	15414.8749023	3.1593944	0.6554588	0.3778540	0.7017236	0.2971714	0.0000000	0.0000000
1510.0011622	1409.9986854	15409.8904785	3.1495352	0.6351112	0.3943059	0.7078372	0.2961080	0.0000000	0.0000000
1504.9928588	1409.9986854	15404.9060547	3.1396761	0.6150972	0.3101974	0.7036329	0.3016250	0.0000000	0.0000000
1499.9935148	1409.9986854	15399.9216309	3.1298169	0.5947497	0.2399899	0.6914265	0.3012129	0.0000000	0.0000000
1494.9945089	1409.9986854	15394.9417773	3.1199577	0.5744021	0.1804568	0.7023202	0.3042072	0.0000000	0.0000000
1489.9975133	1409.9986854	15389.9733496	3.1100986	0.5543881	0.1382100	0.7196306	0.3051244	0.0000000	0.0000000
1485.0010010	1409.9986854	15384.7683301	3.1002394	0.5340405	0.0716847	0.7189629	0.3074529	0.0000000	0.0000000
1479.9972092	1409.9986854	15379.7999023	3.0903803	0.5140265	0.0387495	0.7049136	0.3050326	0.0000000	0.0000000
1474.9938468	1409.9986854	15374.8314746	3.0805211	0.4936789	0.0600570	0.7012385	0.3095298	0.0000000	0.0000000
1470.0034186	1409.9986854	15369.8720703	3.0706620	0.4736649	0.1034316	0.6948557	0.3030243	0.0000000	0.0000000
1464.9928549	1409.9986854	15364.9194336	3.0608028	0.4533173	0.1422006	0.6830712	0.3123773	0.0000000	0.0000000
1459.9964112	1409.9986854	15359.9667969	3.0509437	0.4329697	0.1334282	0.6642138	0.3109316	0.0000000	0.0000000
1455.0066100	1409.9986854	15354.7783203	3.0410845	0.4129557	0.0936505	0.6618698	0.3054279	0.0000000	0.0000000
1449.9892324	1409.9986854	15349.8256836	3.0312254	0.3926082	0.0474028	0.6724651	0.3042527	0.0000000	0.0000000
1444.9966097	1409.9986854	15344.8864062	3.0213662	0.3725941	0.0255964	0.6586161	0.2988704	0.0000000	0.0000000
1439.9920783	1409.9986854	15339.9493555	3.0115070	0.3522466	0.0524641	0.6457742	0.2967654	0.0000000	0.0000000
1435.0050512	1409.9986854	15334.7772070	3.0016479	0.3318990	0.1356741	0.6379415	0.3035106	0.0000000	0.0000000
1429.9929097	1409.9986854	15329.8401562	2.9917887	0.3118850	0.2264133	0.6216345	0.3034213	0.0000000	0.0000000
1424.9928269	1409.9986854	15324.9053613	2.9819296	0.2915374	0.2498324	0.6279176	0.2922769	0.0000000	0.0000000
1420.0059019	1409.9986854	15319.9841016	2.9720704	0.2715234	0.2329464	0.6072545	0.2961960	0.0000000	0.0000000
1414.9875199	1409.9986854	15314.8284961	2.9622113	0.2511758	0.1904354	0.5836117	0.3030415	0.0000000	0.0000000
1409.9936575	1409.9986854	15309.9072363	2.9523521	0.2308282	0.1535809	0.5835486	0.3066191	0.0000000	0.0000000
1404.9940311	1409.9986854	15304.9859766	2.9424930	0.2108142	0.1405747	0.5661821	0.3023208	0.0000000	0.0000000
1399.9876626	1409.9986854	15299.8376953	2.9326338	0.1904667	0.1177303	0.5643794	0.3028475	0.0000000	0.0000000
1394.9908780	1409.9986854	15294.9318164	2.9227746	0.1704527	0.0921418	0.5437346	0.3001700	0.0000000	0.0000000
1389.9916327	1409.9986854	15289.7923242	2.9129155	0.1501051	0.0933387	0.5494286	0.3029608	0.0000000	0.0000000
1385.0053575	1409.9986854	15284.8864453	2.9030563	0.1297575	0.0758011	0.5305004	0.2987218	0.0000000	0.0000000
1379.9954919	1409.9986854	15279.9805664	2.8931972	0.1097435	0.0741503	0.5283406	0.3016846	0.0000000	0.0000000
1374.9977128	1409.9986854	15274.8536914	2.8833380	0.0893959	0.0464075	0.5229193	0.2983447	0.0000000	0.0000000
1369.9938149	1409.9986854	15269.9633984	2.8734789	0.0693819	0.0352736	0.5036044	0.2962411	0.0000000	0.0000000
1364.9893972	1409.9986854	15264.8402344	2.8636197	0.0490343	0.0771243	0.4854558	0.3086663	0.0000000	0.0000000
1360.0037170	1409.9986854	15259.9499414	2.8537606	0.0290203	0.1370648	0.4775354	0.3045707	0.0000000	0.0000000
1354.9999390	1409.9986854	15254.8289746	2.8439014	0.0086727	0.1868818	0.4524518	0.3030411	0.0000000	0.0000000
1349.9905185	1409.9986854	15249.9540625	2.8340423	-0.0116748	0.1914567	0.4508711	0.2962426	0.0000000	0.0000000
1344.9967843	1409.9986854	15244.8470117	2.8241831	-0.0316888	0.1583165	0.4425191	0.2941953	0.0000000	0.0000000
1340.0058595	1409.9986854	15239.9720996	2.8143239	-0.0520364	0.1142172	0.4219852	0.2968605	0.0000000	0.0000000
1334.9945685	1409.9986854	15234.8650488	2.8044648	-0.0720504	0.1541306	0.4084128	0.2984895	0.0000000	0.0000000
1329.9975394	1409.9986854	15229.9973633	2.7946056	-0.0923980	0.2306217	0.3855950	0.3084550	0.0000000	0.0000000
1325.0067276	1409.9986854	15224.9062109	2.7847465	-0.1127456	0.2090945	0.3677965	0.2941187	0.0000000	0.0000000
1320.0022339	1409.9986854	15219.8150586	2.7748873	-0.1327596	0.1767632	0.3547648	0.3013939	0.0000000	0.0000000
1314.9983984	1409.9986854	15214.9553223	2.7650282	-0.1531072	0.1190486	0.3320159	0.3046310	0.0000000	0.0000000
1309.9938559	1409.9986854	15209.8641699	2.7551690	-0.1731212	0.0943319	0.3159895	0.3012485	0.0000000	0.0000000
1304.9961614	1409.9986854	15204.7869336	2.7453099	-0.1934688	0.0890889	0.3023685	0.3022406	0.0000000	0.0000000
1300.0059589	1409.9986854	15199.9425781	2.7354507	-0.2138163	0.0795120	0.2910255	0.3091343	0.0000000	0.0000000
1294.9989791	1409.9986854	15194.8675391	2.7255915	-0.2338303	0.0795321	0.2652957	0.3086162	0.0000000	0.0000000
1290.0052150	1409.9986854	15189.7925000	2.7157324	-0.2541779	0.0875057	0.2473619	0.3066672	0.0000000	0.0000000
1285.0068833	1409.9986854	15184.9517090	2.7058732	-0.2741919	0.0850826	0.2328274	0.3029385	0.0000000	0.0000000
1280.0011129	1409.9986854	15179.8923535	2.6960141	-0.2945395	0.1062305	0.2213405	0.3045446	0.0000000	0.0000000
1275.0019807	1409.9986854	15174.8329980	2.6861549	-0.3148871	0.1720015	0.1936714	0.3115560	0.0000000	0.0000000
1270.0009934	1409.9986854	15169.7736426	2.6762958	-0.3349011	0.2699294	0.1929932	0.3175260	0.0000000	0.0000000
1265.0031208	1409.9986854	15164.9442578	2.6664366	-0.3552487	0.2897489	0.1759082	0.3051700	0.0000000	0.0000000
1260.0048768	1409.9986854	15159.8950195	2.6565775	-0.3752627	0.2390909	0.1605138	0.3104180	0.0000000	0.0000000
1255.0147454	1409.9986854	15154.8515625	2.6467183	-0.3956103	0.1675918	0.1458795	0.3036255	0.0000000	0.0000000
1250.0156050	1409.9986854	15149.8081055	2.6368592	-0.4156243	0.1057679	0.1374000	0.3039656	0.0000000	0.0000000
