1599.9954356	1529.9963201	15619.8411914	2.9310517	0.6271056	0.1250941	0.7873556	0.4063010	0.0000000	1530.0000000
1594.9984053	1529.9963201	15614.9540820	2.9211408	0.6067581	0.0533619	0.8508941	0.4101868	0.0000000	0.0000000
1590.0036367	1529.9963201	15609.8322266	2.9112817	0.5867441	0.0302568	0.8747494	0.4033535	0.0000000	0.0000000
1584.9953866	1529.9963201	15604.9611328	2.9014225	0.5663965	0.0379707	0.8613352	0.4079904	0.0000000	0.0000000
1579.9988693	1529.9963201	15599.8464844	2.8915634	0.5460489	0.0526180	0.8587649	0.3949302	0.0000000	0.0000000
1574.9903821	1529.9963201	15594.9753906	2.8817042	0.5260349	0.0801584	0.8210101	0.4140684	0.0000000	0.0000000
1569.9935429	1529.9963201	15589.8607422	2.8718451	0.5056873	0.1279210	0.8370270	0.4068488	0.0000000	0.0000000
1564.9910956	1529.9963201	15584.7578125	2.8619859	0.4856733	0.1331932	0.7821199	0.4133850	0.0000000	0.0000000
1559.9998645	1529.9963201	15579.9023437	2.8521268	0.4653257	0.1926798	0.7613743	0.4089149	0.0000000	0.0000000
1555.0028496	1529.9963201	15574.8041016	2.8422676	0.4449782	0.3094768	0.7544619	0.4147070	0.0000000	0.0000000
1549.9965481	1529.9963201	15569.9486328	2.8324085	0.4249641	0.4766232	0.7312999	0.4105682	0.0000000	0.0000000
1545.0061240	1529.9963201	15564.8503906	2.8225493	0.4046166	0.5880148	0.7322721	0.4088085	0.0000000	0.0000000
1540.0044380	1529.9963201	15559.7663867	2.8126901	0.3846026	0.7432360	0.7283400	0.4110215	0.0000000	0.0000000
1534.9961535	1529.9963201	15554.9267383	2.8028310	0.3642550	0.7835153	0.7184987	0.4107105	0.0000000	0.0000000
1529.9946542	1529.9963201	15549.8451074	2.7929718	0.3439074	0.7173936	0.7130997	0.4099819	0.0000000	0.0000000
1525.0057058	1529.9963201	15544.7634766	2.7831127	0.3238934	0.6100970	0.7058756	0.4111665	0.0000000	0.0000000
1519.9916865	1529.9963201	15539.9238281	2.7732535	0.3035458	0.4093408	0.6911868	0.4087297	0.0000000	0.0000000
1514.9965539	1529.9963201	15534.8586035	2.7633944	0.2835318	0.2638040	0.6919371	0.4076815	0.0000000	0.0000000
1510.0011622	1529.9963201	15529.7933789	2.7535352	0.2631842	0.1728064	0.6959369	0.4105260	0.0000000	0.0000000
1504.9991342	1529.9963201	15524.9693555	2.7436761	0.2428367	0.1216385	0.6871454	0.4146223	0.0000000	0.0000000
1499.9998464	1529.9963201	15519.9041309	2.7338169	0.2228226	0.1016401	0.7135297	0.4047466	0.0000000	0.0000000
1495.0012710	1529.9963201	15514.8420312	2.7239577	0.2024751	0.1003959	0.7088032	0.4051594	0.0000000	0.0000000
1489.9975133	1529.9963201	15509.7932129	2.7140986	0.1824611	0.0755214	0.7132667	0.4032643	0.0000000	0.0000000
1485.0077631	1529.9963201	15504.9848145	2.7042394	0.1621135	0.0611855	0.7196019	0.4056599	0.0000000	0.0000000
1480.0039702	1529.9963201	15499.9359961	2.6943803	0.1417659	0.0771451	0.6961492	0.4059807	0.0000000	0.0000000
1475.0006089	1529.9963201	15494.8871777	2.6845211	0.1217519	0.1546422	0.6855269	0.4053030	0.0000000	0.0000000
1470.0169428	1529.9963201	15489.8445312	2.6746620	0.1014043	0.1993387	0.6737840	0.4091832	0.0000000	0.0000000
1464.9996160	1529.9963201	15484.8119141	2.6648028	0.0813903	0.2395908	0.6582840	0.4060377	0.0000000	0.0000000
1460.0031723	1529.9963201	15479.7792969	2.6549437	0.0610427	0.1676031	0.6819247	0.3970206	0.0000000	0.0000000
1455.0133719	1529.9963201	15474.9863281	2.6450845	0.0410287	0.1021093	0.6670186	0.4072407	0.0000000	0.0000000
1449.9959945	1529.9963201	15469.9537109	2.6352254	0.0206811	0.0745287	0.6689613	0.3988508	0.0000000	0.0000000
1445.0031453	1529.9963201	15464.9302344	2.6253662	0.0003336	0.1028070	0.6665850	0.4060068	0.0000000	0.0000000
1439.9983277	1529.9963201	15459.9136133	2.6155070	-0.0196804	0.1735847	0.6520144	0.4032535	0.0000000	0.0000000
1435.0050512	1529.9963201	15454.8969922	2.6056479	-0.0400280	0.2703126	0.6359279	0.4060032	0.0000000	0.0000000
1429.9991600	1529.9963201	15449.8803711	2.5957887	-0.0600420	0.3086493	0.6320999	0.3987477	0.0000000	0.0000000
1424.9990761	1529.9963201	15444.8637500	2.5859296	-0.0803896	0.2767576	0.6108574	0.4062739	0.0000000	0.0000000
1420.0059019	1529.9963201	15439.8602441	2.5760704	-0.1007372	0.2100273	0.6090326	0.4037012	0.0000000	0.0000000
1414.9937701	1529.9963201	15434.8598242	2.5662113	-0.1207512	0.1524998	0.5958168	0.4041140	0.0000000	0.0000000
1409.9999070	1529.9963201	15429.8594043	2.5563521	-0.1410988	0.1232644	0.5869169	0.4058822	0.0000000	0.0000000
1405.0002814	1529.9963201	15424.8589844	2.5464930	-0.1611128	0.1216708	0.5744500	0.4047722	0.0000000	0.0000000
1399.9939120	1529.9963201	15419.8593262	2.5366338	-0.1814604	0.1218909	0.5682008	0.4000944	0.0000000	0.0000000
1394.9969913	1529.9963201	15414.8749023	2.5267746	-0.2018079	0.1258590	0.5440303	0.4021261	0.0000000	0.0000000
1389.9916327	1529.9963201	15409.8904785	2.5169155	-0.2218219	0.1116984	0.5531886	0.3988749	0.0000000	0.0000000
1385.0114008	1529.9963201	15404.9060547	2.5070563	-0.2421695	0.0726375	0.5372671	0.4058367	0.0000000	0.0000000
1380.0015352	1529.9963201	15399.9216309	2.4971972	-0.2621835	0.0470892	0.5297161	0.4023146	0.0000000	0.0000000
1375.0037561	1529.9963201	15394.9417773	2.4873380	-0.2825311	0.0357386	0.5155819	0.4061212	0.0000000	0.0000000
1369.9998590	1529.9963201	15389.9733496	2.4774789	-0.3028787	0.0685201	0.5066657	0.4086663	0.0000000	0.0000000
1364.9954405	1529.9963201	15384.7683301	2.4676197	-0.3228927	0.1770823	0.4998701	0.4072977	0.0000000	0.0000000
1360.0158033	1529.9963201	15379.7999023	2.4577606	-0.3432403	0.2683615	0.4720376	0.4134025	0.0000000	0.0000000
1355.0059831	1529.9963201	15374.8314746	2.4479014	-0.3632543	0.2744730	0.4614218	0.4071655	0.0000000	0.0000000
1350.0030554	1529.9963201	15369.8720703	2.4380423	-0.3836019	0.2114027	0.4462189	0.4102877	0.0000000	0.0000000
1345.0035932	1529.9963201	15364.9194336	2.4281831	-0.4036159	0.1476619	0.4285590	0.4144740	0.0000000	0.0000000
1340.0126684	1529.9963201	15359.9667969	2.4183239	-0.4239634	0.1517682	0.4230745	0.4139365	0.0000000	0.0000000
1335.0013764	1529.9963201	15354.7783203	2.4084648	-0.4443110	0.2012097	0.4183046	0.4097559	0.0000000	0.0000000
1330.0043482	1529.9963201	15349.8256836	2.3986056	-0.4643250	0.2411460	0.3988799	0.4064971	0.0000000	0.0000000
1325.0067276	1529.9963201	15344.8864062	2.3887465	-0.4846726	0.2275709	0.3862514	0.4102091	0.0000000	0.0000000
1320.0090417	1529.9963201	15339.9493555	2.3788873	-0.5046866	0.1481648	0.3538423	0.4165134	0.0000000	0.0000000
1314.9983984	1529.9963201	15334.7772070	2.3690282	-0.5250342	0.0888309	0.3388751	0.4099766	0.0000000	0.0000000
1310.0006648	1529.9963201	15329.8401562	2.3591690	-0.5453818	0.0430942	0.3276099	0.4098179	0.0000000	0.0000000
1305.0029693	1529.9963201	15324.9053613	2.3493099	-0.5653958	0.0274604	0.3132781	0.4099159	0.0000000	0.0000000
1300.0059589	1529.9963201	15319.9841016	2.3394507	-0.5857434	0.0403596	0.2908798	0.4136769	0.0000000	0.0000000
1295.0063540	1529.9963201	15314.8284961	2.3295915	-0.6057574	0.0659321	0.2693676	0.4105944	0.0000000	0.0000000
1290.0126310	1529.9963201	15309.9072363	2.3197324	-0.6261049	0.0938204	0.2574731	0.4122603	0.0000000	0.0000000
1285.0068833	1529.9963201	15304.9859766	2.3098732	-0.6464525	0.0995839	0.2459890	0.4108153	0.0000000	0.0000000
1280.0085301	1529.9963201	15299.8376953	2.3000141	-0.6664665	0.1379788	0.2164940	0.4161270	0.0000000	0.0000000
1275.0093966	1529.9963201	15294.9318164	2.2901549	-0.6868141	0.2401343	0.2105481	0.4132337	0.0000000	0.0000000
1270.0009934	1529.9963201	15289.7923242	2.2802958	-0.7068281	0.3352511	0.2000983	0.4110712	0.0000000	0.0000000
1265.0031208	1529.9963201	15284.8864453	2.2704366	-0.7271757	0.2902953	0.1808550	0.4188468	0.0000000	0.0000000
1260.0211049	1529.9963201	15279.9805664	2.2605775	-0.7475233	0.2175765	0.1632855	0.4142981	0.0000000	0.0000000
1255.0228608	1529.9963201	15274.8536914	2.2507183	-0.7675373	0.1274247	0.1541035	0.4198052	0.0000000	0.0000000
1250.0237205	1529.9963201	15269.9633984	2.2408592	-0.7878849	0.0768112	0.1497443	0.4091364	0.0000000	0.0000000
