1599.9954356	1584.9967295	15674.9862305	2.7495914	0.4566530	0.0174027	0.8124666	0.4899091	0.0000000	1585.0000000
1594.9984053	1584.9967295	15669.8213379	2.7396408	0.4363054	0.0355569	0.8743312	0.4941337	0.0000000	0.0000000
1590.0036367	1584.9967295	15664.9023926	2.7297817	0.4159578	0.0426407	0.8533025	0.5006376	0.0000000	0.0000000
1584.9953866	1584.9967295	15659.9890527	2.7199225	0.3959438	0.0518524	0.8807103	0.4961968	0.0000000	0.0000000
1579.9988693	1584.9967295	15654.8409766	2.7100634	0.3755963	0.0479696	0.8642471	0.4967090	0.0000000	0.0000000
1574.9903821	1584.9967295	15649.9380469	2.7002042	0.3555822	0.0470029	0.8562499	0.4823661	0.0000000	0.0000000
1569.9991510	1584.9967295	15644.7899707	2.6903451	0.3352347	0.0382109	0.8012188	0.5017180	0.0000000	0.0000000
1564.9910956	1584.9967295	15639.8870410	2.6804859	0.3148871	0.0387517	0.7748242	0.5107224	0.0000000	0.0000000
1559.9998645	1584.9967295	15634.9912305	2.6706268	0.2948731	0.0379937	0.7668086	0.4957864	0.0000000	0.0000000
1555.0028496	1584.9967295	15629.8597656	2.6607676	0.2745255	0.0354755	0.7450873	0.4978844	0.0000000	0.0000000
1549.9965481	1584.9967295	15624.9726562	2.6509085	0.2545115	0.0374137	0.7505773	0.4950991	0.0000000	0.0000000
1545.0061240	1584.9967295	15619.8411914	2.6410493	0.2341639	0.0313105	0.7422228	0.4956680	0.0000000	0.0000000
1539.9981617	1584.9967295	15614.9540820	2.6311901	0.2138163	0.0248965	0.7141592	0.4961148	0.0000000	0.0000000
1534.9961535	1584.9967295	15609.8322266	2.6213310	0.1938023	0.0234729	0.7174524	0.4936226	0.0000000	0.0000000
1530.0009296	1584.9967295	15604.9611328	2.6114718	0.1734548	0.0166146	0.7165364	0.4950663	0.0000000	0.0000000
1525.0057058	1584.9967295	15599.8464844	2.6016127	0.1534407	0.0109585	0.7244111	0.5018424	0.0000000	0.0000000
1519.9979617	1584.9967295	15594.9753906	2.5917535	0.1330932	0.0101042	0.7063052	0.4998849	0.0000000	0.0000000
1515.0028293	1584.9967295	15589.8607422	2.5818944	0.1127456	0.0099154	0.6884524	0.5021755	0.0000000	0.0000000
1510.0011622	1584.9967295	15584.7578125	2.5720352	0.0927316	0.0122205	0.6953595	0.4991716	0.0000000	0.0000000
1504.9991342	1584.9967295	15579.9023437	2.5621761	0.0723840	0.0146261	0.7039633	0.5016574	0.0000000	0.0000000
1499.9998464	1584.9967295	15574.8041016	2.5523169	0.0523700	0.0242430	0.7159170	0.4951185	0.0000000	0.0000000
1495.0012710	1584.9967295	15569.9486328	2.5424577	0.0320224	0.0237487	0.7197023	0.4936174	0.0000000	0.0000000
1489.9975133	1584.9967295	15564.8503906	2.5325986	0.0120084	0.0232880	0.7224375	0.4943955	0.0000000	0.0000000
1485.0077631	1584.9967295	15559.7663867	2.5227394	-0.0083392	0.0272396	0.7196161	0.4990033	0.0000000	0.0000000
1480.0039702	1584.9967295	15554.9267383	2.5128803	-0.0286867	0.0447209	0.7140903	0.4961130	0.0000000	0.0000000
1475.0006089	1584.9967295	15549.8451074	2.5030211	-0.0487008	0.0425300	0.6945734	0.4952310	0.0000000	0.0000000
1470.0101807	1584.9967295	15544.7634766	2.4931620	-0.0690483	0.0311632	0.6839754	0.4977504	0.0000000	0.0000000
1464.9996160	1584.9967295	15539.9238281	2.4833028	-0.0890623	0.0197208	0.6681351	0.4984293	0.0000000	0.0000000
1460.0031723	1584.9967295	15534.8586035	2.4734437	-0.1094099	0.0190912	0.6589429	0.5081769	0.0000000	0.0000000
1455.0133719	1584.9967295	15529.7933789	2.4635845	-0.1297575	0.0265780	0.6728458	0.4996162	0.0000000	0.0000000
1450.0027566	1584.9967295	15524.9693555	2.4537254	-0.1497715	0.0203290	0.6674765	0.4992020	0.0000000	0.0000000
1445.0031453	1584.9967295	15519.9041309	2.4438662	-0.1701191	0.0135420	0.6512561	0.4985551	0.0000000	0.0000000
1440.0045771	1584.9967295	15514.8420312	2.4340070	-0.1901331	0.0085304	0.6578993	0.4887346	0.0000000	0.0000000
1435.0050512	1584.9967295	15509.7932129	2.4241479	-0.2104807	0.0115149	0.6288836	0.5041231	0.0000000	0.0000000
1430.0054103	1584.9967295	15504.9848145	2.4142887	-0.2308282	0.0197439	0.6140615	0.5010811	0.0000000	0.0000000
1424.9990761	1584.9967295	15499.9359961	2.4044296	-0.2508423	0.0306890	0.5921414	0.4999904	0.0000000	0.0000000
1420.0059019	1584.9967295	15494.8871777	2.3945704	-0.2711898	0.0349380	0.6173545	0.4984357	0.0000000	0.0000000
1414.9937701	1584.9967295	15489.8445312	2.3847113	-0.2912038	0.0322108	0.5946202	0.5019944	0.0000000	0.0000000
1409.9999070	1584.9967295	15484.8119141	2.3748521	-0.3115514	0.0315658	0.5659435	0.5018032	0.0000000	0.0000000
1405.0002814	1584.9967295	15479.7792969	2.3649930	-0.3318990	0.0263201	0.5744175	0.4974220	0.0000000	0.0000000
1399.9939120	1584.9967295	15474.9863281	2.3551338	-0.3519130	0.0208085	0.5548845	0.5018506	0.0000000	0.0000000
1394.9969913	1584.9967295	15469.9537109	2.3452746	-0.3722606	0.0188888	0.5553036	0.5030418	0.0000000	0.0000000
1389.9976768	1584.9967295	15464.9302344	2.3354155	-0.3922746	0.0147865	0.5472992	0.4965557	0.0000000	0.0000000
1385.0053575	1584.9967295	15459.9136133	2.3255563	-0.4126222	0.0153033	0.5481914	0.4961765	0.0000000	0.0000000
1379.9954919	1584.9967295	15454.8969922	2.3156972	-0.4326362	0.0129882	0.5387916	0.4943961	0.0000000	0.0000000
1374.9977128	1584.9967295	15449.8803711	2.3058380	-0.4529838	0.0097551	0.5266044	0.4939616	0.0000000	0.0000000
1369.9998590	1584.9967295	15444.8637500	2.2959789	-0.4733313	0.0082611	0.5081710	0.4980215	0.0000000	0.0000000
1364.9954405	1584.9967295	15439.8602441	2.2861197	-0.4933453	0.0119921	0.4943485	0.4996663	0.0000000	0.0000000
1360.0158033	1584.9967295	15434.8598242	2.2762606	-0.5136929	0.0258859	0.4792786	0.4962157	0.0000000	0.0000000
1355.0059831	1584.9967295	15429.8594043	2.2664014	-0.5337069	0.0438025	0.4674308	0.4897882	0.0000000	0.0000000
1350.0030554	1584.9967295	15424.8589844	2.2565423	-0.5540545	0.0437201	0.4498893	0.4994773	0.0000000	0.0000000
1345.0035932	1584.9967295	15419.8593262	2.2466831	-0.5744021	0.0431927	0.4388889	0.4944996	0.0000000	0.0000000
1340.0126684	1584.9967295	15414.8749023	2.2368239	-0.5944161	0.0334294	0.4186068	0.4976472	0.0000000	0.0000000
1335.0013764	1584.9967295	15409.8904785	2.2269648	-0.6147637	0.0260314	0.4090126	0.4954124	0.0000000	0.0000000
1330.0111569	1584.9967295	15404.9060547	2.2171056	-0.6347777	0.0252069	0.3879380	0.5082163	0.0000000	0.0000000
1325.0135365	1584.9967295	15399.9216309	2.2072465	-0.6551253	0.0258733	0.3663655	0.4977940	0.0000000	0.0000000
1320.0090417	1584.9967295	15394.9417773	2.1973873	-0.6754728	0.0299470	0.3638916	0.4909342	0.0000000	0.0000000
1315.0052073	1584.9967295	15389.9733496	2.1875282	-0.6954868	0.0257509	0.3372030	0.4965768	0.0000000	0.0000000
1310.0006648	1584.9967295	15384.7683301	2.1776690	-0.7158344	0.0296954	0.3308900	0.4951766	0.0000000	0.0000000
1305.0097771	1584.9967295	15379.7999023	2.1678099	-0.7358484	0.0267025	0.3140208	0.5047677	0.0000000	0.0000000
1300.0059589	1584.9967295	15374.8314746	2.1579507	-0.7561960	0.0235900	0.2850946	0.5127681	0.0000000	0.0000000
1295.0063540	1584.9967295	15369.8720703	2.1480915	-0.7765436	0.0183214	0.2754292	0.4979962	0.0000000	0.0000000
1290.0126310	1584.9967295	15364.9194336	2.1382324	-0.7965576	0.0189285	0.2640392	0.5035059	0.0000000	0.0000000
1285.0142992	1584.9967295	15359.9667969	2.1283732	-0.8169052	0.0140847	0.2445354	0.4973433	0.0000000	0.0000000
1280.0085301	1584.9967295	15354.7783203	2.1185141	-0.8369192	0.0138789	0.2265696	0.5016405	0.0000000	0.0000000
1275.0093966	1584.9967295	15349.8256836	2.1086549	-0.8572668	0.0208086	0.2113912	0.5037709	0.0000000	0.0000000
1270.0086294	1584.9967295	15344.8864062	2.0987958	-0.8772808	0.0341045	0.1988613	0.4980944	0.0000000	0.0000000
1265.0031208	1584.9967295	15339.9493555	2.0889366	-0.8976283	0.0411754	0.1837556	0.4983822	0.0000000	0.0000000
1260.0211049	1584.9967295	15334.7772070	2.0790775	-0.9179759	0.0413680	0.1727666	0.4912507	0.0000000	0.0000000
1255.0147454	1584.9967295	15329.8401562	2.0692183	-0.9379899	0.0331653	0.1641703	0.5003767	0.0000000	0.0000000
1250.0237205	1584.9967295	15324.9053613	2.0593592	-0.9583375	0.0316965	0.1442305	0.5077647	0.0000000	0.0000000
