1599.9894452	1580.0112395	15669.8213379	2.7659362	0.4719971	0.0213768	0.7937700	0.4690897	0.0000000	1580.0000000
1595.0042898	1580.0112395	15664.9023926	2.7561408	0.4516495	0.0371226	0.8664307	0.4641909	0.0000000	0.0000000
1590.0036367	1580.0112395	15659.9890527	2.7462817	0.4316355	0.0464015	0.8677726	0.4657825	0.0000000	0.0000000
1585.0009939	1580.0112395	15654.8409766	2.7364225	0.4112879	0.0491709	0.8738414	0.4633928	0.0000000	0.0000000
1579.9988693	1580.0112395	15649.9380469	2.7265634	0.3912739	0.0506904	0.8632805	0.4655624	0.0000000	0.0000000
1574.9959902	1580.0112395	15644.7899707	2.7167042	0.3709263	0.0523116	0.8448296	0.4599066	0.0000000	0.0000000
1569.9991510	1580.0112395	15639.8870410	2.7068451	0.3505787	0.0455139	0.8201273	0.4681757	0.0000000	0.0000000
1564.9910956	1580.0112395	15634.9912305	2.6969859	0.3305647	0.0484659	0.7937454	0.4699042	0.0000000	0.0000000
1559.9998645	1580.0112395	15629.8597656	2.6871268	0.3102172	0.0449104	0.7775567	0.4697592	0.0000000	0.0000000
1555.0028496	1580.0112395	15624.9726562	2.6772676	0.2902031	0.0411505	0.7624988	0.4714043	0.0000000	0.0000000
1549.9965481	1580.0112395	15619.8411914	2.6674085	0.2698556	0.0427897	0.7601969	0.4761112	0.0000000	0.0000000
1545.0061240	1580.0112395	15614.9540820	2.6575493	0.2498416	0.0389152	0.7477649	0.4694061	0.0000000	0.0000000
1540.0044380	1580.0112395	15609.8322266	2.6476901	0.2294940	0.0338348	0.7427543	0.4668759	0.0000000	0.0000000
1535.0024289	1580.0112395	15604.9611328	2.6378310	0.2091464	0.0280051	0.7388518	0.4764396	0.0000000	0.0000000
1530.0009296	1580.0112395	15599.8464844	2.6279718	0.1891324	0.0249257	0.7480548	0.4628558	0.0000000	0.0000000
1525.0057058	1580.0112395	15594.9753906	2.6181127	0.1687848	0.0200105	0.7484237	0.4656478	0.0000000	0.0000000
1519.9979617	1580.0112395	15589.8607422	2.6082535	0.1487708	0.0177627	0.7290075	0.4738966	0.0000000	0.0000000
1514.9965539	1580.0112395	15584.7578125	2.5983944	0.1284232	0.0191733	0.7183295	0.4657759	0.0000000	0.0000000
1510.0011622	1580.0112395	15579.9023437	2.5885352	0.1080757	0.0179895	0.7009437	0.4749490	0.0000000	0.0000000
1504.9991342	1580.0112395	15574.8041016	2.5786761	0.0880616	0.0184962	0.7052764	0.4696464	0.0000000	0.0000000
1499.9998464	1580.0112395	15569.9486328	2.5688169	0.0677141	0.0214373	0.7153141	0.4666705	0.0000000	0.0000000
1495.0012710	1580.0112395	15564.8503906	2.5589577	0.0477001	0.0280065	0.7302140	0.4633989	0.0000000	0.0000000
1489.9975133	1580.0112395	15559.7663867	2.5490986	0.0273525	0.0248673	0.7447622	0.4647324	0.0000000	0.0000000
1485.0077631	1580.0112395	15554.9267383	2.5392394	0.0070049	0.0275417	0.7234613	0.4575792	0.0000000	0.0000000
1480.0039702	1580.0112395	15549.8451074	2.5293803	-0.0130091	0.0338927	0.7261364	0.4592655	0.0000000	0.0000000
1475.0073710	1580.0112395	15544.7634766	2.5195211	-0.0333567	0.0336655	0.7109357	0.4574768	0.0000000	0.0000000
1470.0101807	1580.0112395	15539.9238281	2.5096620	-0.0533707	0.0231642	0.6912847	0.4630940	0.0000000	0.0000000
1464.9996160	1580.0112395	15534.8586035	2.4998028	-0.0737183	0.0163463	0.6890305	0.4537439	0.0000000	0.0000000
1460.0031723	1580.0112395	15529.7933789	2.4899437	-0.0940658	0.0203270	0.6642518	0.4723753	0.0000000	0.0000000
1455.0133719	1580.0112395	15524.9693555	2.4800845	-0.1140799	0.0269086	0.6790340	0.4620128	0.0000000	0.0000000
1450.0027566	1580.0112395	15519.9041309	2.4702254	-0.1344274	0.0211528	0.6571555	0.4657358	0.0000000	0.0000000
1445.0031453	1580.0112395	15514.8420312	2.4603662	-0.1544414	0.0145067	0.6519691	0.4666043	0.0000000	0.0000000
1440.0045771	1580.0112395	15509.7932129	2.4505070	-0.1747890	0.0114348	0.6541705	0.4679171	0.0000000	0.0000000
1435.0050512	1580.0112395	15504.9848145	2.4406479	-0.1951366	0.0113177	0.6470613	0.4623284	0.0000000	0.0000000
1430.0054103	1580.0112395	15499.9359961	2.4307887	-0.2151506	0.0201825	0.6272893	0.4684429	0.0000000	0.0000000
1425.0053254	1580.0112395	15494.8871777	2.4209296	-0.2354982	0.0273777	0.6211797	0.4597781	0.0000000	0.0000000
1420.0059019	1580.0112395	15489.8445312	2.4110704	-0.2555122	0.0291804	0.6009566	0.4681622	0.0000000	0.0000000
1414.9937701	1580.0112395	15484.8119141	2.4012113	-0.2758598	0.0283352	0.5955409	0.4690687	0.0000000	0.0000000
1409.9999070	1580.0112395	15479.7792969	2.3913521	-0.2958738	0.0265007	0.5857354	0.4744479	0.0000000	0.0000000
1405.0065316	1580.0112395	15474.9863281	2.3814930	-0.3162214	0.0233959	0.5804204	0.4707191	0.0000000	0.0000000
1399.9939120	1580.0112395	15469.9537109	2.3716338	-0.3365689	0.0205612	0.5495649	0.4767250	0.0000000	0.0000000
1395.0031046	1580.0112395	15464.9302344	2.3617746	-0.3565829	0.0186600	0.5514503	0.4748352	0.0000000	0.0000000
1389.9976768	1580.0112395	15459.9136133	2.3519155	-0.3769305	0.0142573	0.5587131	0.4557239	0.0000000	0.0000000
1385.0114008	1580.0112395	15454.8969922	2.3420563	-0.3969445	0.0141058	0.5416599	0.4689352	0.0000000	0.0000000
1380.0015352	1580.0112395	15449.8803711	2.3321972	-0.4172921	0.0110081	0.5351437	0.4672965	0.0000000	0.0000000
1375.0037561	1580.0112395	15444.8637500	2.3223380	-0.4376397	0.0105488	0.5164630	0.4704143	0.0000000	0.0000000
1369.9998590	1580.0112395	15439.8602441	2.3124789	-0.4576537	0.0094307	0.4917918	0.4700103	0.0000000	0.0000000
1365.0014838	1580.0112395	15434.8598242	2.3026197	-0.4780013	0.0140145	0.4856906	0.4698318	0.0000000	0.0000000
1360.0158033	1580.0112395	15429.8594043	2.2927606	-0.4980153	0.0232339	0.4800461	0.4602672	0.0000000	0.0000000
1355.0059831	1580.0112395	15424.8589844	2.2829014	-0.5183629	0.0377227	0.4761740	0.4713135	0.0000000	0.0000000
1350.0030554	1580.0112395	15419.8593262	2.2730423	-0.5387104	0.0369125	0.4548680	0.4672581	0.0000000	0.0000000
1345.0035932	1580.0112395	15414.8749023	2.2631831	-0.5587244	0.0356936	0.4304867	0.4714768	0.0000000	0.0000000
1340.0126684	1580.0112395	15409.8904785	2.2533239	-0.5790720	0.0289005	0.4180896	0.4740886	0.0000000	0.0000000
1335.0013764	1580.0112395	15404.9060547	2.2434648	-0.5990860	0.0242231	0.4197639	0.4687907	0.0000000	0.0000000
1330.0111569	1580.0112395	15399.9216309	2.2336056	-0.6194336	0.0229065	0.4079104	0.4592230	0.0000000	0.0000000
1325.0067276	1580.0112395	15394.9417773	2.2237465	-0.6397812	0.0236031	0.3831976	0.4689545	0.0000000	0.0000000
1320.0158496	1580.0112395	15389.9733496	2.2138873	-0.6597952	0.0247568	0.3639017	0.4660816	0.0000000	0.0000000
1315.0052073	1580.0112395	15384.7683301	2.2040282	-0.6801428	0.0247875	0.3360620	0.4633749	0.0000000	0.0000000
1310.0006648	1580.0112395	15379.7999023	2.1941690	-0.7001568	0.0247905	0.3310546	0.4689860	0.0000000	0.0000000
1305.0097771	1580.0112395	15374.8314746	2.1843099	-0.7205044	0.0245419	0.3203501	0.4611981	0.0000000	0.0000000
1300.0127676	1580.0112395	15369.8720703	2.1744507	-0.7405184	0.0216465	0.2991503	0.4650029	0.0000000	0.0000000
1295.0063540	1580.0112395	15364.9194336	2.1645915	-0.7608659	0.0177134	0.2796751	0.4662462	0.0000000	0.0000000
1290.0126310	1580.0112395	15359.9667969	2.1547324	-0.7812135	0.0171715	0.2744404	0.4756725	0.0000000	0.0000000
1285.0142992	1580.0112395	15354.7783203	2.1448732	-0.8012275	0.0139399	0.2428068	0.4749393	0.0000000	0.0000000
1280.0085301	1580.0112395	15349.8256836	2.1350141	-0.8215751	0.0124625	0.2305176	0.4719141	0.0000000	0.0000000
1275.0093966	1580.0112395	15344.8864062	2.1251549	-0.8415891	0.0178647	0.2168398	0.4650471	0.0000000	0.0000000
1270.0086294	1580.0112395	15339.9493555	2.1152958	-0.8619367	0.0259097	0.1985171	0.4691917	0.0000000	0.0000000
1265.0031208	1580.0112395	15334.7772070	2.1054366	-0.8822843	0.0329761	0.1849896	0.4772153	0.0000000	0.0000000
1260.0211049	1580.0112395	15329.8401562	2.0955775	-0.9022983	0.0332834	0.1750886	0.4695094	0.0000000	0.0000000
1255.0228608	1580.0112395	15324.9053613	2.0857183	-0.9226459	0.0332677	0.1547434	0.4702225	0.0000000	0.0000000
1250.0237205	1580.0112395	15319.9841016	2.0758592	-0.9426599	0.0275729	0.1412524	0.4678665	0.0000000	0.0000000
