1599.9894452	1445.0002085	15534.8586035	3.2115814	0.8906234	0.0087599	0.8007770	0.3518862	0.0000000	1445.0000000
1594.9925208	1445.0002085	15529.7933789	3.2016408	0.8702759	0.0206980	0.8737971	0.3496271	0.0000000	0.0000000
1589.9980278	1445.0002085	15524.9693555	3.1917817	0.8499283	0.0384004	0.8677481	0.3499800	0.0000000	0.0000000
1584.9897793	1445.0002085	15519.9041309	3.1819225	0.8299143	0.0453264	0.8767706	0.3486964	0.0000000	0.0000000
1579.9932605	1445.0002085	15514.8420312	3.1720634	0.8095667	0.0424719	0.8693445	0.3576395	0.0000000	0.0000000
1574.9903821	1445.0002085	15509.7932129	3.1622042	0.7895527	0.0375238	0.8617627	0.3486765	0.0000000	0.0000000
1569.9935429	1445.0002085	15504.9848145	3.1523451	0.7692051	0.0402701	0.8343176	0.3638020	0.0000000	0.0000000
1564.9910956	1445.0002085	15499.9359961	3.1424859	0.7488575	0.0349330	0.8072681	0.3628379	0.0000000	0.0000000
1559.9998645	1445.0002085	15494.8871777	3.1326268	0.7288435	0.0357562	0.7752029	0.3619661	0.0000000	0.0000000
1554.9972408	1445.0002085	15489.8445312	3.1227676	0.7084959	0.0423834	0.7606203	0.3632366	0.0000000	0.0000000
1549.9908346	1445.0002085	15484.8119141	3.1129085	0.6884819	0.0457216	0.7498134	0.3617178	0.0000000	0.0000000
1544.9998486	1445.0002085	15479.7792969	3.1030493	0.6681344	0.0592058	0.7496257	0.3611063	0.0000000	0.0000000
1539.9918854	1445.0002085	15474.9863281	3.0931901	0.6481204	0.0778503	0.7417381	0.3593455	0.0000000	0.0000000
1534.9898781	1445.0002085	15469.9537109	3.0833310	0.6277728	0.0849624	0.7500083	0.3602483	0.0000000	0.0000000
1529.9946542	1445.0002085	15464.9302344	3.0734718	0.6074252	0.0944073	0.7427134	0.3548766	0.0000000	0.0000000
1525.0057058	1445.0002085	15459.9136133	3.0636127	0.5874112	0.1047316	0.7415115	0.3541616	0.0000000	0.0000000
1519.9916865	1445.0002085	15454.8969922	3.0537535	0.5670636	0.1001917	0.7282337	0.3532498	0.0000000	0.0000000
1514.9965539	1445.0002085	15449.8803711	3.0438944	0.5470496	0.0907460	0.7164257	0.3564067	0.0000000	0.0000000
1509.9948860	1445.0002085	15444.8637500	3.0340352	0.5267020	0.0770354	0.7040261	0.3515186	0.0000000	0.0000000
1504.9928588	1445.0002085	15439.8602441	3.0241761	0.5063544	0.0561774	0.7033170	0.3619801	0.0000000	0.0000000
1499.9935148	1445.0002085	15434.8598242	3.0143169	0.4863404	0.0425133	0.7177521	0.3532977	0.0000000	0.0000000
1494.9877468	1445.0002085	15429.8594043	3.0044577	0.4659929	0.0349603	0.7053457	0.3600767	0.0000000	0.0000000
1489.9975133	1445.0002085	15424.8589844	2.9945986	0.4459789	0.0268966	0.7317999	0.3522062	0.0000000	0.0000000
1485.0010010	1445.0002085	15419.8593262	2.9847394	0.4256313	0.0167545	0.7246675	0.3566953	0.0000000	0.0000000
1479.9972092	1445.0002085	15414.8749023	2.9748803	0.4052837	0.0146841	0.7278997	0.3569923	0.0000000	0.0000000
1474.9938468	1445.0002085	15409.8904785	2.9650211	0.3852697	0.0175721	0.7103262	0.3619790	0.0000000	0.0000000
1470.0034186	1445.0002085	15404.9060547	2.9551620	0.3649221	0.0307576	0.7071541	0.3584253	0.0000000	0.0000000
1464.9928549	1445.0002085	15399.9216309	2.9453028	0.3449081	0.0363433	0.7004821	0.3628483	0.0000000	0.0000000
1460.0031723	1445.0002085	15394.9417773	2.9354437	0.3245605	0.0341038	0.6770407	0.3620338	0.0000000	0.0000000
1455.0066100	1445.0002085	15389.9733496	2.9255845	0.3042129	0.0222206	0.6729675	0.3555175	0.0000000	0.0000000
1449.9892324	1445.0002085	15384.7683301	2.9157254	0.2841989	0.0114220	0.6669854	0.3664445	0.0000000	0.0000000
1444.9966097	1445.0002085	15379.7999023	2.9058662	0.2638514	0.0073437	0.6761881	0.3603672	0.0000000	0.0000000
1439.9920783	1445.0002085	15374.8314746	2.8960070	0.2438374	0.0144988	0.6487778	0.3585242	0.0000000	0.0000000
1434.9988018	1445.0002085	15369.8720703	2.8861479	0.2234898	0.0340026	0.6376084	0.3604408	0.0000000	0.0000000
1429.9929097	1445.0002085	15364.9194336	2.8762887	0.2034758	0.0574048	0.6218779	0.3650526	0.0000000	0.0000000
1424.9928269	1445.0002085	15359.9667969	2.8664296	0.1831282	0.0584023	0.6142916	0.3632454	0.0000000	0.0000000
1419.9996525	1445.0002085	15354.7783203	2.8565704	0.1627806	0.0605420	0.6136034	0.3580430	0.0000000	0.0000000
1414.9875199	1445.0002085	15349.8256836	2.8467113	0.1427666	0.0469779	0.6114501	0.3554568	0.0000000	0.0000000
1409.9936575	1445.0002085	15344.8864062	2.8368521	0.1224190	0.0330994	0.5840314	0.3590328	0.0000000	0.0000000
1404.9940311	1445.0002085	15339.9493555	2.8269930	0.1024050	0.0255790	0.5839409	0.3564877	0.0000000	0.0000000
1399.9876626	1445.0002085	15334.7772070	2.8171338	0.0820574	0.0217374	0.5701796	0.3625649	0.0000000	0.0000000
1394.9969913	1445.0002085	15329.8401562	2.8072746	0.0617099	0.0190095	0.5553165	0.3622916	0.0000000	0.0000000
1389.9855886	1445.0002085	15324.9053613	2.7974155	0.0416959	0.0170959	0.5437511	0.3664008	0.0000000	0.0000000
1385.0053575	1445.0002085	15319.9841016	2.7875563	0.0213483	0.0178507	0.5464541	0.3595935	0.0000000	0.0000000
1379.9954919	1445.0002085	15314.8284961	2.7776972	0.0013343	0.0149279	0.5326657	0.3621121	0.0000000	0.0000000
1374.9977128	1445.0002085	15309.9072363	2.7678380	-0.0190133	0.0102848	0.5227565	0.3632138	0.0000000	0.0000000
1369.9938149	1445.0002085	15304.9859766	2.7579789	-0.0393609	0.0129486	0.5172599	0.3616458	0.0000000	0.0000000
1364.9893972	1445.0002085	15299.8376953	2.7481197	-0.0593749	0.0233807	0.5110225	0.3572544	0.0000000	0.0000000
1360.0037170	1445.0002085	15294.9318164	2.7382606	-0.0797225	0.0352521	0.4939805	0.3607621	0.0000000	0.0000000
1354.9999390	1445.0002085	15289.7923242	2.7284014	-0.0997365	0.0416490	0.4509706	0.3553897	0.0000000	0.0000000
1349.9905185	1445.0002085	15284.8864453	2.7185423	-0.1200841	0.0456301	0.4552765	0.3591985	0.0000000	0.0000000
1344.9967843	1445.0002085	15279.9805664	2.7086831	-0.1404316	0.0343124	0.4322040	0.3614622	0.0000000	0.0000000
1340.0058595	1445.0002085	15274.8536914	2.6988239	-0.1604456	0.0273088	0.4232543	0.3619036	0.0000000	0.0000000
1334.9945685	1445.0002085	15269.9633984	2.6889648	-0.1807932	0.0297816	0.4162660	0.3578644	0.0000000	0.0000000
1329.9975394	1445.0002085	15264.8402344	2.6791056	-0.2008072	0.0377897	0.3862404	0.3589287	0.0000000	0.0000000
1324.9999187	1445.0002085	15259.9499414	2.6692465	-0.2211548	0.0468121	0.3701738	0.3662706	0.0000000	0.0000000
1320.0022339	1445.0002085	15254.8289746	2.6593873	-0.2411688	0.0430093	0.3508486	0.3572195	0.0000000	0.0000000
1314.9983984	1445.0002085	15249.9540625	2.6495282	-0.2615164	0.0364343	0.3496397	0.3535261	0.0000000	0.0000000
1309.9938559	1445.0002085	15244.8470117	2.6396690	-0.2818640	0.0224551	0.3339479	0.3588289	0.0000000	0.0000000
1304.9961614	1445.0002085	15239.9720996	2.6298099	-0.3018780	0.0193217	0.3080393	0.3601018	0.0000000	0.0000000
1299.9991501	1445.0002085	15234.8650488	2.6199507	-0.3222256	0.0202637	0.3072800	0.3601622	0.0000000	0.0000000
1294.9989791	1445.0002085	15229.9973633	2.6100915	-0.3422396	0.0159630	0.2921298	0.3586306	0.0000000	0.0000000
1290.0052150	1445.0002085	15224.9062109	2.6002324	-0.3625871	0.0172268	0.2581742	0.3601229	0.0000000	0.0000000
1285.0142992	1445.0002085	15219.8150586	2.5903732	-0.3829347	0.0220271	0.2402800	0.3642560	0.0000000	0.0000000
1280.0011129	1445.0002085	15214.9553223	2.5805141	-0.4029487	0.0264624	0.2288774	0.3562188	0.0000000	0.0000000
1275.0093966	1445.0002085	15209.8641699	2.5706549	-0.4232963	0.0413749	0.2100825	0.3602638	0.0000000	0.0000000
1270.0009934	1445.0002085	15204.7869336	2.5607958	-0.4433103	0.0698259	0.1967750	0.3589783	0.0000000	0.0000000
1264.9950068	1445.0002085	15199.9425781	2.5509366	-0.4636579	0.0697102	0.1864745	0.3591915	0.0000000	0.0000000
1260.0129909	1445.0002085	15194.8675391	2.5410775	-0.4840055	0.0598440	0.1725386	0.3627324	0.0000000	0.0000000
1255.0066299	1445.0002085	15189.7925000	2.5312183	-0.5040195	0.0407017	0.1580780	0.3593814	0.0000000	0.0000000
1250.0156050	1445.0002085	15184.9517090	2.5213592	-0.5243671	0.0274601	0.1433932	0.3669785	0.0000000	0.0000000
