1599.9954356	1549.9894476	15639.8870410	2.8650055	0.5650622	0.0584366	0.8141381	0.4369856	0.0000000	1550.0000000
1594.9984053	1549.9894476	15634.9912305	2.8551408	0.5447146	0.0540934	0.8522765	0.4437196	0.0000000	0.0000000
1590.0036367	1549.9894476	15629.8597656	2.8452817	0.5247006	0.0564998	0.8598888	0.4385242	0.0000000	0.0000000
1584.9953866	1549.9894476	15624.9726562	2.8354225	0.5043530	0.0631368	0.8478792	0.4409552	0.0000000	0.0000000
1579.9988693	1549.9894476	15619.8411914	2.8255634	0.4840055	0.0638705	0.8568463	0.4348995	0.0000000	0.0000000
1574.9959902	1549.9894476	15614.9540820	2.8157042	0.4639915	0.0693923	0.8410040	0.4365653	0.0000000	0.0000000
1569.9935429	1549.9894476	15609.8322266	2.8058451	0.4436439	0.0909038	0.8249191	0.4378005	0.0000000	0.0000000
1564.9910956	1549.9894476	15604.9611328	2.7959859	0.4236299	0.0797256	0.7908165	0.4334696	0.0000000	0.0000000
1559.9998645	1549.9894476	15599.8464844	2.7861268	0.4032823	0.0793883	0.7665391	0.4351604	0.0000000	0.0000000
1555.0028496	1549.9894476	15594.9753906	2.7762676	0.3829347	0.1011289	0.7725298	0.4264590	0.0000000	0.0000000
1549.9965481	1549.9894476	15589.8607422	2.7664085	0.3629207	0.1212867	0.7564695	0.4354961	0.0000000	0.0000000
1545.0061240	1549.9894476	15584.7578125	2.7565493	0.3425731	0.1702393	0.7555482	0.4357467	0.0000000	0.0000000
1539.9981617	1549.9894476	15579.9023437	2.7466901	0.3225591	0.2206467	0.7245337	0.4276685	0.0000000	0.0000000
1535.0024289	1549.9894476	15574.8041016	2.7368310	0.3022115	0.3301361	0.7097306	0.4414821	0.0000000	0.0000000
1529.9946542	1549.9894476	15569.9486328	2.7269718	0.2821975	0.3767217	0.7136000	0.4331782	0.0000000	0.0000000
1525.0057058	1549.9894476	15564.8503906	2.7171127	0.2618500	0.4481298	0.7087968	0.4321061	0.0000000	0.0000000
1519.9979617	1549.9894476	15559.7663867	2.7072535	0.2415024	0.3916545	0.7122652	0.4304730	0.0000000	0.0000000
1514.9965539	1549.9894476	15554.9267383	2.6973944	0.2214884	0.2807435	0.6953118	0.4349764	0.0000000	0.0000000
1510.0011622	1549.9894476	15549.8451074	2.6875352	0.2011408	0.1367002	0.7031279	0.4339934	0.0000000	0.0000000
1504.9991342	1549.9894476	15544.7634766	2.6776761	0.1811268	0.0421157	0.7003087	0.4320387	0.0000000	0.0000000
1499.9998464	1549.9894476	15539.9238281	2.6678169	0.1607792	0.0206553	0.7047152	0.4352445	0.0000000	0.0000000
1495.0012710	1549.9894476	15534.8586035	2.6579577	0.1404316	0.0240908	0.7085331	0.4328898	0.0000000	0.0000000
1489.9975133	1549.9894476	15529.7933789	2.6480986	0.1204176	0.0326820	0.7153013	0.4352390	0.0000000	0.0000000
1485.0010010	1549.9894476	15524.9693555	2.6382394	0.1000700	0.0363473	0.7220209	0.4272824	0.0000000	0.0000000
1479.9972092	1549.9894476	15519.9041309	2.6283803	0.0800560	0.0361473	0.7078991	0.4249879	0.0000000	0.0000000
1475.0006089	1549.9894476	15514.8420312	2.6185211	0.0597085	0.0363721	0.6762244	0.4309080	0.0000000	0.0000000
1470.0101807	1549.9894476	15509.7932129	2.6086620	0.0393609	0.0388441	0.6740018	0.4241462	0.0000000	0.0000000
1465.0063771	1549.9894476	15504.9848145	2.5988028	0.0193469	0.0367521	0.6379816	0.4319877	0.0000000	0.0000000
1460.0031723	1549.9894476	15499.9359961	2.5889437	-0.0010007	0.0379091	0.6657438	0.4344192	0.0000000	0.0000000
1455.0133719	1549.9894476	15494.8871777	2.5790845	-0.0210147	0.0376128	0.6640768	0.4275314	0.0000000	0.0000000
1449.9959945	1549.9894476	15489.8445312	2.5692254	-0.0413623	0.0365028	0.6436959	0.4298027	0.0000000	0.0000000
1445.0031453	1549.9894476	15484.8119141	2.5593662	-0.0617099	0.0457653	0.6373826	0.4366146	0.0000000	0.0000000
1439.9983277	1549.9894476	15479.7792969	2.5495070	-0.0817239	0.0526030	0.6382374	0.4266083	0.0000000	0.0000000
1435.0050512	1549.9894476	15474.9863281	2.5396479	-0.1020715	0.0538741	0.6275242	0.4269435	0.0000000	0.0000000
1429.9991600	1549.9894476	15469.9537109	2.5297887	-0.1220855	0.0471924	0.6185194	0.4384789	0.0000000	0.0000000
1424.9990761	1549.9894476	15464.9302344	2.5199296	-0.1424330	0.0344183	0.6093803	0.4364887	0.0000000	0.0000000
1420.0059019	1549.9894476	15459.9136133	2.5100704	-0.1624470	0.0299402	0.6007864	0.4439349	0.0000000	0.0000000
1414.9937701	1549.9894476	15454.8969922	2.5002113	-0.1827946	0.0253207	0.5871500	0.4318672	0.0000000	0.0000000
1409.9999070	1549.9894476	15449.8803711	2.4903521	-0.2031422	0.0232139	0.5855551	0.4354493	0.0000000	0.0000000
1405.0002814	1549.9894476	15444.8637500	2.4804930	-0.2231562	0.0267327	0.5801473	0.4335370	0.0000000	0.0000000
1399.9939120	1549.9894476	15439.8602441	2.4706338	-0.2435038	0.0286675	0.5658446	0.4398764	0.0000000	0.0000000
1394.9969913	1549.9894476	15434.8598242	2.4607746	-0.2635178	0.0294093	0.5528190	0.4399783	0.0000000	0.0000000
1389.9916327	1549.9894476	15429.8594043	2.4509155	-0.2838654	0.0276035	0.5399130	0.4356826	0.0000000	0.0000000
1385.0053575	1549.9894476	15424.8589844	2.4410563	-0.3042129	0.0227083	0.5358900	0.4411276	0.0000000	0.0000000
1379.9954919	1549.9894476	15419.8593262	2.4311972	-0.3242270	0.0179905	0.5263181	0.4356383	0.0000000	0.0000000
1374.9977128	1549.9894476	15414.8749023	2.4213380	-0.3445745	0.0175750	0.5120438	0.4429656	0.0000000	0.0000000
1369.9998590	1549.9894476	15409.8904785	2.4114789	-0.3645885	0.0246044	0.5079273	0.4406394	0.0000000	0.0000000
1364.9954405	1549.9894476	15404.9060547	2.4016197	-0.3849361	0.0302764	0.4869120	0.4402742	0.0000000	0.0000000
1360.0158033	1549.9894476	15399.9216309	2.3917606	-0.4052837	0.0363948	0.4675024	0.4426829	0.0000000	0.0000000
1354.9999390	1549.9894476	15394.9417773	2.3819014	-0.4252977	0.0319468	0.4638550	0.4363892	0.0000000	0.0000000
1349.9905185	1549.9894476	15389.9733496	2.3720423	-0.4456453	0.0336992	0.4555233	0.4368378	0.0000000	0.0000000
1344.9967843	1549.9894476	15384.7683301	2.3621831	-0.4656593	0.0324218	0.4465263	0.4419944	0.0000000	0.0000000
1340.0058595	1549.9894476	15379.7999023	2.3523239	-0.4860069	0.0341885	0.4259063	0.4376660	0.0000000	0.0000000
1335.0013764	1549.9894476	15374.8314746	2.3424648	-0.5063544	0.0367581	0.4034823	0.4386675	0.0000000	0.0000000
1330.0043482	1549.9894476	15369.8720703	2.3326056	-0.5263685	0.0312085	0.3855923	0.4323032	0.0000000	0.0000000
1325.0067276	1549.9894476	15364.9194336	2.3227465	-0.5467160	0.0248596	0.3724631	0.4320691	0.0000000	0.0000000
1320.0090417	1549.9894476	15359.9667969	2.3128873	-0.5667300	0.0155460	0.3624231	0.4343479	0.0000000	0.0000000
1315.0052073	1549.9894476	15354.7783203	2.3030282	-0.5870776	0.0113998	0.3365493	0.4355581	0.0000000	0.0000000
1310.0074737	1549.9894476	15349.8256836	2.2931690	-0.6070916	0.0119365	0.3231182	0.4331199	0.0000000	0.0000000
1305.0029693	1549.9894476	15344.8864062	2.2833099	-0.6274392	0.0134255	0.3045726	0.4402030	0.0000000	0.0000000
1300.0059589	1549.9894476	15339.9493555	2.2734507	-0.6477868	0.0175972	0.2969806	0.4432396	0.0000000	0.0000000
1295.0063540	1549.9894476	15334.7772070	2.2635915	-0.6678008	0.0237135	0.2768798	0.4398453	0.0000000	0.0000000
1290.0126310	1549.9894476	15329.8401562	2.2537324	-0.6881484	0.0256902	0.2632161	0.4331671	0.0000000	0.0000000
1285.0142992	1549.9894476	15324.9053613	2.2438732	-0.7081624	0.0261023	0.2405615	0.4386325	0.0000000	0.0000000
1280.0085301	1549.9894476	15319.9841016	2.2340141	-0.7285100	0.0238046	0.2180569	0.4369725	0.0000000	0.0000000
1275.0093966	1549.9894476	15314.8284961	2.2241549	-0.7488575	0.0310269	0.2056112	0.4371835	0.0000000	0.0000000
1270.0086294	1549.9894476	15309.9072363	2.2142958	-0.7688715	0.0327820	0.1913431	0.4255675	0.0000000	0.0000000
1265.0031208	1549.9894476	15304.9859766	2.2044366	-0.7892191	0.0250557	0.1737599	0.4389872	0.0000000	0.0000000
1260.0211049	1549.9894476	15299.8376953	2.1945775	-0.8092331	0.0173469	0.1689039	0.4375433	0.0000000	0.0000000
1255.0147454	1549.9894476	15294.9318164	2.1847183	-0.8295807	0.0135103	0.1515552	0.4363960	0.0000000	0.0000000
1250.0237205	1549.9894476	15289.7923242	2.1748592	-0.8499283	0.0123486	0.1416566	0.4349641	0.0000000	0.0000000
