1599.9894452	1259.9975694	15349.8256836	3.8220087	1.4640248	0.0710552	0.7846485	0.1396821	0.0000000	1260.0000000
1594.9925208	1259.9975694	15344.8864062	3.8121408	1.4436772	0.0830533	0.8470656	0.1411389	0.0000000	0.0000000
1589.9980278	1259.9975694	15339.9493555	3.8022817	1.4236632	0.0786715	0.8857861	0.1408418	0.0000000	0.0000000
1584.9897793	1259.9975694	15334.7772070	3.7924225	1.4033157	0.0636239	0.8630701	0.1377771	0.0000000	0.0000000
1579.9932605	1259.9975694	15329.8401562	3.7825634	1.3833016	0.0469788	0.8234644	0.1366570	0.0000000	0.0000000
1574.9903821	1259.9975694	15324.9053613	3.7727042	1.3629541	0.0375239	0.8414259	0.1375747	0.0000000	0.0000000
1569.9879348	1259.9975694	15319.9841016	3.7628451	1.3426065	0.0277256	0.8232051	0.1392533	0.0000000	0.0000000
1564.9854875	1259.9975694	15314.8284961	3.7529859	1.3225925	0.0203621	0.8032930	0.1377722	0.0000000	0.0000000
1559.9942564	1259.9975694	15309.9072363	3.7431268	1.3022449	0.0178950	0.7716474	0.1415585	0.0000000	0.0000000
1554.9916320	1259.9975694	15304.9859766	3.7332676	1.2822309	0.0167430	0.7505610	0.1380116	0.0000000	0.0000000
1549.9908346	1259.9975694	15299.8376953	3.7234085	1.2618833	0.0210217	0.7454732	0.1407935	0.0000000	0.0000000
1544.9935732	1259.9975694	15294.9318164	3.7135493	1.2415357	0.0402736	0.7300299	0.1394298	0.0000000	0.0000000
1539.9918854	1259.9975694	15289.7923242	3.7036901	1.2215217	0.0655262	0.6939086	0.1403335	0.0000000	0.0000000
1534.9898781	1259.9975694	15284.8864453	3.6938310	1.2011742	0.0858787	0.7241954	0.1384535	0.0000000	0.0000000
1529.9946542	1259.9975694	15279.9805664	3.6839718	1.1811601	0.1233853	0.7372921	0.1410399	0.0000000	0.0000000
1524.9994304	1259.9975694	15274.8536914	3.6741127	1.1608126	0.1525253	0.7349513	0.1321687	0.0000000	0.0000000
1519.9854112	1259.9975694	15269.9633984	3.6642535	1.1404650	0.2263383	0.7138258	0.1390054	0.0000000	0.0000000
1514.9965539	1259.9975694	15264.8402344	3.6543944	1.1204510	0.2458029	0.6969686	0.1348966	0.0000000	0.0000000
1509.9948860	1259.9975694	15259.9499414	3.6445352	1.1001034	0.2578806	0.7020582	0.1302229	0.0000000	0.0000000
1504.9928588	1259.9975694	15254.8289746	3.6346761	1.0800894	0.1879371	0.6906791	0.1319556	0.0000000	0.0000000
1499.9935148	1259.9975694	15249.9540625	3.6248169	1.0597418	0.1568667	0.7054442	0.1345378	0.0000000	0.0000000
1494.9877468	1259.9975694	15244.8470117	3.6149577	1.0397278	0.1042964	0.7181107	0.1320222	0.0000000	0.0000000
1489.9975133	1259.9975694	15239.9720996	3.6050986	1.0193802	0.0834733	0.7207217	0.1362762	0.0000000	0.0000000
1485.0010010	1259.9975694	15234.8650488	3.5952394	0.9990327	0.0452340	0.7242896	0.1354984	0.0000000	0.0000000
1479.9972092	1259.9975694	15229.9973633	3.5853803	0.9790186	0.0304431	0.7063893	0.1311658	0.0000000	0.0000000
1474.9938468	1259.9975694	15224.9062109	3.5755211	0.9586711	0.0387319	0.6880123	0.1294454	0.0000000	0.0000000
1470.0034186	1259.9975694	15219.8150586	3.5656620	0.9386571	0.0602433	0.6780663	0.1283971	0.0000000	0.0000000
1464.9928549	1259.9975694	15214.9553223	3.5558028	0.9183095	0.0870557	0.6681188	0.1339830	0.0000000	0.0000000
1459.9964112	1259.9975694	15209.8641699	3.5459437	0.8979619	0.0869640	0.6626785	0.1320050	0.0000000	0.0000000
1455.0066100	1259.9975694	15204.7869336	3.5360845	0.8779479	0.0569268	0.6621161	0.1287238	0.0000000	0.0000000
1449.9892324	1259.9975694	15199.9425781	3.5262254	0.8576003	0.0339017	0.6562974	0.1322638	0.0000000	0.0000000
1444.9966097	1259.9975694	15194.8675391	3.5163662	0.8375863	0.0274191	0.6588048	0.1345352	0.0000000	0.0000000
1439.9983277	1259.9975694	15189.7925000	3.5065070	0.8172387	0.0502098	0.6441275	0.1284081	0.0000000	0.0000000
1435.0050512	1259.9975694	15184.9517090	3.4966479	0.7968912	0.1013765	0.6427042	0.1319192	0.0000000	0.0000000
1429.9929097	1259.9975694	15179.8923535	3.4867887	0.7768771	0.1536335	0.6122197	0.1335090	0.0000000	0.0000000
1424.9928269	1259.9975694	15174.8329980	3.4769296	0.7565296	0.1512576	0.6161708	0.1307694	0.0000000	0.0000000
1419.9996525	1259.9975694	15169.7736426	3.4670704	0.7365156	0.1239500	0.6187721	0.1306307	0.0000000	0.0000000
1414.9875199	1259.9975694	15164.9442578	3.4572113	0.7161680	0.0970576	0.6054943	0.1327037	0.0000000	0.0000000
1409.9936575	1259.9975694	15159.8950195	3.4473521	0.6958204	0.0792640	0.5945894	0.1357095	0.0000000	0.0000000
1404.9940311	1259.9975694	15154.8515625	3.4374930	0.6758064	0.0577747	0.5880158	0.1355266	0.0000000	0.0000000
1399.9814132	1259.9975694	15149.8081055	3.4276338	0.6554588	0.0467085	0.5602898	0.1376940	0.0000000	0.0000000
1394.9969913	1259.9975694	15144.9938965	3.4177746	0.6354448	0.0349706	0.5538590	0.1357742	0.0000000	0.0000000
1389.9855886	1259.9975694	15139.9511523	3.4079155	0.6150972	0.0340502	0.5501788	0.1358153	0.0000000	0.0000000
1384.9993143	1259.9975694	15134.9233789	3.3980563	0.5947497	0.0338086	0.5473109	0.1375139	0.0000000	0.0000000
1379.9894486	1259.9975694	15129.8956055	3.3881972	0.5747356	0.0306827	0.5406000	0.1395333	0.0000000	0.0000000
1374.9977128	1259.9975694	15124.8678320	3.3783380	0.5543881	0.0270269	0.5344487	0.1325861	0.0000000	0.0000000
1369.9938149	1259.9975694	15119.8400586	3.3684789	0.5343741	0.0274978	0.5112039	0.1393511	0.0000000	0.0000000
1364.9893972	1259.9975694	15114.8202344	3.3586197	0.5140265	0.0429235	0.5021309	0.1351279	0.0000000	0.0000000
1359.9976739	1259.9975694	15109.8083594	3.3487606	0.4940125	0.0764880	0.4799522	0.1381364	0.0000000	0.0000000
1354.9999390	1259.9975694	15104.7964844	3.3389014	0.4736649	0.1259083	0.4637084	0.1362712	0.0000000	0.0000000
1349.9842500	1259.9975694	15099.7846094	3.3290423	0.4533173	0.1333301	0.4578433	0.1385945	0.0000000	0.0000000
1344.9967843	1259.9975694	15094.7727344	3.3191831	0.4333033	0.0903456	0.4447922	0.1329133	0.0000000	0.0000000
1340.0058595	1259.9975694	15089.7762402	3.3093239	0.4129557	0.0715021	0.4378324	0.1345433	0.0000000	0.0000000
1334.9945685	1259.9975694	15084.7804785	3.2994648	0.3929417	0.0714323	0.4174426	0.1355757	0.0000000	0.0000000
1329.9975394	1259.9975694	15079.7847168	3.2896056	0.3725941	0.0967217	0.4104118	0.1330309	0.0000000	0.0000000
1325.0067276	1259.9975694	15074.7889551	3.2797465	0.3522466	0.1216620	0.3945792	0.1315343	0.0000000	0.0000000
1320.0022339	1259.9975694	15069.7997852	3.2698873	0.3322326	0.1212361	0.3680613	0.1327273	0.0000000	0.0000000
1314.9983984	1259.9975694	15064.8201367	3.2600282	0.3118850	0.0751561	0.3392420	0.1376657	0.0000000	0.0000000
1309.9938559	1259.9975694	15059.8404883	3.2501690	0.2918710	0.0602996	0.3258042	0.1370731	0.0000000	0.0000000
1304.9961614	1259.9975694	15054.8608398	3.2403099	0.2715234	0.0493553	0.3068463	0.1375967	0.0000000	0.0000000
1299.9991501	1259.9975694	15049.8811914	3.2304507	0.2511758	0.0461238	0.2984681	0.1349899	0.0000000	0.0000000
1294.9989791	1259.9975694	15044.9154590	3.2205915	0.2311618	0.0398584	0.2704517	0.1334133	0.0000000	0.0000000
1290.0052150	1259.9975694	15039.9519238	3.2107324	0.2108142	0.0444821	0.2678766	0.1341942	0.0000000	0.0000000
1285.0068833	1259.9975694	15034.9883887	3.2008732	0.1908002	0.0490560	0.2494240	0.1317874	0.0000000	0.0000000
1280.0011129	1259.9975694	15029.7992383	3.1910141	0.1704527	0.0579691	0.2315953	0.1304369	0.0000000	0.0000000
1275.0093966	1259.9975694	15024.8417187	3.1811549	0.1501051	0.0926193	0.2144684	0.1326553	0.0000000	0.0000000
1270.0009934	1259.9975694	15019.8947266	3.1712958	0.1300911	0.1949279	0.1948601	0.1351174	0.0000000	0.0000000
1264.9950068	1259.9975694	15014.9477344	3.1614366	0.1097435	0.2250186	0.1837966	0.1333411	0.0000000	0.0000000
1260.0048768	1259.9975694	15009.7758789	3.1515775	0.0897295	0.2077930	0.1761493	0.1332882	0.0000000	0.0000000
1255.0147454	1259.9975694	15004.8288867	3.1417183	0.0693819	0.1318496	0.1656067	0.1321217	0.0000000	0.0000000
1250.0156050	1259.9975694	14999.8959961	3.1318592	0.0493679	0.0799929	0.1507834	0.1354662	0.0000000	0.0000000
