1599.9894452	1355.0050867	15444.8637500	3.5084559	1.1694853	0.0753751	0.7950087	0.2611735	0.0000000	1355.0000000
1594.9925208	1355.0050867	15439.8602441	3.4986408	1.1491377	0.1185383	0.8717777	0.2597374	0.0000000	0.0000000
1589.9980278	1355.0050867	15434.8598242	3.4887817	1.1291237	0.1120244	0.8746236	0.2594751	0.0000000	0.0000000
1584.9897793	1355.0050867	15429.8594043	3.4789225	1.1087761	0.0907351	0.8913977	0.2572089	0.0000000	0.0000000
1579.9932605	1355.0050867	15424.8589844	3.4690634	1.0887621	0.0724917	0.8559953	0.2561730	0.0000000	0.0000000
1574.9903821	1355.0050867	15419.8593262	3.4592042	1.0684146	0.0553682	0.8499060	0.2560798	0.0000000	0.0000000
1569.9879348	1355.0050867	15414.8749023	3.4493451	1.0480670	0.0454456	0.8130028	0.2625709	0.0000000	0.0000000
1564.9854875	1355.0050867	15409.8904785	3.4394859	1.0280530	0.0419832	0.7999276	0.2605115	0.0000000	0.0000000
1559.9998645	1355.0050867	15404.9060547	3.4296268	1.0077054	0.0390448	0.7643179	0.2601547	0.0000000	0.0000000
1554.9972408	1355.0050867	15399.9216309	3.4197676	0.9876914	0.0503071	0.7678014	0.2594425	0.0000000	0.0000000
1549.9908346	1355.0050867	15394.9417773	3.4099085	0.9673438	0.0590236	0.7540471	0.2640066	0.0000000	0.0000000
1544.9998486	1355.0050867	15389.9733496	3.4000493	0.9473298	0.0901454	0.7375448	0.2644454	0.0000000	0.0000000
1539.9918854	1355.0050867	15384.7683301	3.3901901	0.9269822	0.1410023	0.7364451	0.2593381	0.0000000	0.0000000
1534.9898781	1355.0050867	15379.7999023	3.3803310	0.9066346	0.2078361	0.7385026	0.2609830	0.0000000	0.0000000
1529.9946542	1355.0050867	15374.8314746	3.3704718	0.8866206	0.3129971	0.7352753	0.2604553	0.0000000	0.0000000
1525.0057058	1355.0050867	15369.8720703	3.3606127	0.8662731	0.3816132	0.7397334	0.2565106	0.0000000	0.0000000
1519.9916865	1355.0050867	15364.9194336	3.3507535	0.8462590	0.4365948	0.7127958	0.2628814	0.0000000	0.0000000
1514.9902785	1355.0050867	15359.9667969	3.3408944	0.8259115	0.4720535	0.7095386	0.2656073	0.0000000	0.0000000
1509.9948860	1355.0050867	15354.7783203	3.3310352	0.8055639	0.4295988	0.7046113	0.2623402	0.0000000	0.0000000
1504.9928588	1355.0050867	15349.8256836	3.3211761	0.7855499	0.3513943	0.7170691	0.2581311	0.0000000	0.0000000
1499.9935148	1355.0050867	15344.8864062	3.3113169	0.7652023	0.2502024	0.7250911	0.2621943	0.0000000	0.0000000
1494.9945089	1355.0050867	15339.9493555	3.3014577	0.7451883	0.2271641	0.7405520	0.2613270	0.0000000	0.0000000
1489.9975133	1355.0050867	15334.7772070	3.2915986	0.7248407	0.1549105	0.7342096	0.2596798	0.0000000	0.0000000
1485.0010010	1355.0050867	15329.8401562	3.2817394	0.7044931	0.0990519	0.7260009	0.2598302	0.0000000	0.0000000
1479.9972092	1355.0050867	15324.9053613	3.2718803	0.6844791	0.0502356	0.7131876	0.2600715	0.0000000	0.0000000
1474.9938468	1355.0050867	15319.9841016	3.2620211	0.6641316	0.0563966	0.7010791	0.2607200	0.0000000	0.0000000
1470.0034186	1355.0050867	15314.8284961	3.2521620	0.6441175	0.1029843	0.6911613	0.2600151	0.0000000	0.0000000
1464.9928549	1355.0050867	15309.9072363	3.2423028	0.6237700	0.1559896	0.6881000	0.2522183	0.0000000	0.0000000
1459.9964112	1355.0050867	15304.9859766	3.2324437	0.6034224	0.1394043	0.6760630	0.2563181	0.0000000	0.0000000
1454.9998480	1355.0050867	15299.8376953	3.2225845	0.5834084	0.0970703	0.6754038	0.2568749	0.0000000	0.0000000
1449.9892324	1355.0050867	15294.9318164	3.2127254	0.5630608	0.0469530	0.6585051	0.2591920	0.0000000	0.0000000
1444.9966097	1355.0050867	15289.7923242	3.2028662	0.5430468	0.0235868	0.6583211	0.2650305	0.0000000	0.0000000
1439.9920783	1355.0050867	15284.8864453	3.1930070	0.5226992	0.0613918	0.6397887	0.2632241	0.0000000	0.0000000
1435.0050512	1355.0050867	15279.9805664	3.1831479	0.5026852	0.1646519	0.6363969	0.2613849	0.0000000	0.0000000
1429.9929097	1355.0050867	15274.8536914	3.1732887	0.4823376	0.2326594	0.6276604	0.2538700	0.0000000	0.0000000
1424.9928269	1355.0050867	15269.9633984	3.1634296	0.4619901	0.2848777	0.6068557	0.2553373	0.0000000	0.0000000
1419.9996525	1355.0050867	15264.8402344	3.1535704	0.4419760	0.2311908	0.5986055	0.2631091	0.0000000	0.0000000
1414.9875199	1355.0050867	15259.9499414	3.1437113	0.4216285	0.1798926	0.5928174	0.2575593	0.0000000	0.0000000
1409.9936575	1355.0050867	15254.8289746	3.1338521	0.4016145	0.1613989	0.5977396	0.2509263	0.0000000	0.0000000
1404.9940311	1355.0050867	15249.9540625	3.1239930	0.3812669	0.1231886	0.5771270	0.2641041	0.0000000	0.0000000
1399.9876626	1355.0050867	15244.8470117	3.1141338	0.3609193	0.0904277	0.5655436	0.2609810	0.0000000	0.0000000
1394.9908780	1355.0050867	15239.9720996	3.1042746	0.3409053	0.0737590	0.5524138	0.2617350	0.0000000	0.0000000
1389.9855886	1355.0050867	15234.8650488	3.0944155	0.3205577	0.0677028	0.5548418	0.2572070	0.0000000	0.0000000
1384.9993143	1355.0050867	15229.9973633	3.0845563	0.3005437	0.0630505	0.5532798	0.2497379	0.0000000	0.0000000
1379.9954919	1355.0050867	15224.9062109	3.0746972	0.2801961	0.0511395	0.5399072	0.2589097	0.0000000	0.0000000
1374.9977128	1355.0050867	15219.8150586	3.0648380	0.2598486	0.0315140	0.5266220	0.2569968	0.0000000	0.0000000
1369.9938149	1355.0050867	15214.9553223	3.0549789	0.2398346	0.0443195	0.5001414	0.2568229	0.0000000	0.0000000
1364.9893972	1355.0050867	15209.8641699	3.0451197	0.2194870	0.0905726	0.4868670	0.2595067	0.0000000	0.0000000
1360.0037170	1355.0050867	15204.7869336	3.0352606	0.1994730	0.1536627	0.4809303	0.2586499	0.0000000	0.0000000
1354.9999390	1355.0050867	15199.9425781	3.0254014	0.1791254	0.2187531	0.4688583	0.2540433	0.0000000	0.0000000
1349.9905185	1355.0050867	15194.8675391	3.0155423	0.1587778	0.2172183	0.4467986	0.2583580	0.0000000	0.0000000
1344.9967843	1355.0050867	15189.7925000	3.0056831	0.1387638	0.1781017	0.4390158	0.2581178	0.0000000	0.0000000
1340.0058595	1355.0050867	15184.9517090	2.9958239	0.1184162	0.1513265	0.4166087	0.2596840	0.0000000	0.0000000
1334.9945685	1355.0050867	15179.8923535	2.9859648	0.0984022	0.1818085	0.4140667	0.2617937	0.0000000	0.0000000
1330.0043482	1355.0050867	15174.8329980	2.9761056	0.0780546	0.2281455	0.3949032	0.2582246	0.0000000	0.0000000
1324.9999187	1355.0050867	15169.7736426	2.9662465	0.0580406	0.2426145	0.3768666	0.2537689	0.0000000	0.0000000
1320.0022339	1355.0050867	15164.9442578	2.9563873	0.0376931	0.1930200	0.3573412	0.2532990	0.0000000	0.0000000
1314.9983984	1355.0050867	15159.8950195	2.9465282	0.0173455	0.1522671	0.3484315	0.2571785	0.0000000	0.0000000
1309.9870470	1355.0050867	15154.8515625	2.9366690	-0.0026685	0.1134645	0.3336257	0.2558081	0.0000000	0.0000000
1304.9961614	1355.0050867	15149.8081055	2.9268099	-0.0230161	0.1230270	0.3136898	0.2606036	0.0000000	0.0000000
1300.0059589	1355.0050867	15144.9938965	2.9169507	-0.0430301	0.0965105	0.2953513	0.2538641	0.0000000	0.0000000
1294.9989791	1355.0050867	15139.9511523	2.9070915	-0.0633777	0.0923767	0.2760829	0.2568053	0.0000000	0.0000000
1290.0052150	1355.0050867	15134.9233789	2.8972324	-0.0837253	0.1046287	0.2607418	0.2587866	0.0000000	0.0000000
1285.0068833	1355.0050867	15129.8956055	2.8873732	-0.1037393	0.1048059	0.2482374	0.2548308	0.0000000	0.0000000
1280.0011129	1355.0050867	15124.8678320	2.8775141	-0.1240869	0.1182332	0.2287512	0.2620502	0.0000000	0.0000000
1275.0019807	1355.0050867	15119.8400586	2.8676549	-0.1441009	0.2054279	0.2183232	0.2578788	0.0000000	0.0000000
1269.9933574	1355.0050867	15114.8202344	2.8577958	-0.1644484	0.2962721	0.1954109	0.2543655	0.0000000	0.0000000
1265.0031208	1355.0050867	15109.8083594	2.8479366	-0.1847960	0.3652134	0.1854102	0.2628276	0.0000000	0.0000000
1260.0048768	1355.0050867	15104.7964844	2.8380775	-0.2048100	0.2912769	0.1693462	0.2559183	0.0000000	0.0000000
1255.0066299	1355.0050867	15099.7846094	2.8282183	-0.2251576	0.2143613	0.1654428	0.2532478	0.0000000	0.0000000
1250.0074895	1355.0050867	15094.7727344	2.8183592	-0.2451716	0.1401345	0.1574734	0.2600740	0.0000000	0.0000000
