1599.9954356	1434.9931434	15524.9693555	3.2446046	0.9216452	0.0240986	0.8108486	0.3337676	0.0000000	1435.0000000
1594.9925208	1434.9931434	15519.9041309	3.2346408	0.9012976	0.0101898	0.8705905	0.3378889	0.0000000	0.0000000
1589.9980278	1434.9931434	15514.8420312	3.2247817	0.8809500	0.0162893	0.8728485	0.3365012	0.0000000	0.0000000
1584.9897793	1434.9931434	15509.7932129	3.2149225	0.8609360	0.0190236	0.8625441	0.3386537	0.0000000	0.0000000
1579.9932605	1434.9931434	15504.9848145	3.2050634	0.8405884	0.0219506	0.8574722	0.3377317	0.0000000	0.0000000
1574.9903821	1434.9931434	15499.9359961	3.1952042	0.8205744	0.0236357	0.8556640	0.3345960	0.0000000	0.0000000
1569.9879348	1434.9931434	15494.8871777	3.1853451	0.8002268	0.0264689	0.8185076	0.3398615	0.0000000	0.0000000
1564.9854875	1434.9931434	15489.8445312	3.1754859	0.7798792	0.0319714	0.7879298	0.3452037	0.0000000	0.0000000
1559.9998645	1434.9931434	15484.8119141	3.1656268	0.7598652	0.0328246	0.7609254	0.3366521	0.0000000	0.0000000
1554.9972408	1434.9931434	15479.7792969	3.1557676	0.7395177	0.0517791	0.7561973	0.3406150	0.0000000	0.0000000
1549.9908346	1434.9931434	15474.9863281	3.1459085	0.7195037	0.0689454	0.7645355	0.3239808	0.0000000	0.0000000
1544.9998486	1434.9931434	15469.9537109	3.1360493	0.6991561	0.1085990	0.7361038	0.3327056	0.0000000	0.0000000
1539.9918854	1434.9931434	15464.9302344	3.1261901	0.6788085	0.1371959	0.7330741	0.3351618	0.0000000	0.0000000
1534.9898781	1434.9931434	15459.9136133	3.1163310	0.6587945	0.1943730	0.7345194	0.3410659	0.0000000	0.0000000
1529.9946542	1434.9931434	15454.8969922	3.1064718	0.6384469	0.2113619	0.7245137	0.3415852	0.0000000	0.0000000
1525.0057058	1434.9931434	15449.8803711	3.0966127	0.6184329	0.2505529	0.7361043	0.3352553	0.0000000	0.0000000
1519.9916865	1434.9931434	15444.8637500	3.0867535	0.5980853	0.3091338	0.7168504	0.3334161	0.0000000	0.0000000
1514.9902785	1434.9931434	15439.8602441	3.0768944	0.5780713	0.2620581	0.6908880	0.3441982	0.0000000	0.0000000
1509.9948860	1434.9931434	15434.8598242	3.0670352	0.5577237	0.2230167	0.6961738	0.3389545	0.0000000	0.0000000
1504.9928588	1434.9931434	15429.8594043	3.0571761	0.5373762	0.1940983	0.6915553	0.3424302	0.0000000	0.0000000
1499.9935148	1434.9931434	15424.8589844	3.0473169	0.5173622	0.1532375	0.7062123	0.3286139	0.0000000	0.0000000
1494.9877468	1434.9931434	15419.8593262	3.0374577	0.4970146	0.1201066	0.7210568	0.3337932	0.0000000	0.0000000
1489.9975133	1434.9931434	15414.8749023	3.0275986	0.4770006	0.0753624	0.7038700	0.3358926	0.0000000	0.0000000
1485.0010010	1434.9931434	15409.8904785	3.0177394	0.4566530	0.0486061	0.7209386	0.3359587	0.0000000	0.0000000
1479.9904481	1434.9931434	15404.9060547	3.0078803	0.4363054	0.0429408	0.6937409	0.3366096	0.0000000	0.0000000
1474.9870847	1434.9931434	15399.9216309	2.9980211	0.4162914	0.0512845	0.6831122	0.3400880	0.0000000	0.0000000
1469.9966565	1434.9931434	15394.9417773	2.9881620	0.3959438	0.0904254	0.6879619	0.3379351	0.0000000	0.0000000
1464.9928549	1434.9931434	15389.9733496	2.9783028	0.3759298	0.0963734	0.6760473	0.3353074	0.0000000	0.0000000
1459.9964112	1434.9931434	15384.7683301	2.9684437	0.3555822	0.0831996	0.6648827	0.3400618	0.0000000	0.0000000
1454.9998480	1434.9931434	15379.7999023	2.9585845	0.3352347	0.0526305	0.6605885	0.3393224	0.0000000	0.0000000
1449.9892324	1434.9931434	15374.8314746	2.9487254	0.3152207	0.0206985	0.6796969	0.3395446	0.0000000	0.0000000
1444.9966097	1434.9931434	15369.8720703	2.9388662	0.2948731	0.0147214	0.6588629	0.3398229	0.0000000	0.0000000
1439.9920783	1434.9931434	15364.9194336	2.9290070	0.2748591	0.0493218	0.6538305	0.3368530	0.0000000	0.0000000
1434.9988018	1434.9931434	15359.9667969	2.9191479	0.2545115	0.1108291	0.6475669	0.3330319	0.0000000	0.0000000
1429.9929097	1434.9931434	15354.7783203	2.9092887	0.2341639	0.1491545	0.6411482	0.3291785	0.0000000	0.0000000
1424.9928269	1434.9931434	15349.8256836	2.8994296	0.2141499	0.1487222	0.6181028	0.3360950	0.0000000	0.0000000
1419.9996525	1434.9931434	15344.8864062	2.8895704	0.1938023	0.1200350	0.5974985	0.3371710	0.0000000	0.0000000
1414.9875199	1434.9931434	15339.9493555	2.8797113	0.1737883	0.0968025	0.6004837	0.3315955	0.0000000	0.0000000
1409.9936575	1434.9931434	15334.7772070	2.8698521	0.1534407	0.0821475	0.5890416	0.3384004	0.0000000	0.0000000
1404.9940311	1434.9931434	15329.8401562	2.8599930	0.1334267	0.0581167	0.5723378	0.3390184	0.0000000	0.0000000
1399.9814132	1434.9931434	15324.9053613	2.8501338	0.1130792	0.0495879	0.5663685	0.3352913	0.0000000	0.0000000
1394.9908780	1434.9931434	15319.9841016	2.8402746	0.0927316	0.0549348	0.5645809	0.3295172	0.0000000	0.0000000
1389.9916327	1434.9931434	15314.8284961	2.8304155	0.0727176	0.0585665	0.5543838	0.3407391	0.0000000	0.0000000
1384.9993143	1434.9931434	15309.9072363	2.8205563	0.0523700	0.0522349	0.5426350	0.3418698	0.0000000	0.0000000
1379.9954919	1434.9931434	15304.9859766	2.8106972	0.0323560	0.0473258	0.5440302	0.3393626	0.0000000	0.0000000
1374.9916695	1434.9931434	15299.8376953	2.8008380	0.0120084	0.0305927	0.5270488	0.3358700	0.0000000	0.0000000
1369.9938149	1434.9931434	15294.9318164	2.7909789	-0.0083392	0.0300920	0.5000967	0.3335570	0.0000000	0.0000000
1364.9893972	1434.9931434	15289.7923242	2.7811197	-0.0283532	0.0502549	0.4935194	0.3412085	0.0000000	0.0000000
1360.0037170	1434.9931434	15284.8864453	2.7712606	-0.0487008	0.0810079	0.4704118	0.3395743	0.0000000	0.0000000
1354.9999390	1434.9931434	15279.9805664	2.7614014	-0.0687148	0.0996265	0.4559287	0.3323652	0.0000000	0.0000000
1349.9905185	1434.9931434	15274.8536914	2.7515423	-0.0890623	0.1104597	0.4555061	0.3390147	0.0000000	0.0000000
1344.9967843	1434.9931434	15269.9633984	2.7416831	-0.1094099	0.0726168	0.4387207	0.3434992	0.0000000	0.0000000
1340.0058595	1434.9931434	15264.8402344	2.7318239	-0.1294239	0.0649775	0.4280808	0.3402811	0.0000000	0.0000000
1334.9945685	1434.9931434	15259.9499414	2.7219648	-0.1497715	0.0999641	0.4073657	0.3335696	0.0000000	0.0000000
1329.9975394	1434.9931434	15254.8289746	2.7121056	-0.1697855	0.1608009	0.4030606	0.3280819	0.0000000	0.0000000
1324.9999187	1434.9931434	15249.9540625	2.7022465	-0.1901331	0.1477745	0.3776818	0.3371307	0.0000000	0.0000000
1320.0022339	1434.9931434	15244.8470117	2.6923873	-0.2104807	0.1171016	0.3533453	0.3322144	0.0000000	0.0000000
1314.9983984	1434.9931434	15239.9720996	2.6825282	-0.2304947	0.0742870	0.3336113	0.3416939	0.0000000	0.0000000
1309.9938559	1434.9931434	15234.8650488	2.6726690	-0.2508423	0.0541510	0.3147692	0.3404799	0.0000000	0.0000000
1304.9961614	1434.9931434	15229.9973633	2.6628099	-0.2708563	0.0421927	0.3029907	0.3425912	0.0000000	0.0000000
1299.9991501	1434.9931434	15224.9062109	2.6529507	-0.2912038	0.0393337	0.3011256	0.3359988	0.0000000	0.0000000
1294.9989791	1434.9931434	15219.8150586	2.6430915	-0.3115514	0.0569402	0.2780509	0.3392822	0.0000000	0.0000000
1290.0052150	1434.9931434	15214.9553223	2.6332324	-0.3315654	0.0592509	0.2610035	0.3438561	0.0000000	0.0000000
1285.0068833	1434.9931434	15209.8641699	2.6233732	-0.3519130	0.0552288	0.2350548	0.3458488	0.0000000	0.0000000
1280.0011129	1434.9931434	15204.7869336	2.6135141	-0.3719270	0.0747639	0.2221340	0.3375905	0.0000000	0.0000000
1275.0093966	1434.9931434	15199.9425781	2.6036549	-0.3922746	0.1166189	0.2164188	0.3332994	0.0000000	0.0000000
1269.9933574	1434.9931434	15194.8675391	2.5937958	-0.4122886	0.1658843	0.1929158	0.3378679	0.0000000	0.0000000
1264.9950068	1434.9931434	15189.7925000	2.5839366	-0.4326362	0.1661318	0.1743743	0.3473480	0.0000000	0.0000000
1260.0129909	1434.9931434	15184.9517090	2.5740775	-0.4529838	0.1505017	0.1628116	0.3394263	0.0000000	0.0000000
1255.0147454	1434.9931434	15179.8923535	2.5642183	-0.4729978	0.1059027	0.1537161	0.3412283	0.0000000	0.0000000
1250.0156050	1434.9931434	15174.8329980	2.5543592	-0.4933453	0.0682041	0.1414785	0.3445990	0.0000000	0.0000000
