7000.6209600	7000.0338101	6999.8782813	3.0001001	0.0400280	0.2410189	0.2807360	0.1247468	0.0000000	0.0400000
7000.6209600	7000.0338101	6999.8782813	2.9800861	0.0400000	0.2501907	0.2801150	0.1284226	0.0000000	0.0000000
7000.6209600	7000.0338101	6999.8782813	2.9600721	0.0400000	0.2522737	0.2784424	0.1264958	0.0000000	0.0000000
7000.6209600	7000.0338101	6999.8782813	2.9400580	0.0400000	0.2499010	0.2777074	0.1264209	0.0000000	0.0000000
7000.6209600	7000.0338101	6999.8782813	2.9200440	0.0400000	0.2515837	0.2783363	0.1264164	0.0000000	0.0000000
7000.6209600	7000.0338101	6999.8782813	2.9000300	0.0400000	0.2430771	0.2773318	0.1243313	0.0000000	0.0000000
7000.6209600	7000.0338101	6999.8782813	2.8800160	0.0400000	0.2327867	0.2786559	0.1233384	0.0000000	0.0000000
7000.6209600	7000.0338101	6999.8782813	2.8600020	0.0400000	0.2271007	0.2794268	0.1219241	0.0000000	0.0000000
7000.6209600	7000.0338101	6999.8782813	2.8399880	0.0400000	0.2406509	0.2764785	0.1252963	0.0000000	0.0000000
7000.6209600	7000.0338101	6999.8782813	2.8199740	0.0400000	0.2400010	0.2778030	0.1230115	0.0000000	0.0000000
7000.6209600	7000.0338101	6999.8782813	2.7999600	0.0400000	0.2482059	0.2792360	0.1265419	0.0000000	0.0000000
7000.6209600	7000.0338101	6999.8782813	2.7799460	0.0400000	0.2565774	0.2786448	0.1295664	0.0000000	0.0000000
7000.6209600	7000.0338101	6999.8782813	2.7599320	0.0400000	0.2311229	0.2777198	0.1225176	0.0000000	0.0000000
7000.6209600	7000.0338101	6999.8782813	2.7399179	0.0400000	0.2343239	0.2818409	0.1253674	0.0000000	0.0000000
7000.6209600	7000.0338101	6999.8782813	2.7199039	0.0400000	0.2396000	0.2766025	0.1233724	0.0000000	0.0000000
7000.6209600	7000.0338101	6999.8782813	2.6998899	0.0400000	0.2502029	0.2760623	0.1249916	0.0000000	0.0000000
7000.6209600	7000.0338101	6999.8782813	2.6798759	0.0400000	0.2404423	0.2775643	0.1238788	0.0000000	0.0000000
7000.6209600	7000.0338101	6999.8782813	2.6598619	0.0400000	0.2483896	0.2795096	0.1264501	0.0000000	0.0000000
7000.6209600	7000.0338101	6999.8782813	2.6398479	0.0400000	0.2544177	0.2790482	0.1284403	0.0000000	0.0000000
7000.6209600	7000.0338101	6999.8782813	2.6198339	0.0400000	0.2457058	0.2767780	0.1250168	0.0000000	0.0000000
7000.6209600	7000.0338101	6999.8782813	2.6001534	0.0400000	0.2395525	0.2777908	0.1261444	0.0000000	0.0000000
7000.6209600	7000.0338101	6999.8782813	2.5801394	0.0400000	0.2434922	0.2788929	0.1256600	0.0000000	0.0000000
7000.6209600	7000.0338101	6999.8782813	2.5601254	0.0400000	0.2387764	0.2796128	0.1231978	0.0000000	0.0000000
7000.6209600	7000.0338101	6999.8782813	2.5401114	0.0400000	0.2251951	0.2778147	0.1221141	0.0000000	0.0000000
7000.6209600	7000.0338101	6999.8782813	2.5200974	0.0400000	0.2268643	0.2779055	0.1234596	0.0000000	0.0000000
7000.6209600	7000.0338101	6999.8782813	2.5000834	0.0400000	0.2491113	0.2791825	0.1268374	0.0000000	0.0000000
7000.6209600	7000.0338101	6999.8782813	2.4800694	0.0400000	0.2539609	0.2777582	0.1265275	0.0000000	0.0000000
7000.6209600	7000.0338101	6999.8782813	2.4600554	0.0400000	0.2526322	0.2789363	0.1277532	0.0000000	0.0000000
7000.6209600	7000.0338101	6999.8782813	2.4400414	0.0400000	0.2506370	0.2835868	0.1278163	0.0000000	0.0000000
7000.6209600	7000.0338101	6999.8782813	2.4200274	0.0400000	0.2448602	0.2791854	0.1246759	0.0000000	0.0000000
7000.6209600	7000.0338101	6999.8782813	2.4000133	0.0400000	0.2502638	0.2779066	0.1268727	0.0000000	0.0000000
7000.6209600	7000.0338101	6999.8782813	2.3799993	0.0400000	0.2519587	0.2801771	0.1253717	0.0000000	0.0000000
7000.6209600	7000.0338101	6999.8782813	2.3599853	0.0400000	0.2638801	0.2810315	0.1310347	0.0000000	0.0000000
7000.6209600	7000.0338101	6999.8782813	2.3399713	0.0400000	0.2605585	0.2814398	0.1291729	0.0000000	0.0000000
7000.6209600	7000.0338101	6999.8782813	2.3199573	0.0400000	0.2528501	0.2823893	0.1279238	0.0000000	0.0000000
7000.6209600	7000.0338101	6999.8782813	2.2999433	0.0400000	0.2402697	0.2789575	0.1235061	0.0000000	0.0000000
7000.6209600	7000.0338101	6999.8782813	2.2799293	0.0400000	0.2570861	0.2791516	0.1255042	0.0000000	0.0000000
7000.6209600	7000.0338101	6999.8782813	2.2599153	0.0400000	0.2695594	0.2819301	0.1302469	0.0000000	0.0000000
7000.6209600	7000.0338101	6999.8782813	2.2399013	0.0400000	0.2502147	0.2796597	0.1239672	0.0000000	0.0000000
7000.6209600	7000.0338101	6999.8782813	2.2198873	0.0400000	0.2754165	0.2838458	0.1335754	0.0000000	0.0000000
7000.6209600	7000.0338101	6999.8782813	2.1998732	0.0400000	0.2500658	0.2782603	0.1231333	0.0000000	0.0000000
7000.6209600	7000.0338101	6999.8782813	2.1798592	0.0400000	0.2606093	0.2784142	0.1258569	0.0000000	0.0000000
7000.6209600	7000.0338101	6999.8782813	2.1598452	0.0400000	0.2445824	0.2789567	0.1227941	0.0000000	0.0000000
7000.6209600	7000.0338101	6999.8782813	2.1401648	0.0400000	0.2491759	0.2798702	0.1243778	0.0000000	0.0000000
7000.6209600	7000.0338101	6999.8782813	2.1201508	0.0400000	0.2518534	0.2808506	0.1266586	0.0000000	0.0000000
7000.6209600	7000.0338101	6999.8782813	2.1001368	0.0400000	0.2647257	0.2804003	0.1274011	0.0000000	0.0000000
7000.6209600	7000.0338101	6999.8782813	2.0801228	0.0400000	0.2450046	0.2786914	0.1267145	0.0000000	0.0000000
7000.6209600	7000.0338101	6999.8782813	2.0601087	0.0400000	0.2486307	0.2766093	0.1254155	0.0000000	0.0000000
7000.6209600	7000.0338101	6999.8782813	2.0400947	0.0400000	0.2518800	0.2780867	0.1239619	0.0000000	0.0000000
7000.6209600	7000.0338101	6999.8782813	2.0200807	0.0400000	0.2328879	0.2781619	0.1206298	0.0000000	0.0000000
7000.6209600	7000.0338101	6999.8782813	2.0000667	0.0400000	0.2445433	0.2793964	0.1257231	0.0000000	0.0000000
7000.6209600	7000.0338101	6999.8782813	1.9800527	0.0400000	0.2480605	0.2768604	0.1244852	0.0000000	0.0000000
7000.6209600	7000.0338101	6999.8782813	1.9600387	0.0400000	0.2645961	0.2790186	0.1259481	0.0000000	0.0000000
7000.6209600	7000.0338101	6999.8782813	1.9400247	0.0400000	0.2655542	0.2791813	0.1250199	0.0000000	0.0000000
7000.6209600	7000.0338101	6999.8782813	1.9200107	0.0400000	0.2727222	0.2819205	0.1298741	0.0000000	0.0000000
7000.6209600	7000.0338101	6999.8782813	1.8999967	0.0400000	0.2357704	0.2808755	0.1233335	0.0000000	0.0000000
7000.6209600	7000.0338101	6999.8782813	1.8799827	0.0400000	0.2514514	0.2806943	0.1262583	0.0000000	0.0000000
7000.6209600	7000.0338101	6999.8782813	1.8599686	0.0400000	0.2573649	0.2760708	0.1277544	0.0000000	0.0000000
7000.6209600	7000.0338101	6999.8782813	1.8399546	0.0400000	0.2717921	0.2797460	0.1256449	0.0000000	0.0000000
7000.6209600	7000.0338101	6999.8782813	1.8199406	0.0400000	0.2595554	0.2808940	0.1269598	0.0000000	0.0000000
7000.6209600	7000.0338101	6999.8782813	1.7999266	0.0400000	0.2550054	0.2815955	0.1290059	0.0000000	0.0000000
7000.6209600	7000.0338101	6999.8782813	1.7799126	0.0400000	0.2454191	0.2795906	0.1227539	0.0000000	0.0000000
7000.6209600	7000.0338101	6999.8782813	1.7598986	0.0400000	0.2669087	0.2796931	0.1252498	0.0000000	0.0000000
7000.6209600	7000.0338101	6999.8782813	1.7398846	0.0400000	0.2687582	0.2779580	0.1258652	0.0000000	0.0000000
7000.6209600	7000.0338101	6999.8782813	1.7198706	0.0400000	0.2567379	0.2798865	0.1259939	0.0000000	0.0000000
7000.6209600	7000.0338101	6999.8782813	1.6998566	0.0400000	0.2457278	0.2801849	0.1240665	0.0000000	0.0000000
7000.6209600	7000.0338101	6999.8782813	1.6798426	0.0400000	0.2310138	0.2801332	0.1239128	0.0000000	0.0000000
7000.6209600	7000.0338101	6999.8782813	1.6601621	0.0400000	0.2626702	0.2781259	0.1261316	0.0000000	0.0000000
7000.6209600	7000.0338101	6999.8782813	1.6401481	0.0400000	0.2816826	0.2804158	0.1276750	0.0000000	0.0000000
7000.6209600	7000.0338101	6999.8782813	1.6201341	0.0400000	0.2877716	0.2794532	0.1269602	0.0000000	0.0000000
7000.6209600	7000.0338101	6999.8782813	1.6001201	0.0400000	0.2710142	0.2764933	0.1239155	0.0000000	0.0000000
7000.6209600	7000.0338101	6999.8782813	1.5801061	0.0400000	0.2490165	0.2809600	0.1282548	0.0000000	0.0000000
7000.6209600	7000.0338101	6999.8782813	1.5600921	0.0400000	0.2681410	0.2766458	0.1291746	0.0000000	0.0000000
7000.6209600	7000.0338101	6999.8782813	1.5400781	0.0400000	0.3006166	0.2796281	0.1329728	0.0000000	0.0000000
7000.6209600	7000.0338101	6999.8782813	1.5200640	0.0400000	0.2760776	0.2758812	0.1234540	0.0000000	0.0000000
7000.6209600	7000.0338101	6999.8782813	1.5000500	0.0400000	0.3022133	0.2804125	0.1293207	0.0000000	0.0000000
7000.6209600	7000.0338101	6999.8782813	1.4800360	0.0400000	0.2439154	0.2776995	0.1223196	0.0000000	0.0000000
7000.6209600	7000.0338101	6999.8782813	1.4600220	0.0400000	0.2472551	0.2765681	0.1206350	0.0000000	0.0000000
7000.6209600	7000.0338101	6999.8782813	1.4400080	0.0400000	0.2856908	0.2790789	0.1253450	0.0000000	0.0000000
7000.6209600	7000.0338101	6999.8782813	1.4199940	0.0400000	0.2920428	0.2770059	0.1229011	0.0000000	0.0000000
7000.6209600	7000.0338101	6999.8782813	1.3999800	0.0400000	0.2861106	0.2768679	0.1204725	0.0000000	0.0000000
7000.6209600	7000.0338101	6999.8782813	1.3799660	0.0400000	0.2427952	0.2815048	0.1265985	0.0000000	0.0000000
7000.6209600	7000.0338101	6999.8782813	1.3599520	0.0400000	0.2488607	0.2788386	0.1244852	0.0000000	0.0000000
7000.6209600	7000.0338101	6999.8782813	1.3399380	0.0400000	0.2523851	0.2770194	0.1228123	0.0000000	0.0000000
7000.6209600	7000.0338101	6999.8782813	1.3199239	0.0400000	0.3020728	0.2765002	0.1228224	0.0000000	0.0000000
7000.6209600	7000.0338101	6999.8782813	1.2999099	0.0400000	0.2943910	0.2793455	0.1255128	0.0000000	0.0000000
7000.6209600	7000.0338101	6999.8782813	1.2798959	0.0400000	0.2764963	0.2798727	0.1294224	0.0000000	0.0000000
7000.6209600	7000.0338101	6999.8782813	1.2598819	0.0400000	0.2398523	0.2757705	0.1194435	0.0000000	0.0000000
7000.6209600	7000.0338101	6999.8782813	1.2398679	0.0400000	0.2720760	0.2768607	0.1267723	0.0000000	0.0000000
7000.6209600	7000.0338101	6999.8782813	1.2198539	0.0400000	0.3172332	0.2787305	0.1248181	0.0000000	0.0000000
7000.6209600	7000.0338101	6999.8782813	1.1998399	0.0400000	0.3071385	0.2784644	0.1231793	0.0000000	0.0000000
7000.6209600	7000.0338101	6999.8782813	1.1801594	0.0400000	0.2643469	0.2802102	0.1240750	0.0000000	0.0000000
7000.6209600	7000.0338101	6999.8782813	1.1601454	0.0400000	0.2400419	0.2772327	0.1221404	0.0000000	0.0000000
7000.6209600	7000.0338101	6999.8782813	1.1401314	0.0400000	0.2591445	0.2770836	0.1220474	0.0000000	0.0000000
7000.6209600	7000.0338101	6999.8782813	1.1201174	0.0400000	0.3347480	0.2761483	0.1250845	0.0000000	0.0000000
7000.6209600	7000.0338101	6999.8782813	1.1001034	0.0400000	0.3071028	0.2766584	0.1203604	0.0000000	0.0000000
7000.6209600	7000.0338101	6999.8782813	1.0800894	0.0400000	0.2491663	0.2774868	0.1232560	0.0000000	0.0000000
7000.6209600	7000.0338101	6999.8782813	1.0600754	0.0400000	0.2515347	0.2782148	0.1208099	0.0000000	0.0000000
7000.6209600	7000.0338101	6999.8782813	1.0400614	0.0400000	0.2700402	0.2771733	0.1267083	0.0000000	0.0000000
7000.6209600	7000.0338101	6999.8782813	1.0200474	0.0400000	0.3171857	0.2770597	0.1252031	0.0000000	0.0000000
7000.6209600	7000.0338101	6999.8782813	1.0000334	0.0400000	0.3051891	0.2789923	0.1213669	0.0000000	0.0000000
7000.6209600	7000.0338101	6999.8782813	0.9800193	0.0400000	0.2578390	0.2759694	0.1208512	0.0000000	0.0000000
7000.6209600	7000.0338101	6999.8782813	0.9600053	0.0400000	0.2485852	0.2754272	0.1198804	0.0000000	0.0000000
7000.6209600	7000.0338101	6999.8782813	0.9399913	0.0400000	0.2885043	0.2783210	0.1233441	0.0000000	0.0000000
7000.6209600	7000.0338101	6999.8782813	0.9199773	0.0400000	0.3443752	0.2796954	0.1243152	0.0000000	0.0000000
7000.6209600	7000.0338101	6999.8782813	0.8999633	0.0400000	0.3034332	0.2771481	0.1226172	0.0000000	0.0000000
7000.6209600	7000.0338101	6999.8782813	0.8799493	0.0400000	0.2567762	0.2806538	0.1257434	0.0000000	0.0000000
7000.6209600	7000.0338101	6999.8782813	0.8599353	0.0400000	0.2902267	0.2790139	0.1240029	0.0000000	0.0000000
7000.6209600	7000.0338101	6999.8782813	0.8399213	0.0400000	0.3303074	0.2770723	0.1220752	0.0000000	0.0000000
7000.6209600	7000.0338101	6999.8782813	0.8199073	0.0400000	0.3009990	0.2768467	0.1217301	0.0000000	0.0000000
7000.6209600	7000.0338101	6999.8782813	0.7998933	0.0400000	0.3072938	0.2806754	0.1272255	0.0000000	0.0000000
7000.6209600	7000.0338101	6999.8782813	0.7798792	0.0400000	0.2783340	0.2802100	0.1236357	0.0000000	0.0000000
7000.6209600	7000.0338101	6999.8782813	0.7598652	0.0400000	0.2936487	0.2789779	0.1211876	0.0000000	0.0000000
7000.6209600	7000.0338101	6999.8782813	0.7398512	0.0400000	0.3434860	0.2777812	0.1222917	0.0000000	0.0000000
7000.6209600	7000.0338101	6999.8782813	0.7198372	0.0400000	0.3094030	0.2765405	0.1237432	0.0000000	0.0000000
7000.6209600	7000.0338101	6999.8782813	0.7001568	0.0400000	0.2861224	0.2785554	0.1213109	0.0000000	0.0000000
7000.6209600	7000.0338101	6999.8782813	0.6801428	0.0400000	0.2583370	0.2767032	0.1220199	0.0000000	0.0000000
7000.6209600	7000.0338101	6999.8782813	0.6601288	0.0400000	0.3205420	0.2766055	0.1239814	0.0000000	0.0000000
7000.6209600	7000.0338101	6999.8782813	0.6401147	0.0400000	0.3149349	0.2770194	0.1245505	0.0000000	0.0000000
7000.6209600	7000.0338101	6999.8782813	0.6201007	0.0400000	0.3014310	0.2755763	0.1256591	0.0000000	0.0000000
7000.6209600	7000.0338101	6999.8782813	0.6000867	0.0400000	0.3006216	0.2803231	0.1253379	0.0000000	0.0000000
7000.6209600	7000.0338101	6999.8782813	0.5800727	0.0400000	0.2633148	0.2788514	0.1226827	0.0000000	0.0000000
7000.6209600	7000.0338101	6999.8782813	0.5600587	0.0400000	0.3142798	0.2758573	0.1185858	0.0000000	0.0000000
7000.6209600	7000.0338101	6999.8782813	0.5400447	0.0400000	0.3175291	0.2775437	0.1195415	0.0000000	0.0000000
7000.6209600	7000.0338101	6999.8782813	0.5200307	0.0400000	0.3278416	0.2775291	0.1253325	0.0000000	0.0000000
7000.6209600	7000.0338101	6999.8782813	0.5000167	0.0400000	0.2922919	0.2788202	0.1239448	0.0000000	0.0000000
7000.6209600	7000.0338101	6999.8782813	0.4800027	0.0400000	0.2414276	0.2775725	0.1199745	0.0000000	0.0000000
7000.6209600	7000.0338101	6999.8782813	0.4599887	0.0400000	0.3170171	0.2765770	0.1204821	0.0000000	0.0000000
7000.6209600	7000.0338101	6999.8782813	0.4399746	0.0400000	0.3774509	0.2806521	0.1281172	0.0000000	0.0000000
7000.6209600	7000.0338101	6999.8782813	0.4199606	0.0400000	0.3347494	0.2787012	0.1270590	0.0000000	0.0000000
7000.6209600	7000.0338101	6999.8782813	0.3999466	0.0400000	0.3074922	0.2786520	0.1246354	0.0000000	0.0000000
7000.6209600	7000.0338101	6999.8782813	0.3799326	0.0400000	0.2818781	0.2796144	0.1253801	0.0000000	0.0000000
7000.6209600	7000.0338101	6999.8782813	0.3599186	0.0400000	0.4005002	0.2821837	0.1306042	0.0000000	0.0000000
7000.6209600	7000.0338101	6999.8782813	0.3399046	0.0400000	0.3682380	0.2774799	0.1229089	0.0000000	0.0000000
7000.6209600	7000.0338101	6999.8782813	0.3198906	0.0400000	0.2790400	0.2767034	0.1214281	0.0000000	0.0000000
7000.6209600	7000.0338101	6999.8782813	0.2998766	0.0400000	0.2889077	0.2769594	0.1240723	0.0000000	0.0000000
7000.6209600	7000.0338101	6999.8782813	0.2798626	0.0400000	0.2781901	0.2797639	0.1234158	0.0000000	0.0000000
7000.6209600	7000.0338101	6999.8782813	0.2598486	0.0400000	0.3592039	0.2792073	0.1226970	0.0000000	0.0000000
7000.6209600	7000.0338101	6999.8782813	0.2398346	0.0400000	0.3345455	0.2790471	0.1211644	0.0000000	0.0000000
7000.6209600	7000.0338101	6999.8782813	0.2201541	0.0400000	0.2950502	0.2758234	0.1215125	0.0000000	0.0000000
7000.6209600	7000.0338101	6999.8782813	0.2001401	0.0400000	0.2761174	0.2737482	0.1260333	0.0000000	0.0000000
7000.6209600	7000.0338101	6999.8782813	0.1801261	0.0400000	0.2780715	0.2765750	0.1208881	0.0000000	0.0000000
7000.6209600	7000.0338101	6999.8782813	0.1601121	0.0400000	0.3512806	0.2770018	0.1220291	0.0000000	0.0000000
7000.6209600	7000.0338101	6999.8782813	0.1400981	0.0400000	0.3706041	0.2762766	0.1247993	0.0000000	0.0000000
7000.6209600	7000.0338101	6999.8782813	0.1200841	0.0400000	0.2686635	0.2763193	0.1253098	0.0000000	0.0000000
7000.6209600	7000.0338101	6999.8782813	0.1000700	0.0400000	0.2444645	0.2758274	0.1231692	0.0000000	0.0000000
7000.6209600	7000.0338101	6999.8782813	0.0800560	0.0400000	0.2702772	0.2775758	0.1235435	0.0000000	0.0000000
7000.6209600	7000.0338101	6999.8782813	0.0600420	0.0400000	0.3499193	0.2777009	0.1221990	0.0000000	0.0000000
7000.6209600	7000.0338101	6999.8782813	0.0400280	0.0400000	0.3289639	0.2766414	0.1197413	0.0000000	0.0000000
7000.6209600	7000.0338101	6999.8782813	0.0200140	0.0400000	0.2683323	0.2779634	0.1218043	0.0000000	0.0000000
7000.6209600	7000.0338101	6999.8782813	0.0000000	0.0400000	0.2537344	0.2768706	0.1236868	0.0000000	0.0000000
