7000.6209600	7000.0338101	6999.8782813	3.0001001	-0.4800027	0.0906913	0.2766071	0.1180164	0.0000000	-0.4800000
7000.6209600	7000.0338101	6999.8782813	2.9800861	-0.4800000	0.1018462	0.2756368	0.1285104	0.0000000	0.0000000
7000.6209600	7000.0338101	6999.8782813	2.9600721	-0.4800000	0.0942786	0.2757153	0.1245731	0.0000000	0.0000000
7000.6209600	7000.0338101	6999.8782813	2.9400580	-0.4800000	0.0919272	0.2765658	0.1159460	0.0000000	0.0000000
7000.6209600	7000.0338101	6999.8782813	2.9200440	-0.4800000	0.1036583	0.2762400	0.1289762	0.0000000	0.0000000
7000.6209600	7000.0338101	6999.8782813	2.9000300	-0.4800000	0.0935439	0.2779233	0.1175358	0.0000000	0.0000000
7000.6209600	7000.0338101	6999.8782813	2.8800160	-0.4800000	0.0893770	0.2747750	0.1217134	0.0000000	0.0000000
7000.6209600	7000.0338101	6999.8782813	2.8600020	-0.4800000	0.0915547	0.2770040	0.1216584	0.0000000	0.0000000
7000.6209600	7000.0338101	6999.8782813	2.8399880	-0.4800000	0.0912202	0.2797234	0.1150187	0.0000000	0.0000000
7000.6209600	7000.0338101	6999.8782813	2.8199740	-0.4800000	0.0993923	0.2772661	0.1183118	0.0000000	0.0000000
7000.6209600	7000.0338101	6999.8782813	2.7999600	-0.4800000	0.0930879	0.2740740	0.1195209	0.0000000	0.0000000
7000.6209600	7000.0338101	6999.8782813	2.7799460	-0.4800000	0.0849553	0.2744811	0.1230586	0.0000000	0.0000000
7000.6209600	7000.0338101	6999.8782813	2.7599320	-0.4800000	0.0913955	0.2768682	0.1176239	0.0000000	0.0000000
7000.6209600	7000.0338101	6999.8782813	2.7399179	-0.4800000	0.1041788	0.2780912	0.1228197	0.0000000	0.0000000
7000.6209600	7000.0338101	6999.8782813	2.7199039	-0.4800000	0.0953394	0.2778114	0.1170016	0.0000000	0.0000000
7000.6209600	7000.0338101	6999.8782813	2.6998899	-0.4800000	0.0961801	0.2778094	0.1183285	0.0000000	0.0000000
7000.6209600	7000.0338101	6999.8782813	2.6798759	-0.4800000	0.0938320	0.2753625	0.1236509	0.0000000	0.0000000
7000.6209600	7000.0338101	6999.8782813	2.6598619	-0.4800000	0.0970392	0.2761324	0.1259114	0.0000000	0.0000000
7000.6209600	7000.0338101	6999.8782813	2.6398479	-0.4800000	0.1044687	0.2757101	0.1266227	0.0000000	0.0000000
7000.6209600	7000.0338101	6999.8782813	2.6198339	-0.4800000	0.0896370	0.2769241	0.1176313	0.0000000	0.0000000
7000.6209600	7000.0338101	6999.8782813	2.6001534	-0.4800000	0.0899370	0.2767424	0.1172919	0.0000000	0.0000000
7000.6209600	7000.0338101	6999.8782813	2.5801394	-0.4800000	0.0932249	0.2765618	0.1260004	0.0000000	0.0000000
7000.6209600	7000.0338101	6999.8782813	2.5601254	-0.4800000	0.0949919	0.2747344	0.1262094	0.0000000	0.0000000
7000.6209600	7000.0338101	6999.8782813	2.5401114	-0.4800000	0.0996399	0.2776045	0.1210944	0.0000000	0.0000000
7000.6209600	7000.0338101	6999.8782813	2.5200974	-0.4800000	0.0854515	0.2758538	0.1192874	0.0000000	0.0000000
7000.6209600	7000.0338101	6999.8782813	2.5000834	-0.4800000	0.0935149	0.2773198	0.1203855	0.0000000	0.0000000
7000.6209600	7000.0338101	6999.8782813	2.4800694	-0.4800000	0.0930048	0.2773896	0.1184456	0.0000000	0.0000000
7000.6209600	7000.0338101	6999.8782813	2.4600554	-0.4800000	0.1003378	0.2784788	0.1241259	0.0000000	0.0000000
7000.6209600	7000.0338101	6999.8782813	2.4400414	-0.4800000	0.0946936	0.2786489	0.1176171	0.0000000	0.0000000
7000.6209600	7000.0338101	6999.8782813	2.4200274	-0.4800000	0.0927299	0.2803403	0.1238071	0.0000000	0.0000000
7000.6209600	7000.0338101	6999.8782813	2.4000133	-0.4800000	0.0960741	0.2780964	0.1213503	0.0000000	0.0000000
7000.6209600	7000.0338101	6999.8782813	2.3799993	-0.4800000	0.1058673	0.2792170	0.1258925	0.0000000	0.0000000
7000.6209600	7000.0338101	6999.8782813	2.3599853	-0.4800000	0.1043671	0.2780925	0.1231620	0.0000000	0.0000000
7000.6209600	7000.0338101	6999.8782813	2.3399713	-0.4800000	0.0983281	0.2772888	0.1214138	0.0000000	0.0000000
7000.6209600	7000.0338101	6999.8782813	2.3199573	-0.4800000	0.0963832	0.2786565	0.1193745	0.0000000	0.0000000
7000.6209600	7000.0338101	6999.8782813	2.2999433	-0.4800000	0.0885662	0.2789791	0.1206831	0.0000000	0.0000000
7000.6209600	7000.0338101	6999.8782813	2.2799293	-0.4800000	0.0950455	0.2780602	0.1209357	0.0000000	0.0000000
7000.6209600	7000.0338101	6999.8782813	2.2599153	-0.4800000	0.1000247	0.2780114	0.1219076	0.0000000	0.0000000
7000.6209600	7000.0338101	6999.8782813	2.2399013	-0.4800000	0.0940908	0.2788936	0.1222238	0.0000000	0.0000000
7000.6209600	7000.0338101	6999.8782813	2.2198873	-0.4800000	0.0910901	0.2799746	0.1192504	0.0000000	0.0000000
7000.6209600	7000.0338101	6999.8782813	2.1998732	-0.4800000	0.0975736	0.2813383	0.1246385	0.0000000	0.0000000
7000.6209600	7000.0338101	6999.8782813	2.1798592	-0.4800000	0.0981459	0.2750320	0.1244822	0.0000000	0.0000000
7000.6209600	7000.0338101	6999.8782813	2.1598452	-0.4800000	0.1003833	0.2745853	0.1180568	0.0000000	0.0000000
7000.6209600	7000.0338101	6999.8782813	2.1401648	-0.4800000	0.0987676	0.2754955	0.1161132	0.0000000	0.0000000
7000.6209600	7000.0338101	6999.8782813	2.1201508	-0.4800000	0.0924850	0.2763007	0.1185198	0.0000000	0.0000000
7000.6209600	7000.0338101	6999.8782813	2.1001368	-0.4800000	0.0954755	0.2773158	0.1178551	0.0000000	0.0000000
7000.6209600	7000.0338101	6999.8782813	2.0801228	-0.4800000	0.0898176	0.2749099	0.1243403	0.0000000	0.0000000
7000.6209600	7000.0338101	6999.8782813	2.0601087	-0.4800000	0.0880669	0.2766925	0.1158225	0.0000000	0.0000000
7000.6209600	7000.0338101	6999.8782813	2.0400947	-0.4800000	0.1008618	0.2792439	0.1217446	0.0000000	0.0000000
7000.6209600	7000.0338101	6999.8782813	2.0200807	-0.4800000	0.0988254	0.2768413	0.1217485	0.0000000	0.0000000
7000.6209600	7000.0338101	6999.8782813	2.0000667	-0.4800000	0.0945212	0.2767041	0.1222620	0.0000000	0.0000000
7000.6209600	7000.0338101	6999.8782813	1.9800527	-0.4800000	0.0868981	0.2793265	0.1164242	0.0000000	0.0000000
7000.6209600	7000.0338101	6999.8782813	1.9600387	-0.4800000	0.0992584	0.2783921	0.1218351	0.0000000	0.0000000
7000.6209600	7000.0338101	6999.8782813	1.9400247	-0.4800000	0.1038237	0.2757887	0.1229209	0.0000000	0.0000000
7000.6209600	7000.0338101	6999.8782813	1.9200107	-0.4800000	0.0930143	0.2758866	0.1172552	0.0000000	0.0000000
7000.6209600	7000.0338101	6999.8782813	1.8999967	-0.4800000	0.0851805	0.2759565	0.1180892	0.0000000	0.0000000
7000.6209600	7000.0338101	6999.8782813	1.8799827	-0.4800000	0.0920402	0.2792628	0.1216743	0.0000000	0.0000000
7000.6209600	7000.0338101	6999.8782813	1.8599686	-0.4800000	0.0987050	0.2766307	0.1190522	0.0000000	0.0000000
7000.6209600	7000.0338101	6999.8782813	1.8399546	-0.4800000	0.1032957	0.2733335	0.1249780	0.0000000	0.0000000
7000.6209600	7000.0338101	6999.8782813	1.8199406	-0.4800000	0.0855269	0.2742349	0.1209946	0.0000000	0.0000000
7000.6209600	7000.0338101	6999.8782813	1.7999266	-0.4800000	0.0989415	0.2760198	0.1266925	0.0000000	0.0000000
7000.6209600	7000.0338101	6999.8782813	1.7799126	-0.4800000	0.0977664	0.2777655	0.1210304	0.0000000	0.0000000
7000.6209600	7000.0338101	6999.8782813	1.7598986	-0.4800000	0.1103622	0.2763988	0.1266842	0.0000000	0.0000000
7000.6209600	7000.0338101	6999.8782813	1.7398846	-0.4800000	0.1129368	0.2798986	0.1237501	0.0000000	0.0000000
7000.6209600	7000.0338101	6999.8782813	1.7198706	-0.4800000	0.1021681	0.2776409	0.1244026	0.0000000	0.0000000
7000.6209600	7000.0338101	6999.8782813	1.6998566	-0.4800000	0.0893446	0.2750256	0.1176407	0.0000000	0.0000000
7000.6209600	7000.0338101	6999.8782813	1.6798426	-0.4800000	0.1028467	0.2800039	0.1233070	0.0000000	0.0000000
7000.6209600	7000.0338101	6999.8782813	1.6601621	-0.4800000	0.1148960	0.2798873	0.1247517	0.0000000	0.0000000
7000.6209600	7000.0338101	6999.8782813	1.6401481	-0.4800000	0.1075750	0.2800802	0.1191346	0.0000000	0.0000000
7000.6209600	7000.0338101	6999.8782813	1.6201341	-0.4800000	0.0976851	0.2814004	0.1242513	0.0000000	0.0000000
7000.6209600	7000.0338101	6999.8782813	1.6001201	-0.4800000	0.0920200	0.2807968	0.1221698	0.0000000	0.0000000
7000.6209600	7000.0338101	6999.8782813	1.5801061	-0.4800000	0.0896434	0.2767823	0.1197590	0.0000000	0.0000000
7000.6209600	7000.0338101	6999.8782813	1.5600921	-0.4800000	0.1079427	0.2788323	0.1219913	0.0000000	0.0000000
7000.6209600	7000.0338101	6999.8782813	1.5400781	-0.4800000	0.1110337	0.2773252	0.1210182	0.0000000	0.0000000
7000.6209600	7000.0338101	6999.8782813	1.5200640	-0.4800000	0.1003433	0.2765742	0.1234152	0.0000000	0.0000000
7000.6209600	7000.0338101	6999.8782813	1.5000500	-0.4800000	0.0870780	0.2784928	0.1180110	0.0000000	0.0000000
7000.6209600	7000.0338101	6999.8782813	1.4800360	-0.4800000	0.0891293	0.2768365	0.1216096	0.0000000	0.0000000
7000.6209600	7000.0338101	6999.8782813	1.4600220	-0.4800000	0.1029935	0.2775062	0.1201378	0.0000000	0.0000000
7000.6209600	7000.0338101	6999.8782813	1.4400080	-0.4800000	0.1134226	0.2792299	0.1193969	0.0000000	0.0000000
7000.6209600	7000.0338101	6999.8782813	1.4199940	-0.4800000	0.1104221	0.2762811	0.1213259	0.0000000	0.0000000
7000.6209600	7000.0338101	6999.8782813	1.3999800	-0.4800000	0.1112684	0.2763807	0.1209696	0.0000000	0.0000000
7000.6209600	7000.0338101	6999.8782813	1.3799660	-0.4800000	0.1002872	0.2773799	0.1233850	0.0000000	0.0000000
7000.6209600	7000.0338101	6999.8782813	1.3599520	-0.4800000	0.0990082	0.2766565	0.1266829	0.0000000	0.0000000
7000.6209600	7000.0338101	6999.8782813	1.3399380	-0.4800000	0.1197069	0.2788220	0.1219043	0.0000000	0.0000000
7000.6209600	7000.0338101	6999.8782813	1.3199239	-0.4800000	0.1250468	0.2781677	0.1272371	0.0000000	0.0000000
7000.6209600	7000.0338101	6999.8782813	1.2999099	-0.4800000	0.1207372	0.2793048	0.1246770	0.0000000	0.0000000
7000.6209600	7000.0338101	6999.8782813	1.2798959	-0.4800000	0.0914802	0.2767964	0.1210280	0.0000000	0.0000000
7000.6209600	7000.0338101	6999.8782813	1.2598819	-0.4800000	0.0995741	0.2777439	0.1184083	0.0000000	0.0000000
7000.6209600	7000.0338101	6999.8782813	1.2398679	-0.4800000	0.1172589	0.2759320	0.1227947	0.0000000	0.0000000
7000.6209600	7000.0338101	6999.8782813	1.2198539	-0.4800000	0.1327239	0.2798018	0.1232833	0.0000000	0.0000000
7000.6209600	7000.0338101	6999.8782813	1.1998399	-0.4800000	0.1319396	0.2770372	0.1270162	0.0000000	0.0000000
7000.6209600	7000.0338101	6999.8782813	1.1801594	-0.4800000	0.1003903	0.2778606	0.1214972	0.0000000	0.0000000
7000.6209600	7000.0338101	6999.8782813	1.1601454	-0.4800000	0.1120868	0.2785175	0.1231412	0.0000000	0.0000000
7000.6209600	7000.0338101	6999.8782813	1.1401314	-0.4800000	0.1229224	0.2755940	0.1239207	0.0000000	0.0000000
7000.6209600	7000.0338101	6999.8782813	1.1201174	-0.4800000	0.1433833	0.2780776	0.1207314	0.0000000	0.0000000
7000.6209600	7000.0338101	6999.8782813	1.1001034	-0.4800000	0.1403447	0.2782233	0.1267712	0.0000000	0.0000000
7000.6209600	7000.0338101	6999.8782813	1.0800894	-0.4800000	0.1162806	0.2759100	0.1301007	0.0000000	0.0000000
7000.6209600	7000.0338101	6999.8782813	1.0600754	-0.4800000	0.1295089	0.2760808	0.1261670	0.0000000	0.0000000
7000.6209600	7000.0338101	6999.8782813	1.0400614	-0.4800000	0.1306918	0.2795586	0.1204244	0.0000000	0.0000000
7000.6209600	7000.0338101	6999.8782813	1.0200474	-0.4800000	0.1398242	0.2787140	0.1192471	0.0000000	0.0000000
7000.6209600	7000.0338101	6999.8782813	1.0000334	-0.4800000	0.1272687	0.2797515	0.1205673	0.0000000	0.0000000
7000.6209600	7000.0338101	6999.8782813	0.9800193	-0.4800000	0.1153676	0.2786183	0.1242211	0.0000000	0.0000000
7000.6209600	7000.0338101	6999.8782813	0.9600053	-0.4800000	0.1400690	0.2769642	0.1208401	0.0000000	0.0000000
7000.6209600	7000.0338101	6999.8782813	0.9399913	-0.4800000	0.1615797	0.2793119	0.1233770	0.0000000	0.0000000
7000.6209600	7000.0338101	6999.8782813	0.9199773	-0.4800000	0.1568972	0.2768513	0.1235790	0.0000000	0.0000000
7000.6209600	7000.0338101	6999.8782813	0.8999633	-0.4800000	0.1368228	0.2768932	0.1266852	0.0000000	0.0000000
7000.6209600	7000.0338101	6999.8782813	0.8799493	-0.4800000	0.1232717	0.2797533	0.1220852	0.0000000	0.0000000
7000.6209600	7000.0338101	6999.8782813	0.8599353	-0.4800000	0.1708450	0.2790216	0.1220765	0.0000000	0.0000000
7000.6209600	7000.0338101	6999.8782813	0.8399213	-0.4800000	0.1784928	0.2768959	0.1204775	0.0000000	0.0000000
7000.6209600	7000.0338101	6999.8782813	0.8199073	-0.4800000	0.1548307	0.2776222	0.1223384	0.0000000	0.0000000
7000.6209600	7000.0338101	6999.8782813	0.7998933	-0.4800000	0.1443875	0.2777898	0.1226183	0.0000000	0.0000000
7000.6209600	7000.0338101	6999.8782813	0.7798792	-0.4800000	0.1339521	0.2775247	0.1156888	0.0000000	0.0000000
7000.6209600	7000.0338101	6999.8782813	0.7598652	-0.4800000	0.1892787	0.2773014	0.1190966	0.0000000	0.0000000
7000.6209600	7000.0338101	6999.8782813	0.7398512	-0.4800000	0.2074747	0.2764344	0.1251444	0.0000000	0.0000000
7000.6209600	7000.0338101	6999.8782813	0.7198372	-0.4800000	0.1306715	0.2781567	0.1190804	0.0000000	0.0000000
7000.6209600	7000.0338101	6999.8782813	0.7001568	-0.4800000	0.1493025	0.2769891	0.1210016	0.0000000	0.0000000
7000.6209600	7000.0338101	6999.8782813	0.6801428	-0.4800000	0.1423666	0.2771283	0.1181245	0.0000000	0.0000000
7000.6209600	7000.0338101	6999.8782813	0.6601288	-0.4800000	0.1813843	0.2759114	0.1160372	0.0000000	0.0000000
7000.6209600	7000.0338101	6999.8782813	0.6401147	-0.4800000	0.2158428	0.2764534	0.1239268	0.0000000	0.0000000
7000.6209600	7000.0338101	6999.8782813	0.6201007	-0.4800000	0.1683521	0.2769404	0.1238094	0.0000000	0.0000000
7000.6209600	7000.0338101	6999.8782813	0.6000867	-0.4800000	0.1635477	0.2779604	0.1194436	0.0000000	0.0000000
7000.6209600	7000.0338101	6999.8782813	0.5800727	-0.4800000	0.1965377	0.2771262	0.1270916	0.0000000	0.0000000
7000.6209600	7000.0338101	6999.8782813	0.5600587	-0.4800000	0.2403574	0.2780549	0.1204629	0.0000000	0.0000000
7000.6209600	7000.0338101	6999.8782813	0.5400447	-0.4800000	0.2461198	0.2774091	0.1242952	0.0000000	0.0000000
7000.6209600	7000.0338101	6999.8782813	0.5200307	-0.4800000	0.1529711	0.2767892	0.1217571	0.0000000	0.0000000
7000.6209600	7000.0338101	6999.8782813	0.5000167	-0.4800000	0.1506202	0.2771277	0.1216437	0.0000000	0.0000000
7000.6209600	7000.0338101	6999.8782813	0.4800027	-0.4800000	0.1840468	0.2793623	0.1192142	0.0000000	0.0000000
7000.6209600	7000.0338101	6999.8782813	0.4599887	-0.4800000	0.2558364	0.2802388	0.1239294	0.0000000	0.0000000
7000.6209600	7000.0338101	6999.8782813	0.4399746	-0.4800000	0.2602223	0.2777209	0.1240797	0.0000000	0.0000000
7000.6209600	7000.0338101	6999.8782813	0.4199606	-0.4800000	0.1855410	0.2783273	0.1223480	0.0000000	0.0000000
7000.6209600	7000.0338101	6999.8782813	0.3999466	-0.4800000	0.1761852	0.2755360	0.1238079	0.0000000	0.0000000
7000.6209600	7000.0338101	6999.8782813	0.3799326	-0.4800000	0.2030791	0.2771543	0.1184584	0.0000000	0.0000000
7000.6209600	7000.0338101	6999.8782813	0.3599186	-0.4800000	0.2799159	0.2797754	0.1233024	0.0000000	0.0000000
7000.6209600	7000.0338101	6999.8782813	0.3399046	-0.4800000	0.2742804	0.2761392	0.1229768	0.0000000	0.0000000
7000.6209600	7000.0338101	6999.8782813	0.3198906	-0.4800000	0.1794601	0.2748345	0.1245594	0.0000000	0.0000000
7000.6209600	7000.0338101	6999.8782813	0.2998766	-0.4800000	0.1745876	0.2770239	0.1144403	0.0000000	0.0000000
7000.6209600	7000.0338101	6999.8782813	0.2798626	-0.4800000	0.2614626	0.2755638	0.1222188	0.0000000	0.0000000
7000.6209600	7000.0338101	6999.8782813	0.2598486	-0.4800000	0.2993204	0.2733536	0.1261748	0.0000000	0.0000000
7000.6209600	7000.0338101	6999.8782813	0.2398346	-0.4800000	0.2764990	0.2749578	0.1237217	0.0000000	0.0000000
7000.6209600	7000.0338101	6999.8782813	0.2201541	-0.4800000	0.2213209	0.2770908	0.1220432	0.0000000	0.0000000
7000.6209600	7000.0338101	6999.8782813	0.2001401	-0.4800000	0.2148054	0.2741565	0.1216165	0.0000000	0.0000000
7000.6209600	7000.0338101	6999.8782813	0.1801261	-0.4800000	0.2624458	0.2747136	0.1189034	0.0000000	0.0000000
7000.6209600	7000.0338101	6999.8782813	0.1601121	-0.4800000	0.3251724	0.2774403	0.1206935	0.0000000	0.0000000
7000.6209600	7000.0338101	6999.8782813	0.1400981	-0.4800000	0.2775762	0.2756959	0.1156848	0.0000000	0.0000000
7000.6209600	7000.0338101	6999.8782813	0.1200841	-0.4800000	0.2414352	0.2776368	0.1186068	0.0000000	0.0000000
7000.6209600	7000.0338101	6999.8782813	0.1000700	-0.4800000	0.2332574	0.2754135	0.1215598	0.0000000	0.0000000
7000.6209600	7000.0338101	6999.8782813	0.0800560	-0.4800000	0.2848363	0.2764214	0.1193181	0.0000000	0.0000000
7000.6209600	7000.0338101	6999.8782813	0.0600420	-0.4800000	0.3077693	0.2762939	0.1199919	0.0000000	0.0000000
7000.6209600	7000.0338101	6999.8782813	0.0400280	-0.4800000	0.3029495	0.2754701	0.1182974	0.0000000	0.0000000
7000.6209600	7000.0338101	6999.8782813	0.0200140	-0.4800000	0.2414020	0.2774176	0.1168156	0.0000000	0.0000000
7000.6209600	7000.0338101	6999.8782813	0.0000000	-0.4800000	0.2397632	0.2762435	0.1182651	0.0000000	0.0000000
