7000.6209600	7000.0338101	6999.8782813	3.0001001	-0.7198372	0.0439879	0.2743086	0.1210142	0.0000000	-0.7200000
7000.6209600	7000.0338101	6999.8782813	2.9800861	-0.7200000	0.0437024	0.2752678	0.1235975	0.0000000	0.0000000
7000.6209600	7000.0338101	6999.8782813	2.9600721	-0.7200000	0.0432208	0.2769493	0.1207236	0.0000000	0.0000000
7000.6209600	7000.0338101	6999.8782813	2.9400580	-0.7200000	0.0394500	0.2759144	0.1180000	0.0000000	0.0000000
7000.6209600	7000.0338101	6999.8782813	2.9200440	-0.7200000	0.0423479	0.2739181	0.1239086	0.0000000	0.0000000
7000.6209600	7000.0338101	6999.8782813	2.9000300	-0.7200000	0.0388578	0.2724725	0.1226530	0.0000000	0.0000000
7000.6209600	7000.0338101	6999.8782813	2.8800160	-0.7200000	0.0370288	0.2730718	0.1215767	0.0000000	0.0000000
7000.6209600	7000.0338101	6999.8782813	2.8600020	-0.7200000	0.0426105	0.2749681	0.1282505	0.0000000	0.0000000
7000.6209600	7000.0338101	6999.8782813	2.8399880	-0.7200000	0.0403516	0.2784363	0.1165524	0.0000000	0.0000000
7000.6209600	7000.0338101	6999.8782813	2.8199740	-0.7200000	0.0431344	0.2737225	0.1252090	0.0000000	0.0000000
7000.6209600	7000.0338101	6999.8782813	2.7999600	-0.7200000	0.0402484	0.2716653	0.1257231	0.0000000	0.0000000
7000.6209600	7000.0338101	6999.8782813	2.7799460	-0.7200000	0.0420212	0.2734808	0.1244518	0.0000000	0.0000000
7000.6209600	7000.0338101	6999.8782813	2.7599320	-0.7200000	0.0409811	0.2742231	0.1273684	0.0000000	0.0000000
7000.6209600	7000.0338101	6999.8782813	2.7399179	-0.7200000	0.0430499	0.2739890	0.1251732	0.0000000	0.0000000
7000.6209600	7000.0338101	6999.8782813	2.7199039	-0.7200000	0.0460872	0.2748739	0.1246752	0.0000000	0.0000000
7000.6209600	7000.0338101	6999.8782813	2.6998899	-0.7200000	0.0431781	0.2731792	0.1240181	0.0000000	0.0000000
7000.6209600	7000.0338101	6999.8782813	2.6798759	-0.7200000	0.0391694	0.2763140	0.1162551	0.0000000	0.0000000
7000.6209600	7000.0338101	6999.8782813	2.6598619	-0.7200000	0.0366885	0.2747738	0.1187107	0.0000000	0.0000000
7000.6209600	7000.0338101	6999.8782813	2.6398479	-0.7200000	0.0432098	0.2746971	0.1239828	0.0000000	0.0000000
7000.6209600	7000.0338101	6999.8782813	2.6198339	-0.7200000	0.0426915	0.2725596	0.1266030	0.0000000	0.0000000
7000.6209600	7000.0338101	6999.8782813	2.6001534	-0.7200000	0.0412749	0.2711787	0.1234250	0.0000000	0.0000000
7000.6209600	7000.0338101	6999.8782813	2.5801394	-0.7200000	0.0446300	0.2729871	0.1285073	0.0000000	0.0000000
7000.6209600	7000.0338101	6999.8782813	2.5601254	-0.7200000	0.0376565	0.2761700	0.1187457	0.0000000	0.0000000
7000.6209600	7000.0338101	6999.8782813	2.5401114	-0.7200000	0.0435747	0.2721716	0.1263291	0.0000000	0.0000000
7000.6209600	7000.0338101	6999.8782813	2.5200974	-0.7200000	0.0433694	0.2729753	0.1276426	0.0000000	0.0000000
7000.6209600	7000.0338101	6999.8782813	2.5000834	-0.7200000	0.0370504	0.2745441	0.1138428	0.0000000	0.0000000
7000.6209600	7000.0338101	6999.8782813	2.4800694	-0.7200000	0.0411486	0.2752629	0.1221029	0.0000000	0.0000000
7000.6209600	7000.0338101	6999.8782813	2.4600554	-0.7200000	0.0383704	0.2730684	0.1191101	0.0000000	0.0000000
7000.6209600	7000.0338101	6999.8782813	2.4400414	-0.7200000	0.0436334	0.2730621	0.1265707	0.0000000	0.0000000
7000.6209600	7000.0338101	6999.8782813	2.4200274	-0.7200000	0.0433413	0.2735203	0.1262917	0.0000000	0.0000000
7000.6209600	7000.0338101	6999.8782813	2.4000133	-0.7200000	0.0442389	0.2749830	0.1226407	0.0000000	0.0000000
7000.6209600	7000.0338101	6999.8782813	2.3799993	-0.7200000	0.0394102	0.2740585	0.1201376	0.0000000	0.0000000
7000.6209600	7000.0338101	6999.8782813	2.3599853	-0.7200000	0.0439441	0.2740750	0.1244434	0.0000000	0.0000000
7000.6209600	7000.0338101	6999.8782813	2.3399713	-0.7200000	0.0371779	0.2717114	0.1215880	0.0000000	0.0000000
7000.6209600	7000.0338101	6999.8782813	2.3199573	-0.7200000	0.0394722	0.2746245	0.1216195	0.0000000	0.0000000
7000.6209600	7000.0338101	6999.8782813	2.2999433	-0.7200000	0.0324711	0.2755659	0.1100479	0.0000000	0.0000000
7000.6209600	7000.0338101	6999.8782813	2.2799293	-0.7200000	0.0384341	0.2732086	0.1227306	0.0000000	0.0000000
7000.6209600	7000.0338101	6999.8782813	2.2599153	-0.7200000	0.0429684	0.2711793	0.1264393	0.0000000	0.0000000
7000.6209600	7000.0338101	6999.8782813	2.2399013	-0.7200000	0.0433519	0.2713446	0.1250673	0.0000000	0.0000000
7000.6209600	7000.0338101	6999.8782813	2.2198873	-0.7200000	0.0413143	0.2731716	0.1226469	0.0000000	0.0000000
7000.6209600	7000.0338101	6999.8782813	2.1998732	-0.7200000	0.0433462	0.2734578	0.1197227	0.0000000	0.0000000
7000.6209600	7000.0338101	6999.8782813	2.1798592	-0.7200000	0.0343446	0.2766031	0.1107329	0.0000000	0.0000000
7000.6209600	7000.0338101	6999.8782813	2.1598452	-0.7200000	0.0423771	0.2713783	0.1219695	0.0000000	0.0000000
7000.6209600	7000.0338101	6999.8782813	2.1401648	-0.7200000	0.0401560	0.2719697	0.1190000	0.0000000	0.0000000
7000.6209600	7000.0338101	6999.8782813	2.1201508	-0.7200000	0.0397178	0.2752227	0.1162723	0.0000000	0.0000000
7000.6209600	7000.0338101	6999.8782813	2.1001368	-0.7200000	0.0400182	0.2745752	0.1143824	0.0000000	0.0000000
7000.6209600	7000.0338101	6999.8782813	2.0801228	-0.7200000	0.0389414	0.2780906	0.1186812	0.0000000	0.0000000
7000.6209600	7000.0338101	6999.8782813	2.0601087	-0.7200000	0.0393304	0.2751833	0.1205629	0.0000000	0.0000000
7000.6209600	7000.0338101	6999.8782813	2.0400947	-0.7200000	0.0401163	0.2746095	0.1186357	0.0000000	0.0000000
7000.6209600	7000.0338101	6999.8782813	2.0200807	-0.7200000	0.0426241	0.2724749	0.1242590	0.0000000	0.0000000
7000.6209600	7000.0338101	6999.8782813	2.0000667	-0.7200000	0.0471505	0.2747682	0.1273108	0.0000000	0.0000000
7000.6209600	7000.0338101	6999.8782813	1.9800527	-0.7200000	0.0381278	0.2740830	0.1243612	0.0000000	0.0000000
7000.6209600	7000.0338101	6999.8782813	1.9600387	-0.7200000	0.0396624	0.2758190	0.1213391	0.0000000	0.0000000
7000.6209600	7000.0338101	6999.8782813	1.9400247	-0.7200000	0.0406323	0.2754147	0.1162322	0.0000000	0.0000000
7000.6209600	7000.0338101	6999.8782813	1.9200107	-0.7200000	0.0446697	0.2728020	0.1187926	0.0000000	0.0000000
7000.6209600	7000.0338101	6999.8782813	1.8999967	-0.7200000	0.0422576	0.2752463	0.1149105	0.0000000	0.0000000
7000.6209600	7000.0338101	6999.8782813	1.8799827	-0.7200000	0.0406160	0.2752720	0.1181342	0.0000000	0.0000000
7000.6209600	7000.0338101	6999.8782813	1.8599686	-0.7200000	0.0385798	0.2736852	0.1176644	0.0000000	0.0000000
7000.6209600	7000.0338101	6999.8782813	1.8399546	-0.7200000	0.0407629	0.2763103	0.1151279	0.0000000	0.0000000
7000.6209600	7000.0338101	6999.8782813	1.8199406	-0.7200000	0.0477385	0.2740073	0.1211505	0.0000000	0.0000000
7000.6209600	7000.0338101	6999.8782813	1.7999266	-0.7200000	0.0463309	0.2760433	0.1188577	0.0000000	0.0000000
7000.6209600	7000.0338101	6999.8782813	1.7799126	-0.7200000	0.0401334	0.2745465	0.1260221	0.0000000	0.0000000
7000.6209600	7000.0338101	6999.8782813	1.7598986	-0.7200000	0.0328972	0.2748529	0.1136792	0.0000000	0.0000000
7000.6209600	7000.0338101	6999.8782813	1.7398846	-0.7200000	0.0378900	0.2745891	0.1127909	0.0000000	0.0000000
7000.6209600	7000.0338101	6999.8782813	1.7198706	-0.7200000	0.0461727	0.2721892	0.1240031	0.0000000	0.0000000
7000.6209600	7000.0338101	6999.8782813	1.6998566	-0.7200000	0.0432876	0.2757360	0.1171514	0.0000000	0.0000000
7000.6209600	7000.0338101	6999.8782813	1.6798426	-0.7200000	0.0354395	0.2771342	0.1145123	0.0000000	0.0000000
7000.6209600	7000.0338101	6999.8782813	1.6601621	-0.7200000	0.0339921	0.2762362	0.1141224	0.0000000	0.0000000
7000.6209600	7000.0338101	6999.8782813	1.6401481	-0.7200000	0.0394092	0.2749792	0.1198855	0.0000000	0.0000000
7000.6209600	7000.0338101	6999.8782813	1.6201341	-0.7200000	0.0493864	0.2759982	0.1178165	0.0000000	0.0000000
7000.6209600	7000.0338101	6999.8782813	1.6001201	-0.7200000	0.0511100	0.2765330	0.1204957	0.0000000	0.0000000
7000.6209600	7000.0338101	6999.8782813	1.5801061	-0.7200000	0.0429170	0.2758120	0.1245455	0.0000000	0.0000000
7000.6209600	7000.0338101	6999.8782813	1.5600921	-0.7200000	0.0322067	0.2757964	0.1193298	0.0000000	0.0000000
7000.6209600	7000.0338101	6999.8782813	1.5400781	-0.7200000	0.0358575	0.2777697	0.1162977	0.0000000	0.0000000
7000.6209600	7000.0338101	6999.8782813	1.5200640	-0.7200000	0.0529493	0.2740316	0.1260179	0.0000000	0.0000000
7000.6209600	7000.0338101	6999.8782813	1.5000500	-0.7200000	0.0432062	0.2752656	0.1181309	0.0000000	0.0000000
7000.6209600	7000.0338101	6999.8782813	1.4800360	-0.7200000	0.0398914	0.2750645	0.1150731	0.0000000	0.0000000
7000.6209600	7000.0338101	6999.8782813	1.4600220	-0.7200000	0.0347751	0.2770721	0.1179285	0.0000000	0.0000000
7000.6209600	7000.0338101	6999.8782813	1.4400080	-0.7200000	0.0294686	0.2737953	0.1117372	0.0000000	0.0000000
7000.6209600	7000.0338101	6999.8782813	1.4199940	-0.7200000	0.0470354	0.2767882	0.1185222	0.0000000	0.0000000
7000.6209600	7000.0338101	6999.8782813	1.3999800	-0.7200000	0.0514203	0.2737284	0.1176962	0.0000000	0.0000000
7000.6209600	7000.0338101	6999.8782813	1.3799660	-0.7200000	0.0444362	0.2753701	0.1152843	0.0000000	0.0000000
7000.6209600	7000.0338101	6999.8782813	1.3599520	-0.7200000	0.0360741	0.2776512	0.1165201	0.0000000	0.0000000
7000.6209600	7000.0338101	6999.8782813	1.3399380	-0.7200000	0.0354445	0.2758383	0.1198921	0.0000000	0.0000000
7000.6209600	7000.0338101	6999.8782813	1.3199239	-0.7200000	0.0494005	0.2745948	0.1185552	0.0000000	0.0000000
7000.6209600	7000.0338101	6999.8782813	1.2999099	-0.7200000	0.0537987	0.2746427	0.1203557	0.0000000	0.0000000
7000.6209600	7000.0338101	6999.8782813	1.2798959	-0.7200000	0.0480140	0.2751244	0.1199750	0.0000000	0.0000000
7000.6209600	7000.0338101	6999.8782813	1.2598819	-0.7200000	0.0283768	0.2737954	0.1156543	0.0000000	0.0000000
7000.6209600	7000.0338101	6999.8782813	1.2398679	-0.7200000	0.0317910	0.2761522	0.1158535	0.0000000	0.0000000
7000.6209600	7000.0338101	6999.8782813	1.2198539	-0.7200000	0.0463904	0.2759469	0.1111223	0.0000000	0.0000000
7000.6209600	7000.0338101	6999.8782813	1.1998399	-0.7200000	0.0607435	0.2773160	0.1209691	0.0000000	0.0000000
7000.6209600	7000.0338101	6999.8782813	1.1801594	-0.7200000	0.0627722	0.2750897	0.1271183	0.0000000	0.0000000
7000.6209600	7000.0338101	6999.8782813	1.1601454	-0.7200000	0.0341810	0.2760311	0.1132328	0.0000000	0.0000000
7000.6209600	7000.0338101	6999.8782813	1.1401314	-0.7200000	0.0343965	0.2742196	0.1185862	0.0000000	0.0000000
7000.6209600	7000.0338101	6999.8782813	1.1201174	-0.7200000	0.0544445	0.2755364	0.1179719	0.0000000	0.0000000
7000.6209600	7000.0338101	6999.8782813	1.1001034	-0.7200000	0.0596295	0.2716222	0.1185707	0.0000000	0.0000000
7000.6209600	7000.0338101	6999.8782813	1.0800894	-0.7200000	0.0583458	0.2761770	0.1177488	0.0000000	0.0000000
7000.6209600	7000.0338101	6999.8782813	1.0600754	-0.7200000	0.0393771	0.2739001	0.1182394	0.0000000	0.0000000
7000.6209600	7000.0338101	6999.8782813	1.0400614	-0.7200000	0.0384994	0.2750238	0.1201359	0.0000000	0.0000000
7000.6209600	7000.0338101	6999.8782813	1.0200474	-0.7200000	0.0565055	0.2746556	0.1126322	0.0000000	0.0000000
7000.6209600	7000.0338101	6999.8782813	1.0000334	-0.7200000	0.0634629	0.2735581	0.1133123	0.0000000	0.0000000
7000.6209600	7000.0338101	6999.8782813	0.9800193	-0.7200000	0.0552554	0.2753154	0.1176343	0.0000000	0.0000000
7000.6209600	7000.0338101	6999.8782813	0.9600053	-0.7200000	0.0352639	0.2753501	0.1151986	0.0000000	0.0000000
7000.6209600	7000.0338101	6999.8782813	0.9399913	-0.7200000	0.0407859	0.2760537	0.1154662	0.0000000	0.0000000
7000.6209600	7000.0338101	6999.8782813	0.9199773	-0.7200000	0.0737778	0.2731333	0.1155364	0.0000000	0.0000000
7000.6209600	7000.0338101	6999.8782813	0.8999633	-0.7200000	0.0782500	0.2743467	0.1167136	0.0000000	0.0000000
7000.6209600	7000.0338101	6999.8782813	0.8799493	-0.7200000	0.0611648	0.2734722	0.1253098	0.0000000	0.0000000
7000.6209600	7000.0338101	6999.8782813	0.8599353	-0.7200000	0.0429530	0.2740074	0.1188422	0.0000000	0.0000000
7000.6209600	7000.0338101	6999.8782813	0.8399213	-0.7200000	0.0532832	0.2741997	0.1249180	0.0000000	0.0000000
7000.6209600	7000.0338101	6999.8782813	0.8199073	-0.7200000	0.0989541	0.2713376	0.1284143	0.0000000	0.0000000
7000.6209600	7000.0338101	6999.8782813	0.7998933	-0.7200000	0.0993260	0.2726445	0.1281523	0.0000000	0.0000000
7000.6209600	7000.0338101	6999.8782813	0.7798792	-0.7200000	0.0581163	0.2743010	0.1209673	0.0000000	0.0000000
7000.6209600	7000.0338101	6999.8782813	0.7598652	-0.7200000	0.0561166	0.2709385	0.1264246	0.0000000	0.0000000
7000.6209600	7000.0338101	6999.8782813	0.7398512	-0.7200000	0.0749257	0.2743381	0.1190033	0.0000000	0.0000000
7000.6209600	7000.0338101	6999.8782813	0.7198372	-0.7200000	0.1094921	0.2753832	0.1252782	0.0000000	0.0000000
7000.6209600	7000.0338101	6999.8782813	0.7001568	-0.7200000	0.0992048	0.2750211	0.1145653	0.0000000	0.0000000
7000.6209600	7000.0338101	6999.8782813	0.6801428	-0.7200000	0.0806371	0.2737438	0.1214176	0.0000000	0.0000000
7000.6209600	7000.0338101	6999.8782813	0.6601288	-0.7200000	0.0614004	0.2736331	0.1182914	0.0000000	0.0000000
7000.6209600	7000.0338101	6999.8782813	0.6401147	-0.7200000	0.0690077	0.2750356	0.1183750	0.0000000	0.0000000
7000.6209600	7000.0338101	6999.8782813	0.6201007	-0.7200000	0.1008370	0.2745303	0.1107970	0.0000000	0.0000000
7000.6209600	7000.0338101	6999.8782813	0.6000867	-0.7200000	0.1141952	0.2731914	0.1212784	0.0000000	0.0000000
7000.6209600	7000.0338101	6999.8782813	0.5800727	-0.7200000	0.0922551	0.2729442	0.1246034	0.0000000	0.0000000
7000.6209600	7000.0338101	6999.8782813	0.5600587	-0.7200000	0.0694083	0.2743762	0.1189929	0.0000000	0.0000000
7000.6209600	7000.0338101	6999.8782813	0.5400447	-0.7200000	0.0685474	0.2745879	0.1116252	0.0000000	0.0000000
7000.6209600	7000.0338101	6999.8782813	0.5200307	-0.7200000	0.1212737	0.2779564	0.1142277	0.0000000	0.0000000
7000.6209600	7000.0338101	6999.8782813	0.5000167	-0.7200000	0.1334747	0.2755863	0.1177476	0.0000000	0.0000000
7000.6209600	7000.0338101	6999.8782813	0.4800027	-0.7200000	0.1081207	0.2716964	0.1240999	0.0000000	0.0000000
7000.6209600	7000.0338101	6999.8782813	0.4599887	-0.7200000	0.1001790	0.2730050	0.1227601	0.0000000	0.0000000
7000.6209600	7000.0338101	6999.8782813	0.4399746	-0.7200000	0.0979716	0.2733489	0.1166908	0.0000000	0.0000000
7000.6209600	7000.0338101	6999.8782813	0.4199606	-0.7200000	0.1538341	0.2715236	0.1246364	0.0000000	0.0000000
7000.6209600	7000.0338101	6999.8782813	0.3999466	-0.7200000	0.1222990	0.2748993	0.1105300	0.0000000	0.0000000
7000.6209600	7000.0338101	6999.8782813	0.3799326	-0.7200000	0.1037822	0.2720831	0.1160320	0.0000000	0.0000000
7000.6209600	7000.0338101	6999.8782813	0.3599186	-0.7200000	0.1054060	0.2735702	0.1183513	0.0000000	0.0000000
7000.6209600	7000.0338101	6999.8782813	0.3399046	-0.7200000	0.1465913	0.2730070	0.1166592	0.0000000	0.0000000
7000.6209600	7000.0338101	6999.8782813	0.3198906	-0.7200000	0.1639220	0.2723656	0.1204424	0.0000000	0.0000000
7000.6209600	7000.0338101	6999.8782813	0.2998766	-0.7200000	0.1587711	0.2772493	0.1165968	0.0000000	0.0000000
7000.6209600	7000.0338101	6999.8782813	0.2798626	-0.7200000	0.1273610	0.2703586	0.1277327	0.0000000	0.0000000
7000.6209600	7000.0338101	6999.8782813	0.2598486	-0.7200000	0.1473862	0.2721080	0.1253561	0.0000000	0.0000000
7000.6209600	7000.0338101	6999.8782813	0.2398346	-0.7200000	0.1517106	0.2753710	0.1154097	0.0000000	0.0000000
7000.6209600	7000.0338101	6999.8782813	0.2201541	-0.7200000	0.1779738	0.2749285	0.1231906	0.0000000	0.0000000
7000.6209600	7000.0338101	6999.8782813	0.2001401	-0.7200000	0.2020596	0.2742852	0.1277207	0.0000000	0.0000000
7000.6209600	7000.0338101	6999.8782813	0.1801261	-0.7200000	0.1610258	0.2726755	0.1288599	0.0000000	0.0000000
7000.6209600	7000.0338101	6999.8782813	0.1601121	-0.7200000	0.1780126	0.2719688	0.1252234	0.0000000	0.0000000
7000.6209600	7000.0338101	6999.8782813	0.1400981	-0.7200000	0.2021168	0.2715267	0.1297246	0.0000000	0.0000000
7000.6209600	7000.0338101	6999.8782813	0.1200841	-0.7200000	0.2326759	0.2744185	0.1300972	0.0000000	0.0000000
7000.6209600	7000.0338101	6999.8782813	0.1000700	-0.7200000	0.1962635	0.2729449	0.1224297	0.0000000	0.0000000
7000.6209600	7000.0338101	6999.8782813	0.0800560	-0.7200000	0.1592584	0.2720425	0.1253046	0.0000000	0.0000000
7000.6209600	7000.0338101	6999.8782813	0.0600420	-0.7200000	0.1776979	0.2746637	0.1249659	0.0000000	0.0000000
7000.6209600	7000.0338101	6999.8782813	0.0400280	-0.7200000	0.1916598	0.2694445	0.1236439	0.0000000	0.0000000
7000.6209600	7000.0338101	6999.8782813	0.0200140	-0.7200000	0.2282455	0.2740120	0.1244388	0.0000000	0.0000000
7000.6209600	7000.0338101	6999.8782813	0.0000000	-0.7200000	0.2146565	0.2713619	0.1250876	0.0000000	0.0000000
