7000.6209600	7000.0338101	6999.8782813	3.0001001	-0.7398512	0.0373253	0.2727078	0.1184509	0.0000000	-0.7400000
7000.6209600	7000.0338101	6999.8782813	2.9800861	-0.7400000	0.0368945	0.2762003	0.1179386	0.0000000	0.0000000
7000.6209600	7000.0338101	6999.8782813	2.9600721	-0.7400000	0.0321035	0.2732673	0.1177360	0.0000000	0.0000000
7000.6209600	7000.0338101	6999.8782813	2.9400580	-0.7400000	0.0321346	0.2710068	0.1144379	0.0000000	0.0000000
7000.6209600	7000.0338101	6999.8782813	2.9200440	-0.7400000	0.0417219	0.2730033	0.1256501	0.0000000	0.0000000
7000.6209600	7000.0338101	6999.8782813	2.9000300	-0.7400000	0.0359290	0.2744745	0.1167317	0.0000000	0.0000000
7000.6209600	7000.0338101	6999.8782813	2.8800160	-0.7400000	0.0387740	0.2719055	0.1194088	0.0000000	0.0000000
7000.6209600	7000.0338101	6999.8782813	2.8600020	-0.7400000	0.0336656	0.2738024	0.1163884	0.0000000	0.0000000
7000.6209600	7000.0338101	6999.8782813	2.8399880	-0.7400000	0.0332107	0.2736344	0.1234725	0.0000000	0.0000000
7000.6209600	7000.0338101	6999.8782813	2.8199740	-0.7400000	0.0399181	0.2711207	0.1251200	0.0000000	0.0000000
7000.6209600	7000.0338101	6999.8782813	2.7999600	-0.7400000	0.0435363	0.2757931	0.1286084	0.0000000	0.0000000
7000.6209600	7000.0338101	6999.8782813	2.7799460	-0.7400000	0.0400254	0.2736036	0.1245131	0.0000000	0.0000000
7000.6209600	7000.0338101	6999.8782813	2.7599320	-0.7400000	0.0341309	0.2743517	0.1240338	0.0000000	0.0000000
7000.6209600	7000.0338101	6999.8782813	2.7399179	-0.7400000	0.0339139	0.2718097	0.1249623	0.0000000	0.0000000
7000.6209600	7000.0338101	6999.8782813	2.7199039	-0.7400000	0.0335322	0.2718901	0.1234442	0.0000000	0.0000000
7000.6209600	7000.0338101	6999.8782813	2.6998899	-0.7400000	0.0344612	0.2723256	0.1201094	0.0000000	0.0000000
7000.6209600	7000.0338101	6999.8782813	2.6798759	-0.7400000	0.0394392	0.2726169	0.1227478	0.0000000	0.0000000
7000.6209600	7000.0338101	6999.8782813	2.6598619	-0.7400000	0.0328666	0.2733203	0.1219535	0.0000000	0.0000000
7000.6209600	7000.0338101	6999.8782813	2.6398479	-0.7400000	0.0310948	0.2716838	0.1186073	0.0000000	0.0000000
7000.6209600	7000.0338101	6999.8782813	2.6198339	-0.7400000	0.0402798	0.2701357	0.1289183	0.0000000	0.0000000
7000.6209600	7000.0338101	6999.8782813	2.6001534	-0.7400000	0.0335153	0.2745254	0.1171611	0.0000000	0.0000000
7000.6209600	7000.0338101	6999.8782813	2.5801394	-0.7400000	0.0315919	0.2737950	0.1118169	0.0000000	0.0000000
7000.6209600	7000.0338101	6999.8782813	2.5601254	-0.7400000	0.0334260	0.2732081	0.1154874	0.0000000	0.0000000
7000.6209600	7000.0338101	6999.8782813	2.5401114	-0.7400000	0.0333518	0.2741880	0.1143147	0.0000000	0.0000000
7000.6209600	7000.0338101	6999.8782813	2.5200974	-0.7400000	0.0397401	0.2733936	0.1146218	0.0000000	0.0000000
7000.6209600	7000.0338101	6999.8782813	2.5000834	-0.7400000	0.0346113	0.2752025	0.1127043	0.0000000	0.0000000
7000.6209600	7000.0338101	6999.8782813	2.4800694	-0.7400000	0.0329775	0.2729349	0.1157742	0.0000000	0.0000000
7000.6209600	7000.0338101	6999.8782813	2.4600554	-0.7400000	0.0340994	0.2716537	0.1179658	0.0000000	0.0000000
7000.6209600	7000.0338101	6999.8782813	2.4400414	-0.7400000	0.0360432	0.2725800	0.1231719	0.0000000	0.0000000
7000.6209600	7000.0338101	6999.8782813	2.4200274	-0.7400000	0.0355245	0.2733623	0.1224268	0.0000000	0.0000000
7000.6209600	7000.0338101	6999.8782813	2.4000133	-0.7400000	0.0377598	0.2766152	0.1155577	0.0000000	0.0000000
7000.6209600	7000.0338101	6999.8782813	2.3799993	-0.7400000	0.0329030	0.2755443	0.1131830	0.0000000	0.0000000
7000.6209600	7000.0338101	6999.8782813	2.3599853	-0.7400000	0.0306019	0.2743918	0.1118505	0.0000000	0.0000000
7000.6209600	7000.0338101	6999.8782813	2.3399713	-0.7400000	0.0331445	0.2739012	0.1115251	0.0000000	0.0000000
7000.6209600	7000.0338101	6999.8782813	2.3199573	-0.7400000	0.0351586	0.2724192	0.1222014	0.0000000	0.0000000
7000.6209600	7000.0338101	6999.8782813	2.2999433	-0.7400000	0.0364613	0.2743627	0.1164354	0.0000000	0.0000000
7000.6209600	7000.0338101	6999.8782813	2.2799293	-0.7400000	0.0343923	0.2750118	0.1158751	0.0000000	0.0000000
7000.6209600	7000.0338101	6999.8782813	2.2599153	-0.7400000	0.0368608	0.2728231	0.1213223	0.0000000	0.0000000
7000.6209600	7000.0338101	6999.8782813	2.2399013	-0.7400000	0.0367323	0.2693795	0.1235398	0.0000000	0.0000000
7000.6209600	7000.0338101	6999.8782813	2.2198873	-0.7400000	0.0350228	0.2696268	0.1205265	0.0000000	0.0000000
7000.6209600	7000.0338101	6999.8782813	2.1998732	-0.7400000	0.0378318	0.2726814	0.1202548	0.0000000	0.0000000
7000.6209600	7000.0338101	6999.8782813	2.1798592	-0.7400000	0.0373334	0.2734305	0.1201597	0.0000000	0.0000000
7000.6209600	7000.0338101	6999.8782813	2.1598452	-0.7400000	0.0397762	0.2724265	0.1268324	0.0000000	0.0000000
7000.6209600	7000.0338101	6999.8782813	2.1401648	-0.7400000	0.0357385	0.2713667	0.1251388	0.0000000	0.0000000
7000.6209600	7000.0338101	6999.8782813	2.1201508	-0.7400000	0.0416194	0.2704010	0.1287637	0.0000000	0.0000000
7000.6209600	7000.0338101	6999.8782813	2.1001368	-0.7400000	0.0374939	0.2704376	0.1237679	0.0000000	0.0000000
7000.6209600	7000.0338101	6999.8782813	2.0801228	-0.7400000	0.0321620	0.2701980	0.1198129	0.0000000	0.0000000
7000.6209600	7000.0338101	6999.8782813	2.0601087	-0.7400000	0.0343292	0.2724358	0.1194819	0.0000000	0.0000000
7000.6209600	7000.0338101	6999.8782813	2.0400947	-0.7400000	0.0348417	0.2711796	0.1209482	0.0000000	0.0000000
7000.6209600	7000.0338101	6999.8782813	2.0200807	-0.7400000	0.0373508	0.2727042	0.1185618	0.0000000	0.0000000
7000.6209600	7000.0338101	6999.8782813	2.0000667	-0.7400000	0.0343363	0.2733840	0.1178888	0.0000000	0.0000000
7000.6209600	7000.0338101	6999.8782813	1.9800527	-0.7400000	0.0349852	0.2726155	0.1149490	0.0000000	0.0000000
7000.6209600	7000.0338101	6999.8782813	1.9600387	-0.7400000	0.0341000	0.2745543	0.1164478	0.0000000	0.0000000
7000.6209600	7000.0338101	6999.8782813	1.9400247	-0.7400000	0.0325629	0.2712584	0.1203523	0.0000000	0.0000000
7000.6209600	7000.0338101	6999.8782813	1.9200107	-0.7400000	0.0389808	0.2718280	0.1170887	0.0000000	0.0000000
7000.6209600	7000.0338101	6999.8782813	1.8999967	-0.7400000	0.0390962	0.2732273	0.1178228	0.0000000	0.0000000
7000.6209600	7000.0338101	6999.8782813	1.8799827	-0.7400000	0.0325485	0.2740518	0.1123083	0.0000000	0.0000000
7000.6209600	7000.0338101	6999.8782813	1.8599686	-0.7400000	0.0322521	0.2736139	0.1165583	0.0000000	0.0000000
7000.6209600	7000.0338101	6999.8782813	1.8399546	-0.7400000	0.0406486	0.2735059	0.1238710	0.0000000	0.0000000
7000.6209600	7000.0338101	6999.8782813	1.8199406	-0.7400000	0.0440948	0.2722926	0.1242576	0.0000000	0.0000000
7000.6209600	7000.0338101	6999.8782813	1.7999266	-0.7400000	0.0451571	0.2723108	0.1283678	0.0000000	0.0000000
7000.6209600	7000.0338101	6999.8782813	1.7799126	-0.7400000	0.0336943	0.2711775	0.1261302	0.0000000	0.0000000
7000.6209600	7000.0338101	6999.8782813	1.7598986	-0.7400000	0.0290004	0.2735668	0.1191390	0.0000000	0.0000000
7000.6209600	7000.0338101	6999.8782813	1.7398846	-0.7400000	0.0335729	0.2731991	0.1143115	0.0000000	0.0000000
7000.6209600	7000.0338101	6999.8782813	1.7198706	-0.7400000	0.0420948	0.2739734	0.1179082	0.0000000	0.0000000
7000.6209600	7000.0338101	6999.8782813	1.6998566	-0.7400000	0.0399518	0.2739325	0.1203208	0.0000000	0.0000000
7000.6209600	7000.0338101	6999.8782813	1.6798426	-0.7400000	0.0341205	0.2746210	0.1133766	0.0000000	0.0000000
7000.6209600	7000.0338101	6999.8782813	1.6601621	-0.7400000	0.0305825	0.2696575	0.1149233	0.0000000	0.0000000
7000.6209600	7000.0338101	6999.8782813	1.6401481	-0.7400000	0.0346681	0.2724490	0.1218416	0.0000000	0.0000000
7000.6209600	7000.0338101	6999.8782813	1.6201341	-0.7400000	0.0406757	0.2704109	0.1221973	0.0000000	0.0000000
7000.6209600	7000.0338101	6999.8782813	1.6001201	-0.7400000	0.0392427	0.2771095	0.1143088	0.0000000	0.0000000
7000.6209600	7000.0338101	6999.8782813	1.5801061	-0.7400000	0.0397915	0.2740609	0.1184764	0.0000000	0.0000000
7000.6209600	7000.0338101	6999.8782813	1.5600921	-0.7400000	0.0320549	0.2745618	0.1157064	0.0000000	0.0000000
7000.6209600	7000.0338101	6999.8782813	1.5400781	-0.7400000	0.0278293	0.2739255	0.1135336	0.0000000	0.0000000
7000.6209600	7000.0338101	6999.8782813	1.5200640	-0.7400000	0.0383032	0.2763344	0.1125992	0.0000000	0.0000000
7000.6209600	7000.0338101	6999.8782813	1.5000500	-0.7400000	0.0462836	0.2752206	0.1186844	0.0000000	0.0000000
7000.6209600	7000.0338101	6999.8782813	1.4800360	-0.7400000	0.0403661	0.2742350	0.1144485	0.0000000	0.0000000
7000.6209600	7000.0338101	6999.8782813	1.4600220	-0.7400000	0.0346475	0.2723444	0.1172469	0.0000000	0.0000000
7000.6209600	7000.0338101	6999.8782813	1.4400080	-0.7400000	0.0289325	0.2731655	0.1167572	0.0000000	0.0000000
7000.6209600	7000.0338101	6999.8782813	1.4199940	-0.7400000	0.0470587	0.2701064	0.1274337	0.0000000	0.0000000
7000.6209600	7000.0338101	6999.8782813	1.3999800	-0.7400000	0.0421060	0.2747041	0.1228569	0.0000000	0.0000000
7000.6209600	7000.0338101	6999.8782813	1.3799660	-0.7400000	0.0474165	0.2720748	0.1261761	0.0000000	0.0000000
7000.6209600	7000.0338101	6999.8782813	1.3599520	-0.7400000	0.0336093	0.2698693	0.1178290	0.0000000	0.0000000
7000.6209600	7000.0338101	6999.8782813	1.3399380	-0.7400000	0.0287053	0.2726077	0.1163070	0.0000000	0.0000000
7000.6209600	7000.0338101	6999.8782813	1.3199239	-0.7400000	0.0351948	0.2738805	0.1160817	0.0000000	0.0000000
7000.6209600	7000.0338101	6999.8782813	1.2999099	-0.7400000	0.0466699	0.2710924	0.1292002	0.0000000	0.0000000
7000.6209600	7000.0338101	6999.8782813	1.2798959	-0.7400000	0.0494077	0.2739338	0.1207579	0.0000000	0.0000000
7000.6209600	7000.0338101	6999.8782813	1.2598819	-0.7400000	0.0431777	0.2726383	0.1254735	0.0000000	0.0000000
7000.6209600	7000.0338101	6999.8782813	1.2398679	-0.7400000	0.0312291	0.2745140	0.1177849	0.0000000	0.0000000
7000.6209600	7000.0338101	6999.8782813	1.2198539	-0.7400000	0.0421451	0.2761855	0.1175333	0.0000000	0.0000000
7000.6209600	7000.0338101	6999.8782813	1.1998399	-0.7400000	0.0485261	0.2736488	0.1153954	0.0000000	0.0000000
7000.6209600	7000.0338101	6999.8782813	1.1801594	-0.7400000	0.0595282	0.2744160	0.1232278	0.0000000	0.0000000
7000.6209600	7000.0338101	6999.8782813	1.1601454	-0.7400000	0.0403496	0.2716722	0.1208794	0.0000000	0.0000000
7000.6209600	7000.0338101	6999.8782813	1.1401314	-0.7400000	0.0262388	0.2741107	0.1184583	0.0000000	0.0000000
7000.6209600	7000.0338101	6999.8782813	1.1201174	-0.7400000	0.0377876	0.2766176	0.1148221	0.0000000	0.0000000
7000.6209600	7000.0338101	6999.8782813	1.1001034	-0.7400000	0.0474508	0.2721865	0.1229484	0.0000000	0.0000000
7000.6209600	7000.0338101	6999.8782813	1.0800894	-0.7400000	0.0542743	0.2711649	0.1164666	0.0000000	0.0000000
7000.6209600	7000.0338101	6999.8782813	1.0600754	-0.7400000	0.0432622	0.2753326	0.1183522	0.0000000	0.0000000
7000.6209600	7000.0338101	6999.8782813	1.0400614	-0.7400000	0.0337191	0.2762356	0.1150538	0.0000000	0.0000000
7000.6209600	7000.0338101	6999.8782813	1.0200474	-0.7400000	0.0498390	0.2722649	0.1239357	0.0000000	0.0000000
7000.6209600	7000.0338101	6999.8782813	1.0000334	-0.7400000	0.0532997	0.2746260	0.1181047	0.0000000	0.0000000
7000.6209600	7000.0338101	6999.8782813	0.9800193	-0.7400000	0.0551774	0.2742916	0.1131768	0.0000000	0.0000000
7000.6209600	7000.0338101	6999.8782813	0.9600053	-0.7400000	0.0442000	0.2753110	0.1176425	0.0000000	0.0000000
7000.6209600	7000.0338101	6999.8782813	0.9399913	-0.7400000	0.0348698	0.2764062	0.1142152	0.0000000	0.0000000
7000.6209600	7000.0338101	6999.8782813	0.9199773	-0.7400000	0.0559125	0.2750892	0.1171803	0.0000000	0.0000000
7000.6209600	7000.0338101	6999.8782813	0.8999633	-0.7400000	0.0516364	0.2748186	0.1101691	0.0000000	0.0000000
7000.6209600	7000.0338101	6999.8782813	0.8799493	-0.7400000	0.0587937	0.2750168	0.1157505	0.0000000	0.0000000
7000.6209600	7000.0338101	6999.8782813	0.8599353	-0.7400000	0.0460739	0.2734660	0.1170393	0.0000000	0.0000000
7000.6209600	7000.0338101	6999.8782813	0.8399213	-0.7400000	0.0469700	0.2736077	0.1175294	0.0000000	0.0000000
7000.6209600	7000.0338101	6999.8782813	0.8199073	-0.7400000	0.0703650	0.2750798	0.1190444	0.0000000	0.0000000
7000.6209600	7000.0338101	6999.8782813	0.7998933	-0.7400000	0.0660542	0.2768060	0.1126105	0.0000000	0.0000000
7000.6209600	7000.0338101	6999.8782813	0.7798792	-0.7400000	0.0638136	0.2808820	0.1173339	0.0000000	0.0000000
7000.6209600	7000.0338101	6999.8782813	0.7598652	-0.7400000	0.0507782	0.2729912	0.1258207	0.0000000	0.0000000
7000.6209600	7000.0338101	6999.8782813	0.7398512	-0.7400000	0.0573615	0.2737043	0.1217942	0.0000000	0.0000000
7000.6209600	7000.0338101	6999.8782813	0.7198372	-0.7400000	0.0873730	0.2756974	0.1150240	0.0000000	0.0000000
7000.6209600	7000.0338101	6999.8782813	0.7001568	-0.7400000	0.0951064	0.2750670	0.1167126	0.0000000	0.0000000
7000.6209600	7000.0338101	6999.8782813	0.6801428	-0.7400000	0.0897036	0.2769600	0.1181898	0.0000000	0.0000000
7000.6209600	7000.0338101	6999.8782813	0.6601288	-0.7400000	0.0521580	0.2764910	0.1118105	0.0000000	0.0000000
7000.6209600	7000.0338101	6999.8782813	0.6401147	-0.7400000	0.0535081	0.2738256	0.1146355	0.0000000	0.0000000
7000.6209600	7000.0338101	6999.8782813	0.6201007	-0.7400000	0.0994020	0.2733457	0.1237112	0.0000000	0.0000000
7000.6209600	7000.0338101	6999.8782813	0.6000867	-0.7400000	0.1057690	0.2760612	0.1211035	0.0000000	0.0000000
7000.6209600	7000.0338101	6999.8782813	0.5800727	-0.7400000	0.0990332	0.2752397	0.1162816	0.0000000	0.0000000
7000.6209600	7000.0338101	6999.8782813	0.5600587	-0.7400000	0.0668206	0.2779277	0.1155538	0.0000000	0.0000000
7000.6209600	7000.0338101	6999.8782813	0.5400447	-0.7400000	0.0707150	0.2759204	0.1201278	0.0000000	0.0000000
7000.6209600	7000.0338101	6999.8782813	0.5200307	-0.7400000	0.1309774	0.2744821	0.1218174	0.0000000	0.0000000
7000.6209600	7000.0338101	6999.8782813	0.5000167	-0.7400000	0.1214779	0.2742411	0.1201991	0.0000000	0.0000000
7000.6209600	7000.0338101	6999.8782813	0.4800027	-0.7400000	0.1076605	0.2756199	0.1158599	0.0000000	0.0000000
7000.6209600	7000.0338101	6999.8782813	0.4599887	-0.7400000	0.0887135	0.2783787	0.1184360	0.0000000	0.0000000
7000.6209600	7000.0338101	6999.8782813	0.4399746	-0.7400000	0.0661085	0.2770795	0.1129845	0.0000000	0.0000000
7000.6209600	7000.0338101	6999.8782813	0.4199606	-0.7400000	0.1541254	0.2789247	0.1189803	0.0000000	0.0000000
7000.6209600	7000.0338101	6999.8782813	0.3999466	-0.7400000	0.1535601	0.2724875	0.1174136	0.0000000	0.0000000
7000.6209600	7000.0338101	6999.8782813	0.3799326	-0.7400000	0.1308059	0.2749825	0.1243264	0.0000000	0.0000000
7000.6209600	7000.0338101	6999.8782813	0.3599186	-0.7400000	0.0999539	0.2752716	0.1191603	0.0000000	0.0000000
7000.6209600	7000.0338101	6999.8782813	0.3399046	-0.7400000	0.1185114	0.2763356	0.1212592	0.0000000	0.0000000
7000.6209600	7000.0338101	6999.8782813	0.3198906	-0.7400000	0.1668856	0.2740518	0.1210646	0.0000000	0.0000000
7000.6209600	7000.0338101	6999.8782813	0.2998766	-0.7400000	0.1387626	0.2764254	0.1133820	0.0000000	0.0000000
7000.6209600	7000.0338101	6999.8782813	0.2798626	-0.7400000	0.1281906	0.2764243	0.1211637	0.0000000	0.0000000
7000.6209600	7000.0338101	6999.8782813	0.2598486	-0.7400000	0.1293307	0.2717601	0.1260095	0.0000000	0.0000000
7000.6209600	7000.0338101	6999.8782813	0.2398346	-0.7400000	0.1486583	0.2714237	0.1282458	0.0000000	0.0000000
7000.6209600	7000.0338101	6999.8782813	0.2201541	-0.7400000	0.1904600	0.2745922	0.1231630	0.0000000	0.0000000
7000.6209600	7000.0338101	6999.8782813	0.2001401	-0.7400000	0.1632572	0.2745059	0.1160726	0.0000000	0.0000000
7000.6209600	7000.0338101	6999.8782813	0.1801261	-0.7400000	0.1635399	0.2777007	0.1187859	0.0000000	0.0000000
7000.6209600	7000.0338101	6999.8782813	0.1601121	-0.7400000	0.1237649	0.2753851	0.1223895	0.0000000	0.0000000
7000.6209600	7000.0338101	6999.8782813	0.1400981	-0.7400000	0.1501064	0.2732900	0.1265741	0.0000000	0.0000000
7000.6209600	7000.0338101	6999.8782813	0.1200841	-0.7400000	0.2137269	0.2743827	0.1224908	0.0000000	0.0000000
7000.6209600	7000.0338101	6999.8782813	0.1000700	-0.7400000	0.2255103	0.2740353	0.1288430	0.0000000	0.0000000
7000.6209600	7000.0338101	6999.8782813	0.0800560	-0.7400000	0.1671241	0.2739249	0.1233163	0.0000000	0.0000000
7000.6209600	7000.0338101	6999.8782813	0.0600420	-0.7400000	0.1514647	0.2734161	0.1257222	0.0000000	0.0000000
7000.6209600	7000.0338101	6999.8782813	0.0400280	-0.7400000	0.1730488	0.2772933	0.1199932	0.0000000	0.0000000
7000.6209600	7000.0338101	6999.8782813	0.0200140	-0.7400000	0.2277405	0.2737787	0.1218091	0.0000000	0.0000000
7000.6209600	7000.0338101	6999.8782813	0.0000000	-0.7400000	0.2449611	0.2726753	0.1266307	0.0000000	0.0000000
