7000.6209600	7000.0338101	6999.8782813	3.0001001	-0.8199073	0.0275968	0.2742067	0.1262271	0.0000000	-0.8200000
7000.6209600	7000.0338101	6999.8782813	2.9800861	-0.8200000	0.0237651	0.2759626	0.1190587	0.0000000	0.0000000
7000.6209600	7000.0338101	6999.8782813	2.9600721	-0.8200000	0.0234202	0.2755605	0.1164254	0.0000000	0.0000000
7000.6209600	7000.0338101	6999.8782813	2.9400580	-0.8200000	0.0234880	0.2754412	0.1198877	0.0000000	0.0000000
7000.6209600	7000.0338101	6999.8782813	2.9200440	-0.8200000	0.0246433	0.2752775	0.1165095	0.0000000	0.0000000
7000.6209600	7000.0338101	6999.8782813	2.9000300	-0.8200000	0.0331776	0.2733839	0.1316329	0.0000000	0.0000000
7000.6209600	7000.0338101	6999.8782813	2.8800160	-0.8200000	0.0274575	0.2728491	0.1262621	0.0000000	0.0000000
7000.6209600	7000.0338101	6999.8782813	2.8600020	-0.8200000	0.0273601	0.2746517	0.1271420	0.0000000	0.0000000
7000.6209600	7000.0338101	6999.8782813	2.8399880	-0.8200000	0.0249360	0.2725095	0.1262697	0.0000000	0.0000000
7000.6209600	7000.0338101	6999.8782813	2.8199740	-0.8200000	0.0226759	0.2734025	0.1156917	0.0000000	0.0000000
7000.6209600	7000.0338101	6999.8782813	2.7999600	-0.8200000	0.0303027	0.2710815	0.1269957	0.0000000	0.0000000
7000.6209600	7000.0338101	6999.8782813	2.7799460	-0.8200000	0.0241312	0.2726381	0.1154323	0.0000000	0.0000000
7000.6209600	7000.0338101	6999.8782813	2.7599320	-0.8200000	0.0277214	0.2710563	0.1275726	0.0000000	0.0000000
7000.6209600	7000.0338101	6999.8782813	2.7399179	-0.8200000	0.0252598	0.2724796	0.1254449	0.0000000	0.0000000
7000.6209600	7000.0338101	6999.8782813	2.7199039	-0.8200000	0.0212211	0.2751556	0.1132732	0.0000000	0.0000000
7000.6209600	7000.0338101	6999.8782813	2.6998899	-0.8200000	0.0245098	0.2736019	0.1174790	0.0000000	0.0000000
7000.6209600	7000.0338101	6999.8782813	2.6798759	-0.8200000	0.0221733	0.2733439	0.1207131	0.0000000	0.0000000
7000.6209600	7000.0338101	6999.8782813	2.6598619	-0.8200000	0.0210294	0.2744232	0.1216322	0.0000000	0.0000000
7000.6209600	7000.0338101	6999.8782813	2.6398479	-0.8200000	0.0218739	0.2737476	0.1176057	0.0000000	0.0000000
7000.6209600	7000.0338101	6999.8782813	2.6198339	-0.8200000	0.0241040	0.2729766	0.1166108	0.0000000	0.0000000
7000.6209600	7000.0338101	6999.8782813	2.6001534	-0.8200000	0.0287621	0.2731268	0.1228132	0.0000000	0.0000000
7000.6209600	7000.0338101	6999.8782813	2.5801394	-0.8200000	0.0273441	0.2736477	0.1236807	0.0000000	0.0000000
7000.6209600	7000.0338101	6999.8782813	2.5601254	-0.8200000	0.0269413	0.2725114	0.1242871	0.0000000	0.0000000
7000.6209600	7000.0338101	6999.8782813	2.5401114	-0.8200000	0.0252219	0.2730160	0.1240736	0.0000000	0.0000000
7000.6209600	7000.0338101	6999.8782813	2.5200974	-0.8200000	0.0229231	0.2701505	0.1197518	0.0000000	0.0000000
7000.6209600	7000.0338101	6999.8782813	2.5000834	-0.8200000	0.0301792	0.2730568	0.1292469	0.0000000	0.0000000
7000.6209600	7000.0338101	6999.8782813	2.4800694	-0.8200000	0.0270763	0.2753031	0.1195081	0.0000000	0.0000000
7000.6209600	7000.0338101	6999.8782813	2.4600554	-0.8200000	0.0253315	0.2755640	0.1220978	0.0000000	0.0000000
7000.6209600	7000.0338101	6999.8782813	2.4400414	-0.8200000	0.0247836	0.2741755	0.1206475	0.0000000	0.0000000
7000.6209600	7000.0338101	6999.8782813	2.4200274	-0.8200000	0.0256548	0.2735808	0.1261895	0.0000000	0.0000000
7000.6209600	7000.0338101	6999.8782813	2.4000133	-0.8200000	0.0271328	0.2719871	0.1251627	0.0000000	0.0000000
7000.6209600	7000.0338101	6999.8782813	2.3799993	-0.8200000	0.0225681	0.2737338	0.1205619	0.0000000	0.0000000
7000.6209600	7000.0338101	6999.8782813	2.3599853	-0.8200000	0.0241332	0.2744231	0.1172147	0.0000000	0.0000000
7000.6209600	7000.0338101	6999.8782813	2.3399713	-0.8200000	0.0230970	0.2731814	0.1202885	0.0000000	0.0000000
7000.6209600	7000.0338101	6999.8782813	2.3199573	-0.8200000	0.0274390	0.2729491	0.1257041	0.0000000	0.0000000
7000.6209600	7000.0338101	6999.8782813	2.2999433	-0.8200000	0.0253783	0.2743102	0.1242307	0.0000000	0.0000000
7000.6209600	7000.0338101	6999.8782813	2.2799293	-0.8200000	0.0245604	0.2744740	0.1245697	0.0000000	0.0000000
7000.6209600	7000.0338101	6999.8782813	2.2599153	-0.8200000	0.0266088	0.2747671	0.1172117	0.0000000	0.0000000
7000.6209600	7000.0338101	6999.8782813	2.2399013	-0.8200000	0.0286875	0.2719961	0.1253601	0.0000000	0.0000000
7000.6209600	7000.0338101	6999.8782813	2.2198873	-0.8200000	0.0273696	0.2742942	0.1224050	0.0000000	0.0000000
7000.6209600	7000.0338101	6999.8782813	2.1998732	-0.8200000	0.0226398	0.2747229	0.1134126	0.0000000	0.0000000
7000.6209600	7000.0338101	6999.8782813	2.1798592	-0.8200000	0.0253260	0.2755056	0.1186427	0.0000000	0.0000000
7000.6209600	7000.0338101	6999.8782813	2.1598452	-0.8200000	0.0239647	0.2741453	0.1171976	0.0000000	0.0000000
7000.6209600	7000.0338101	6999.8782813	2.1401648	-0.8200000	0.0219907	0.2730634	0.1191818	0.0000000	0.0000000
7000.6209600	7000.0338101	6999.8782813	2.1201508	-0.8200000	0.0243995	0.2750194	0.1188779	0.0000000	0.0000000
7000.6209600	7000.0338101	6999.8782813	2.1001368	-0.8200000	0.0233317	0.2745049	0.1149763	0.0000000	0.0000000
7000.6209600	7000.0338101	6999.8782813	2.0801228	-0.8200000	0.0273586	0.2704659	0.1250681	0.0000000	0.0000000
7000.6209600	7000.0338101	6999.8782813	2.0601087	-0.8200000	0.0246472	0.2736053	0.1166670	0.0000000	0.0000000
7000.6209600	7000.0338101	6999.8782813	2.0400947	-0.8200000	0.0256034	0.2742091	0.1151476	0.0000000	0.0000000
7000.6209600	7000.0338101	6999.8782813	2.0200807	-0.8200000	0.0256060	0.2769230	0.1157881	0.0000000	0.0000000
7000.6209600	7000.0338101	6999.8782813	2.0000667	-0.8200000	0.0261597	0.2761261	0.1178324	0.0000000	0.0000000
7000.6209600	7000.0338101	6999.8782813	1.9800527	-0.8200000	0.0238762	0.2745168	0.1185968	0.0000000	0.0000000
7000.6209600	7000.0338101	6999.8782813	1.9600387	-0.8200000	0.0218398	0.2741520	0.1162437	0.0000000	0.0000000
7000.6209600	7000.0338101	6999.8782813	1.9400247	-0.8200000	0.0238086	0.2775322	0.1172937	0.0000000	0.0000000
7000.6209600	7000.0338101	6999.8782813	1.9200107	-0.8200000	0.0279980	0.2772860	0.1195089	0.0000000	0.0000000
7000.6209600	7000.0338101	6999.8782813	1.8999967	-0.8200000	0.0271609	0.2766917	0.1170701	0.0000000	0.0000000
7000.6209600	7000.0338101	6999.8782813	1.8799827	-0.8200000	0.0239542	0.2765962	0.1167102	0.0000000	0.0000000
7000.6209600	7000.0338101	6999.8782813	1.8599686	-0.8200000	0.0245708	0.2767622	0.1164690	0.0000000	0.0000000
7000.6209600	7000.0338101	6999.8782813	1.8399546	-0.8200000	0.0247102	0.2757483	0.1164758	0.0000000	0.0000000
7000.6209600	7000.0338101	6999.8782813	1.8199406	-0.8200000	0.0250219	0.2759480	0.1128141	0.0000000	0.0000000
7000.6209600	7000.0338101	6999.8782813	1.7999266	-0.8200000	0.0250674	0.2775399	0.1135496	0.0000000	0.0000000
7000.6209600	7000.0338101	6999.8782813	1.7799126	-0.8200000	0.0222860	0.2767811	0.1156154	0.0000000	0.0000000
7000.6209600	7000.0338101	6999.8782813	1.7598986	-0.8200000	0.0245576	0.2756089	0.1177206	0.0000000	0.0000000
7000.6209600	7000.0338101	6999.8782813	1.7398846	-0.8200000	0.0252643	0.2762545	0.1165822	0.0000000	0.0000000
7000.6209600	7000.0338101	6999.8782813	1.7198706	-0.8200000	0.0326779	0.2769229	0.1209504	0.0000000	0.0000000
7000.6209600	7000.0338101	6999.8782813	1.6998566	-0.8200000	0.0274031	0.2776064	0.1146108	0.0000000	0.0000000
7000.6209600	7000.0338101	6999.8782813	1.6798426	-0.8200000	0.0247699	0.2772954	0.1189534	0.0000000	0.0000000
7000.6209600	7000.0338101	6999.8782813	1.6601621	-0.8200000	0.0236417	0.2777623	0.1213634	0.0000000	0.0000000
7000.6209600	7000.0338101	6999.8782813	1.6401481	-0.8200000	0.0216421	0.2763556	0.1151750	0.0000000	0.0000000
7000.6209600	7000.0338101	6999.8782813	1.6201341	-0.8200000	0.0277065	0.2745857	0.1139501	0.0000000	0.0000000
7000.6209600	7000.0338101	6999.8782813	1.6001201	-0.8200000	0.0330323	0.2748055	0.1213372	0.0000000	0.0000000
7000.6209600	7000.0338101	6999.8782813	1.5801061	-0.8200000	0.0275176	0.2758818	0.1208949	0.0000000	0.0000000
7000.6209600	7000.0338101	6999.8782813	1.5600921	-0.8200000	0.0199784	0.2735308	0.1155837	0.0000000	0.0000000
7000.6209600	7000.0338101	6999.8782813	1.5400781	-0.8200000	0.0188585	0.2738309	0.1132964	0.0000000	0.0000000
7000.6209600	7000.0338101	6999.8782813	1.5200640	-0.8200000	0.0311615	0.2724546	0.1220779	0.0000000	0.0000000
7000.6209600	7000.0338101	6999.8782813	1.5000500	-0.8200000	0.0267742	0.2768385	0.1118601	0.0000000	0.0000000
7000.6209600	7000.0338101	6999.8782813	1.4800360	-0.8200000	0.0269387	0.2714957	0.1236819	0.0000000	0.0000000
7000.6209600	7000.0338101	6999.8782813	1.4600220	-0.8200000	0.0183008	0.2728809	0.1121824	0.0000000	0.0000000
7000.6209600	7000.0338101	6999.8782813	1.4400080	-0.8200000	0.0175930	0.2727396	0.1143490	0.0000000	0.0000000
7000.6209600	7000.0338101	6999.8782813	1.4199940	-0.8200000	0.0303666	0.2739430	0.1152532	0.0000000	0.0000000
7000.6209600	7000.0338101	6999.8782813	1.3999800	-0.8200000	0.0321743	0.2730131	0.1189426	0.0000000	0.0000000
7000.6209600	7000.0338101	6999.8782813	1.3799660	-0.8200000	0.0281093	0.2745072	0.1135703	0.0000000	0.0000000
7000.6209600	7000.0338101	6999.8782813	1.3599520	-0.8200000	0.0215424	0.2699183	0.1251663	0.0000000	0.0000000
7000.6209600	7000.0338101	6999.8782813	1.3399380	-0.8200000	0.0179164	0.2709078	0.1218816	0.0000000	0.0000000
7000.6209600	7000.0338101	6999.8782813	1.3199239	-0.8200000	0.0309014	0.2728822	0.1149998	0.0000000	0.0000000
7000.6209600	7000.0338101	6999.8782813	1.2999099	-0.8200000	0.0355695	0.2742711	0.1206445	0.0000000	0.0000000
7000.6209600	7000.0338101	6999.8782813	1.2798959	-0.8200000	0.0328628	0.2770072	0.1149305	0.0000000	0.0000000
7000.6209600	7000.0338101	6999.8782813	1.2598819	-0.8200000	0.0186509	0.2751571	0.1125944	0.0000000	0.0000000
7000.6209600	7000.0338101	6999.8782813	1.2398679	-0.8200000	0.0161381	0.2762451	0.1144801	0.0000000	0.0000000
7000.6209600	7000.0338101	6999.8782813	1.2198539	-0.8200000	0.0352013	0.2705863	0.1232041	0.0000000	0.0000000
7000.6209600	7000.0338101	6999.8782813	1.1998399	-0.8200000	0.0345620	0.2719608	0.1174034	0.0000000	0.0000000
7000.6209600	7000.0338101	6999.8782813	1.1801594	-0.8200000	0.0359883	0.2738423	0.1177548	0.0000000	0.0000000
7000.6209600	7000.0338101	6999.8782813	1.1601454	-0.8200000	0.0237667	0.2721902	0.1235930	0.0000000	0.0000000
7000.6209600	7000.0338101	6999.8782813	1.1401314	-0.8200000	0.0167384	0.2735535	0.1224387	0.0000000	0.0000000
7000.6209600	7000.0338101	6999.8782813	1.1201174	-0.8200000	0.0231888	0.2722878	0.1072036	0.0000000	0.0000000
7000.6209600	7000.0338101	6999.8782813	1.1001034	-0.8200000	0.0355780	0.2732037	0.1173573	0.0000000	0.0000000
7000.6209600	7000.0338101	6999.8782813	1.0800894	-0.8200000	0.0396437	0.2718326	0.1210410	0.0000000	0.0000000
7000.6209600	7000.0338101	6999.8782813	1.0600754	-0.8200000	0.0184482	0.2731018	0.1135013	0.0000000	0.0000000
7000.6209600	7000.0338101	6999.8782813	1.0400614	-0.8200000	0.0176647	0.2733331	0.1213374	0.0000000	0.0000000
7000.6209600	7000.0338101	6999.8782813	1.0200474	-0.8200000	0.0356633	0.2718963	0.1146770	0.0000000	0.0000000
7000.6209600	7000.0338101	6999.8782813	1.0000334	-0.8200000	0.0466089	0.2704961	0.1218241	0.0000000	0.0000000
7000.6209600	7000.0338101	6999.8782813	0.9800193	-0.8200000	0.0376169	0.2729218	0.1181764	0.0000000	0.0000000
7000.6209600	7000.0338101	6999.8782813	0.9600053	-0.8200000	0.0161073	0.2727628	0.1212297	0.0000000	0.0000000
7000.6209600	7000.0338101	6999.8782813	0.9399913	-0.8200000	0.0190900	0.2717615	0.1201532	0.0000000	0.0000000
7000.6209600	7000.0338101	6999.8782813	0.9199773	-0.8200000	0.0459275	0.2741990	0.1158993	0.0000000	0.0000000
7000.6209600	7000.0338101	6999.8782813	0.8999633	-0.8200000	0.0452319	0.2736735	0.1136135	0.0000000	0.0000000
7000.6209600	7000.0338101	6999.8782813	0.8799493	-0.8200000	0.0341538	0.2716460	0.1142462	0.0000000	0.0000000
7000.6209600	7000.0338101	6999.8782813	0.8599353	-0.8200000	0.0217317	0.2745126	0.1173263	0.0000000	0.0000000
7000.6209600	7000.0338101	6999.8782813	0.8399213	-0.8200000	0.0272505	0.2703878	0.1196580	0.0000000	0.0000000
7000.6209600	7000.0338101	6999.8782813	0.8199073	-0.8200000	0.0548578	0.2729810	0.1178473	0.0000000	0.0000000
7000.6209600	7000.0338101	6999.8782813	0.7998933	-0.8200000	0.0581915	0.2715427	0.1189001	0.0000000	0.0000000
7000.6209600	7000.0338101	6999.8782813	0.7798792	-0.8200000	0.0336173	0.2741241	0.1135524	0.0000000	0.0000000
7000.6209600	7000.0338101	6999.8782813	0.7598652	-0.8200000	0.0277260	0.2713501	0.1203188	0.0000000	0.0000000
7000.6209600	7000.0338101	6999.8782813	0.7398512	-0.8200000	0.0291189	0.2762780	0.1117366	0.0000000	0.0000000
7000.6209600	7000.0338101	6999.8782813	0.7198372	-0.8200000	0.0727640	0.2726508	0.1182941	0.0000000	0.0000000
7000.6209600	7000.0338101	6999.8782813	0.7001568	-0.8200000	0.0763398	0.2731913	0.1168051	0.0000000	0.0000000
7000.6209600	7000.0338101	6999.8782813	0.6801428	-0.8200000	0.0486914	0.2713735	0.1167523	0.0000000	0.0000000
7000.6209600	7000.0338101	6999.8782813	0.6601288	-0.8200000	0.0273811	0.2762365	0.1121611	0.0000000	0.0000000
7000.6209600	7000.0338101	6999.8782813	0.6401147	-0.8200000	0.0413407	0.2808730	0.1211526	0.0000000	0.0000000
7000.6209600	7000.0338101	6999.8782813	0.6201007	-0.8200000	0.0812917	0.2740725	0.1193358	0.0000000	0.0000000
7000.6209600	7000.0338101	6999.8782813	0.6000867	-0.8200000	0.0885291	0.2708782	0.1262855	0.0000000	0.0000000
7000.6209600	7000.0338101	6999.8782813	0.5800727	-0.8200000	0.0596660	0.2723374	0.1159266	0.0000000	0.0000000
7000.6209600	7000.0338101	6999.8782813	0.5600587	-0.8200000	0.0403771	0.2731909	0.1136821	0.0000000	0.0000000
7000.6209600	7000.0338101	6999.8782813	0.5400447	-0.8200000	0.0563452	0.2739781	0.1230118	0.0000000	0.0000000
7000.6209600	7000.0338101	6999.8782813	0.5200307	-0.8200000	0.0900220	0.2757675	0.1124375	0.0000000	0.0000000
7000.6209600	7000.0338101	6999.8782813	0.5000167	-0.8200000	0.0992181	0.2740121	0.1154481	0.0000000	0.0000000
7000.6209600	7000.0338101	6999.8782813	0.4800027	-0.8200000	0.0753706	0.2723671	0.1183354	0.0000000	0.0000000
7000.6209600	7000.0338101	6999.8782813	0.4599887	-0.8200000	0.0630411	0.2724186	0.1166680	0.0000000	0.0000000
7000.6209600	7000.0338101	6999.8782813	0.4399746	-0.8200000	0.0718663	0.2725004	0.1244949	0.0000000	0.0000000
7000.6209600	7000.0338101	6999.8782813	0.4199606	-0.8200000	0.1040963	0.2733403	0.1178202	0.0000000	0.0000000
7000.6209600	7000.0338101	6999.8782813	0.3999466	-0.8200000	0.1116821	0.2701541	0.1224076	0.0000000	0.0000000
7000.6209600	7000.0338101	6999.8782813	0.3799326	-0.8200000	0.0774879	0.2728033	0.1220911	0.0000000	0.0000000
7000.6209600	7000.0338101	6999.8782813	0.3599186	-0.8200000	0.0636904	0.2736031	0.1141692	0.0000000	0.0000000
7000.6209600	7000.0338101	6999.8782813	0.3399046	-0.8200000	0.0963132	0.2724866	0.1236799	0.0000000	0.0000000
7000.6209600	7000.0338101	6999.8782813	0.3198906	-0.8200000	0.1304697	0.2764637	0.1157827	0.0000000	0.0000000
7000.6209600	7000.0338101	6999.8782813	0.2998766	-0.8200000	0.1134244	0.2739904	0.1112554	0.0000000	0.0000000
7000.6209600	7000.0338101	6999.8782813	0.2798626	-0.8200000	0.0872927	0.2704934	0.1147808	0.0000000	0.0000000
7000.6209600	7000.0338101	6999.8782813	0.2598486	-0.8200000	0.0991160	0.2710437	0.1211339	0.0000000	0.0000000
7000.6209600	7000.0338101	6999.8782813	0.2398346	-0.8200000	0.1091565	0.2741449	0.1172651	0.0000000	0.0000000
7000.6209600	7000.0338101	6999.8782813	0.2201541	-0.8200000	0.1579392	0.2717720	0.1228792	0.0000000	0.0000000
7000.6209600	7000.0338101	6999.8782813	0.2001401	-0.8200000	0.1428342	0.2717223	0.1172137	0.0000000	0.0000000
7000.6209600	7000.0338101	6999.8782813	0.1801261	-0.8200000	0.1105272	0.2711759	0.1225629	0.0000000	0.0000000
7000.6209600	7000.0338101	6999.8782813	0.1601121	-0.8200000	0.1042678	0.2721344	0.1221788	0.0000000	0.0000000
7000.6209600	7000.0338101	6999.8782813	0.1400981	-0.8200000	0.1252349	0.2720107	0.1179098	0.0000000	0.0000000
7000.6209600	7000.0338101	6999.8782813	0.1200841	-0.8200000	0.1751500	0.2713782	0.1206733	0.0000000	0.0000000
7000.6209600	7000.0338101	6999.8782813	0.1000700	-0.8200000	0.1927729	0.2689208	0.1294331	0.0000000	0.0000000
7000.6209600	7000.0338101	6999.8782813	0.0800560	-0.8200000	0.1502062	0.2717399	0.1284949	0.0000000	0.0000000
7000.6209600	7000.0338101	6999.8782813	0.0600420	-0.8200000	0.1459594	0.2721246	0.1264183	0.0000000	0.0000000
7000.6209600	7000.0338101	6999.8782813	0.0400280	-0.8200000	0.1456794	0.2729116	0.1165975	0.0000000	0.0000000
7000.6209600	7000.0338101	6999.8782813	0.0200140	-0.8200000	0.1851639	0.2724547	0.1168774	0.0000000	0.0000000
7000.6209600	7000.0338101	6999.8782813	0.0000000	-0.8200000	0.1899713	0.2728481	0.1179221	0.0000000	0.0000000
