7000.6209600	7000.0338101	6999.8782813	3.0001001	-0.3799326	0.1343497	0.2826963	0.1309773	0.0000000	-0.3800000
7000.6209600	7000.0338101	6999.8782813	2.9800861	-0.3800000	0.1344298	0.2787264	0.1284551	0.0000000	0.0000000
7000.6209600	7000.0338101	6999.8782813	2.9600721	-0.3800000	0.1387960	0.2777948	0.1313395	0.0000000	0.0000000
7000.6209600	7000.0338101	6999.8782813	2.9400580	-0.3800000	0.1431504	0.2788690	0.1304913	0.0000000	0.0000000
7000.6209600	7000.0338101	6999.8782813	2.9200440	-0.3800000	0.1343553	0.2807280	0.1264872	0.0000000	0.0000000
7000.6209600	7000.0338101	6999.8782813	2.9000300	-0.3800000	0.1275894	0.2789921	0.1253691	0.0000000	0.0000000
7000.6209600	7000.0338101	6999.8782813	2.8800160	-0.3800000	0.1310569	0.2798239	0.1288739	0.0000000	0.0000000
7000.6209600	7000.0338101	6999.8782813	2.8600020	-0.3800000	0.1266274	0.2776257	0.1245286	0.0000000	0.0000000
7000.6209600	7000.0338101	6999.8782813	2.8399880	-0.3800000	0.1288651	0.2795969	0.1242438	0.0000000	0.0000000
7000.6209600	7000.0338101	6999.8782813	2.8199740	-0.3800000	0.1326588	0.2783669	0.1251594	0.0000000	0.0000000
7000.6209600	7000.0338101	6999.8782813	2.7999600	-0.3800000	0.1370189	0.2805929	0.1283932	0.0000000	0.0000000
7000.6209600	7000.0338101	6999.8782813	2.7799460	-0.3800000	0.1333042	0.2799307	0.1308594	0.0000000	0.0000000
7000.6209600	7000.0338101	6999.8782813	2.7599320	-0.3800000	0.1314586	0.2795044	0.1273828	0.0000000	0.0000000
7000.6209600	7000.0338101	6999.8782813	2.7399179	-0.3800000	0.1387601	0.2801990	0.1289647	0.0000000	0.0000000
7000.6209600	7000.0338101	6999.8782813	2.7199039	-0.3800000	0.1359200	0.2805570	0.1309204	0.0000000	0.0000000
7000.6209600	7000.0338101	6999.8782813	2.6998899	-0.3800000	0.1370095	0.2821151	0.1323838	0.0000000	0.0000000
7000.6209600	7000.0338101	6999.8782813	2.6798759	-0.3800000	0.1379684	0.2821042	0.1317443	0.0000000	0.0000000
7000.6209600	7000.0338101	6999.8782813	2.6598619	-0.3800000	0.1383210	0.2829019	0.1300051	0.0000000	0.0000000
7000.6209600	7000.0338101	6999.8782813	2.6398479	-0.3800000	0.1403859	0.2819724	0.1299396	0.0000000	0.0000000
7000.6209600	7000.0338101	6999.8782813	2.6198339	-0.3800000	0.1400450	0.2815129	0.1342821	0.0000000	0.0000000
7000.6209600	7000.0338101	6999.8782813	2.6001534	-0.3800000	0.1313033	0.2832216	0.1298481	0.0000000	0.0000000
7000.6209600	7000.0338101	6999.8782813	2.5801394	-0.3800000	0.1276136	0.2833389	0.1285067	0.0000000	0.0000000
7000.6209600	7000.0338101	6999.8782813	2.5601254	-0.3800000	0.1365493	0.2814180	0.1303096	0.0000000	0.0000000
7000.6209600	7000.0338101	6999.8782813	2.5401114	-0.3800000	0.1404862	0.2815109	0.1310674	0.0000000	0.0000000
7000.6209600	7000.0338101	6999.8782813	2.5200974	-0.3800000	0.1226405	0.2809884	0.1250413	0.0000000	0.0000000
7000.6209600	7000.0338101	6999.8782813	2.5000834	-0.3800000	0.1292391	0.2869701	0.1264984	0.0000000	0.0000000
7000.6209600	7000.0338101	6999.8782813	2.4800694	-0.3800000	0.1311476	0.2819440	0.1264269	0.0000000	0.0000000
7000.6209600	7000.0338101	6999.8782813	2.4600554	-0.3800000	0.1341555	0.2833219	0.1272817	0.0000000	0.0000000
7000.6209600	7000.0338101	6999.8782813	2.4400414	-0.3800000	0.1316815	0.2811208	0.1261898	0.0000000	0.0000000
7000.6209600	7000.0338101	6999.8782813	2.4200274	-0.3800000	0.1309944	0.2831222	0.1258822	0.0000000	0.0000000
7000.6209600	7000.0338101	6999.8782813	2.4000133	-0.3800000	0.1234073	0.2837167	0.1257858	0.0000000	0.0000000
7000.6209600	7000.0338101	6999.8782813	2.3799993	-0.3800000	0.1326455	0.2827286	0.1260981	0.0000000	0.0000000
7000.6209600	7000.0338101	6999.8782813	2.3599853	-0.3800000	0.1295935	0.2804036	0.1253645	0.0000000	0.0000000
7000.6209600	7000.0338101	6999.8782813	2.3399713	-0.3800000	0.1283693	0.2791974	0.1242273	0.0000000	0.0000000
7000.6209600	7000.0338101	6999.8782813	2.3199573	-0.3800000	0.1339304	0.2815070	0.1271362	0.0000000	0.0000000
7000.6209600	7000.0338101	6999.8782813	2.2999433	-0.3800000	0.1341968	0.2810159	0.1257266	0.0000000	0.0000000
7000.6209600	7000.0338101	6999.8782813	2.2799293	-0.3800000	0.1299546	0.2798137	0.1258993	0.0000000	0.0000000
7000.6209600	7000.0338101	6999.8782813	2.2599153	-0.3800000	0.1356971	0.2815862	0.1296305	0.0000000	0.0000000
7000.6209600	7000.0338101	6999.8782813	2.2399013	-0.3800000	0.1352814	0.2798475	0.1263132	0.0000000	0.0000000
7000.6209600	7000.0338101	6999.8782813	2.2198873	-0.3800000	0.1426061	0.2797037	0.1319849	0.0000000	0.0000000
7000.6209600	7000.0338101	6999.8782813	2.1998732	-0.3800000	0.1342191	0.2796947	0.1279719	0.0000000	0.0000000
7000.6209600	7000.0338101	6999.8782813	2.1798592	-0.3800000	0.1234778	0.2798738	0.1242095	0.0000000	0.0000000
7000.6209600	7000.0338101	6999.8782813	2.1598452	-0.3800000	0.1275051	0.2813218	0.1252487	0.0000000	0.0000000
7000.6209600	7000.0338101	6999.8782813	2.1401648	-0.3800000	0.1405061	0.2812025	0.1278225	0.0000000	0.0000000
7000.6209600	7000.0338101	6999.8782813	2.1201508	-0.3800000	0.1271276	0.2803032	0.1225231	0.0000000	0.0000000
7000.6209600	7000.0338101	6999.8782813	2.1001368	-0.3800000	0.1287354	0.2808352	0.1249971	0.0000000	0.0000000
7000.6209600	7000.0338101	6999.8782813	2.0801228	-0.3800000	0.1237440	0.2803734	0.1206842	0.0000000	0.0000000
7000.6209600	7000.0338101	6999.8782813	2.0601087	-0.3800000	0.1353367	0.2804415	0.1249429	0.0000000	0.0000000
7000.6209600	7000.0338101	6999.8782813	2.0400947	-0.3800000	0.1464227	0.2816329	0.1327528	0.0000000	0.0000000
7000.6209600	7000.0338101	6999.8782813	2.0200807	-0.3800000	0.1432172	0.2819780	0.1320100	0.0000000	0.0000000
7000.6209600	7000.0338101	6999.8782813	2.0000667	-0.3800000	0.1415222	0.2800150	0.1321121	0.0000000	0.0000000
7000.6209600	7000.0338101	6999.8782813	1.9800527	-0.3800000	0.1367032	0.2803168	0.1294753	0.0000000	0.0000000
7000.6209600	7000.0338101	6999.8782813	1.9600387	-0.3800000	0.1476505	0.2848890	0.1300969	0.0000000	0.0000000
7000.6209600	7000.0338101	6999.8782813	1.9400247	-0.3800000	0.1416481	0.2806851	0.1274662	0.0000000	0.0000000
7000.6209600	7000.0338101	6999.8782813	1.9200107	-0.3800000	0.1330282	0.2797424	0.1274990	0.0000000	0.0000000
7000.6209600	7000.0338101	6999.8782813	1.8999967	-0.3800000	0.1431936	0.2823895	0.1300026	0.0000000	0.0000000
7000.6209600	7000.0338101	6999.8782813	1.8799827	-0.3800000	0.1410734	0.2840583	0.1296965	0.0000000	0.0000000
7000.6209600	7000.0338101	6999.8782813	1.8599686	-0.3800000	0.1538478	0.2816749	0.1312036	0.0000000	0.0000000
7000.6209600	7000.0338101	6999.8782813	1.8399546	-0.3800000	0.1517200	0.2811078	0.1279399	0.0000000	0.0000000
7000.6209600	7000.0338101	6999.8782813	1.8199406	-0.3800000	0.1432842	0.2830115	0.1309438	0.0000000	0.0000000
7000.6209600	7000.0338101	6999.8782813	1.7999266	-0.3800000	0.1305060	0.2807753	0.1278160	0.0000000	0.0000000
7000.6209600	7000.0338101	6999.8782813	1.7799126	-0.3800000	0.1362728	0.2795732	0.1255995	0.0000000	0.0000000
7000.6209600	7000.0338101	6999.8782813	1.7598986	-0.3800000	0.1524008	0.2815168	0.1283813	0.0000000	0.0000000
7000.6209600	7000.0338101	6999.8782813	1.7398846	-0.3800000	0.1443896	0.2790350	0.1249343	0.0000000	0.0000000
7000.6209600	7000.0338101	6999.8782813	1.7198706	-0.3800000	0.1336772	0.2813220	0.1247677	0.0000000	0.0000000
7000.6209600	7000.0338101	6999.8782813	1.6998566	-0.3800000	0.1313344	0.2804071	0.1271011	0.0000000	0.0000000
7000.6209600	7000.0338101	6999.8782813	1.6798426	-0.3800000	0.1347783	0.2812687	0.1265009	0.0000000	0.0000000
7000.6209600	7000.0338101	6999.8782813	1.6601621	-0.3800000	0.1486379	0.2813112	0.1266660	0.0000000	0.0000000
7000.6209600	7000.0338101	6999.8782813	1.6401481	-0.3800000	0.1536746	0.2824432	0.1273582	0.0000000	0.0000000
7000.6209600	7000.0338101	6999.8782813	1.6201341	-0.3800000	0.1555471	0.2846910	0.1333086	0.0000000	0.0000000
7000.6209600	7000.0338101	6999.8782813	1.6001201	-0.3800000	0.1305577	0.2799999	0.1259263	0.0000000	0.0000000
7000.6209600	7000.0338101	6999.8782813	1.5801061	-0.3800000	0.1297816	0.2784458	0.1242008	0.0000000	0.0000000
7000.6209600	7000.0338101	6999.8782813	1.5600921	-0.3800000	0.1591298	0.2825333	0.1306478	0.0000000	0.0000000
7000.6209600	7000.0338101	6999.8782813	1.5400781	-0.3800000	0.1593384	0.2817521	0.1265568	0.0000000	0.0000000
7000.6209600	7000.0338101	6999.8782813	1.5200640	-0.3800000	0.1601309	0.2807845	0.1315795	0.0000000	0.0000000
7000.6209600	7000.0338101	6999.8782813	1.5000500	-0.3800000	0.1559413	0.2852133	0.1313845	0.0000000	0.0000000
7000.6209600	7000.0338101	6999.8782813	1.4800360	-0.3800000	0.1256382	0.2798870	0.1279249	0.0000000	0.0000000
7000.6209600	7000.0338101	6999.8782813	1.4600220	-0.3800000	0.1437664	0.2808699	0.1260778	0.0000000	0.0000000
7000.6209600	7000.0338101	6999.8782813	1.4400080	-0.3800000	0.1451356	0.2784921	0.1259086	0.0000000	0.0000000
7000.6209600	7000.0338101	6999.8782813	1.4199940	-0.3800000	0.1554742	0.2796788	0.1254214	0.0000000	0.0000000
7000.6209600	7000.0338101	6999.8782813	1.3999800	-0.3800000	0.1472963	0.2803276	0.1249644	0.0000000	0.0000000
7000.6209600	7000.0338101	6999.8782813	1.3799660	-0.3800000	0.1350000	0.2800000	0.1230000	0.0000000	0.0000000
7000.6209600	7000.0338101	6999.8782813	1.3599520	-0.3800000	0.1234419	0.2783848	0.1226101	0.0000000	0.0000000
7000.6209600	7000.0338101	6999.8782813	1.3399380	-0.3800000	0.1348250	0.2788059	0.1207286	0.0000000	0.0000000
7000.6209600	7000.0338101	6999.8782813	1.3199239	-0.3800000	0.1668910	0.2781615	0.1283353	0.0000000	0.0000000
7000.6209600	7000.0338101	6999.8782813	1.2999099	-0.3800000	0.1521459	0.2790167	0.1234646	0.0000000	0.0000000
7000.6209600	7000.0338101	6999.8782813	1.2798959	-0.3800000	0.1332977	0.2812568	0.1237910	0.0000000	0.0000000
7000.6209600	7000.0338101	6999.8782813	1.2598819	-0.3800000	0.1477239	0.2773978	0.1267999	0.0000000	0.0000000
7000.6209600	7000.0338101	6999.8782813	1.2398679	-0.3800000	0.1600587	0.2807852	0.1225887	0.0000000	0.0000000
7000.6209600	7000.0338101	6999.8782813	1.2198539	-0.3800000	0.1721608	0.2797498	0.1246425	0.0000000	0.0000000
7000.6209600	7000.0338101	6999.8782813	1.1998399	-0.3800000	0.1615626	0.2779351	0.1222949	0.0000000	0.0000000
7000.6209600	7000.0338101	6999.8782813	1.1801594	-0.3800000	0.1530721	0.2803597	0.1283151	0.0000000	0.0000000
7000.6209600	7000.0338101	6999.8782813	1.1601454	-0.3800000	0.1473218	0.2808273	0.1290569	0.0000000	0.0000000
7000.6209600	7000.0338101	6999.8782813	1.1401314	-0.3800000	0.1717826	0.2822736	0.1298949	0.0000000	0.0000000
7000.6209600	7000.0338101	6999.8782813	1.1201174	-0.3800000	0.1826171	0.2789008	0.1277803	0.0000000	0.0000000
7000.6209600	7000.0338101	6999.8782813	1.1001034	-0.3800000	0.1730394	0.2822725	0.1236219	0.0000000	0.0000000
7000.6209600	7000.0338101	6999.8782813	1.0800894	-0.3800000	0.1300001	0.2803617	0.1219969	0.0000000	0.0000000
7000.6209600	7000.0338101	6999.8782813	1.0600754	-0.3800000	0.1668210	0.2807583	0.1241350	0.0000000	0.0000000
7000.6209600	7000.0338101	6999.8782813	1.0400614	-0.3800000	0.1997981	0.2780468	0.1303344	0.0000000	0.0000000
7000.6209600	7000.0338101	6999.8782813	1.0200474	-0.3800000	0.1645737	0.2800757	0.1197216	0.0000000	0.0000000
7000.6209600	7000.0338101	6999.8782813	1.0000334	-0.3800000	0.1495453	0.2795922	0.1183192	0.0000000	0.0000000
7000.6209600	7000.0338101	6999.8782813	0.9800193	-0.3800000	0.1487466	0.2780081	0.1257657	0.0000000	0.0000000
7000.6209600	7000.0338101	6999.8782813	0.9600053	-0.3800000	0.1962069	0.2775178	0.1301742	0.0000000	0.0000000
7000.6209600	7000.0338101	6999.8782813	0.9399913	-0.3800000	0.2021688	0.2789645	0.1227147	0.0000000	0.0000000
7000.6209600	7000.0338101	6999.8782813	0.9199773	-0.3800000	0.1921473	0.2788652	0.1241661	0.0000000	0.0000000
7000.6209600	7000.0338101	6999.8782813	0.8999633	-0.3800000	0.1955227	0.2803632	0.1282177	0.0000000	0.0000000
7000.6209600	7000.0338101	6999.8782813	0.8799493	-0.3800000	0.1559180	0.2790535	0.1224386	0.0000000	0.0000000
7000.6209600	7000.0338101	6999.8782813	0.8599353	-0.3800000	0.2086077	0.2795088	0.1233553	0.0000000	0.0000000
7000.6209600	7000.0338101	6999.8782813	0.8399213	-0.3800000	0.2447820	0.2804407	0.1245332	0.0000000	0.0000000
7000.6209600	7000.0338101	6999.8782813	0.8199073	-0.3800000	0.1940891	0.2802180	0.1264197	0.0000000	0.0000000
7000.6209600	7000.0338101	6999.8782813	0.7998933	-0.3800000	0.1775459	0.2794214	0.1207483	0.0000000	0.0000000
7000.6209600	7000.0338101	6999.8782813	0.7798792	-0.3800000	0.1731458	0.2773137	0.1192395	0.0000000	0.0000000
7000.6209600	7000.0338101	6999.8782813	0.7598652	-0.3800000	0.2395619	0.2828691	0.1252108	0.0000000	0.0000000
7000.6209600	7000.0338101	6999.8782813	0.7398512	-0.3800000	0.2321808	0.2796206	0.1197626	0.0000000	0.0000000
7000.6209600	7000.0338101	6999.8782813	0.7198372	-0.3800000	0.1886246	0.2790420	0.1222650	0.0000000	0.0000000
7000.6209600	7000.0338101	6999.8782813	0.7001568	-0.3800000	0.2022068	0.2790049	0.1239711	0.0000000	0.0000000
7000.6209600	7000.0338101	6999.8782813	0.6801428	-0.3800000	0.1709590	0.2792842	0.1193220	0.0000000	0.0000000
7000.6209600	7000.0338101	6999.8782813	0.6601288	-0.3800000	0.2489171	0.2783079	0.1217892	0.0000000	0.0000000
7000.6209600	7000.0338101	6999.8782813	0.6401147	-0.3800000	0.2683033	0.2775975	0.1271703	0.0000000	0.0000000
7000.6209600	7000.0338101	6999.8782813	0.6201007	-0.3800000	0.1954998	0.2815836	0.1201055	0.0000000	0.0000000
7000.6209600	7000.0338101	6999.8782813	0.6000867	-0.3800000	0.1655760	0.2774963	0.1186503	0.0000000	0.0000000
7000.6209600	7000.0338101	6999.8782813	0.5800727	-0.3800000	0.2021041	0.2771598	0.1206345	0.0000000	0.0000000
7000.6209600	7000.0338101	6999.8782813	0.5600587	-0.3800000	0.2518262	0.2729976	0.1246045	0.0000000	0.0000000
7000.6209600	7000.0338101	6999.8782813	0.5400447	-0.3800000	0.2551487	0.2774283	0.1180859	0.0000000	0.0000000
7000.6209600	7000.0338101	6999.8782813	0.5200307	-0.3800000	0.1986521	0.2798622	0.1196259	0.0000000	0.0000000
7000.6209600	7000.0338101	6999.8782813	0.5000167	-0.3800000	0.1910535	0.2805944	0.1191219	0.0000000	0.0000000
7000.6209600	7000.0338101	6999.8782813	0.4800027	-0.3800000	0.2163182	0.2780438	0.1201381	0.0000000	0.0000000
7000.6209600	7000.0338101	6999.8782813	0.4599887	-0.3800000	0.2804446	0.2763376	0.1235953	0.0000000	0.0000000
7000.6209600	7000.0338101	6999.8782813	0.4399746	-0.3800000	0.2875665	0.2765706	0.1242024	0.0000000	0.0000000
7000.6209600	7000.0338101	6999.8782813	0.4199606	-0.3800000	0.2262341	0.2770975	0.1272294	0.0000000	0.0000000
7000.6209600	7000.0338101	6999.8782813	0.3999466	-0.3800000	0.2308032	0.2782368	0.1251718	0.0000000	0.0000000
7000.6209600	7000.0338101	6999.8782813	0.3799326	-0.3800000	0.2548157	0.2835629	0.1278285	0.0000000	0.0000000
7000.6209600	7000.0338101	6999.8782813	0.3599186	-0.3800000	0.3258185	0.2783256	0.1259233	0.0000000	0.0000000
7000.6209600	7000.0338101	6999.8782813	0.3399046	-0.3800000	0.3106763	0.2773804	0.1231852	0.0000000	0.0000000
7000.6209600	7000.0338101	6999.8782813	0.3198906	-0.3800000	0.1958274	0.2781254	0.1201908	0.0000000	0.0000000
7000.6209600	7000.0338101	6999.8782813	0.2998766	-0.3800000	0.1929698	0.2764926	0.1164524	0.0000000	0.0000000
7000.6209600	7000.0338101	6999.8782813	0.2798626	-0.3800000	0.2772635	0.2801837	0.1234734	0.0000000	0.0000000
7000.6209600	7000.0338101	6999.8782813	0.2598486	-0.3800000	0.3223093	0.2790599	0.1207161	0.0000000	0.0000000
7000.6209600	7000.0338101	6999.8782813	0.2398346	-0.3800000	0.3241624	0.2800500	0.1199298	0.0000000	0.0000000
7000.6209600	7000.0338101	6999.8782813	0.2201541	-0.3800000	0.2348395	0.2779056	0.1189913	0.0000000	0.0000000
7000.6209600	7000.0338101	6999.8782813	0.2001401	-0.3800000	0.2481809	0.2763805	0.1207760	0.0000000	0.0000000
7000.6209600	7000.0338101	6999.8782813	0.1801261	-0.3800000	0.2873734	0.2784302	0.1250725	0.0000000	0.0000000
7000.6209600	7000.0338101	6999.8782813	0.1601121	-0.3800000	0.3581575	0.2782478	0.1240457	0.0000000	0.0000000
7000.6209600	7000.0338101	6999.8782813	0.1400981	-0.3800000	0.3571698	0.2791810	0.1212764	0.0000000	0.0000000
7000.6209600	7000.0338101	6999.8782813	0.1200841	-0.3800000	0.2489744	0.2793518	0.1256360	0.0000000	0.0000000
7000.6209600	7000.0338101	6999.8782813	0.1000700	-0.3800000	0.2642150	0.2799354	0.1252201	0.0000000	0.0000000
7000.6209600	7000.0338101	6999.8782813	0.0800560	-0.3800000	0.3099713	0.2788514	0.1236895	0.0000000	0.0000000
7000.6209600	7000.0338101	6999.8782813	0.0600420	-0.3800000	0.3628282	0.2806934	0.1234187	0.0000000	0.0000000
7000.6209600	7000.0338101	6999.8782813	0.0400280	-0.3800000	0.3509532	0.2807308	0.1217871	0.0000000	0.0000000
7000.6209600	7000.0338101	6999.8782813	0.0200140	-0.3800000	0.2817329	0.2796033	0.1223116	0.0000000	0.0000000
7000.6209600	7000.0338101	6999.8782813	0.0000000	-0.3800000	0.2752460	0.2778068	0.1241377	0.0000000	0.0000000
