7000.6209600	7000.0338101	6999.8782813	3.0001001	-0.8799493	0.0175250	0.2730399	0.1227761	0.0000000	-0.8800000
7000.6209600	7000.0338101	6999.8782813	2.9800861	-0.8800000	0.0167894	0.2729835	0.1172421	0.0000000	0.0000000
7000.6209600	7000.0338101	6999.8782813	2.9600721	-0.8800000	0.0177966	0.2736102	0.1131516	0.0000000	0.0000000
7000.6209600	7000.0338101	6999.8782813	2.9400580	-0.8800000	0.0183920	0.2717598	0.1205913	0.0000000	0.0000000
7000.6209600	7000.0338101	6999.8782813	2.9200440	-0.8800000	0.0218080	0.2714586	0.1209935	0.0000000	0.0000000
7000.6209600	7000.0338101	6999.8782813	2.9000300	-0.8800000	0.0185846	0.2730771	0.1219410	0.0000000	0.0000000
7000.6209600	7000.0338101	6999.8782813	2.8800160	-0.8800000	0.0128787	0.2738390	0.1085283	0.0000000	0.0000000
7000.6209600	7000.0338101	6999.8782813	2.8600020	-0.8800000	0.0175549	0.2707284	0.1166600	0.0000000	0.0000000
7000.6209600	7000.0338101	6999.8782813	2.8399880	-0.8800000	0.0224774	0.2722871	0.1279366	0.0000000	0.0000000
7000.6209600	7000.0338101	6999.8782813	2.8199740	-0.8800000	0.0156176	0.2754119	0.1107942	0.0000000	0.0000000
7000.6209600	7000.0338101	6999.8782813	2.7999600	-0.8800000	0.0157207	0.2755557	0.1149152	0.0000000	0.0000000
7000.6209600	7000.0338101	6999.8782813	2.7799460	-0.8800000	0.0176422	0.2683446	0.1248352	0.0000000	0.0000000
7000.6209600	7000.0338101	6999.8782813	2.7599320	-0.8800000	0.0178707	0.2727917	0.1176343	0.0000000	0.0000000
7000.6209600	7000.0338101	6999.8782813	2.7399179	-0.8800000	0.0157701	0.2731793	0.1156895	0.0000000	0.0000000
7000.6209600	7000.0338101	6999.8782813	2.7199039	-0.8800000	0.0190282	0.2737806	0.1206311	0.0000000	0.0000000
7000.6209600	7000.0338101	6999.8782813	2.6998899	-0.8800000	0.0176366	0.2739928	0.1156646	0.0000000	0.0000000
7000.6209600	7000.0338101	6999.8782813	2.6798759	-0.8800000	0.0182272	0.2734771	0.1180789	0.0000000	0.0000000
7000.6209600	7000.0338101	6999.8782813	2.6598619	-0.8800000	0.0171498	0.2721014	0.1149532	0.0000000	0.0000000
7000.6209600	7000.0338101	6999.8782813	2.6398479	-0.8800000	0.0165613	0.2752817	0.1116892	0.0000000	0.0000000
7000.6209600	7000.0338101	6999.8782813	2.6198339	-0.8800000	0.0167267	0.2766228	0.1139604	0.0000000	0.0000000
7000.6209600	7000.0338101	6999.8782813	2.6001534	-0.8800000	0.0144188	0.2713463	0.1185172	0.0000000	0.0000000
7000.6209600	7000.0338101	6999.8782813	2.6488542	-0.8800000	0.0151069	0.2742469	0.1123783	0.0000000	0.0000000
7000.6209600	7000.0338101	6999.8782813	2.5601254	-0.8800000	0.0187587	0.2730270	0.1197168	0.0000000	0.0000000
7000.6209600	7000.0338101	6999.8782813	2.5401114	-0.8800000	0.0177250	0.2712510	0.1176937	0.0000000	0.0000000
7000.6209600	7000.0338101	6999.8782813	2.5200974	-0.8800000	0.0160986	0.2730293	0.1162584	0.0000000	0.0000000
7000.6209600	7000.0338101	6999.8782813	2.5000834	-0.8800000	0.0160841	0.2719984	0.1151580	0.0000000	0.0000000
7000.6209600	7000.0338101	6999.8782813	2.4800694	-0.8800000	0.0186090	0.2726503	0.1156997	0.0000000	0.0000000
7000.6209600	7000.0338101	6999.8782813	2.4600554	-0.8800000	0.0195483	0.2721566	0.1172279	0.0000000	0.0000000
7000.6209600	7000.0338101	6999.8782813	2.4400414	-0.8800000	0.0204446	0.2720109	0.1218958	0.0000000	0.0000000
7000.6209600	7000.0338101	6999.8782813	2.4200274	-0.8800000	0.0176960	0.2726736	0.1186543	0.0000000	0.0000000
7000.6209600	7000.0338101	6999.8782813	2.4000133	-0.8800000	0.0148876	0.2728237	0.1126318	0.0000000	0.0000000
7000.6209600	7000.0338101	6999.8782813	2.3799993	-0.8800000	0.0179716	0.2733929	0.1140242	0.0000000	0.0000000
7000.6209600	7000.0338101	6999.8782813	2.3599853	-0.8800000	0.0162097	0.2748038	0.1132101	0.0000000	0.0000000
7000.6209600	7000.0338101	6999.8782813	2.3399713	-0.8800000	0.0175959	0.2740482	0.1172349	0.0000000	0.0000000
7000.6209600	7000.0338101	6999.8782813	2.3199573	-0.8800000	0.0154835	0.2729712	0.1147566	0.0000000	0.0000000
7000.6209600	7000.0338101	6999.8782813	2.2999433	-0.8800000	0.0155514	0.2721559	0.1127009	0.0000000	0.0000000
7000.6209600	7000.0338101	6999.8782813	2.2799293	-0.8800000	0.0170807	0.2760494	0.1120284	0.0000000	0.0000000
7000.6209600	7000.0338101	6999.8782813	2.2599153	-0.8800000	0.0154015	0.2739152	0.1105325	0.0000000	0.0000000
7000.6209600	7000.0338101	6999.8782813	2.2399013	-0.8800000	0.0177737	0.2708944	0.1155616	0.0000000	0.0000000
7000.6209600	7000.0338101	6999.8782813	2.2198873	-0.8800000	0.0161410	0.2735468	0.1120414	0.0000000	0.0000000
7000.6209600	7000.0338101	6999.8782813	2.1998732	-0.8800000	0.0167358	0.2753662	0.1134015	0.0000000	0.0000000
7000.6209600	7000.0338101	6999.8782813	2.1798592	-0.8800000	0.0151592	0.2725602	0.1114667	0.0000000	0.0000000
7000.6209600	7000.0338101	6999.8782813	2.1598452	-0.8800000	0.0147388	0.2735402	0.1136140	0.0000000	0.0000000
7000.6209600	7000.0338101	6999.8782813	2.1401648	-0.8800000	0.0172595	0.2718328	0.1153031	0.0000000	0.0000000
7000.6209600	7000.0338101	6999.8782813	2.1201508	-0.8800000	0.0165264	0.2707744	0.1191404	0.0000000	0.0000000
7000.6209600	7000.0338101	6999.8782813	2.1001368	-0.8800000	0.0201051	0.2683164	0.1267947	0.0000000	0.0000000
7000.6209600	7000.0338101	6999.8782813	2.0801228	-0.8800000	0.0142416	0.2751794	0.1090474	0.0000000	0.0000000
7000.6209600	7000.0338101	6999.8782813	2.0601087	-0.8800000	0.0191226	0.2734829	0.1165135	0.0000000	0.0000000
7000.6209600	7000.0338101	6999.8782813	2.0400947	-0.8800000	0.0153695	0.2737054	0.1100262	0.0000000	0.0000000
7000.6209600	7000.0338101	6999.8782813	2.0200807	-0.8800000	0.0158899	0.2750956	0.1133004	0.0000000	0.0000000
7000.6209600	7000.0338101	6999.8782813	2.0000667	-0.8800000	0.0178267	0.2750265	0.1154668	0.0000000	0.0000000
7000.6209600	7000.0338101	6999.8782813	1.9800527	-0.8800000	0.0175841	0.2726461	0.1154539	0.0000000	0.0000000
7000.6209600	7000.0338101	6999.8782813	1.9600387	-0.8800000	0.0205753	0.2729702	0.1224457	0.0000000	0.0000000
7000.6209600	7000.0338101	6999.8782813	1.9400247	-0.8800000	0.0154159	0.2737003	0.1138459	0.0000000	0.0000000
7000.6209600	7000.0338101	6999.8782813	1.9200107	-0.8800000	0.0113767	0.2737987	0.1122599	0.0000000	0.0000000
7000.6209600	7000.0338101	6999.8782813	1.8999967	-0.8800000	0.0140571	0.2721862	0.1183407	0.0000000	0.0000000
7000.6209600	7000.0338101	6999.8782813	1.8799827	-0.8800000	0.0199955	0.2723138	0.1187596	0.0000000	0.0000000
7000.6209600	7000.0338101	6999.8782813	1.8599686	-0.8800000	0.0191451	0.2727660	0.1144015	0.0000000	0.0000000
7000.6209600	7000.0338101	6999.8782813	1.8399546	-0.8800000	0.0163253	0.2748580	0.1105513	0.0000000	0.0000000
7000.6209600	7000.0338101	6999.8782813	1.8199406	-0.8800000	0.0143491	0.2722821	0.1159438	0.0000000	0.0000000
7000.6209600	7000.0338101	6999.8782813	1.7999266	-0.8800000	0.0126581	0.2727738	0.1142264	0.0000000	0.0000000
7000.6209600	7000.0338101	6999.8782813	1.7799126	-0.8800000	0.0188284	0.2743453	0.1153901	0.0000000	0.0000000
7000.6209600	7000.0338101	6999.8782813	1.7598986	-0.8800000	0.0204155	0.2739645	0.1158840	0.0000000	0.0000000
7000.6209600	7000.0338101	6999.8782813	1.7398846	-0.8800000	0.0182284	0.2723040	0.1149270	0.0000000	0.0000000
7000.6209600	7000.0338101	6999.8782813	1.7198706	-0.8800000	0.0115416	0.2728263	0.1139548	0.0000000	0.0000000
7000.6209600	7000.0338101	6999.8782813	1.6998566	-0.8800000	0.0139821	0.2723068	0.1214919	0.0000000	0.0000000
7000.6209600	7000.0338101	6999.8782813	1.6798426	-0.8800000	0.0182218	0.2730485	0.1137864	0.0000000	0.0000000
7000.6209600	7000.0338101	6999.8782813	1.6601621	-0.8800000	0.0229269	0.2723259	0.1191345	0.0000000	0.0000000
7000.6209600	7000.0338101	6999.8782813	1.6401481	-0.8800000	0.0218564	0.2731169	0.1165538	0.0000000	0.0000000
7000.6209600	7000.0338101	6999.8782813	1.6201341	-0.8800000	0.0188646	0.2720421	0.1264886	0.0000000	0.0000000
7000.6209600	7000.0338101	6999.8782813	1.6001201	-0.8800000	0.0121946	0.2737540	0.1207511	0.0000000	0.0000000
7000.6209600	7000.0338101	6999.8782813	1.5801061	-0.8800000	0.0153601	0.2732261	0.1143870	0.0000000	0.0000000
7000.6209600	7000.0338101	6999.8782813	1.5600921	-0.8800000	0.0251223	0.2691035	0.1267208	0.0000000	0.0000000
7000.6209600	7000.0338101	6999.8782813	1.5400781	-0.8800000	0.0255798	0.2705780	0.1217582	0.0000000	0.0000000
7000.6209600	7000.0338101	6999.8782813	1.5200640	-0.8800000	0.0157385	0.2724790	0.1175458	0.0000000	0.0000000
7000.6209600	7000.0338101	6999.8782813	1.5000500	-0.8800000	0.0156368	0.2728828	0.1192424	0.0000000	0.0000000
7000.6209600	7000.0338101	6999.8782813	1.4800360	-0.8800000	0.0173701	0.2721864	0.1254495	0.0000000	0.0000000
7000.6209600	7000.0338101	6999.8782813	1.4600220	-0.8800000	0.0236246	0.2712684	0.1173792	0.0000000	0.0000000
7000.6209600	7000.0338101	6999.8782813	1.4400080	-0.8800000	0.0291346	0.2683250	0.1261522	0.0000000	0.0000000
7000.6209600	7000.0338101	6999.8782813	1.4199940	-0.8800000	0.0203667	0.2715984	0.1220511	0.0000000	0.0000000
7000.6209600	7000.0338101	6999.8782813	1.3999800	-0.8800000	0.0145045	0.2733624	0.1161338	0.0000000	0.0000000
7000.6209600	7000.0338101	6999.8782813	1.3799660	-0.8800000	0.0124353	0.2738800	0.1120444	0.0000000	0.0000000
7000.6209600	7000.0338101	6999.8782813	1.3599520	-0.8800000	0.0258435	0.2719189	0.1265953	0.0000000	0.0000000
7000.6209600	7000.0338101	6999.8782813	1.3399380	-0.8800000	0.0279087	0.2738572	0.1203671	0.0000000	0.0000000
7000.6209600	7000.0338101	6999.8782813	1.3199239	-0.8800000	0.0209169	0.2721176	0.1276968	0.0000000	0.0000000
7000.6209600	7000.0338101	6999.8782813	1.2999099	-0.8800000	0.0168066	0.2710515	0.1169764	0.0000000	0.0000000
7000.6209600	7000.0338101	6999.8782813	1.2798959	-0.8800000	0.0129387	0.2736443	0.1215930	0.0000000	0.0000000
7000.6209600	7000.0338101	6999.8782813	1.2598819	-0.8800000	0.0251117	0.2736698	0.1204257	0.0000000	0.0000000
7000.6209600	7000.0338101	6999.8782813	1.2398679	-0.8800000	0.0282511	0.2762456	0.1167250	0.0000000	0.0000000
7000.6209600	7000.0338101	6999.8782813	1.2198539	-0.8800000	0.0182196	0.2738171	0.1149225	0.0000000	0.0000000
7000.6209600	7000.0338101	6999.8782813	1.1998399	-0.8800000	0.0105775	0.2742710	0.1080389	0.0000000	0.0000000
7000.6209600	7000.0338101	6999.8782813	1.1801594	-0.8800000	0.0085774	0.2746968	0.1106161	0.0000000	0.0000000
7000.6209600	7000.0338101	6999.8782813	1.1601454	-0.8800000	0.0236088	0.2749600	0.1192926	0.0000000	0.0000000
7000.6209600	7000.0338101	6999.8782813	1.1401314	-0.8800000	0.0273347	0.2688989	0.1184458	0.0000000	0.0000000
7000.6209600	7000.0338101	6999.8782813	1.1201174	-0.8800000	0.0234734	0.2728083	0.1233202	0.0000000	0.0000000
7000.6209600	7000.0338101	6999.8782813	1.1001034	-0.8800000	0.0176978	0.2729028	0.1189904	0.0000000	0.0000000
7000.6209600	7000.0338101	6999.8782813	1.0800894	-0.8800000	0.0114504	0.2701952	0.1219160	0.0000000	0.0000000
7000.6209600	7000.0338101	6999.8782813	1.0600754	-0.8800000	0.0206581	0.2734413	0.1124897	0.0000000	0.0000000
7000.6209600	7000.0338101	6999.8782813	1.0400614	-0.8800000	0.0290848	0.2732087	0.1127233	0.0000000	0.0000000
7000.6209600	7000.0338101	6999.8782813	1.0200474	-0.8800000	0.0199618	0.2719128	0.1142874	0.0000000	0.0000000
7000.6209600	7000.0338101	6999.8782813	1.0000334	-0.8800000	0.0186831	0.2724567	0.1191232	0.0000000	0.0000000
7000.6209600	7000.0338101	6999.8782813	0.9800193	-0.8800000	0.0182445	0.2706493	0.1271130	0.0000000	0.0000000
7000.6209600	7000.0338101	6999.8782813	0.9600053	-0.8800000	0.0284498	0.2724930	0.1130901	0.0000000	0.0000000
7000.6209600	7000.0338101	6999.8782813	0.9399913	-0.8800000	0.0341779	0.2718373	0.1145161	0.0000000	0.0000000
7000.6209600	7000.0338101	6999.8782813	0.9199773	-0.8800000	0.0168849	0.2745801	0.1178215	0.0000000	0.0000000
7000.6209600	7000.0338101	6999.8782813	0.8999633	-0.8800000	0.0148168	0.2737823	0.1231627	0.0000000	0.0000000
7000.6209600	7000.0338101	6999.8782813	0.8799493	-0.8800000	0.0207498	0.2726542	0.1179622	0.0000000	0.0000000
7000.6209600	7000.0338101	6999.8782813	0.8599353	-0.8800000	0.0293268	0.2745769	0.1075465	0.0000000	0.0000000
7000.6209600	7000.0338101	6999.8782813	0.8399213	-0.8800000	0.0339374	0.2733463	0.1144507	0.0000000	0.0000000
7000.6209600	7000.0338101	6999.8782813	0.8199073	-0.8800000	0.0153076	0.2724979	0.1190192	0.0000000	0.0000000
7000.6209600	7000.0338101	6999.8782813	0.7998933	-0.8800000	0.0134309	0.2723130	0.1254734	0.0000000	0.0000000
7000.6209600	7000.0338101	6999.8782813	0.7798792	-0.8800000	0.0299513	0.2726992	0.1228671	0.0000000	0.0000000
7000.6209600	7000.0338101	6999.8782813	0.7598652	-0.8800000	0.0437770	0.2735071	0.1122008	0.0000000	0.0000000
7000.6209600	7000.0338101	6999.8782813	0.7398512	-0.8800000	0.0449342	0.2752935	0.1147153	0.0000000	0.0000000
7000.6209600	7000.0338101	6999.8782813	0.7198372	-0.8800000	0.0168032	0.2758152	0.1132371	0.0000000	0.0000000
7000.6209600	7000.0338101	6999.8782813	0.7001568	-0.8800000	0.0158373	0.2716110	0.1130642	0.0000000	0.0000000
7000.6209600	7000.0338101	6999.8782813	0.6801428	-0.8800000	0.0419567	0.2716764	0.1274265	0.0000000	0.0000000
7000.6209600	7000.0338101	6999.8782813	0.6601288	-0.8800000	0.0606072	0.2721417	0.1217228	0.0000000	0.0000000
7000.6209600	7000.0338101	6999.8782813	0.6401147	-0.8800000	0.0603184	0.2706946	0.1227144	0.0000000	0.0000000
7000.6209600	7000.0338101	6999.8782813	0.6201007	-0.8800000	0.0247229	0.2715679	0.1233060	0.0000000	0.0000000
7000.6209600	7000.0338101	6999.8782813	0.6000867	-0.8800000	0.0237803	0.2741326	0.1222214	0.0000000	0.0000000
7000.6209600	7000.0338101	6999.8782813	0.5800727	-0.8800000	0.0396359	0.2720503	0.1187574	0.0000000	0.0000000
7000.6209600	7000.0338101	6999.8782813	0.5600587	-0.8800000	0.0690051	0.2714476	0.1208344	0.0000000	0.0000000
7000.6209600	7000.0338101	6999.8782813	0.5400447	-0.8800000	0.0677401	0.2713596	0.1187181	0.0000000	0.0000000
7000.6209600	7000.0338101	6999.8782813	0.5200307	-0.8800000	0.0338972	0.2704685	0.1228749	0.0000000	0.0000000
7000.6209600	7000.0338101	6999.8782813	0.5000167	-0.8800000	0.0467593	0.2723011	0.1275895	0.0000000	0.0000000
7000.6209600	7000.0338101	6999.8782813	0.4800027	-0.8800000	0.0518722	0.2713892	0.1165823	0.0000000	0.0000000
7000.6209600	7000.0338101	6999.8782813	0.4599887	-0.8800000	0.0809052	0.2716674	0.1196346	0.0000000	0.0000000
7000.6209600	7000.0338101	6999.8782813	0.4399746	-0.8800000	0.0741576	0.2748813	0.1119272	0.0000000	0.0000000
7000.6209600	7000.0338101	6999.8782813	0.4199606	-0.8800000	0.0393961	0.2740582	0.1140975	0.0000000	0.0000000
7000.6209600	7000.0338101	6999.8782813	0.3999466	-0.8800000	0.0487402	0.2729310	0.1141239	0.0000000	0.0000000
7000.6209600	7000.0338101	6999.8782813	0.3799326	-0.8800000	0.0825962	0.2745725	0.1141760	0.0000000	0.0000000
7000.6209600	7000.0338101	6999.8782813	0.3599186	-0.8800000	0.1054514	0.2753981	0.1157526	0.0000000	0.0000000
7000.6209600	7000.0338101	6999.8782813	0.3399046	-0.8800000	0.0944840	0.2745026	0.1139791	0.0000000	0.0000000
7000.6209600	7000.0338101	6999.8782813	0.3198906	-0.8800000	0.0472986	0.2783536	0.1106821	0.0000000	0.0000000
7000.6209600	7000.0338101	6999.8782813	0.2998766	-0.8800000	0.0597592	0.2717805	0.1174281	0.0000000	0.0000000
7000.6209600	7000.0338101	6999.8782813	0.2798626	-0.8800000	0.1008137	0.2697145	0.1230853	0.0000000	0.0000000
7000.6209600	7000.0338101	6999.8782813	0.2598486	-0.8800000	0.1155382	0.2715519	0.1166315	0.0000000	0.0000000
7000.6209600	7000.0338101	6999.8782813	0.2398346	-0.8800000	0.1158737	0.2723635	0.1190549	0.0000000	0.0000000
7000.6209600	7000.0338101	6999.8782813	0.2201541	-0.8800000	0.0632272	0.2745106	0.1101052	0.0000000	0.0000000
7000.6209600	7000.0338101	6999.8782813	0.2001401	-0.8800000	0.0740063	0.2716230	0.1144364	0.0000000	0.0000000
7000.6209600	7000.0338101	6999.8782813	0.1801261	-0.8800000	0.0912134	0.2739739	0.1085718	0.0000000	0.0000000
7000.6209600	7000.0338101	6999.8782813	0.1601121	-0.8800000	0.1341552	0.2687688	0.1221848	0.0000000	0.0000000
7000.6209600	7000.0338101	6999.8782813	0.1400981	-0.8800000	0.1318585	0.2713080	0.1186455	0.0000000	0.0000000
7000.6209600	7000.0338101	6999.8782813	0.1200841	-0.8800000	0.0840054	0.2726348	0.1110996	0.0000000	0.0000000
7000.6209600	7000.0338101	6999.8782813	0.1000700	-0.8800000	0.0980752	0.2712397	0.1187471	0.0000000	0.0000000
7000.6209600	7000.0338101	6999.8782813	0.0800560	-0.8800000	0.1328865	0.2734651	0.1133544	0.0000000	0.0000000
7000.6209600	7000.0338101	6999.8782813	0.0600420	-0.8800000	0.1496221	0.2683558	0.1173750	0.0000000	0.0000000
7000.6209600	7000.0338101	6999.8782813	0.0400280	-0.8800000	0.1650762	0.2696025	0.1210586	0.0000000	0.0000000
7000.6209600	7000.0338101	6999.8782813	0.0200140	-0.8800000	0.1124673	0.2696299	0.1203237	0.0000000	0.0000000
7000.6209600	7000.0338101	6999.8782813	0.0000000	-0.8800000	0.1147980	0.2751810	0.1135212	0.0000000	0.0000000
