7000.6209600	7000.0338101	6999.8782813	3.0001001	-1.0000334	0.0083547	0.2694778	0.1207549	0.0000000	-1.0000000
7000.6209600	7000.0338101	6999.8782813	2.9800861	-1.0000000	0.0072438	0.2684988	0.1218961	0.0000000	0.0000000
7000.6209600	7000.0338101	6999.8782813	2.9600721	-1.0000000	0.0059025	0.2732244	0.1110569	0.0000000	0.0000000
7000.6209600	7000.0338101	6999.8782813	2.9400580	-1.0000000	0.0057083	0.2728247	0.1107583	0.0000000	0.0000000
7000.6209600	7000.0338101	6999.8782813	2.9200440	-1.0000000	0.0073063	0.2693531	0.1168282	0.0000000	0.0000000
7000.6209600	7000.0338101	6999.8782813	2.9000300	-1.0000000	0.0069630	0.2702681	0.1140721	0.0000000	0.0000000
7000.6209600	7000.0338101	6999.8782813	2.8800160	-1.0000000	0.0062655	0.2703688	0.1157240	0.0000000	0.0000000
7000.6209600	7000.0338101	6999.8782813	2.8600020	-1.0000000	0.0064738	0.2699275	0.1199000	0.0000000	0.0000000
7000.6209600	7000.0338101	6999.8782813	2.8399880	-1.0000000	0.0075815	0.2695417	0.1187531	0.0000000	0.0000000
7000.6209600	7000.0338101	6999.8782813	2.8199740	-1.0000000	0.0071736	0.2723800	0.1149404	0.0000000	0.0000000
7000.6209600	7000.0338101	6999.8782813	2.7999600	-1.0000000	0.0065344	0.2717723	0.1140579	0.0000000	0.0000000
7000.6209600	7000.0338101	6999.8782813	2.7799460	-1.0000000	0.0081206	0.2692838	0.1249786	0.0000000	0.0000000
7000.6209600	7000.0338101	6999.8782813	2.7599320	-1.0000000	0.0084677	0.2676125	0.1226696	0.0000000	0.0000000
7000.6209600	7000.0338101	6999.8782813	2.7399179	-1.0000000	0.0056680	0.2718054	0.1105258	0.0000000	0.0000000
7000.6209600	7000.0338101	6999.8782813	2.7199039	-1.0000000	0.0064432	0.2711116	0.1107964	0.0000000	0.0000000
7000.6209600	7000.0338101	6999.8782813	2.6998899	-1.0000000	0.0071044	0.2728634	0.1113402	0.0000000	0.0000000
7000.6209600	7000.0338101	6999.8782813	2.6798759	-1.0000000	0.0067550	0.2710697	0.1192139	0.0000000	0.0000000
7000.6209600	7000.0338101	6999.8782813	2.6598619	-1.0000000	0.0073280	0.2721207	0.1183231	0.0000000	0.0000000
7000.6209600	7000.0338101	6999.8782813	2.6398479	-1.0000000	0.0092178	0.2675699	0.1236184	0.0000000	0.0000000
7000.6209600	7000.0338101	6999.8782813	2.6198339	-1.0000000	0.0079485	0.2709456	0.1225470	0.0000000	0.0000000
7000.6209600	7000.0338101	6999.8782813	2.6001534	-1.0000000	0.0065131	0.2681599	0.1196934	0.0000000	0.0000000
7000.6209600	7000.0338101	6999.8782813	2.5801394	-1.0000000	0.0061906	0.2699740	0.1174270	0.0000000	0.0000000
7000.6209600	7000.0338101	6999.8782813	2.5601254	-1.0000000	0.0067341	0.2687781	0.1168245	0.0000000	0.0000000
7000.6209600	7000.0338101	6999.8782813	2.5401114	-1.0000000	0.0084065	0.2685424	0.1198922	0.0000000	0.0000000
7000.6209600	7000.0338101	6999.8782813	2.5200974	-1.0000000	0.0072667	0.2719148	0.1149310	0.0000000	0.0000000
7000.6209600	7000.0338101	6999.8782813	2.5000834	-1.0000000	0.0058088	0.2724542	0.1124156	0.0000000	0.0000000
7000.6209600	7000.0338101	6999.8782813	2.4800694	-1.0000000	0.0093159	0.2692368	0.1236564	0.0000000	0.0000000
7000.6209600	7000.0338101	6999.8782813	2.4600554	-1.0000000	0.0094518	0.2686688	0.1241057	0.0000000	0.0000000
7000.6209600	7000.0338101	6999.8782813	2.4400414	-1.0000000	0.0072761	0.2677582	0.1186029	0.0000000	0.0000000
7000.6209600	7000.0338101	6999.8782813	2.4200274	-1.0000000	0.0091125	0.2670825	0.1254778	0.0000000	0.0000000
7000.6209600	7000.0338101	6999.8782813	2.4000133	-1.0000000	0.0073263	0.2716104	0.1180261	0.0000000	0.0000000
7000.6209600	7000.0338101	6999.8782813	2.3799993	-1.0000000	0.0081953	0.2688489	0.1222813	0.0000000	0.0000000
7000.6209600	7000.0338101	6999.8782813	2.3599853	-1.0000000	0.0080829	0.2726729	0.1156276	0.0000000	0.0000000
7000.6209600	7000.0338101	6999.8782813	2.3399713	-1.0000000	0.0093658	0.2690322	0.1221820	0.0000000	0.0000000
7000.6209600	7000.0338101	6999.8782813	2.3199573	-1.0000000	0.0079612	0.2689554	0.1190187	0.0000000	0.0000000
7000.6209600	7000.0338101	6999.8782813	2.2999433	-1.0000000	0.0066360	0.2721285	0.1106681	0.0000000	0.0000000
7000.6209600	7000.0338101	6999.8782813	2.2799293	-1.0000000	0.0073746	0.2707734	0.1176478	0.0000000	0.0000000
7000.6209600	7000.0338101	6999.8782813	2.2599153	-1.0000000	0.0053640	0.2704946	0.1085020	0.0000000	0.0000000
7000.6209600	7000.0338101	6999.8782813	2.2399013	-1.0000000	0.0073331	0.2684109	0.1194132	0.0000000	0.0000000
7000.6209600	7000.0338101	6999.8782813	2.2198873	-1.0000000	0.0075935	0.2699230	0.1216573	0.0000000	0.0000000
7000.6209600	7000.0338101	6999.8782813	2.1998732	-1.0000000	0.0073022	0.2734849	0.1114214	0.0000000	0.0000000
7000.6209600	7000.0338101	6999.8782813	2.1798592	-1.0000000	0.0067551	0.2750267	0.1108582	0.0000000	0.0000000
7000.6209600	7000.0338101	6999.8782813	2.1598452	-1.0000000	0.0069797	0.2702252	0.1172852	0.0000000	0.0000000
7000.6209600	7000.0338101	6999.8782813	2.1401648	-1.0000000	0.0051410	0.2752484	0.1058284	0.0000000	0.0000000
7000.6209600	7000.0338101	6999.8782813	2.1201508	-1.0000000	0.0086204	0.2684958	0.1213790	0.0000000	0.0000000
7000.6209600	7000.0338101	6999.8782813	2.1001368	-1.0000000	0.0063988	0.2692849	0.1109750	0.0000000	0.0000000
7000.6209600	7000.0338101	6999.8782813	2.0801228	-1.0000000	0.0073516	0.2683494	0.1159480	0.0000000	0.0000000
7000.6209600	7000.0338101	6999.8782813	2.0601087	-1.0000000	0.0088679	0.2713792	0.1203777	0.0000000	0.0000000
7000.6209600	7000.0338101	6999.8782813	2.0400947	-1.0000000	0.0070128	0.2716404	0.1150542	0.0000000	0.0000000
7000.6209600	7000.0338101	6999.8782813	2.0200807	-1.0000000	0.0071971	0.2693727	0.1196915	0.0000000	0.0000000
7000.6209600	7000.0338101	6999.8782813	2.0000667	-1.0000000	0.0049338	0.2722300	0.1081289	0.0000000	0.0000000
7000.6209600	7000.0338101	6999.8782813	1.9800527	-1.0000000	0.0051749	0.2723053	0.1115760	0.0000000	0.0000000
7000.6209600	7000.0338101	6999.8782813	1.9600387	-1.0000000	0.0081422	0.2683363	0.1192009	0.0000000	0.0000000
7000.6209600	7000.0338101	6999.8782813	1.9400247	-1.0000000	0.0101970	0.2731946	0.1159106	0.0000000	0.0000000
7000.6209600	7000.0338101	6999.8782813	1.9200107	-1.0000000	0.0084772	0.2668781	0.1228429	0.0000000	0.0000000
7000.6209600	7000.0338101	6999.8782813	1.8999967	-1.0000000	0.0058691	0.2690912	0.1186666	0.0000000	0.0000000
7000.6209600	7000.0338101	6999.8782813	1.8799827	-1.0000000	0.0045540	0.2726888	0.1051139	0.0000000	0.0000000
7000.6209600	7000.0338101	6999.8782813	1.8599686	-1.0000000	0.0089504	0.2706147	0.1180260	0.0000000	0.0000000
7000.6209600	7000.0338101	6999.8782813	1.8399546	-1.0000000	0.0111672	0.2707748	0.1184777	0.0000000	0.0000000
7000.6209600	7000.0338101	6999.8782813	1.8199406	-1.0000000	0.0069602	0.2736080	0.1129545	0.0000000	0.0000000
7000.6209600	7000.0338101	6999.8782813	1.7999266	-1.0000000	0.0056771	0.2720955	0.1134977	0.0000000	0.0000000
7000.6209600	7000.0338101	6999.8782813	1.7799126	-1.0000000	0.0047782	0.2725806	0.1083450	0.0000000	0.0000000
7000.6209600	7000.0338101	6999.8782813	1.7598986	-1.0000000	0.0064564	0.2693446	0.1123578	0.0000000	0.0000000
7000.6209600	7000.0338101	6999.8782813	1.7398846	-1.0000000	0.0093513	0.2700997	0.1176738	0.0000000	0.0000000
7000.6209600	7000.0338101	6999.8782813	1.7198706	-1.0000000	0.0087341	0.2688583	0.1220396	0.0000000	0.0000000
7000.6209600	7000.0338101	6999.8782813	1.6998566	-1.0000000	0.0060548	0.2690675	0.1157949	0.0000000	0.0000000
7000.6209600	7000.0338101	6999.8782813	1.6798426	-1.0000000	0.0054827	0.2689845	0.1144513	0.0000000	0.0000000
7000.6209600	7000.0338101	6999.8782813	1.6601621	-1.0000000	0.0068248	0.2693398	0.1132191	0.0000000	0.0000000
7000.6209600	7000.0338101	6999.8782813	1.6401481	-1.0000000	0.0075739	0.2716964	0.1096934	0.0000000	0.0000000
7000.6209600	7000.0338101	6999.8782813	1.6201341	-1.0000000	0.0086943	0.2712155	0.1194492	0.0000000	0.0000000
7000.6209600	7000.0338101	6999.8782813	1.6001201	-1.0000000	0.0059253	0.2700166	0.1119730	0.0000000	0.0000000
7000.6209600	7000.0338101	6999.8782813	1.5801061	-1.0000000	0.0034226	0.2723538	0.1101793	0.0000000	0.0000000
7000.6209600	7000.0338101	6999.8782813	1.5600921	-1.0000000	0.0053463	0.2722858	0.1064059	0.0000000	0.0000000
7000.6209600	7000.0338101	6999.8782813	1.5400781	-1.0000000	0.0108518	0.2693077	0.1217473	0.0000000	0.0000000
7000.6209600	7000.0338101	6999.8782813	1.5200640	-1.0000000	0.0104724	0.2694719	0.1202778	0.0000000	0.0000000
7000.6209600	7000.0338101	6999.8782813	1.5000500	-1.0000000	0.0095662	0.2687239	0.1223910	0.0000000	0.0000000
7000.6209600	7000.0338101	6999.8782813	1.4800360	-1.0000000	0.0053416	0.2705952	0.1209083	0.0000000	0.0000000
7000.6209600	7000.0338101	6999.8782813	1.4600220	-1.0000000	0.0087653	0.2696296	0.1255027	0.0000000	0.0000000
7000.6209600	7000.0338101	6999.8782813	1.4400080	-1.0000000	0.0084148	0.2703610	0.1189291	0.0000000	0.0000000
7000.6209600	7000.0338101	6999.8782813	1.4199940	-1.0000000	0.0130621	0.2697186	0.1190239	0.0000000	0.0000000
7000.6209600	7000.0338101	6999.8782813	1.3999800	-1.0000000	0.0107109	0.2733446	0.1137681	0.0000000	0.0000000
7000.6209600	7000.0338101	6999.8782813	1.3799660	-1.0000000	0.0043009	0.2705168	0.1178721	0.0000000	0.0000000
7000.6209600	7000.0338101	6999.8782813	1.3599520	-1.0000000	0.0074113	0.2689755	0.1226895	0.0000000	0.0000000
7000.6209600	7000.0338101	6999.8782813	1.3399380	-1.0000000	0.0079342	0.2713500	0.1135756	0.0000000	0.0000000
7000.6209600	7000.0338101	6999.8782813	1.3199239	-1.0000000	0.0150743	0.2707963	0.1225522	0.0000000	0.0000000
7000.6209600	7000.0338101	6999.8782813	1.2999099	-1.0000000	0.0135132	0.2727885	0.1226116	0.0000000	0.0000000
7000.6209600	7000.0338101	6999.8782813	1.2798959	-1.0000000	0.0053673	0.2681210	0.1219683	0.0000000	0.0000000
7000.6209600	7000.0338101	6999.8782813	1.2598819	-1.0000000	0.0039921	0.2720048	0.1140353	0.0000000	0.0000000
7000.6209600	7000.0338101	6999.8782813	1.2398679	-1.0000000	0.0116785	0.2704343	0.1233627	0.0000000	0.0000000
7000.6209600	7000.0338101	6999.8782813	1.2198539	-1.0000000	0.0133787	0.2714775	0.1184971	0.0000000	0.0000000
7000.6209600	7000.0338101	6999.8782813	1.1998399	-1.0000000	0.0092001	0.2732963	0.1167819	0.0000000	0.0000000
7000.6209600	7000.0338101	6999.8782813	1.1801594	-1.0000000	0.0062888	0.2689363	0.1232894	0.0000000	0.0000000
7000.6209600	7000.0338101	6999.8782813	1.1601454	-1.0000000	0.0066998	0.2709708	0.1264628	0.0000000	0.0000000
7000.6209600	7000.0338101	6999.8782813	1.1401314	-1.0000000	0.0083627	0.2703505	0.1204518	0.0000000	0.0000000
7000.6209600	7000.0338101	6999.8782813	1.1201174	-1.0000000	0.0175637	0.2708661	0.1232047	0.0000000	0.0000000
7000.6209600	7000.0338101	6999.8782813	1.1001034	-1.0000000	0.0120140	0.2717030	0.1185978	0.0000000	0.0000000
7000.6209600	7000.0338101	6999.8782813	1.0800894	-1.0000000	0.0037187	0.2712568	0.1191693	0.0000000	0.0000000
7000.6209600	7000.0338101	6999.8782813	1.0600754	-1.0000000	0.0062891	0.2688398	0.1227075	0.0000000	0.0000000
7000.6209600	7000.0338101	6999.8782813	1.0400614	-1.0000000	0.0107399	0.2698752	0.1224381	0.0000000	0.0000000
7000.6209600	7000.0338101	6999.8782813	1.0200474	-1.0000000	0.0147906	0.2686799	0.1214700	0.0000000	0.0000000
7000.6209600	7000.0338101	6999.8782813	1.0000334	-1.0000000	0.0137999	0.2724452	0.1198049	0.0000000	0.0000000
7000.6209600	7000.0338101	6999.8782813	0.9800193	-1.0000000	0.0044297	0.2724507	0.1218716	0.0000000	0.0000000
7000.6209600	7000.0338101	6999.8782813	0.9600053	-1.0000000	0.0104836	0.2707114	0.1259115	0.0000000	0.0000000
7000.6209600	7000.0338101	6999.8782813	0.9399913	-1.0000000	0.0133356	0.2715103	0.1224060	0.0000000	0.0000000
7000.6209600	7000.0338101	6999.8782813	0.9199773	-1.0000000	0.0180699	0.2717607	0.1235476	0.0000000	0.0000000
7000.6209600	7000.0338101	6999.8782813	0.8999633	-1.0000000	0.0103296	0.2751129	0.1126740	0.0000000	0.0000000
7000.6209600	7000.0338101	6999.8782813	0.8799493	-1.0000000	0.0045975	0.2701754	0.1244354	0.0000000	0.0000000
7000.6209600	7000.0338101	6999.8782813	0.8599353	-1.0000000	0.0100039	0.2708580	0.1138276	0.0000000	0.0000000
7000.6209600	7000.0338101	6999.8782813	0.8399213	-1.0000000	0.0168474	0.2707900	0.1159999	0.0000000	0.0000000
7000.6209600	7000.0338101	6999.8782813	0.8199073	-1.0000000	0.0128385	0.2703625	0.1139957	0.0000000	0.0000000
7000.6209600	7000.0338101	6999.8782813	0.7998933	-1.0000000	0.0112040	0.2721642	0.1239613	0.0000000	0.0000000
7000.6209600	7000.0338101	6999.8782813	0.7798792	-1.0000000	0.0052960	0.2712898	0.1221592	0.0000000	0.0000000
7000.6209600	7000.0338101	6999.8782813	0.7598652	-1.0000000	0.0161776	0.2704292	0.1202279	0.0000000	0.0000000
7000.6209600	7000.0338101	6999.8782813	0.7398512	-1.0000000	0.0278336	0.2704901	0.1245426	0.0000000	0.0000000
7000.6209600	7000.0338101	6999.8782813	0.7198372	-1.0000000	0.0099962	0.2708518	0.1142614	0.0000000	0.0000000
7000.6209600	7000.0338101	6999.8782813	0.7001568	-1.0000000	0.0138602	0.2707172	0.1201543	0.0000000	0.0000000
7000.6209600	7000.0338101	6999.8782813	0.6801428	-1.0000000	0.0037240	0.2726433	0.1127246	0.0000000	0.0000000
7000.6209600	7000.0338101	6999.8782813	0.6601288	-1.0000000	0.0225869	0.2705371	0.1211990	0.0000000	0.0000000
7000.6209600	7000.0338101	6999.8782813	0.6401147	-1.0000000	0.0276127	0.2716740	0.1170994	0.0000000	0.0000000
7000.6209600	7000.0338101	6999.8782813	0.6201007	-1.0000000	0.0168590	0.2705759	0.1184882	0.0000000	0.0000000
7000.6209600	7000.0338101	6999.8782813	0.6000867	-1.0000000	0.0175494	0.2725579	0.1111274	0.0000000	0.0000000
7000.6209600	7000.0338101	6999.8782813	0.5800727	-1.0000000	0.0084716	0.2712882	0.1147166	0.0000000	0.0000000
7000.6209600	7000.0338101	6999.8782813	0.5600587	-1.0000000	0.0306311	0.2738838	0.1235289	0.0000000	0.0000000
7000.6209600	7000.0338101	6999.8782813	0.5400447	-1.0000000	0.0328317	0.2715413	0.1158573	0.0000000	0.0000000
7000.6209600	7000.0338101	6999.8782813	0.5200307	-1.0000000	0.0252222	0.2710199	0.1207515	0.0000000	0.0000000
7000.6209600	7000.0338101	6999.8782813	0.5000167	-1.0000000	0.0167135	0.2711268	0.1120365	0.0000000	0.0000000
7000.6209600	7000.0338101	6999.8782813	0.4800027	-1.0000000	0.0102084	0.2708849	0.1120999	0.0000000	0.0000000
7000.6209600	7000.0338101	6999.8782813	0.4599887	-1.0000000	0.0385201	0.2706824	0.1188796	0.0000000	0.0000000
7000.6209600	7000.0338101	6999.8782813	0.4399746	-1.0000000	0.0474241	0.2719259	0.1162301	0.0000000	0.0000000
7000.6209600	7000.0338101	6999.8782813	0.4199606	-1.0000000	0.0302040	0.2722617	0.1116884	0.0000000	0.0000000
7000.6209600	7000.0338101	6999.8782813	0.3999466	-1.0000000	0.0236261	0.2720891	0.1134902	0.0000000	0.0000000
7000.6209600	7000.0338101	6999.8782813	0.3799326	-1.0000000	0.0182759	0.2725548	0.1159690	0.0000000	0.0000000
7000.6209600	7000.0338101	6999.8782813	0.3599186	-1.0000000	0.0551906	0.2720520	0.1194489	0.0000000	0.0000000
7000.6209600	7000.0338101	6999.8782813	0.3399046	-1.0000000	0.0606901	0.2700004	0.1140035	0.0000000	0.0000000
7000.6209600	7000.0338101	6999.8782813	0.3198906	-1.0000000	0.0364390	0.2689688	0.1174536	0.0000000	0.0000000
7000.6209600	7000.0338101	6999.8782813	0.2998766	-1.0000000	0.0318331	0.2710614	0.1181282	0.0000000	0.0000000
7000.6209600	7000.0338101	6999.8782813	0.2798626	-1.0000000	0.0403538	0.2712512	0.1136476	0.0000000	0.0000000
7000.6209600	7000.0338101	6999.8782813	0.2598486	-1.0000000	0.0800562	0.2699548	0.1223401	0.0000000	0.0000000
7000.6209600	7000.0338101	6999.8782813	0.2398346	-1.0000000	0.0799305	0.2691322	0.1205897	0.0000000	0.0000000
7000.6209600	7000.0338101	6999.8782813	0.2201541	-1.0000000	0.0475414	0.2700156	0.1214736	0.0000000	0.0000000
7000.6209600	7000.0338101	6999.8782813	0.2001401	-1.0000000	0.0475793	0.2714771	0.1177489	0.0000000	0.0000000
7000.6209600	7000.0338101	6999.8782813	0.1801261	-1.0000000	0.0620476	0.2701448	0.1249447	0.0000000	0.0000000
7000.6209600	7000.0338101	6999.8782813	0.1601121	-1.0000000	0.0939025	0.2726641	0.1182235	0.0000000	0.0000000
7000.6209600	7000.0338101	6999.8782813	0.1400981	-1.0000000	0.0890498	0.2727596	0.1115331	0.0000000	0.0000000
7000.6209600	7000.0338101	6999.8782813	0.1200841	-1.0000000	0.0621470	0.2726442	0.1134308	0.0000000	0.0000000
7000.6209600	7000.0338101	6999.8782813	0.1000700	-1.0000000	0.0697606	0.2720829	0.1163004	0.0000000	0.0000000
7000.6209600	7000.0338101	6999.8782813	0.0800560	-1.0000000	0.0774940	0.2699918	0.1267477	0.0000000	0.0000000
7000.6209600	7000.0338101	6999.8782813	0.0600420	-1.0000000	0.1208131	0.2721771	0.1225125	0.0000000	0.0000000
7000.6209600	7000.0338101	6999.8782813	0.0400280	-1.0000000	0.1138320	0.2748595	0.1137965	0.0000000	0.0000000
7000.6209600	7000.0338101	6999.8782813	0.0200140	-1.0000000	0.0931945	0.2723534	0.1187147	0.0000000	0.0000000
7000.6209600	7000.0338101	6999.8782813	0.0000000	-1.0000000	0.0870836	0.2710667	0.1195266	0.0000000	0.0000000
