7000.6209600	7000.0338101	6999.8782813	3.0001001	0.3399046	0.2664789	0.2825232	0.1325874	0.0000000	0.3400000
7000.6209600	7000.0338101	6999.8782813	2.9800861	0.3400000	0.2503593	0.2814087	0.1283289	0.0000000	0.0000000
7000.6209600	7000.0338101	6999.8782813	2.9600721	0.3400000	0.2566276	0.2800992	0.1296893	0.0000000	0.0000000
7000.6209600	7000.0338101	6999.8782813	2.9400580	0.3400000	0.2479623	0.2793829	0.1262061	0.0000000	0.0000000
7000.6209600	7000.0338101	6999.8782813	2.9200440	0.3400000	0.2472048	0.2855577	0.1277601	0.0000000	0.0000000
7000.6209600	7000.0338101	6999.8782813	2.9000300	0.3400000	0.2493628	0.2802595	0.1284861	0.0000000	0.0000000
7000.6209600	7000.0338101	6999.8782813	2.8800160	0.3400000	0.2378726	0.2790696	0.1282841	0.0000000	0.0000000
7000.6209600	7000.0338101	6999.8782813	2.8600020	0.3400000	0.2367684	0.2790719	0.1267759	0.0000000	0.0000000
7000.6209600	7000.0338101	6999.8782813	2.8399880	0.3400000	0.2507405	0.2811200	0.1284679	0.0000000	0.0000000
7000.6209600	7000.0338101	6999.8782813	2.8199740	0.3400000	0.2693295	0.2820408	0.1304583	0.0000000	0.0000000
7000.6209600	7000.0338101	6999.8782813	2.7999600	0.3400000	0.2483943	0.2812196	0.1286345	0.0000000	0.0000000
7000.6209600	7000.0338101	6999.8782813	2.7799460	0.3400000	0.2616525	0.2818069	0.1320739	0.0000000	0.0000000
7000.6209600	7000.0338101	6999.8782813	2.7599320	0.3400000	0.2560482	0.2822722	0.1324845	0.0000000	0.0000000
7000.6209600	7000.0338101	6999.8782813	2.7399179	0.3400000	0.2613816	0.2811260	0.1303345	0.0000000	0.0000000
7000.6209600	7000.0338101	6999.8782813	2.7199039	0.3400000	0.2611649	0.2804486	0.1314388	0.0000000	0.0000000
7000.6209600	7000.0338101	6999.8782813	2.6998899	0.3400000	0.2510349	0.2828932	0.1289486	0.0000000	0.0000000
7000.6209600	7000.0338101	6999.8782813	2.6798759	0.3400000	0.2412985	0.2814738	0.1285927	0.0000000	0.0000000
7000.6209600	7000.0338101	6999.8782813	2.6598619	0.3400000	0.2428831	0.2808477	0.1276034	0.0000000	0.0000000
7000.6209600	7000.0338101	6999.8782813	2.6398479	0.3400000	0.2497018	0.2819120	0.1283269	0.0000000	0.0000000
7000.6209600	7000.0338101	6999.8782813	2.6198339	0.3400000	0.2554341	0.2825031	0.1301676	0.0000000	0.0000000
7000.6209600	7000.0338101	6999.8782813	2.6001534	0.3400000	0.2595782	0.2817274	0.1310038	0.0000000	0.0000000
7000.6209600	7000.0338101	6999.8782813	2.5801394	0.3400000	0.2645012	0.2873849	0.1314452	0.0000000	0.0000000
7000.6209600	7000.0338101	6999.8782813	2.5601254	0.3400000	0.2486115	0.2801819	0.1305941	0.0000000	0.0000000
7000.6209600	7000.0338101	6999.8782813	2.5401114	0.3400000	0.2693590	0.2821708	0.1332955	0.0000000	0.0000000
7000.6209600	7000.0338101	6999.8782813	2.5200974	0.3400000	0.2479111	0.2816232	0.1292942	0.0000000	0.0000000
7000.6209600	7000.0338101	6999.8782813	2.5000834	0.3400000	0.2486156	0.2836455	0.1299733	0.0000000	0.0000000
7000.6209600	7000.0338101	6999.8782813	2.4800694	0.3400000	0.2565854	0.2858367	0.1301675	0.0000000	0.0000000
7000.6209600	7000.0338101	6999.8782813	2.4600554	0.3400000	0.2388802	0.2809792	0.1284883	0.0000000	0.0000000
7000.6209600	7000.0338101	6999.8782813	2.4400414	0.3400000	0.2604303	0.2818997	0.1315325	0.0000000	0.0000000
7000.6209600	7000.0338101	6999.8782813	2.4200274	0.3400000	0.2528981	0.2831638	0.1303558	0.0000000	0.0000000
7000.6209600	7000.0338101	6999.8782813	2.4000133	0.3400000	0.2400330	0.2839783	0.1286497	0.0000000	0.0000000
7000.6209600	7000.0338101	6999.8782813	2.3799993	0.3400000	0.2709125	0.2862209	0.1318922	0.0000000	0.0000000
7000.6209600	7000.0338101	6999.8782813	2.3599853	0.3400000	0.2631259	0.2818209	0.1322388	0.0000000	0.0000000
7000.6209600	7000.0338101	6999.8782813	2.3399713	0.3400000	0.2503539	0.2801891	0.1292323	0.0000000	0.0000000
7000.6209600	7000.0338101	6999.8782813	2.3199573	0.3400000	0.2489198	0.2801183	0.1282808	0.0000000	0.0000000
7000.6209600	7000.0338101	6999.8782813	2.2999433	0.3400000	0.2519606	0.2814320	0.1288430	0.0000000	0.0000000
7000.6209600	7000.0338101	6999.8782813	2.2799293	0.3400000	0.2432863	0.2776650	0.1280830	0.0000000	0.0000000
7000.6209600	7000.0338101	6999.8782813	2.2599153	0.3400000	0.2332329	0.2811294	0.1274723	0.0000000	0.0000000
7000.6209600	7000.0338101	6999.8782813	2.2399013	0.3400000	0.2452778	0.2817562	0.1272042	0.0000000	0.0000000
7000.6209600	7000.0338101	6999.8782813	2.2198873	0.3400000	0.2766112	0.2824369	0.1333049	0.0000000	0.0000000
7000.6209600	7000.0338101	6999.8782813	2.1998732	0.3400000	0.2577958	0.2808488	0.1300713	0.0000000	0.0000000
7000.6209600	7000.0338101	6999.8782813	2.1798592	0.3400000	0.2491597	0.2833896	0.1280176	0.0000000	0.0000000
7000.6209600	7000.0338101	6999.8782813	2.1598452	0.3400000	0.2433298	0.2810844	0.1274498	0.0000000	0.0000000
7000.6209600	7000.0338101	6999.8782813	2.1401648	0.3400000	0.2688726	0.2816859	0.1295432	0.0000000	0.0000000
7000.6209600	7000.0338101	6999.8782813	2.1201508	0.3400000	0.2696201	0.2821346	0.1325330	0.0000000	0.0000000
7000.6209600	7000.0338101	6999.8782813	2.1001368	0.3400000	0.2302378	0.2783263	0.1270613	0.0000000	0.0000000
7000.6209600	7000.0338101	6999.8782813	2.0801228	0.3400000	0.2390151	0.2816121	0.1274319	0.0000000	0.0000000
7000.6209600	7000.0338101	6999.8782813	2.0601087	0.3400000	0.2558303	0.2808207	0.1286322	0.0000000	0.0000000
7000.6209600	7000.0338101	6999.8782813	2.0400947	0.3400000	0.2610264	0.2808032	0.1298193	0.0000000	0.0000000
7000.6209600	7000.0338101	6999.8782813	2.0200807	0.3400000	0.2752363	0.2842402	0.1316567	0.0000000	0.0000000
7000.6209600	7000.0338101	6999.8782813	2.0000667	0.3400000	0.2763250	0.2838177	0.1336742	0.0000000	0.0000000
7000.6209600	7000.0338101	6999.8782813	1.9800527	0.3400000	0.2639659	0.2849174	0.1282251	0.0000000	0.0000000
7000.6209600	7000.0338101	6999.8782813	1.9600387	0.3400000	0.2789750	0.2814144	0.1313787	0.0000000	0.0000000
7000.6209600	7000.0338101	6999.8782813	1.9400247	0.3400000	0.2722400	0.2798197	0.1289170	0.0000000	0.0000000
7000.6209600	7000.0338101	6999.8782813	1.9200107	0.3400000	0.2585902	0.2809916	0.1298732	0.0000000	0.0000000
7000.6209600	7000.0338101	6999.8782813	1.8999967	0.3400000	0.2533391	0.2807527	0.1298901	0.0000000	0.0000000
7000.6209600	7000.0338101	6999.8782813	1.8799827	0.3400000	0.2429934	0.2790093	0.1253146	0.0000000	0.0000000
7000.6209600	7000.0338101	6999.8782813	1.8599686	0.3400000	0.2621030	0.2798734	0.1288417	0.0000000	0.0000000
7000.6209600	7000.0338101	6999.8782813	1.8399546	0.3400000	0.2731885	0.2827638	0.1311472	0.0000000	0.0000000
7000.6209600	7000.0338101	6999.8782813	1.8199406	0.3400000	0.2695295	0.2803677	0.1311703	0.0000000	0.0000000
7000.6209600	7000.0338101	6999.8782813	1.7999266	0.3400000	0.2586345	0.2811300	0.1288014	0.0000000	0.0000000
7000.6209600	7000.0338101	6999.8782813	1.7799126	0.3400000	0.2529421	0.2787052	0.1282059	0.0000000	0.0000000
7000.6209600	7000.0338101	6999.8782813	1.7598986	0.3400000	0.2599651	0.2786068	0.1270931	0.0000000	0.0000000
7000.6209600	7000.0338101	6999.8782813	1.7398846	0.3400000	0.2683611	0.2783584	0.1271643	0.0000000	0.0000000
7000.6209600	7000.0338101	6999.8782813	1.7198706	0.3400000	0.2535540	0.2805254	0.1276316	0.0000000	0.0000000
7000.6209600	7000.0338101	6999.8782813	1.6998566	0.3400000	0.2495842	0.2805491	0.1276056	0.0000000	0.0000000
7000.6209600	7000.0338101	6999.8782813	1.6798426	0.3400000	0.2609974	0.2809034	0.1317404	0.0000000	0.0000000
7000.6209600	7000.0338101	6999.8782813	1.6601621	0.3400000	0.2652190	0.2802858	0.1262852	0.0000000	0.0000000
7000.6209600	7000.0338101	6999.8782813	1.6401481	0.3400000	0.2707390	0.2787324	0.1258778	0.0000000	0.0000000
7000.6209600	7000.0338101	6999.8782813	1.6201341	0.3400000	0.2575582	0.2803420	0.1271479	0.0000000	0.0000000
7000.6209600	7000.0338101	6999.8782813	1.6001201	0.3400000	0.2614225	0.2809764	0.1269692	0.0000000	0.0000000
7000.6209600	7000.0338101	6999.8782813	1.5801061	0.3400000	0.2584629	0.2790255	0.1303870	0.0000000	0.0000000
7000.6209600	7000.0338101	6999.8782813	1.5600921	0.3400000	0.2750153	0.2809154	0.1311550	0.0000000	0.0000000
7000.6209600	7000.0338101	6999.8782813	1.5400781	0.3400000	0.3001770	0.2806866	0.1299308	0.0000000	0.0000000
7000.6209600	7000.0338101	6999.8782813	1.5200640	0.3400000	0.2689299	0.2793555	0.1282740	0.0000000	0.0000000
7000.6209600	7000.0338101	6999.8782813	1.5000500	0.3400000	0.2600420	0.2794299	0.1302521	0.0000000	0.0000000
7000.6209600	7000.0338101	6999.8782813	1.4800360	0.3400000	0.2531183	0.2826333	0.1320415	0.0000000	0.0000000
7000.6209600	7000.0338101	6999.8782813	1.4600220	0.3400000	0.2785660	0.2821740	0.1312751	0.0000000	0.0000000
7000.6209600	7000.0338101	6999.8782813	1.4400080	0.3400000	0.2727930	0.2798475	0.1275708	0.0000000	0.0000000
7000.6209600	7000.0338101	6999.8782813	1.4199940	0.3400000	0.2696621	0.2798942	0.1271650	0.0000000	0.0000000
7000.6209600	7000.0338101	6999.8782813	1.3999800	0.3400000	0.2859023	0.2806631	0.1294517	0.0000000	0.0000000
7000.6209600	7000.0338101	6999.8782813	1.3799660	0.3400000	0.2600631	0.2807012	0.1305851	0.0000000	0.0000000
7000.6209600	7000.0338101	6999.8782813	1.3599520	0.3400000	0.2858656	0.2829841	0.1315828	0.0000000	0.0000000
7000.6209600	7000.0338101	6999.8782813	1.3399380	0.3400000	0.2811453	0.2820442	0.1286630	0.0000000	0.0000000
7000.6209600	7000.0338101	6999.8782813	1.3199239	0.3400000	0.3042444	0.2807308	0.1301350	0.0000000	0.0000000
7000.6209600	7000.0338101	6999.8782813	1.2999099	0.3400000	0.2849113	0.2797384	0.1267772	0.0000000	0.0000000
7000.6209600	7000.0338101	6999.8782813	1.2798959	0.3400000	0.2379852	0.2796058	0.1266492	0.0000000	0.0000000
7000.6209600	7000.0338101	6999.8782813	1.2598819	0.3400000	0.2771378	0.2807256	0.1323429	0.0000000	0.0000000
7000.6209600	7000.0338101	6999.8782813	1.2398679	0.3400000	0.2936379	0.2784657	0.1287976	0.0000000	0.0000000
7000.6209600	7000.0338101	6999.8782813	1.2198539	0.3400000	0.3098896	0.2796011	0.1284030	0.0000000	0.0000000
7000.6209600	7000.0338101	6999.8782813	1.1998399	0.3400000	0.2899049	0.2804049	0.1277388	0.0000000	0.0000000
7000.6209600	7000.0338101	6999.8782813	1.1801594	0.3400000	0.2554398	0.2812686	0.1287140	0.0000000	0.0000000
7000.6209600	7000.0338101	6999.8782813	1.1601454	0.3400000	0.2702516	0.2815343	0.1301981	0.0000000	0.0000000
7000.6209600	7000.0338101	6999.8782813	1.1401314	0.3400000	0.2758623	0.2795930	0.1272720	0.0000000	0.0000000
7000.6209600	7000.0338101	6999.8782813	1.1201174	0.3400000	0.2956416	0.2793525	0.1251205	0.0000000	0.0000000
7000.6209600	7000.0338101	6999.8782813	1.1001034	0.3400000	0.3074395	0.2820270	0.1305732	0.0000000	0.0000000
7000.6209600	7000.0338101	6999.8782813	1.0800894	0.3400000	0.2670254	0.2817789	0.1304073	0.0000000	0.0000000
7000.6209600	7000.0338101	6999.8782813	1.0600754	0.3400000	0.2656021	0.2791301	0.1262216	0.0000000	0.0000000
7000.6209600	7000.0338101	6999.8782813	1.0400614	0.3400000	0.2769542	0.2788713	0.1268046	0.0000000	0.0000000
7000.6209600	7000.0338101	6999.8782813	1.0200474	0.3400000	0.3055317	0.2771984	0.1268389	0.0000000	0.0000000
7000.6209600	7000.0338101	6999.8782813	1.0000334	0.3400000	0.2721581	0.2781160	0.1256396	0.0000000	0.0000000
7000.6209600	7000.0338101	6999.8782813	0.9800193	0.3400000	0.2322404	0.2770688	0.1239242	0.0000000	0.0000000
7000.6209600	7000.0338101	6999.8782813	0.9600053	0.3400000	0.2627941	0.2778542	0.1248864	0.0000000	0.0000000
7000.6209600	7000.0338101	6999.8782813	0.9399913	0.3400000	0.3034092	0.2789934	0.1268390	0.0000000	0.0000000
7000.6209600	7000.0338101	6999.8782813	0.9199773	0.3400000	0.3016388	0.2790548	0.1286764	0.0000000	0.0000000
7000.6209600	7000.0338101	6999.8782813	0.8999633	0.3400000	0.2825186	0.2806536	0.1305532	0.0000000	0.0000000
7000.6209600	7000.0338101	6999.8782813	0.8799493	0.3400000	0.2456958	0.2778296	0.1280641	0.0000000	0.0000000
7000.6209600	7000.0338101	6999.8782813	0.8599353	0.3400000	0.2824086	0.2770951	0.1290485	0.0000000	0.0000000
7000.6209600	7000.0338101	6999.8782813	0.8399213	0.3400000	0.3159697	0.2801250	0.1277375	0.0000000	0.0000000
7000.6209600	7000.0338101	6999.8782813	0.8199073	0.3400000	0.2856843	0.2809922	0.1278411	0.0000000	0.0000000
7000.6209600	7000.0338101	6999.8782813	0.7998933	0.3400000	0.2907388	0.2832847	0.1330986	0.0000000	0.0000000
7000.6209600	7000.0338101	6999.8782813	0.7798792	0.3400000	0.2644755	0.2812808	0.1321464	0.0000000	0.0000000
7000.6209600	7000.0338101	6999.8782813	0.7598652	0.3400000	0.2915172	0.2772219	0.1261359	0.0000000	0.0000000
7000.6209600	7000.0338101	6999.8782813	0.7398512	0.3400000	0.3264268	0.2793286	0.1293624	0.0000000	0.0000000
7000.6209600	7000.0338101	6999.8782813	0.7198372	0.3400000	0.2645916	0.2813641	0.1269178	0.0000000	0.0000000
7000.6209600	7000.0338101	6999.8782813	0.7001568	0.3400000	0.2748765	0.2801180	0.1279989	0.0000000	0.0000000
7000.6209600	7000.0338101	6999.8782813	0.6801428	0.3400000	0.2523403	0.2805372	0.1284810	0.0000000	0.0000000
7000.6209600	7000.0338101	6999.8782813	0.6601288	0.3400000	0.3201095	0.2815874	0.1304061	0.0000000	0.0000000
7000.6209600	7000.0338101	6999.8782813	0.6401147	0.3400000	0.3038152	0.2792867	0.1278582	0.0000000	0.0000000
7000.6209600	7000.0338101	6999.8782813	0.6201007	0.3400000	0.2767557	0.2794082	0.1298967	0.0000000	0.0000000
7000.6209600	7000.0338101	6999.8782813	0.6000867	0.3400000	0.2781881	0.2808131	0.1291604	0.0000000	0.0000000
7000.6209600	7000.0338101	6999.8782813	0.5800727	0.3400000	0.2656967	0.2809014	0.1297449	0.0000000	0.0000000
7000.6209600	7000.0338101	6999.8782813	0.5600587	0.3400000	0.2915645	0.2829725	0.1285579	0.0000000	0.0000000
7000.6209600	7000.0338101	6999.8782813	0.5400447	0.3400000	0.3375115	0.2811184	0.1298804	0.0000000	0.0000000
7000.6209600	7000.0338101	6999.8782813	0.5200307	0.3400000	0.2839662	0.2804480	0.1301116	0.0000000	0.0000000
7000.6209600	7000.0338101	6999.8782813	0.5000167	0.3400000	0.2609370	0.2809352	0.1314756	0.0000000	0.0000000
7000.6209600	7000.0338101	6999.8782813	0.4800027	0.3400000	0.2482473	0.2821927	0.1312291	0.0000000	0.0000000
7000.6209600	7000.0338101	6999.8782813	0.4599887	0.3400000	0.3267440	0.2853604	0.1314088	0.0000000	0.0000000
7000.6209600	7000.0338101	6999.8782813	0.4399746	0.3400000	0.3507595	0.2841621	0.1332107	0.0000000	0.0000000
7000.6209600	7000.0338101	6999.8782813	0.4199606	0.3400000	0.2608127	0.2813953	0.1341836	0.0000000	0.0000000
7000.6209600	7000.0338101	6999.8782813	0.3999466	0.3400000	0.2502980	0.2799318	0.1289814	0.0000000	0.0000000
7000.6209600	7000.0338101	6999.8782813	0.3799326	0.3400000	0.2586257	0.2814548	0.1317786	0.0000000	0.0000000
7000.6209600	7000.0338101	6999.8782813	0.3599186	0.3400000	0.3397739	0.2801089	0.1316952	0.0000000	0.0000000
7000.6209600	7000.0338101	6999.8782813	0.3399046	0.3400000	0.3289917	0.2806664	0.1301289	0.0000000	0.0000000
7000.6209600	7000.0338101	6999.8782813	0.3198906	0.3400000	0.2353093	0.2793176	0.1261094	0.0000000	0.0000000
7000.6209600	7000.0338101	6999.8782813	0.2998766	0.3400000	0.2197817	0.2791664	0.1276584	0.0000000	0.0000000
7000.6209600	7000.0338101	6999.8782813	0.2798626	0.3400000	0.2527079	0.2806862	0.1308253	0.0000000	0.0000000
7000.6209600	7000.0338101	6999.8782813	0.2598486	0.3400000	0.3351239	0.2833606	0.1314197	0.0000000	0.0000000
7000.6209600	7000.0338101	6999.8782813	0.2398346	0.3400000	0.3160018	0.2784250	0.1281740	0.0000000	0.0000000
7000.6209600	7000.0338101	6999.8782813	0.2201541	0.3400000	0.2276010	0.2789606	0.1276595	0.0000000	0.0000000
7000.6209600	7000.0338101	6999.8782813	0.2001401	0.3400000	0.2012439	0.2793457	0.1256805	0.0000000	0.0000000
7000.6209600	7000.0338101	6999.8782813	0.1801261	0.3400000	0.2384363	0.2817920	0.1307915	0.0000000	0.0000000
7000.6209600	7000.0338101	6999.8782813	0.1601121	0.3400000	0.2761263	0.2799923	0.1256808	0.0000000	0.0000000
7000.6209600	7000.0338101	6999.8782813	0.1400981	0.3400000	0.2746663	0.2777305	0.1269420	0.0000000	0.0000000
7000.6209600	7000.0338101	6999.8782813	0.1200841	0.3400000	0.1864003	0.2770754	0.1260964	0.0000000	0.0000000
7000.6209600	7000.0338101	6999.8782813	0.1000700	0.3400000	0.1956731	0.2818148	0.1298339	0.0000000	0.0000000
7000.6209600	7000.0338101	6999.8782813	0.0800560	0.3400000	0.2072327	0.2815050	0.1296707	0.0000000	0.0000000
7000.6209600	7000.0338101	6999.8782813	0.0600420	0.3400000	0.2617441	0.2788502	0.1252280	0.0000000	0.0000000
7000.6209600	7000.0338101	6999.8782813	0.0400280	0.3400000	0.2554585	0.2801952	0.1237542	0.0000000	0.0000000
7000.6209600	7000.0338101	6999.8782813	0.0200140	0.3400000	0.1849226	0.2765912	0.1281902	0.0000000	0.0000000
7000.6209600	7000.0338101	6999.8782813	0.0000000	0.3400000	0.1687620	0.2796598	0.1273965	0.0000000	0.0000000
