7000.6209600	7000.0338101	6999.8782813	3.0001001	-0.9399913	0.0114847	0.2763199	0.1152657	0.0000000	-0.9400000
7000.6209600	7000.0338101	6999.8782813	2.9800861	-0.9400000	0.0103810	0.2759014	0.1113162	0.0000000	0.0000000
7000.6209600	7000.0338101	6999.8782813	2.9600721	-0.9400000	0.0103512	0.2737148	0.1166570	0.0000000	0.0000000
7000.6209600	7000.0338101	6999.8782813	2.9400580	-0.9400000	0.0123572	0.2725878	0.1250170	0.0000000	0.0000000
7000.6209600	7000.0338101	6999.8782813	2.9200440	-0.9400000	0.0120540	0.2734735	0.1173153	0.0000000	0.0000000
7000.6209600	7000.0338101	6999.8782813	2.9000300	-0.9400000	0.0102211	0.2762581	0.1115372	0.0000000	0.0000000
7000.6209600	7000.0338101	6999.8782813	2.8800160	-0.9400000	0.0091678	0.2760612	0.1084497	0.0000000	0.0000000
7000.6209600	7000.0338101	6999.8782813	2.8600020	-0.9400000	0.0106171	0.2735370	0.1161105	0.0000000	0.0000000
7000.6209600	7000.0338101	6999.8782813	2.8399880	-0.9400000	0.0103463	0.2720602	0.1194297	0.0000000	0.0000000
7000.6209600	7000.0338101	6999.8782813	2.8199740	-0.9400000	0.0133442	0.2716187	0.1190408	0.0000000	0.0000000
7000.6209600	7000.0338101	6999.8782813	2.7999600	-0.9400000	0.0124319	0.2749722	0.1169019	0.0000000	0.0000000
7000.6209600	7000.0338101	6999.8782813	2.7799460	-0.9400000	0.0110499	0.2741039	0.1155057	0.0000000	0.0000000
7000.6209600	7000.0338101	6999.8782813	2.7599320	-0.9400000	0.0109619	0.2747545	0.1204884	0.0000000	0.0000000
7000.6209600	7000.0338101	6999.8782813	2.7399179	-0.9400000	0.0097168	0.2741619	0.1195885	0.0000000	0.0000000
7000.6209600	7000.0338101	6999.8782813	2.7199039	-0.9400000	0.0121248	0.2721862	0.1186497	0.0000000	0.0000000
7000.6209600	7000.0338101	6999.8782813	2.6998899	-0.9400000	0.0160966	0.2711106	0.1270369	0.0000000	0.0000000
7000.6209600	7000.0338101	6999.8782813	2.6798759	-0.9400000	0.0134629	0.2729456	0.1211879	0.0000000	0.0000000
7000.6209600	7000.0338101	6999.8782813	2.6598619	-0.9400000	0.0104569	0.2735172	0.1199857	0.0000000	0.0000000
7000.6209600	7000.0338101	6999.8782813	2.6398479	-0.9400000	0.0134689	0.2736165	0.1265745	0.0000000	0.0000000
7000.6209600	7000.0338101	6999.8782813	2.6198339	-0.9400000	0.0163243	0.2734530	0.1289723	0.0000000	0.0000000
7000.6209600	7000.0338101	6999.8782813	2.6001534	-0.9400000	0.0170062	0.2707886	0.1271099	0.0000000	0.0000000
7000.6209600	7000.0338101	6999.8782813	2.5801394	-0.9400000	0.0144304	0.2755764	0.1186991	0.0000000	0.0000000
7000.6209600	7000.0338101	6999.8782813	2.5601254	-0.9400000	0.0111478	0.2743997	0.1131664	0.0000000	0.0000000
7000.6209600	7000.0338101	6999.8782813	2.5401114	-0.9400000	0.0110625	0.2756862	0.1144939	0.0000000	0.0000000
7000.6209600	7000.0338101	6999.8782813	2.5200974	-0.9400000	0.0132754	0.2712188	0.1232955	0.0000000	0.0000000
7000.6209600	7000.0338101	6999.8782813	2.5000834	-0.9400000	0.0123610	0.2751250	0.1206145	0.0000000	0.0000000
7000.6209600	7000.0338101	6999.8782813	2.4800694	-0.9400000	0.0130287	0.2743563	0.1236665	0.0000000	0.0000000
7000.6209600	7000.0338101	6999.8782813	2.4600554	-0.9400000	0.0131820	0.2721880	0.1242157	0.0000000	0.0000000
7000.6209600	7000.0338101	6999.8782813	2.4400414	-0.9400000	0.0117888	0.2743994	0.1152476	0.0000000	0.0000000
7000.6209600	7000.0338101	6999.8782813	2.4200274	-0.9400000	0.0128495	0.2758398	0.1155186	0.0000000	0.0000000
7000.6209600	7000.0338101	6999.8782813	2.4000133	-0.9400000	0.0101410	0.2743817	0.1103698	0.0000000	0.0000000
7000.6209600	7000.0338101	6999.8782813	2.3799993	-0.9400000	0.0085757	0.2746320	0.1089348	0.0000000	0.0000000
7000.6209600	7000.0338101	6999.8782813	2.3599853	-0.9400000	0.0103845	0.2748772	0.1158085	0.0000000	0.0000000
7000.6209600	7000.0338101	6999.8782813	2.3399713	-0.9400000	0.0123425	0.2730280	0.1190337	0.0000000	0.0000000
7000.6209600	7000.0338101	6999.8782813	2.3199573	-0.9400000	0.0122710	0.2713326	0.1170128	0.0000000	0.0000000
7000.6209600	7000.0338101	6999.8782813	2.2999433	-0.9400000	0.0121600	0.2722313	0.1176779	0.0000000	0.0000000
7000.6209600	7000.0338101	6999.8782813	2.2799293	-0.9400000	0.0107590	0.2729969	0.1134850	0.0000000	0.0000000
7000.6209600	7000.0338101	6999.8782813	2.2599153	-0.9400000	0.0105897	0.2751627	0.1161558	0.0000000	0.0000000
7000.6209600	7000.0338101	6999.8782813	2.2399013	-0.9400000	0.0137983	0.2713051	0.1257913	0.0000000	0.0000000
7000.6209600	7000.0338101	6999.8782813	2.2198873	-0.9400000	0.0136821	0.2707281	0.1242773	0.0000000	0.0000000
7000.6209600	7000.0338101	6999.8782813	2.1998732	-0.9400000	0.0138420	0.2714432	0.1255636	0.0000000	0.0000000
7000.6209600	7000.0338101	6999.8782813	2.1798592	-0.9400000	0.0113250	0.2748456	0.1192828	0.0000000	0.0000000
7000.6209600	7000.0338101	6999.8782813	2.1598452	-0.9400000	0.0117050	0.2733597	0.1184504	0.0000000	0.0000000
7000.6209600	7000.0338101	6999.8782813	2.1401648	-0.9400000	0.0113370	0.2753416	0.1182072	0.0000000	0.0000000
7000.6209600	7000.0338101	6999.8782813	2.1201508	-0.9400000	0.0134117	0.2731896	0.1224283	0.0000000	0.0000000
7000.6209600	7000.0338101	6999.8782813	2.1001368	-0.9400000	0.0159175	0.2721567	0.1277417	0.0000000	0.0000000
7000.6209600	7000.0338101	6999.8782813	2.0801228	-0.9400000	0.0136140	0.2713417	0.1173613	0.0000000	0.0000000
7000.6209600	7000.0338101	6999.8782813	2.0601087	-0.9400000	0.0118889	0.2737896	0.1150880	0.0000000	0.0000000
7000.6209600	7000.0338101	6999.8782813	2.0400947	-0.9400000	0.0120804	0.2741493	0.1181204	0.0000000	0.0000000
7000.6209600	7000.0338101	6999.8782813	2.0200807	-0.9400000	0.0130497	0.2739696	0.1165692	0.0000000	0.0000000
7000.6209600	7000.0338101	6999.8782813	2.0000667	-0.9400000	0.0149595	0.2726434	0.1189020	0.0000000	0.0000000
7000.6209600	7000.0338101	6999.8782813	1.9800527	-0.9400000	0.0134144	0.2724642	0.1221852	0.0000000	0.0000000
7000.6209600	7000.0338101	6999.8782813	1.9600387	-0.9400000	0.0108041	0.2745491	0.1139078	0.0000000	0.0000000
7000.6209600	7000.0338101	6999.8782813	1.9400247	-0.9400000	0.0103113	0.2734354	0.1129164	0.0000000	0.0000000
7000.6209600	7000.0338101	6999.8782813	1.9200107	-0.9400000	0.0127031	0.2739907	0.1140505	0.0000000	0.0000000
7000.6209600	7000.0338101	6999.8782813	1.8999967	-0.9400000	0.0133485	0.2733573	0.1170737	0.0000000	0.0000000
7000.6209600	7000.0338101	6999.8782813	1.8799827	-0.9400000	0.0120430	0.2722084	0.1193043	0.0000000	0.0000000
7000.6209600	7000.0338101	6999.8782813	1.8599686	-0.9400000	0.0106331	0.2709958	0.1240750	0.0000000	0.0000000
7000.6209600	7000.0338101	6999.8782813	1.8399546	-0.9400000	0.0104490	0.2731213	0.1153784	0.0000000	0.0000000
7000.6209600	7000.0338101	6999.8782813	1.8199406	-0.9400000	0.0141854	0.2727909	0.1143684	0.0000000	0.0000000
7000.6209600	7000.0338101	6999.8782813	1.7999266	-0.9400000	0.0142047	0.2766580	0.1136931	0.0000000	0.0000000
7000.6209600	7000.0338101	6999.8782813	1.7799126	-0.9400000	0.0107526	0.2735947	0.1182378	0.0000000	0.0000000
7000.6209600	7000.0338101	6999.8782813	1.7598986	-0.9400000	0.0084612	0.2744247	0.1135249	0.0000000	0.0000000
7000.6209600	7000.0338101	6999.8782813	1.7398846	-0.9400000	0.0125896	0.2718062	0.1286768	0.0000000	0.0000000
7000.6209600	7000.0338101	6999.8782813	1.7198706	-0.9400000	0.0203928	0.2725175	0.1295101	0.0000000	0.0000000
7000.6209600	7000.0338101	6999.8782813	1.6998566	-0.9400000	0.0142944	0.2725159	0.1187183	0.0000000	0.0000000
7000.6209600	7000.0338101	6999.8782813	1.6798426	-0.9400000	0.0131990	0.2679790	0.1235424	0.0000000	0.0000000
7000.6209600	7000.0338101	6999.8782813	1.6601621	-0.9400000	0.0124375	0.2687916	0.1256875	0.0000000	0.0000000
7000.6209600	7000.0338101	6999.8782813	1.6401481	-0.9400000	0.0108325	0.2710138	0.1245890	0.0000000	0.0000000
7000.6209600	7000.0338101	6999.8782813	1.6201341	-0.9400000	0.0124341	0.2721553	0.1192238	0.0000000	0.0000000
7000.6209600	7000.0338101	6999.8782813	1.6001201	-0.9400000	0.0194333	0.2724137	0.1293807	0.0000000	0.0000000
7000.6209600	7000.0338101	6999.8782813	1.5801061	-0.9400000	0.0141003	0.2727891	0.1186368	0.0000000	0.0000000
7000.6209600	7000.0338101	6999.8782813	1.5600921	-0.9400000	0.0090897	0.2700580	0.1242137	0.0000000	0.0000000
7000.6209600	7000.0338101	6999.8782813	1.5400781	-0.9400000	0.0092981	0.2726777	0.1227716	0.0000000	0.0000000
7000.6209600	7000.0338101	6999.8782813	1.5200640	-0.9400000	0.0125034	0.2729106	0.1179664	0.0000000	0.0000000
7000.6209600	7000.0338101	6999.8782813	1.5000500	-0.9400000	0.0169536	0.2679690	0.1231273	0.0000000	0.0000000
7000.6209600	7000.0338101	6999.8782813	1.4800360	-0.9400000	0.0125800	0.2716017	0.1100500	0.0000000	0.0000000
7000.6209600	7000.0338101	6999.8782813	1.4600220	-0.9400000	0.0124253	0.2722107	0.1132423	0.0000000	0.0000000
7000.6209600	7000.0338101	6999.8782813	1.4400080	-0.9400000	0.0108752	0.2703210	0.1259104	0.0000000	0.0000000
7000.6209600	7000.0338101	6999.8782813	1.4199940	-0.9400000	0.0128739	0.2699856	0.1236006	0.0000000	0.0000000
7000.6209600	7000.0338101	6999.8782813	1.3999800	-0.9400000	0.0148170	0.2718116	0.1229004	0.0000000	0.0000000
7000.6209600	7000.0338101	6999.8782813	1.3799660	-0.9400000	0.0168354	0.2776937	0.1128434	0.0000000	0.0000000
7000.6209600	7000.0338101	6999.8782813	1.3599520	-0.9400000	0.0132073	0.2725275	0.1164332	0.0000000	0.0000000
7000.6209600	7000.0338101	6999.8782813	1.3399380	-0.9400000	0.0079785	0.2696799	0.1197876	0.0000000	0.0000000
7000.6209600	7000.0338101	6999.8782813	1.3199239	-0.9400000	0.0089437	0.2704204	0.1131060	0.0000000	0.0000000
7000.6209600	7000.0338101	6999.8782813	1.2999099	-0.9400000	0.0105280	0.2745907	0.1114235	0.0000000	0.0000000
7000.6209600	7000.0338101	6999.8782813	1.2798959	-0.9400000	0.0195122	0.2692058	0.1150640	0.0000000	0.0000000
7000.6209600	7000.0338101	6999.8782813	1.2598819	-0.9400000	0.0153256	0.2710157	0.1181423	0.0000000	0.0000000
7000.6209600	7000.0338101	6999.8782813	1.2398679	-0.9400000	0.0083855	0.2714135	0.1208751	0.0000000	0.0000000
7000.6209600	7000.0338101	6999.8782813	1.2198539	-0.9400000	0.0097255	0.2715903	0.1164141	0.0000000	0.0000000
7000.6209600	7000.0338101	6999.8782813	1.1998399	-0.9400000	0.0123074	0.2712780	0.1159089	0.0000000	0.0000000
7000.6209600	7000.0338101	6999.8782813	1.1801594	-0.9400000	0.0242678	0.2715115	0.1238513	0.0000000	0.0000000
7000.6209600	7000.0338101	6999.8782813	1.1601454	-0.9400000	0.0123014	0.2709216	0.1156135	0.0000000	0.0000000
7000.6209600	7000.0338101	6999.8782813	1.1401314	-0.9400000	0.0113031	0.2699550	0.1230537	0.0000000	0.0000000
7000.6209600	7000.0338101	6999.8782813	1.1201174	-0.9400000	0.0106310	0.2720449	0.1143881	0.0000000	0.0000000
7000.6209600	7000.0338101	6999.8782813	1.1001034	-0.9400000	0.0113534	0.2725548	0.1101595	0.0000000	0.0000000
7000.6209600	7000.0338101	6999.8782813	1.0800894	-0.9400000	0.0242585	0.2706017	0.1235410	0.0000000	0.0000000
7000.6209600	7000.0338101	6999.8782813	1.0600754	-0.9400000	0.0150823	0.2697357	0.1222479	0.0000000	0.0000000
7000.6209600	7000.0338101	6999.8782813	1.0400614	-0.9400000	0.0088717	0.2706595	0.1217458	0.0000000	0.0000000
7000.6209600	7000.0338101	6999.8782813	1.0200474	-0.9400000	0.0139794	0.2702167	0.1161588	0.0000000	0.0000000
7000.6209600	7000.0338101	6999.8782813	1.0000334	-0.9400000	0.0187240	0.2721843	0.1196212	0.0000000	0.0000000
7000.6209600	7000.0338101	6999.8782813	0.9800193	-0.9400000	0.0251443	0.2733263	0.1186057	0.0000000	0.0000000
7000.6209600	7000.0338101	6999.8782813	0.9600053	-0.9400000	0.0138739	0.2714565	0.1223816	0.0000000	0.0000000
7000.6209600	7000.0338101	6999.8782813	0.9399913	-0.9400000	0.0083503	0.2738514	0.1222590	0.0000000	0.0000000
7000.6209600	7000.0338101	6999.8782813	0.9199773	-0.9400000	0.0099707	0.2738413	0.1061659	0.0000000	0.0000000
7000.6209600	7000.0338101	6999.8782813	0.8999633	-0.9400000	0.0182979	0.2752147	0.1090026	0.0000000	0.0000000
7000.6209600	7000.0338101	6999.8782813	0.8799493	-0.9400000	0.0235863	0.2713618	0.1178499	0.0000000	0.0000000
7000.6209600	7000.0338101	6999.8782813	0.8599353	-0.9400000	0.0088624	0.2712484	0.1170623	0.0000000	0.0000000
7000.6209600	7000.0338101	6999.8782813	0.8399213	-0.9400000	0.0056504	0.2704933	0.1180641	0.0000000	0.0000000
7000.6209600	7000.0338101	6999.8782813	0.8199073	-0.9400000	0.0244454	0.2707906	0.1151995	0.0000000	0.0000000
7000.6209600	7000.0338101	6999.8782813	0.7998933	-0.9400000	0.0295709	0.2715800	0.1218147	0.0000000	0.0000000
7000.6209600	7000.0338101	6999.8782813	0.7798792	-0.9400000	0.0243263	0.2687601	0.1216940	0.0000000	0.0000000
7000.6209600	7000.0338101	6999.8782813	0.7598652	-0.9400000	0.0122505	0.2699871	0.1245287	0.0000000	0.0000000
7000.6209600	7000.0338101	6999.8782813	0.7398512	-0.9400000	0.0091006	0.2711145	0.1215847	0.0000000	0.0000000
7000.6209600	7000.0338101	6999.8782813	0.7198372	-0.9400000	0.0419042	0.2707113	0.1280500	0.0000000	0.0000000
7000.6209600	7000.0338101	6999.8782813	0.7001568	-0.9400000	0.0302332	0.2724410	0.1181740	0.0000000	0.0000000
7000.6209600	7000.0338101	6999.8782813	0.6801428	-0.9400000	0.0375571	0.2720265	0.1238728	0.0000000	0.0000000
7000.6209600	7000.0338101	6999.8782813	0.6601288	-0.9400000	0.0136705	0.2722347	0.1174620	0.0000000	0.0000000
7000.6209600	7000.0338101	6999.8782813	0.6401147	-0.9400000	0.0155592	0.2691772	0.1229670	0.0000000	0.0000000
7000.6209600	7000.0338101	6999.8782813	0.6201007	-0.9400000	0.0470371	0.2720607	0.1236982	0.0000000	0.0000000
7000.6209600	7000.0338101	6999.8782813	0.6000867	-0.9400000	0.0504023	0.2702631	0.1212698	0.0000000	0.0000000
7000.6209600	7000.0338101	6999.8782813	0.5800727	-0.9400000	0.0392986	0.2711055	0.1226851	0.0000000	0.0000000
7000.6209600	7000.0338101	6999.8782813	0.5600587	-0.9400000	0.0211145	0.2722552	0.1117690	0.0000000	0.0000000
7000.6209600	7000.0338101	6999.8782813	0.5400447	-0.9400000	0.0129259	0.2722817	0.1151476	0.0000000	0.0000000
7000.6209600	7000.0338101	6999.8782813	0.5200307	-0.9400000	0.0475143	0.2716946	0.1154420	0.0000000	0.0000000
7000.6209600	7000.0338101	6999.8782813	0.5000167	-0.9400000	0.0487894	0.2740819	0.1097123	0.0000000	0.0000000
7000.6209600	7000.0338101	6999.8782813	0.4800027	-0.9400000	0.0479468	0.2709496	0.1158175	0.0000000	0.0000000
7000.6209600	7000.0338101	6999.8782813	0.4599887	-0.9400000	0.0335586	0.2693589	0.1246710	0.0000000	0.0000000
7000.6209600	7000.0338101	6999.8782813	0.4399746	-0.9400000	0.0293728	0.2683693	0.1235123	0.0000000	0.0000000
7000.6209600	7000.0338101	6999.8782813	0.4199606	-0.9400000	0.0685298	0.2686426	0.1238599	0.0000000	0.0000000
7000.6209600	7000.0338101	6999.8782813	0.3999466	-0.9400000	0.0703564	0.2735271	0.1112844	0.0000000	0.0000000
7000.6209600	7000.0338101	6999.8782813	0.3799326	-0.9400000	0.0568450	0.2716707	0.1157189	0.0000000	0.0000000
7000.6209600	7000.0338101	6999.8782813	0.3599186	-0.9400000	0.0395519	0.2703015	0.1138538	0.0000000	0.0000000
7000.6209600	7000.0338101	6999.8782813	0.3399046	-0.9400000	0.0451084	0.2715844	0.1219044	0.0000000	0.0000000
7000.6209600	7000.0338101	6999.8782813	0.3198906	-0.9400000	0.0854539	0.2716144	0.1158048	0.0000000	0.0000000
7000.6209600	7000.0338101	6999.8782813	0.2998766	-0.9400000	0.0706139	0.2705481	0.1090911	0.0000000	0.0000000
7000.6209600	7000.0338101	6999.8782813	0.2798626	-0.9400000	0.0741432	0.2725587	0.1204653	0.0000000	0.0000000
7000.6209600	7000.0338101	6999.8782813	0.2598486	-0.9400000	0.0381584	0.2718647	0.1097286	0.0000000	0.0000000
7000.6209600	7000.0338101	6999.8782813	0.2398346	-0.9400000	0.0611160	0.2709990	0.1208500	0.0000000	0.0000000
7000.6209600	7000.0338101	6999.8782813	0.2201541	-0.9400000	0.1059375	0.2720834	0.1149751	0.0000000	0.0000000
7000.6209600	7000.0338101	6999.8782813	0.2001401	-0.9400000	0.1153271	0.2729044	0.1174957	0.0000000	0.0000000
7000.6209600	7000.0338101	6999.8782813	0.1801261	-0.9400000	0.0831908	0.2710435	0.1154567	0.0000000	0.0000000
7000.6209600	7000.0338101	6999.8782813	0.1601121	-0.9400000	0.0559687	0.2711273	0.1149838	0.0000000	0.0000000
7000.6209600	7000.0338101	6999.8782813	0.1400981	-0.9400000	0.0600128	0.2719968	0.1096674	0.0000000	0.0000000
7000.6209600	7000.0338101	6999.8782813	0.1200841	-0.9400000	0.1454615	0.2719587	0.1247817	0.0000000	0.0000000
7000.6209600	7000.0338101	6999.8782813	0.1000700	-0.9400000	0.1274833	0.2723357	0.1198490	0.0000000	0.0000000
7000.6209600	7000.0338101	6999.8782813	0.0800560	-0.9400000	0.0996019	0.2701584	0.1206694	0.0000000	0.0000000
7000.6209600	7000.0338101	6999.8782813	0.0600420	-0.9400000	0.0643383	0.2704082	0.1143691	0.0000000	0.0000000
7000.6209600	7000.0338101	6999.8782813	0.0400280	-0.9400000	0.0756967	0.2729746	0.1109443	0.0000000	0.0000000
7000.6209600	7000.0338101	6999.8782813	0.0200140	-0.9400000	0.1307695	0.2722872	0.1141685	0.0000000	0.0000000
7000.6209600	7000.0338101	6999.8782813	0.0000000	-0.9400000	0.1512531	0.2698873	0.1160396	0.0000000	0.0000000
