7000.6209600	7000.0338101	6999.8782813	3.0001001	-0.8999633	0.0153585	0.2683950	0.1241151	0.0000000	-0.9000000
7000.6209600	7000.0338101	6999.8782813	2.9800861	-0.9000000	0.0119406	0.2742611	0.1091230	0.0000000	0.0000000
7000.6209600	7000.0338101	6999.8782813	2.9600721	-0.9000000	0.0146404	0.2703688	0.1162347	0.0000000	0.0000000
7000.6209600	7000.0338101	6999.8782813	2.9400580	-0.9000000	0.0175830	0.2713835	0.1195281	0.0000000	0.0000000
7000.6209600	7000.0338101	6999.8782813	2.9200440	-0.9000000	0.0181130	0.2715361	0.1242288	0.0000000	0.0000000
7000.6209600	7000.0338101	6999.8782813	2.9000300	-0.9000000	0.0188176	0.2718025	0.1217820	0.0000000	0.0000000
7000.6209600	7000.0338101	6999.8782813	2.8800160	-0.9000000	0.0138892	0.2724550	0.1181293	0.0000000	0.0000000
7000.6209600	7000.0338101	6999.8782813	2.8600020	-0.9000000	0.0156167	0.2696815	0.1223143	0.0000000	0.0000000
7000.6209600	7000.0338101	6999.8782813	2.8399880	-0.9000000	0.0159962	0.2711462	0.1231921	0.0000000	0.0000000
7000.6209600	7000.0338101	6999.8782813	2.8199740	-0.9000000	0.0157794	0.2706394	0.1135576	0.0000000	0.0000000
7000.6209600	7000.0338101	6999.8782813	2.7999600	-0.9000000	0.0146355	0.2725029	0.1133926	0.0000000	0.0000000
7000.6209600	7000.0338101	6999.8782813	2.7799460	-0.9000000	0.0124907	0.2714933	0.1133068	0.0000000	0.0000000
7000.6209600	7000.0338101	6999.8782813	2.7599320	-0.9000000	0.0156831	0.2716158	0.1183820	0.0000000	0.0000000
7000.6209600	7000.0338101	6999.8782813	2.7399179	-0.9000000	0.0133867	0.2687676	0.1178473	0.0000000	0.0000000
7000.6209600	7000.0338101	6999.8782813	2.7199039	-0.9000000	0.0132874	0.2711835	0.1132145	0.0000000	0.0000000
7000.6209600	7000.0338101	6999.8782813	2.6998899	-0.9000000	0.0166926	0.2712346	0.1196969	0.0000000	0.0000000
7000.6209600	7000.0338101	6999.8782813	2.6798759	-0.9000000	0.0153326	0.2698933	0.1231655	0.0000000	0.0000000
7000.6209600	7000.0338101	6999.8782813	2.6598619	-0.9000000	0.0145670	0.2694718	0.1177190	0.0000000	0.0000000
7000.6209600	7000.0338101	6999.8782813	2.6398479	-0.9000000	0.0162220	0.2704202	0.1213683	0.0000000	0.0000000
7000.6209600	7000.0338101	6999.8782813	2.6198339	-0.9000000	0.0134952	0.2726377	0.1100530	0.0000000	0.0000000
7000.6209600	7000.0338101	6999.8782813	2.6001534	-0.9000000	0.0182897	0.2723119	0.1214564	0.0000000	0.0000000
7000.6209600	7000.0338101	6999.8782813	2.5801394	-0.9000000	0.0189794	0.2698989	0.1287936	0.0000000	0.0000000
7000.6209600	7000.0338101	6999.8782813	2.5601254	-0.9000000	0.0152290	0.2725167	0.1174705	0.0000000	0.0000000
7000.6209600	7000.0338101	6999.8782813	2.5401114	-0.9000000	0.0147982	0.2728014	0.1171548	0.0000000	0.0000000
7000.6209600	7000.0338101	6999.8782813	2.5200974	-0.9000000	0.0168218	0.2727191	0.1182982	0.0000000	0.0000000
7000.6209600	7000.0338101	6999.8782813	2.5000834	-0.9000000	0.0172983	0.2707296	0.1232607	0.0000000	0.0000000
7000.6209600	7000.0338101	6999.8782813	2.4800694	-0.9000000	0.0123788	0.2722743	0.1171854	0.0000000	0.0000000
7000.6209600	7000.0338101	6999.8782813	2.4600554	-0.9000000	0.0142385	0.2719482	0.1114381	0.0000000	0.0000000
7000.6209600	7000.0338101	6999.8782813	2.4400414	-0.9000000	0.0153959	0.2706708	0.1202732	0.0000000	0.0000000
7000.6209600	7000.0338101	6999.8782813	2.4200274	-0.9000000	0.0162993	0.2692655	0.1250154	0.0000000	0.0000000
7000.6209600	7000.0338101	6999.8782813	2.4000133	-0.9000000	0.0158929	0.2688872	0.1231071	0.0000000	0.0000000
7000.6209600	7000.0338101	6999.8782813	2.3799993	-0.9000000	0.0173807	0.2688644	0.1257115	0.0000000	0.0000000
7000.6209600	7000.0338101	6999.8782813	2.3599853	-0.9000000	0.0137808	0.2719244	0.1108206	0.0000000	0.0000000
7000.6209600	7000.0338101	6999.8782813	2.3399713	-0.9000000	0.0137537	0.2701504	0.1158230	0.0000000	0.0000000
7000.6209600	7000.0338101	6999.8782813	2.3199573	-0.9000000	0.0162386	0.2709246	0.1165284	0.0000000	0.0000000
7000.6209600	7000.0338101	6999.8782813	2.2999433	-0.9000000	0.0125656	0.2728602	0.1126857	0.0000000	0.0000000
7000.6209600	7000.0338101	6999.8782813	2.2799293	-0.9000000	0.0179136	0.2709843	0.1159314	0.0000000	0.0000000
7000.6209600	7000.0338101	6999.8782813	2.2599153	-0.9000000	0.0155895	0.2718011	0.1183815	0.0000000	0.0000000
7000.6209600	7000.0338101	6999.8782813	2.2399013	-0.9000000	0.0167256	0.2724160	0.1164702	0.0000000	0.0000000
7000.6209600	7000.0338101	6999.8782813	2.2198873	-0.9000000	0.0142406	0.2702234	0.1193303	0.0000000	0.0000000
7000.6209600	7000.0338101	6999.8782813	2.1998732	-0.9000000	0.0135408	0.2706860	0.1121182	0.0000000	0.0000000
7000.6209600	7000.0338101	6999.8782813	2.1798592	-0.9000000	0.0159684	0.2692628	0.1175455	0.0000000	0.0000000
7000.6209600	7000.0338101	6999.8782813	2.1598452	-0.9000000	0.0168545	0.2681545	0.1216593	0.0000000	0.0000000
7000.6209600	7000.0338101	6999.8782813	2.1401648	-0.9000000	0.0159233	0.2691934	0.1194856	0.0000000	0.0000000
7000.6209600	7000.0338101	6999.8782813	2.1201508	-0.9000000	0.0169523	0.2709214	0.1186881	0.0000000	0.0000000
7000.6209600	7000.0338101	6999.8782813	2.1001368	-0.9000000	0.0137076	0.2728516	0.1134357	0.0000000	0.0000000
7000.6209600	7000.0338101	6999.8782813	2.0801228	-0.9000000	0.0151169	0.2715272	0.1164438	0.0000000	0.0000000
7000.6209600	7000.0338101	6999.8782813	2.0601087	-0.9000000	0.0164205	0.2696521	0.1184459	0.0000000	0.0000000
7000.6209600	7000.0338101	6999.8782813	2.0400947	-0.9000000	0.0158043	0.2713792	0.1156912	0.0000000	0.0000000
7000.6209600	7000.0338101	6999.8782813	2.0200807	-0.9000000	0.0159907	0.2725720	0.1191967	0.0000000	0.0000000
7000.6209600	7000.0338101	6999.8782813	2.0000667	-0.9000000	0.0136581	0.2738020	0.1123994	0.0000000	0.0000000
7000.6209600	7000.0338101	6999.8782813	1.9800527	-0.9000000	0.0131456	0.2735291	0.1093937	0.0000000	0.0000000
7000.6209600	7000.0338101	6999.8782813	1.9600387	-0.9000000	0.0182911	0.2727693	0.1166223	0.0000000	0.0000000
7000.6209600	7000.0338101	6999.8782813	1.9400247	-0.9000000	0.0172275	0.2719111	0.1160768	0.0000000	0.0000000
7000.6209600	7000.0338101	6999.8782813	1.9200107	-0.9000000	0.0162698	0.2702385	0.1198534	0.0000000	0.0000000
7000.6209600	7000.0338101	6999.8782813	1.8999967	-0.9000000	0.0135256	0.2710814	0.1167825	0.0000000	0.0000000
7000.6209600	7000.0338101	6999.8782813	1.8799827	-0.9000000	0.0118881	0.2741569	0.1086771	0.0000000	0.0000000
7000.6209600	7000.0338101	6999.8782813	1.8599686	-0.9000000	0.0195618	0.2720165	0.1215903	0.0000000	0.0000000
7000.6209600	7000.0338101	6999.8782813	1.8399546	-0.9000000	0.0227620	0.2678988	0.1262395	0.0000000	0.0000000
7000.6209600	7000.0338101	6999.8782813	1.8199406	-0.9000000	0.0139442	0.2727931	0.1170365	0.0000000	0.0000000
7000.6209600	7000.0338101	6999.8782813	1.7999266	-0.9000000	0.0141224	0.2713430	0.1203840	0.0000000	0.0000000
7000.6209600	7000.0338101	6999.8782813	1.7799126	-0.9000000	0.0163601	0.2708308	0.1220955	0.0000000	0.0000000
7000.6209600	7000.0338101	6999.8782813	1.7598986	-0.9000000	0.0178611	0.2721141	0.1180192	0.0000000	0.0000000
7000.6209600	7000.0338101	6999.8782813	1.7398846	-0.9000000	0.0179230	0.2741632	0.1150525	0.0000000	0.0000000
7000.6209600	7000.0338101	6999.8782813	1.7198706	-0.9000000	0.0142365	0.2692003	0.1222881	0.0000000	0.0000000
7000.6209600	7000.0338101	6999.8782813	1.6998566	-0.9000000	0.0109982	0.2741901	0.1108320	0.0000000	0.0000000
7000.6209600	7000.0338101	6999.8782813	1.6798426	-0.9000000	0.0145189	0.2714089	0.1194335	0.0000000	0.0000000
7000.6209600	7000.0338101	6999.8782813	1.6601621	-0.9000000	0.0136141	0.2726714	0.1139720	0.0000000	0.0000000
7000.6209600	7000.0338101	6999.8782813	1.6401481	-0.9000000	0.0162904	0.2712764	0.1110339	0.0000000	0.0000000
7000.6209600	7000.0338101	6999.8782813	1.6201341	-0.9000000	0.0161364	0.2739243	0.1140829	0.0000000	0.0000000
7000.6209600	7000.0338101	6999.8782813	1.6001201	-0.9000000	0.0169442	0.2710275	0.1228503	0.0000000	0.0000000
7000.6209600	7000.0338101	6999.8782813	1.5801061	-0.9000000	0.0107678	0.2733744	0.1190952	0.0000000	0.0000000
7000.6209600	7000.0338101	6999.8782813	1.5600921	-0.9000000	0.0213223	0.2729180	0.1265157	0.0000000	0.0000000
7000.6209600	7000.0338101	6999.8782813	1.5400781	-0.9000000	0.0234255	0.2730590	0.1250544	0.0000000	0.0000000
7000.6209600	7000.0338101	6999.8782813	1.5200640	-0.9000000	0.0189055	0.2747517	0.1184583	0.0000000	0.0000000
7000.6209600	7000.0338101	6999.8782813	1.5000500	-0.9000000	0.0155221	0.2738751	0.1150117	0.0000000	0.0000000
7000.6209600	7000.0338101	6999.8782813	1.4800360	-0.9000000	0.0110637	0.2741400	0.1182734	0.0000000	0.0000000
7000.6209600	7000.0338101	6999.8782813	1.4600220	-0.9000000	0.0149260	0.2715642	0.1181428	0.0000000	0.0000000
7000.6209600	7000.0338101	6999.8782813	1.4400080	-0.9000000	0.0180881	0.2741608	0.1179240	0.0000000	0.0000000
7000.6209600	7000.0338101	6999.8782813	1.4199940	-0.9000000	0.0215613	0.2758685	0.1152916	0.0000000	0.0000000
7000.6209600	7000.0338101	6999.8782813	1.3999800	-0.9000000	0.0225249	0.2711978	0.1272732	0.0000000	0.0000000
7000.6209600	7000.0338101	6999.8782813	1.3799660	-0.9000000	0.0162135	0.2719198	0.1286747	0.0000000	0.0000000
7000.6209600	7000.0338101	6999.8782813	1.3599520	-0.9000000	0.0126074	0.2749890	0.1155220	0.0000000	0.0000000
7000.6209600	7000.0338101	6999.8782813	1.3399380	-0.9000000	0.0206965	0.2727002	0.1228903	0.0000000	0.0000000
7000.6209600	7000.0338101	6999.8782813	1.3199239	-0.9000000	0.0236984	0.2761194	0.1156288	0.0000000	0.0000000
7000.6209600	7000.0338101	6999.8782813	1.2999099	-0.9000000	0.0246270	0.2762739	0.1173574	0.0000000	0.0000000
7000.6209600	7000.0338101	6999.8782813	1.2798959	-0.9000000	0.0116935	0.2757002	0.1203317	0.0000000	0.0000000
7000.6209600	7000.0338101	6999.8782813	1.2598819	-0.9000000	0.0166615	0.2717958	0.1287863	0.0000000	0.0000000
7000.6209600	7000.0338101	6999.8782813	1.2398679	-0.9000000	0.0208369	0.2751187	0.1250034	0.0000000	0.0000000
7000.6209600	7000.0338101	6999.8782813	1.2198539	-0.9000000	0.0294685	0.2719556	0.1270452	0.0000000	0.0000000
7000.6209600	7000.0338101	6999.8782813	1.1998399	-0.9000000	0.0199164	0.2743961	0.1134222	0.0000000	0.0000000
7000.6209600	7000.0338101	6999.8782813	1.1801594	-0.9000000	0.0128870	0.2727350	0.1196012	0.0000000	0.0000000
7000.6209600	7000.0338101	6999.8782813	1.1601454	-0.9000000	0.0120846	0.2728414	0.1224399	0.0000000	0.0000000
7000.6209600	7000.0338101	6999.8782813	1.1401314	-0.9000000	0.0154081	0.2728536	0.1203805	0.0000000	0.0000000
7000.6209600	7000.0338101	6999.8782813	1.1201174	-0.9000000	0.0313108	0.2698848	0.1256346	0.0000000	0.0000000
7000.6209600	7000.0338101	6999.8782813	1.1001034	-0.9000000	0.0269843	0.2692245	0.1241118	0.0000000	0.0000000
7000.6209600	7000.0338101	6999.8782813	1.0800894	-0.9000000	0.0105337	0.2724553	0.1243921	0.0000000	0.0000000
7000.6209600	7000.0338101	6999.8782813	1.0600754	-0.9000000	0.0129769	0.2736169	0.1159969	0.0000000	0.0000000
7000.6209600	7000.0338101	6999.8782813	1.0400614	-0.9000000	0.0287911	0.2712045	0.1301119	0.0000000	0.0000000
7000.6209600	7000.0338101	6999.8782813	1.0200474	-0.9000000	0.0311677	0.2723771	0.1271650	0.0000000	0.0000000
7000.6209600	7000.0338101	6999.8782813	1.0000334	-0.9000000	0.0261821	0.2710486	0.1279816	0.0000000	0.0000000
7000.6209600	7000.0338101	6999.8782813	0.9800193	-0.9000000	0.0087828	0.2716688	0.1238000	0.0000000	0.0000000
7000.6209600	7000.0338101	6999.8782813	0.9600053	-0.9000000	0.0225576	0.2718583	0.1228629	0.0000000	0.0000000
7000.6209600	7000.0338101	6999.8782813	0.9399913	-0.9000000	0.0309313	0.2740121	0.1182578	0.0000000	0.0000000
7000.6209600	7000.0338101	6999.8782813	0.9199773	-0.9000000	0.0222388	0.2742058	0.1137317	0.0000000	0.0000000
7000.6209600	7000.0338101	6999.8782813	0.8999633	-0.9000000	0.0223347	0.2728401	0.1234116	0.0000000	0.0000000
7000.6209600	7000.0338101	6999.8782813	0.8799493	-0.9000000	0.0134082	0.2753423	0.1249200	0.0000000	0.0000000
7000.6209600	7000.0338101	6999.8782813	0.8599353	-0.9000000	0.0302628	0.2732585	0.1191752	0.0000000	0.0000000
7000.6209600	7000.0338101	6999.8782813	0.8399213	-0.9000000	0.0346125	0.2735739	0.1216930	0.0000000	0.0000000
7000.6209600	7000.0338101	6999.8782813	0.8199073	-0.9000000	0.0308914	0.2741318	0.1208928	0.0000000	0.0000000
7000.6209600	7000.0338101	6999.8782813	0.7998933	-0.9000000	0.0263745	0.2722606	0.1210345	0.0000000	0.0000000
7000.6209600	7000.0338101	6999.8782813	0.7798792	-0.9000000	0.0144922	0.2750658	0.1157736	0.0000000	0.0000000
7000.6209600	7000.0338101	6999.8782813	0.7598652	-0.9000000	0.0386669	0.2738260	0.1177594	0.0000000	0.0000000
7000.6209600	7000.0338101	6999.8782813	0.7398512	-0.9000000	0.0415557	0.2705619	0.1209781	0.0000000	0.0000000
7000.6209600	7000.0338101	6999.8782813	0.7198372	-0.9000000	0.0278691	0.2714716	0.1221838	0.0000000	0.0000000
7000.6209600	7000.0338101	6999.8782813	0.7001568	-0.9000000	0.0288434	0.2745220	0.1198691	0.0000000	0.0000000
7000.6209600	7000.0338101	6999.8782813	0.6801428	-0.9000000	0.0200670	0.2723705	0.1189456	0.0000000	0.0000000
7000.6209600	7000.0338101	6999.8782813	0.6601288	-0.9000000	0.0429009	0.2708534	0.1212039	0.0000000	0.0000000
7000.6209600	7000.0338101	6999.8782813	0.6401147	-0.9000000	0.0630040	0.2707281	0.1270529	0.0000000	0.0000000
7000.6209600	7000.0338101	6999.8782813	0.6201007	-0.9000000	0.0437833	0.2707645	0.1247561	0.0000000	0.0000000
7000.6209600	7000.0338101	6999.8782813	0.6000867	-0.9000000	0.0427797	0.2709656	0.1295857	0.0000000	0.0000000
7000.6209600	7000.0338101	6999.8782813	0.5800727	-0.9000000	0.0312938	0.2718501	0.1266727	0.0000000	0.0000000
7000.6209600	7000.0338101	6999.8782813	0.5600587	-0.9000000	0.0616541	0.2734195	0.1208087	0.0000000	0.0000000
7000.6209600	7000.0338101	6999.8782813	0.5400447	-0.9000000	0.0687827	0.2748503	0.1167092	0.0000000	0.0000000
7000.6209600	7000.0338101	6999.8782813	0.5200307	-0.9000000	0.0516552	0.2717647	0.1254578	0.0000000	0.0000000
7000.6209600	7000.0338101	6999.8782813	0.5000167	-0.9000000	0.0522107	0.2698953	0.1268650	0.0000000	0.0000000
7000.6209600	7000.0338101	6999.8782813	0.4800027	-0.9000000	0.0329647	0.2746963	0.1167574	0.0000000	0.0000000
7000.6209600	7000.0338101	6999.8782813	0.4599887	-0.9000000	0.0637546	0.2733099	0.1179009	0.0000000	0.0000000
7000.6209600	7000.0338101	6999.8782813	0.4399746	-0.9000000	0.0797302	0.2738429	0.1156082	0.0000000	0.0000000
7000.6209600	7000.0338101	6999.8782813	0.4199606	-0.9000000	0.0621453	0.2700320	0.1240518	0.0000000	0.0000000
7000.6209600	7000.0338101	6999.8782813	0.3999466	-0.9000000	0.0645038	0.2720950	0.1269968	0.0000000	0.0000000
7000.6209600	7000.0338101	6999.8782813	0.3799326	-0.9000000	0.0599451	0.2735857	0.1242855	0.0000000	0.0000000
7000.6209600	7000.0338101	6999.8782813	0.3599186	-0.9000000	0.0945605	0.2728342	0.1245409	0.0000000	0.0000000
7000.6209600	7000.0338101	6999.8782813	0.3399046	-0.9000000	0.1005469	0.2705680	0.1214105	0.0000000	0.0000000
7000.6209600	7000.0338101	6999.8782813	0.3198906	-0.9000000	0.0762656	0.2720966	0.1241545	0.0000000	0.0000000
7000.6209600	7000.0338101	6999.8782813	0.2998766	-0.9000000	0.0666737	0.2713695	0.1201412	0.0000000	0.0000000
7000.6209600	7000.0338101	6999.8782813	0.2798626	-0.9000000	0.0794131	0.2697498	0.1267030	0.0000000	0.0000000
7000.6209600	7000.0338101	6999.8782813	0.2598486	-0.9000000	0.1306550	0.2715333	0.1281592	0.0000000	0.0000000
7000.6209600	7000.0338101	6999.8782813	0.2398346	-0.9000000	0.1231929	0.2744863	0.1227468	0.0000000	0.0000000
7000.6209600	7000.0338101	6999.8782813	0.2201541	-0.9000000	0.0970531	0.2723776	0.1221133	0.0000000	0.0000000
7000.6209600	7000.0338101	6999.8782813	0.2001401	-0.9000000	0.0773687	0.2722563	0.1207526	0.0000000	0.0000000
7000.6209600	7000.0338101	6999.8782813	0.1801261	-0.9000000	0.0928372	0.2719348	0.1249888	0.0000000	0.0000000
7000.6209600	7000.0338101	6999.8782813	0.1601121	-0.9000000	0.1390133	0.2732156	0.1198324	0.0000000	0.0000000
7000.6209600	7000.0338101	6999.8782813	0.1400981	-0.9000000	0.1593560	0.2710996	0.1255729	0.0000000	0.0000000
7000.6209600	7000.0338101	6999.8782813	0.1200841	-0.9000000	0.0954562	0.2741648	0.1210607	0.0000000	0.0000000
7000.6209600	7000.0338101	6999.8782813	0.1000700	-0.9000000	0.1131921	0.2711021	0.1283833	0.0000000	0.0000000
7000.6209600	7000.0338101	6999.8782813	0.0800560	-0.9000000	0.1246837	0.2741211	0.1275472	0.0000000	0.0000000
7000.6209600	7000.0338101	6999.8782813	0.0600420	-0.9000000	0.1866696	0.2721328	0.1287318	0.0000000	0.0000000
7000.6209600	7000.0338101	6999.8782813	0.0400280	-0.9000000	0.1711648	0.2716124	0.1246272	0.0000000	0.0000000
7000.6209600	7000.0338101	6999.8782813	0.0200140	-0.9000000	0.1199591	0.2744177	0.1151880	0.0000000	0.0000000
7000.6209600	7000.0338101	6999.8782813	0.0000000	-0.9000000	0.1288384	0.2733676	0.1155715	0.0000000	0.0000000
