7000.6209600	7000.0338101	6999.8782813	3.0001001	-0.7598652	0.0293121	0.2771641	0.1148318	0.0000000	-0.7600000
7000.6209600	7000.0338101	6999.8782813	2.9800861	-0.7600000	0.0366638	0.2751967	0.1191368	0.0000000	0.0000000
7000.6209600	7000.0338101	6999.8782813	2.9600721	-0.7600000	0.0392463	0.2723384	0.1289374	0.0000000	0.0000000
7000.6209600	7000.0338101	6999.8782813	2.9400580	-0.7600000	0.0344503	0.2746895	0.1223206	0.0000000	0.0000000
7000.6209600	7000.0338101	6999.8782813	2.9200440	-0.7600000	0.0326293	0.2732887	0.1197594	0.0000000	0.0000000
7000.6209600	7000.0338101	6999.8782813	2.9000300	-0.7600000	0.0343252	0.2754496	0.1195991	0.0000000	0.0000000
7000.6209600	7000.0338101	6999.8782813	2.8800160	-0.7600000	0.0365980	0.2772517	0.1203676	0.0000000	0.0000000
7000.6209600	7000.0338101	6999.8782813	2.8600020	-0.7600000	0.0392916	0.2756100	0.1280065	0.0000000	0.0000000
7000.6209600	7000.0338101	6999.8782813	2.8399880	-0.7600000	0.0370565	0.2755853	0.1270156	0.0000000	0.0000000
7000.6209600	7000.0338101	6999.8782813	2.8199740	-0.7600000	0.0307347	0.2741764	0.1244211	0.0000000	0.0000000
7000.6209600	7000.0338101	6999.8782813	2.7999600	-0.7600000	0.0288251	0.2759442	0.1167000	0.0000000	0.0000000
7000.6209600	7000.0338101	6999.8782813	2.7799460	-0.7600000	0.0312656	0.2755636	0.1194189	0.0000000	0.0000000
7000.6209600	7000.0338101	6999.8782813	2.7599320	-0.7600000	0.0295883	0.2745662	0.1174563	0.0000000	0.0000000
7000.6209600	7000.0338101	6999.8782813	2.7399179	-0.7600000	0.0301003	0.2738346	0.1167994	0.0000000	0.0000000
7000.6209600	7000.0338101	6999.8782813	2.7199039	-0.7600000	0.0305900	0.2757295	0.1197252	0.0000000	0.0000000
7000.6209600	7000.0338101	6999.8782813	2.6998899	-0.7600000	0.0271819	0.2763853	0.1132832	0.0000000	0.0000000
7000.6209600	7000.0338101	6999.8782813	2.6798759	-0.7600000	0.0299244	0.2748744	0.1152211	0.0000000	0.0000000
7000.6209600	7000.0338101	6999.8782813	2.6598619	-0.7600000	0.0357518	0.2735552	0.1221873	0.0000000	0.0000000
7000.6209600	7000.0338101	6999.8782813	2.6398479	-0.7600000	0.0360699	0.2734843	0.1251224	0.0000000	0.0000000
7000.6209600	7000.0338101	6999.8782813	2.6198339	-0.7600000	0.0310746	0.2744813	0.1221281	0.0000000	0.0000000
7000.6209600	7000.0338101	6999.8782813	2.6001534	-0.7600000	0.0337590	0.2744778	0.1203267	0.0000000	0.0000000
7000.6209600	7000.0338101	6999.8782813	2.5801394	-0.7600000	0.0313737	0.2743707	0.1165072	0.0000000	0.0000000
7000.6209600	7000.0338101	6999.8782813	2.5601254	-0.7600000	0.0374060	0.2727372	0.1260070	0.0000000	0.0000000
7000.6209600	7000.0338101	6999.8782813	2.5401114	-0.7600000	0.0358330	0.2721458	0.1280610	0.0000000	0.0000000
7000.6209600	7000.0338101	6999.8782813	2.5200974	-0.7600000	0.0264714	0.2755627	0.1165192	0.0000000	0.0000000
7000.6209600	7000.0338101	6999.8782813	2.5000834	-0.7600000	0.0317012	0.2735723	0.1168352	0.0000000	0.0000000
7000.6209600	7000.0338101	6999.8782813	2.4800694	-0.7600000	0.0392875	0.2710911	0.1260118	0.0000000	0.0000000
7000.6209600	7000.0338101	6999.8782813	2.4600554	-0.7600000	0.0320494	0.2703007	0.1232042	0.0000000	0.0000000
7000.6209600	7000.0338101	6999.8782813	2.4400414	-0.7600000	0.0328600	0.2714882	0.1263859	0.0000000	0.0000000
7000.6209600	7000.0338101	6999.8782813	2.4200274	-0.7600000	0.0332898	0.2705485	0.1258218	0.0000000	0.0000000
7000.6209600	7000.0338101	6999.8782813	2.4000133	-0.7600000	0.0381797	0.2721276	0.1241404	0.0000000	0.0000000
7000.6209600	7000.0338101	6999.8782813	2.3799993	-0.7600000	0.0365902	0.2734146	0.1196514	0.0000000	0.0000000
7000.6209600	7000.0338101	6999.8782813	2.3599853	-0.7600000	0.0363257	0.2712531	0.1285157	0.0000000	0.0000000
7000.6209600	7000.0338101	6999.8782813	2.3399713	-0.7600000	0.0362109	0.2712802	0.1291140	0.0000000	0.0000000
7000.6209600	7000.0338101	6999.8782813	2.3199573	-0.7600000	0.0304562	0.2720168	0.1197971	0.0000000	0.0000000
7000.6209600	7000.0338101	6999.8782813	2.2999433	-0.7600000	0.0326907	0.2716344	0.1243251	0.0000000	0.0000000
7000.6209600	7000.0338101	6999.8782813	2.2799293	-0.7600000	0.0363730	0.2704005	0.1189590	0.0000000	0.0000000
7000.6209600	7000.0338101	6999.8782813	2.2599153	-0.7600000	0.0368762	0.2735732	0.1200245	0.0000000	0.0000000
7000.6209600	7000.0338101	6999.8782813	2.2399013	-0.7600000	0.0358131	0.2735154	0.1202909	0.0000000	0.0000000
7000.6209600	7000.0338101	6999.8782813	2.2198873	-0.7600000	0.0322915	0.2749609	0.1141757	0.0000000	0.0000000
7000.6209600	7000.0338101	6999.8782813	2.1998732	-0.7600000	0.0343810	0.2715466	0.1241639	0.0000000	0.0000000
7000.6209600	7000.0338101	6999.8782813	2.1798592	-0.7600000	0.0332426	0.2737681	0.1181725	0.0000000	0.0000000
7000.6209600	7000.0338101	6999.8782813	2.1598452	-0.7600000	0.0282946	0.2750471	0.1129244	0.0000000	0.0000000
7000.6209600	7000.0338101	6999.8782813	2.1401648	-0.7600000	0.0326949	0.2749031	0.1136235	0.0000000	0.0000000
7000.6209600	7000.0338101	6999.8782813	2.1201508	-0.7600000	0.0337493	0.2752086	0.1142980	0.0000000	0.0000000
7000.6209600	7000.0338101	6999.8782813	2.1001368	-0.7600000	0.0336803	0.2730746	0.1158328	0.0000000	0.0000000
7000.6209600	7000.0338101	6999.8782813	2.0801228	-0.7600000	0.0345071	0.2709155	0.1236178	0.0000000	0.0000000
7000.6209600	7000.0338101	6999.8782813	2.0601087	-0.7600000	0.0332629	0.2717833	0.1222188	0.0000000	0.0000000
7000.6209600	7000.0338101	6999.8782813	2.0400947	-0.7600000	0.0324692	0.2738226	0.1171677	0.0000000	0.0000000
7000.6209600	7000.0338101	6999.8782813	2.0200807	-0.7600000	0.0340715	0.2733844	0.1173342	0.0000000	0.0000000
7000.6209600	7000.0338101	6999.8782813	2.0000667	-0.7600000	0.0333938	0.2734570	0.1154941	0.0000000	0.0000000
7000.6209600	7000.0338101	6999.8782813	1.9800527	-0.7600000	0.0375536	0.2720668	0.1216599	0.0000000	0.0000000
7000.6209600	7000.0338101	6999.8782813	1.9600387	-0.7600000	0.0317526	0.2714725	0.1212043	0.0000000	0.0000000
7000.6209600	7000.0338101	6999.8782813	1.9400247	-0.7600000	0.0301887	0.2696125	0.1241631	0.0000000	0.0000000
7000.6209600	7000.0338101	6999.8782813	1.9200107	-0.7600000	0.0279462	0.2744835	0.1135679	0.0000000	0.0000000
7000.6209600	7000.0338101	6999.8782813	1.8999967	-0.7600000	0.0347578	0.2753135	0.1162971	0.0000000	0.0000000
7000.6209600	7000.0338101	6999.8782813	1.8799827	-0.7600000	0.0364186	0.2766970	0.1144729	0.0000000	0.0000000
7000.6209600	7000.0338101	6999.8782813	1.8599686	-0.7600000	0.0376637	0.2745389	0.1183174	0.0000000	0.0000000
7000.6209600	7000.0338101	6999.8782813	1.8399546	-0.7600000	0.0353516	0.2757220	0.1190048	0.0000000	0.0000000
7000.6209600	7000.0338101	6999.8782813	1.8199406	-0.7600000	0.0330688	0.2745875	0.1161735	0.0000000	0.0000000
7000.6209600	7000.0338101	6999.8782813	1.7999266	-0.7600000	0.0310044	0.2743618	0.1174668	0.0000000	0.0000000
7000.6209600	7000.0338101	6999.8782813	1.7799126	-0.7600000	0.0395293	0.2728250	0.1236281	0.0000000	0.0000000
7000.6209600	7000.0338101	6999.8782813	1.7598986	-0.7600000	0.0370503	0.2718712	0.1247141	0.0000000	0.0000000
7000.6209600	7000.0338101	6999.8782813	1.7398846	-0.7600000	0.0322292	0.2716715	0.1233398	0.0000000	0.0000000
7000.6209600	7000.0338101	6999.8782813	1.7198706	-0.7600000	0.0286976	0.2714766	0.1235846	0.0000000	0.0000000
7000.6209600	7000.0338101	6999.8782813	1.6998566	-0.7600000	0.0307815	0.2712598	0.1234772	0.0000000	0.0000000
7000.6209600	7000.0338101	6999.8782813	1.6798426	-0.7600000	0.0392316	0.2752430	0.1171134	0.0000000	0.0000000
7000.6209600	7000.0338101	6999.8782813	1.6601621	-0.7600000	0.0388430	0.2744501	0.1208694	0.0000000	0.0000000
7000.6209600	7000.0338101	6999.8782813	1.6401481	-0.7600000	0.0348032	0.2739661	0.1210825	0.0000000	0.0000000
7000.6209600	7000.0338101	6999.8782813	1.6201341	-0.7600000	0.0259136	0.2740642	0.1231794	0.0000000	0.0000000
7000.6209600	7000.0338101	6999.8782813	1.6001201	-0.7600000	0.0339883	0.2727411	0.1237075	0.0000000	0.0000000
7000.6209600	7000.0338101	6999.8782813	1.5801061	-0.7600000	0.0367294	0.2746536	0.1193070	0.0000000	0.0000000
7000.6209600	7000.0338101	6999.8782813	1.5600921	-0.7600000	0.0444569	0.2734189	0.1216578	0.0000000	0.0000000
7000.6209600	7000.0338101	6999.8782813	1.5400781	-0.7600000	0.0373245	0.2744338	0.1156525	0.0000000	0.0000000
7000.6209600	7000.0338101	6999.8782813	1.5200640	-0.7600000	0.0307993	0.2734537	0.1208353	0.0000000	0.0000000
7000.6209600	7000.0338101	6999.8782813	1.5000500	-0.7600000	0.0292245	0.2758021	0.1162465	0.0000000	0.0000000
7000.6209600	7000.0338101	6999.8782813	1.4800360	-0.7600000	0.0398146	0.2751826	0.1175262	0.0000000	0.0000000
7000.6209600	7000.0338101	6999.8782813	1.4600220	-0.7600000	0.0483687	0.2733364	0.1229854	0.0000000	0.0000000
7000.6209600	7000.0338101	6999.8782813	1.4400080	-0.7600000	0.0420531	0.2722594	0.1230094	0.0000000	0.0000000
7000.6209600	7000.0338101	6999.8782813	1.4199940	-0.7600000	0.0255121	0.2755892	0.1154827	0.0000000	0.0000000
7000.6209600	7000.0338101	6999.8782813	1.3999800	-0.7600000	0.0270428	0.2736677	0.1224298	0.0000000	0.0000000
7000.6209600	7000.0338101	6999.8782813	1.3799660	-0.7600000	0.0413713	0.2760658	0.1210028	0.0000000	0.0000000
7000.6209600	7000.0338101	6999.8782813	1.3599520	-0.7600000	0.0465337	0.2727500	0.1217524	0.0000000	0.0000000
7000.6209600	7000.0338101	6999.8782813	1.3399380	-0.7600000	0.0423431	0.2731530	0.1207780	0.0000000	0.0000000
7000.6209600	7000.0338101	6999.8782813	1.3199239	-0.7600000	0.0285288	0.2731169	0.1171218	0.0000000	0.0000000
7000.6209600	7000.0338101	6999.8782813	1.2999099	-0.7600000	0.0280598	0.2755708	0.1144694	0.0000000	0.0000000
7000.6209600	7000.0338101	6999.8782813	1.2798959	-0.7600000	0.0314048	0.2717264	0.1212115	0.0000000	0.0000000
7000.6209600	7000.0338101	6999.8782813	1.2598819	-0.7600000	0.0438678	0.2756736	0.1170925	0.0000000	0.0000000
7000.6209600	7000.0338101	6999.8782813	1.2398679	-0.7600000	0.0423383	0.2724114	0.1216769	0.0000000	0.0000000
7000.6209600	7000.0338101	6999.8782813	1.2198539	-0.7600000	0.0302919	0.2734421	0.1201901	0.0000000	0.0000000
7000.6209600	7000.0338101	6999.8782813	1.1998399	-0.7600000	0.0308135	0.2730302	0.1241072	0.0000000	0.0000000
7000.6209600	7000.0338101	6999.8782813	1.1801594	-0.7600000	0.0390413	0.2696218	0.1296267	0.0000000	0.0000000
7000.6209600	7000.0338101	6999.8782813	1.1601454	-0.7600000	0.0495789	0.2705693	0.1239377	0.0000000	0.0000000
7000.6209600	7000.0338101	6999.8782813	1.1401314	-0.7600000	0.0421709	0.2755592	0.1128209	0.0000000	0.0000000
7000.6209600	7000.0338101	6999.8782813	1.1201174	-0.7600000	0.0257994	0.2747625	0.1151394	0.0000000	0.0000000
7000.6209600	7000.0338101	6999.8782813	1.1001034	-0.7600000	0.0302357	0.2725656	0.1244333	0.0000000	0.0000000
7000.6209600	7000.0338101	6999.8782813	1.0800894	-0.7600000	0.0325791	0.2722936	0.1222758	0.0000000	0.0000000
7000.6209600	7000.0338101	6999.8782813	1.0600754	-0.7600000	0.0552980	0.2746583	0.1179667	0.0000000	0.0000000
7000.6209600	7000.0338101	6999.8782813	1.0400614	-0.7600000	0.0654479	0.2743711	0.1243165	0.0000000	0.0000000
7000.6209600	7000.0338101	6999.8782813	1.0200474	-0.7600000	0.0320193	0.2736655	0.1209948	0.0000000	0.0000000
7000.6209600	7000.0338101	6999.8782813	1.0000334	-0.7600000	0.0396173	0.2755109	0.1198373	0.0000000	0.0000000
7000.6209600	7000.0338101	6999.8782813	0.9800193	-0.7600000	0.0480544	0.2744161	0.1155594	0.0000000	0.0000000
7000.6209600	7000.0338101	6999.8782813	0.9600053	-0.7600000	0.0577501	0.2752712	0.1133384	0.0000000	0.0000000
7000.6209600	7000.0338101	6999.8782813	0.9399913	-0.7600000	0.0618702	0.2736862	0.1296638	0.0000000	0.0000000
7000.6209600	7000.0338101	6999.8782813	0.9199773	-0.7600000	0.0363893	0.2726805	0.1273754	0.0000000	0.0000000
7000.6209600	7000.0338101	6999.8782813	0.8999633	-0.7600000	0.0403878	0.2742296	0.1202616	0.0000000	0.0000000
7000.6209600	7000.0338101	6999.8782813	0.8799493	-0.7600000	0.0693617	0.2731436	0.1278181	0.0000000	0.0000000
7000.6209600	7000.0338101	6999.8782813	0.8599353	-0.7600000	0.0664825	0.2736676	0.1195211	0.0000000	0.0000000
7000.6209600	7000.0338101	6999.8782813	0.8399213	-0.7600000	0.0597217	0.2738866	0.1206760	0.0000000	0.0000000
7000.6209600	7000.0338101	6999.8782813	0.8199073	-0.7600000	0.0326487	0.2761541	0.1155925	0.0000000	0.0000000
7000.6209600	7000.0338101	6999.8782813	0.7998933	-0.7600000	0.0430302	0.2720640	0.1250142	0.0000000	0.0000000
7000.6209600	7000.0338101	6999.8782813	0.7798792	-0.7600000	0.0791508	0.2731161	0.1195132	0.0000000	0.0000000
7000.6209600	7000.0338101	6999.8782813	0.7598652	-0.7600000	0.0666160	0.2738969	0.1148840	0.0000000	0.0000000
7000.6209600	7000.0338101	6999.8782813	0.7398512	-0.7600000	0.0619716	0.2751918	0.1167578	0.0000000	0.0000000
7000.6209600	7000.0338101	6999.8782813	0.7198372	-0.7600000	0.0631687	0.2717363	0.1291747	0.0000000	0.0000000
7000.6209600	7000.0338101	6999.8782813	0.7001568	-0.7600000	0.0411417	0.2732714	0.1194280	0.0000000	0.0000000
7000.6209600	7000.0338101	6999.8782813	0.6801428	-0.7600000	0.0716761	0.2743914	0.1130576	0.0000000	0.0000000
7000.6209600	7000.0338101	6999.8782813	0.6601288	-0.7600000	0.0834753	0.2738073	0.1142002	0.0000000	0.0000000
7000.6209600	7000.0338101	6999.8782813	0.6401147	-0.7600000	0.0807041	0.2738534	0.1174457	0.0000000	0.0000000
7000.6209600	7000.0338101	6999.8782813	0.6201007	-0.7600000	0.0559912	0.2737194	0.1195092	0.0000000	0.0000000
7000.6209600	7000.0338101	6999.8782813	0.6000867	-0.7600000	0.0549496	0.2745665	0.1146082	0.0000000	0.0000000
7000.6209600	7000.0338101	6999.8782813	0.5800727	-0.7600000	0.0894219	0.2731455	0.1110702	0.0000000	0.0000000
7000.6209600	7000.0338101	6999.8782813	0.5600587	-0.7600000	0.0957198	0.2731384	0.1153750	0.0000000	0.0000000
7000.6209600	7000.0338101	6999.8782813	0.5400447	-0.7600000	0.0992244	0.2705848	0.1255775	0.0000000	0.0000000
7000.6209600	7000.0338101	6999.8782813	0.5200307	-0.7600000	0.0764169	0.2712172	0.1270632	0.0000000	0.0000000
7000.6209600	7000.0338101	6999.8782813	0.5000167	-0.7600000	0.0736700	0.2731080	0.1195784	0.0000000	0.0000000
7000.6209600	7000.0338101	6999.8782813	0.4800027	-0.7600000	0.1373387	0.2727351	0.1287742	0.0000000	0.0000000
7000.6209600	7000.0338101	6999.8782813	0.4599887	-0.7600000	0.1243180	0.2721979	0.1271500	0.0000000	0.0000000
7000.6209600	7000.0338101	6999.8782813	0.4399746	-0.7600000	0.1064756	0.2724447	0.1249672	0.0000000	0.0000000
7000.6209600	7000.0338101	6999.8782813	0.4199606	-0.7600000	0.0870420	0.2732347	0.1218508	0.0000000	0.0000000
7000.6209600	7000.0338101	6999.8782813	0.3999466	-0.7600000	0.0987466	0.2730688	0.1173560	0.0000000	0.0000000
7000.6209600	7000.0338101	6999.8782813	0.3799326	-0.7600000	0.1546217	0.2726421	0.1217969	0.0000000	0.0000000
7000.6209600	7000.0338101	6999.8782813	0.3599186	-0.7600000	0.1415388	0.2742534	0.1267675	0.0000000	0.0000000
7000.6209600	7000.0338101	6999.8782813	0.3399046	-0.7600000	0.1309070	0.2721273	0.1291996	0.0000000	0.0000000
7000.6209600	7000.0338101	6999.8782813	0.3198906	-0.7600000	0.1036029	0.2713270	0.1236187	0.0000000	0.0000000
7000.6209600	7000.0338101	6999.8782813	0.2998766	-0.7600000	0.1154009	0.2727406	0.1168043	0.0000000	0.0000000
7000.6209600	7000.0338101	6999.8782813	0.2798626	-0.7600000	0.1816313	0.2703534	0.1223204	0.0000000	0.0000000
7000.6209600	7000.0338101	6999.8782813	0.2598486	-0.7600000	0.1486311	0.2710332	0.1273378	0.0000000	0.0000000
7000.6209600	7000.0338101	6999.8782813	0.2398346	-0.7600000	0.1119406	0.2706721	0.1221672	0.0000000	0.0000000
7000.6209600	7000.0338101	6999.8782813	0.2201541	-0.7600000	0.1134250	0.2716752	0.1191456	0.0000000	0.0000000
7000.6209600	7000.0338101	6999.8782813	0.2001401	-0.7600000	0.1300504	0.2732175	0.1136511	0.0000000	0.0000000
7000.6209600	7000.0338101	6999.8782813	0.1801261	-0.7600000	0.1925168	0.2722931	0.1232189	0.0000000	0.0000000
7000.6209600	7000.0338101	6999.8782813	0.1601121	-0.7600000	0.1643326	0.2710035	0.1194829	0.0000000	0.0000000
7000.6209600	7000.0338101	6999.8782813	0.1400981	-0.7600000	0.1441421	0.2726820	0.1188269	0.0000000	0.0000000
7000.6209600	7000.0338101	6999.8782813	0.1200841	-0.7600000	0.1576036	0.2718530	0.1155143	0.0000000	0.0000000
7000.6209600	7000.0338101	6999.8782813	0.1000700	-0.7600000	0.1895247	0.2727065	0.1182782	0.0000000	0.0000000
7000.6209600	7000.0338101	6999.8782813	0.0800560	-0.7600000	0.1982085	0.2738315	0.1157745	0.0000000	0.0000000
7000.6209600	7000.0338101	6999.8782813	0.0600420	-0.7600000	0.1770061	0.2741730	0.1145780	0.0000000	0.0000000
7000.6209600	7000.0338101	6999.8782813	0.0400280	-0.7600000	0.1769933	0.2711450	0.1275334	0.0000000	0.0000000
7000.6209600	7000.0338101	6999.8782813	0.0200140	-0.7600000	0.1739829	0.2695200	0.1224589	0.0000000	0.0000000
7000.6209600	7000.0338101	6999.8782813	0.0000000	-0.7600000	0.1847472	0.2746595	0.1163383	0.0000000	0.0000000
