7000.6209600	7000.0338101	6999.8782813	3.0001001	-0.5600587	0.0796251	0.2819113	0.1270238	0.0000000	-0.5600000
7000.6209600	7000.0338101	6999.8782813	2.9800861	-0.5600000	0.0819465	0.2796885	0.1261075	0.0000000	0.0000000
7000.6209600	7000.0338101	6999.8782813	2.9600721	-0.5600000	0.0766257	0.2789150	0.1204764	0.0000000	0.0000000
7000.6209600	7000.0338101	6999.8782813	2.9400580	-0.5600000	0.0806653	0.2807145	0.1215493	0.0000000	0.0000000
7000.6209600	7000.0338101	6999.8782813	2.9200440	-0.5600000	0.0774886	0.2808110	0.1241381	0.0000000	0.0000000
7000.6209600	7000.0338101	6999.8782813	2.9000300	-0.5600000	0.0727075	0.2782080	0.1220505	0.0000000	0.0000000
7000.6209600	7000.0338101	6999.8782813	2.8800160	-0.5600000	0.0749058	0.2781443	0.1219379	0.0000000	0.0000000
7000.6209600	7000.0338101	6999.8782813	2.8600020	-0.5600000	0.0809009	0.2801774	0.1249464	0.0000000	0.0000000
7000.6209600	7000.0338101	6999.8782813	2.8399880	-0.5600000	0.0774895	0.2783995	0.1203713	0.0000000	0.0000000
7000.6209600	7000.0338101	6999.8782813	2.8199740	-0.5600000	0.0737899	0.2805310	0.1208895	0.0000000	0.0000000
7000.6209600	7000.0338101	6999.8782813	2.7999600	-0.5600000	0.0693147	0.2795937	0.1206559	0.0000000	0.0000000
7000.6209600	7000.0338101	6999.8782813	2.7799460	-0.5600000	0.0812828	0.2779861	0.1242662	0.0000000	0.0000000
7000.6209600	7000.0338101	6999.8782813	2.7599320	-0.5600000	0.0787531	0.2763688	0.1192587	0.0000000	0.0000000
7000.6209600	7000.0338101	6999.8782813	2.7399179	-0.5600000	0.0808232	0.2772601	0.1255916	0.0000000	0.0000000
7000.6209600	7000.0338101	6999.8782813	2.7199039	-0.5600000	0.0742229	0.2796049	0.1242742	0.0000000	0.0000000
7000.6209600	7000.0338101	6999.8782813	2.6998899	-0.5600000	0.0746251	0.2781910	0.1209546	0.0000000	0.0000000
7000.6209600	7000.0338101	6999.8782813	2.6798759	-0.5600000	0.0772244	0.2793339	0.1246334	0.0000000	0.0000000
7000.6209600	7000.0338101	6999.8782813	2.6598619	-0.5600000	0.0802036	0.2817128	0.1212092	0.0000000	0.0000000
7000.6209600	7000.0338101	6999.8782813	2.6398479	-0.5600000	0.0774099	0.2782169	0.1199736	0.0000000	0.0000000
7000.6209600	7000.0338101	6999.8782813	2.6198339	-0.5600000	0.0756772	0.2789738	0.1227063	0.0000000	0.0000000
7000.6209600	7000.0338101	6999.8782813	2.6001534	-0.5600000	0.0719315	0.2791781	0.1199617	0.0000000	0.0000000
7000.6209600	7000.0338101	6999.8782813	2.5801394	-0.5600000	0.0770887	0.2823665	0.1283107	0.0000000	0.0000000
7000.6209600	7000.0338101	6999.8782813	2.5601254	-0.5600000	0.0805439	0.2798862	0.1265646	0.0000000	0.0000000
7000.6209600	7000.0338101	6999.8782813	2.5401114	-0.5600000	0.0788589	0.2787249	0.1223132	0.0000000	0.0000000
7000.6209600	7000.0338101	6999.8782813	2.5200974	-0.5600000	0.0733447	0.2778051	0.1209150	0.0000000	0.0000000
7000.6209600	7000.0338101	6999.8782813	2.5000834	-0.5600000	0.0815093	0.2832584	0.1273013	0.0000000	0.0000000
7000.6209600	7000.0338101	6999.8782813	2.4800694	-0.5600000	0.0781581	0.2800668	0.1228066	0.0000000	0.0000000
7000.6209600	7000.0338101	6999.8782813	2.4600554	-0.5600000	0.0743292	0.2837299	0.1245532	0.0000000	0.0000000
7000.6209600	7000.0338101	6999.8782813	2.4400414	-0.5600000	0.0808389	0.2793872	0.1247113	0.0000000	0.0000000
7000.6209600	7000.0338101	6999.8782813	2.4200274	-0.5600000	0.0820973	0.2796167	0.1273724	0.0000000	0.0000000
7000.6209600	7000.0338101	6999.8782813	2.4000133	-0.5600000	0.0803296	0.2798412	0.1255146	0.0000000	0.0000000
7000.6209600	7000.0338101	6999.8782813	2.3799993	-0.5600000	0.0827657	0.2803922	0.1299552	0.0000000	0.0000000
7000.6209600	7000.0338101	6999.8782813	2.3599853	-0.5600000	0.0777794	0.2801047	0.1227804	0.0000000	0.0000000
7000.6209600	7000.0338101	6999.8782813	2.3399713	-0.5600000	0.0795254	0.2797360	0.1284159	0.0000000	0.0000000
7000.6209600	7000.0338101	6999.8782813	2.3199573	-0.5600000	0.0815531	0.2797206	0.1232189	0.0000000	0.0000000
7000.6209600	7000.0338101	6999.8782813	2.2999433	-0.5600000	0.0805896	0.2774030	0.1214507	0.0000000	0.0000000
7000.6209600	7000.0338101	6999.8782813	2.2799293	-0.5600000	0.0813617	0.2772466	0.1211570	0.0000000	0.0000000
7000.6209600	7000.0338101	6999.8782813	2.2599153	-0.5600000	0.0793130	0.2791787	0.1212528	0.0000000	0.0000000
7000.6209600	7000.0338101	6999.8782813	2.2399013	-0.5600000	0.0677303	0.2780371	0.1155438	0.0000000	0.0000000
7000.6209600	7000.0338101	6999.8782813	2.2198873	-0.5600000	0.0738628	0.2747645	0.1179086	0.0000000	0.0000000
7000.6209600	7000.0338101	6999.8782813	2.1998732	-0.5600000	0.0801619	0.2780038	0.1198304	0.0000000	0.0000000
7000.6209600	7000.0338101	6999.8782813	2.1798592	-0.5600000	0.0797500	0.2787166	0.1207268	0.0000000	0.0000000
7000.6209600	7000.0338101	6999.8782813	2.1598452	-0.5600000	0.0738253	0.2776760	0.1176232	0.0000000	0.0000000
7000.6209600	7000.0338101	6999.8782813	2.1401648	-0.5600000	0.0756189	0.2779661	0.1188527	0.0000000	0.0000000
7000.6209600	7000.0338101	6999.8782813	2.1201508	-0.5600000	0.0773539	0.2750833	0.1229681	0.0000000	0.0000000
7000.6209600	7000.0338101	6999.8782813	2.1001368	-0.5600000	0.0770480	0.2770443	0.1205349	0.0000000	0.0000000
7000.6209600	7000.0338101	6999.8782813	2.0801228	-0.5600000	0.0787437	0.2774149	0.1202302	0.0000000	0.0000000
7000.6209600	7000.0338101	6999.8782813	2.0601087	-0.5600000	0.0814338	0.2742695	0.1241907	0.0000000	0.0000000
7000.6209600	7000.0338101	6999.8782813	2.0400947	-0.5600000	0.0794080	0.2802554	0.1242423	0.0000000	0.0000000
7000.6209600	7000.0338101	6999.8782813	2.0200807	-0.5600000	0.0706211	0.2782803	0.1217203	0.0000000	0.0000000
7000.6209600	7000.0338101	6999.8782813	2.0000667	-0.5600000	0.0758083	0.2787543	0.1195043	0.0000000	0.0000000
7000.6209600	7000.0338101	6999.8782813	1.9800527	-0.5600000	0.0845059	0.2763684	0.1245283	0.0000000	0.0000000
7000.6209600	7000.0338101	6999.8782813	1.9600387	-0.5600000	0.0868906	0.2807983	0.1263511	0.0000000	0.0000000
7000.6209600	7000.0338101	6999.8782813	1.9400247	-0.5600000	0.0788340	0.2781404	0.1216146	0.0000000	0.0000000
7000.6209600	7000.0338101	6999.8782813	1.9200107	-0.5600000	0.0716598	0.2806034	0.1264316	0.0000000	0.0000000
7000.6209600	7000.0338101	6999.8782813	1.8999967	-0.5600000	0.0800757	0.2806588	0.1258292	0.0000000	0.0000000
7000.6209600	7000.0338101	6999.8782813	1.8799827	-0.5600000	0.0849969	0.2772495	0.1209808	0.0000000	0.0000000
7000.6209600	7000.0338101	6999.8782813	1.8599686	-0.5600000	0.0858953	0.2778638	0.1232742	0.0000000	0.0000000
7000.6209600	7000.0338101	6999.8782813	1.8399546	-0.5600000	0.0740239	0.2769170	0.1186024	0.0000000	0.0000000
7000.6209600	7000.0338101	6999.8782813	1.8199406	-0.5600000	0.0747438	0.2791057	0.1205310	0.0000000	0.0000000
7000.6209600	7000.0338101	6999.8782813	1.7999266	-0.5600000	0.0706144	0.2772971	0.1245697	0.0000000	0.0000000
7000.6209600	7000.0338101	6999.8782813	1.7799126	-0.5600000	0.0865555	0.2779094	0.1227156	0.0000000	0.0000000
7000.6209600	7000.0338101	6999.8782813	1.7598986	-0.5600000	0.0873115	0.2763589	0.1216199	0.0000000	0.0000000
7000.6209600	7000.0338101	6999.8782813	1.7398846	-0.5600000	0.0769548	0.2770743	0.1195876	0.0000000	0.0000000
7000.6209600	7000.0338101	6999.8782813	1.7198706	-0.5600000	0.0775474	0.2789989	0.1213569	0.0000000	0.0000000
7000.6209600	7000.0338101	6999.8782813	1.6998566	-0.5600000	0.0747062	0.2760659	0.1183281	0.0000000	0.0000000
7000.6209600	7000.0338101	6999.8782813	1.6798426	-0.5600000	0.0862087	0.2769507	0.1213297	0.0000000	0.0000000
7000.6209600	7000.0338101	6999.8782813	1.6601621	-0.5600000	0.0884871	0.2760297	0.1223506	0.0000000	0.0000000
7000.6209600	7000.0338101	6999.8782813	1.6401481	-0.5600000	0.0832003	0.2772883	0.1194684	0.0000000	0.0000000
7000.6209600	7000.0338101	6999.8782813	1.6201341	-0.5600000	0.0679377	0.2766716	0.1200289	0.0000000	0.0000000
7000.6209600	7000.0338101	6999.8782813	1.6001201	-0.5600000	0.0676121	0.2796086	0.1186387	0.0000000	0.0000000
7000.6209600	7000.0338101	6999.8782813	1.5801061	-0.5600000	0.0802643	0.2747639	0.1169795	0.0000000	0.0000000
7000.6209600	7000.0338101	6999.8782813	1.5600921	-0.5600000	0.0894534	0.2777704	0.1192700	0.0000000	0.0000000
7000.6209600	7000.0338101	6999.8782813	1.5400781	-0.5600000	0.0901266	0.2792062	0.1204181	0.0000000	0.0000000
7000.6209600	7000.0338101	6999.8782813	1.5200640	-0.5600000	0.0765909	0.2792273	0.1240316	0.0000000	0.0000000
7000.6209600	7000.0338101	6999.8782813	1.5000500	-0.5600000	0.0675879	0.2784277	0.1220636	0.0000000	0.0000000
7000.6209600	7000.0338101	6999.8782813	1.4800360	-0.5600000	0.0829602	0.2788008	0.1196049	0.0000000	0.0000000
7000.6209600	7000.0338101	6999.8782813	1.4600220	-0.5600000	0.0970862	0.2768992	0.1238414	0.0000000	0.0000000
7000.6209600	7000.0338101	6999.8782813	1.4400080	-0.5600000	0.0895236	0.2762074	0.1212430	0.0000000	0.0000000
7000.6209600	7000.0338101	6999.8782813	1.4199940	-0.5600000	0.0770327	0.2797716	0.1240255	0.0000000	0.0000000
7000.6209600	7000.0338101	6999.8782813	1.3999800	-0.5600000	0.0765959	0.2805203	0.1282974	0.0000000	0.0000000
7000.6209600	7000.0338101	6999.8782813	1.3799660	-0.5600000	0.0807517	0.2761173	0.1210602	0.0000000	0.0000000
7000.6209600	7000.0338101	6999.8782813	1.3599520	-0.5600000	0.0986195	0.2816125	0.1283983	0.0000000	0.0000000
7000.6209600	7000.0338101	6999.8782813	1.3399380	-0.5600000	0.1040942	0.2796619	0.1285829	0.0000000	0.0000000
7000.6209600	7000.0338101	6999.8782813	1.3199239	-0.5600000	0.0810940	0.2783474	0.1292501	0.0000000	0.0000000
7000.6209600	7000.0338101	6999.8782813	1.2999099	-0.5600000	0.0749908	0.2778822	0.1241101	0.0000000	0.0000000
7000.6209600	7000.0338101	6999.8782813	1.2798959	-0.5600000	0.0800464	0.2794138	0.1236558	0.0000000	0.0000000
7000.6209600	7000.0338101	6999.8782813	1.2598819	-0.5600000	0.0993303	0.2803716	0.1205146	0.0000000	0.0000000
7000.6209600	7000.0338101	6999.8782813	1.2398679	-0.5600000	0.1039596	0.2765074	0.1207449	0.0000000	0.0000000
7000.6209600	7000.0338101	6999.8782813	1.2198539	-0.5600000	0.0854438	0.2796992	0.1250382	0.0000000	0.0000000
7000.6209600	7000.0338101	6999.8782813	1.1998399	-0.5600000	0.0738014	0.2766378	0.1223398	0.0000000	0.0000000
7000.6209600	7000.0338101	6999.8782813	1.1801594	-0.5600000	0.0833944	0.2782837	0.1229210	0.0000000	0.0000000
7000.6209600	7000.0338101	6999.8782813	1.1601454	-0.5600000	0.1112898	0.2788989	0.1236908	0.0000000	0.0000000
7000.6209600	7000.0338101	6999.8782813	1.1401314	-0.5600000	0.1138237	0.2789939	0.1215391	0.0000000	0.0000000
7000.6209600	7000.0338101	6999.8782813	1.1201174	-0.5600000	0.0874309	0.2796312	0.1245375	0.0000000	0.0000000
7000.6209600	7000.0338101	6999.8782813	1.1001034	-0.5600000	0.0883599	0.2795697	0.1253483	0.0000000	0.0000000
7000.6209600	7000.0338101	6999.8782813	1.0800894	-0.5600000	0.0978236	0.2795360	0.1226176	0.0000000	0.0000000
7000.6209600	7000.0338101	6999.8782813	1.0600754	-0.5600000	0.1103351	0.2781105	0.1185522	0.0000000	0.0000000
7000.6209600	7000.0338101	6999.8782813	1.0400614	-0.5600000	0.1181519	0.2795197	0.1198715	0.0000000	0.0000000
7000.6209600	7000.0338101	6999.8782813	1.0200474	-0.5600000	0.0840881	0.2770820	0.1213141	0.0000000	0.0000000
7000.6209600	7000.0338101	6999.8782813	1.0000334	-0.5600000	0.0868506	0.2773147	0.1220352	0.0000000	0.0000000
7000.6209600	7000.0338101	6999.8782813	0.9800193	-0.5600000	0.1085048	0.2776521	0.1215266	0.0000000	0.0000000
7000.6209600	7000.0338101	6999.8782813	0.9600053	-0.5600000	0.1350060	0.2779728	0.1199316	0.0000000	0.0000000
7000.6209600	7000.0338101	6999.8782813	0.9399913	-0.5600000	0.1376631	0.2817877	0.1242628	0.0000000	0.0000000
7000.6209600	7000.0338101	6999.8782813	0.9199773	-0.5600000	0.0912773	0.2762979	0.1234158	0.0000000	0.0000000
7000.6209600	7000.0338101	6999.8782813	0.8999633	-0.5600000	0.0841958	0.2768383	0.1194514	0.0000000	0.0000000
7000.6209600	7000.0338101	6999.8782813	0.8799493	-0.5600000	0.1255909	0.2768711	0.1211444	0.0000000	0.0000000
7000.6209600	7000.0338101	6999.8782813	0.8599353	-0.5600000	0.1470281	0.2784924	0.1210836	0.0000000	0.0000000
7000.6209600	7000.0338101	6999.8782813	0.8399213	-0.5600000	0.1446348	0.2792474	0.1215016	0.0000000	0.0000000
7000.6209600	7000.0338101	6999.8782813	0.8199073	-0.5600000	0.0956937	0.2790973	0.1203652	0.0000000	0.0000000
7000.6209600	7000.0338101	6999.8782813	0.7998933	-0.5600000	0.1094894	0.2823716	0.1254137	0.0000000	0.0000000
7000.6209600	7000.0338101	6999.8782813	0.7798792	-0.5600000	0.1543745	0.2776130	0.1208442	0.0000000	0.0000000
7000.6209600	7000.0338101	6999.8782813	0.7598652	-0.5600000	0.1512294	0.2775845	0.1209364	0.0000000	0.0000000
7000.6209600	7000.0338101	6999.8782813	0.7398512	-0.5600000	0.1553883	0.2789320	0.1235684	0.0000000	0.0000000
7000.6209600	7000.0338101	6999.8782813	0.7198372	-0.5600000	0.1218392	0.2776470	0.1245889	0.0000000	0.0000000
7000.6209600	7000.0338101	6999.8782813	0.7001568	-0.5600000	0.1181018	0.2781874	0.1215994	0.0000000	0.0000000
7000.6209600	7000.0338101	6999.8782813	0.6801428	-0.5600000	0.1753756	0.2810507	0.1232227	0.0000000	0.0000000
7000.6209600	7000.0338101	6999.8782813	0.6601288	-0.5600000	0.1896423	0.2767482	0.1232649	0.0000000	0.0000000
7000.6209600	7000.0338101	6999.8782813	0.6401147	-0.5600000	0.1873694	0.2811136	0.1242600	0.0000000	0.0000000
7000.6209600	7000.0338101	6999.8782813	0.6201007	-0.5600000	0.1239753	0.2788634	0.1214014	0.0000000	0.0000000
7000.6209600	7000.0338101	6999.8782813	0.6000867	-0.5600000	0.1459041	0.2806575	0.1269757	0.0000000	0.0000000
7000.6209600	7000.0338101	6999.8782813	0.5800727	-0.5600000	0.1967585	0.2814534	0.1278918	0.0000000	0.0000000
7000.6209600	7000.0338101	6999.8782813	0.5600587	-0.5600000	0.2020911	0.2769314	0.1219154	0.0000000	0.0000000
7000.6209600	7000.0338101	6999.8782813	0.5400447	-0.5600000	0.1957756	0.2784258	0.1252079	0.0000000	0.0000000
7000.6209600	7000.0338101	6999.8782813	0.5200307	-0.5600000	0.1592782	0.2812340	0.1231376	0.0000000	0.0000000
7000.6209600	7000.0338101	6999.8782813	0.5000167	-0.5600000	0.1639283	0.2800359	0.1255728	0.0000000	0.0000000
7000.6209600	7000.0338101	6999.8782813	0.4800027	-0.5600000	0.2211035	0.2782705	0.1242378	0.0000000	0.0000000
7000.6209600	7000.0338101	6999.8782813	0.4599887	-0.5600000	0.2121925	0.2801720	0.1222566	0.0000000	0.0000000
7000.6209600	7000.0338101	6999.8782813	0.4399746	-0.5600000	0.2156892	0.2762244	0.1227397	0.0000000	0.0000000
7000.6209600	7000.0338101	6999.8782813	0.4199606	-0.5600000	0.1656453	0.2765684	0.1222294	0.0000000	0.0000000
7000.6209600	7000.0338101	6999.8782813	0.3999466	-0.5600000	0.1855989	0.2786392	0.1221670	0.0000000	0.0000000
7000.6209600	7000.0338101	6999.8782813	0.3799326	-0.5600000	0.2318287	0.2804403	0.1232577	0.0000000	0.0000000
7000.6209600	7000.0338101	6999.8782813	0.3599186	-0.5600000	0.2081071	0.2802402	0.1189481	0.0000000	0.0000000
7000.6209600	7000.0338101	6999.8782813	0.3399046	-0.5600000	0.2101510	0.2803812	0.1224680	0.0000000	0.0000000
7000.6209600	7000.0338101	6999.8782813	0.3198906	-0.5600000	0.1959216	0.2789103	0.1249108	0.0000000	0.0000000
7000.6209600	7000.0338101	6999.8782813	0.2998766	-0.5600000	0.2178660	0.2786443	0.1247174	0.0000000	0.0000000
7000.6209600	7000.0338101	6999.8782813	0.2798626	-0.5600000	0.2623468	0.2780833	0.1198340	0.0000000	0.0000000
7000.6209600	7000.0338101	6999.8782813	0.2598486	-0.5600000	0.2201654	0.2785690	0.1195052	0.0000000	0.0000000
7000.6209600	7000.0338101	6999.8782813	0.2398346	-0.5600000	0.2048455	0.2805350	0.1225905	0.0000000	0.0000000
7000.6209600	7000.0338101	6999.8782813	0.2201541	-0.5600000	0.1915673	0.2759595	0.1197961	0.0000000	0.0000000
7000.6209600	7000.0338101	6999.8782813	0.2001401	-0.5600000	0.2467272	0.2756244	0.1217949	0.0000000	0.0000000
7000.6209600	7000.0338101	6999.8782813	0.1801261	-0.5600000	0.3098140	0.2794739	0.1271899	0.0000000	0.0000000
7000.6209600	7000.0338101	6999.8782813	0.1601121	-0.5600000	0.2741774	0.2797201	0.1251324	0.0000000	0.0000000
7000.6209600	7000.0338101	6999.8782813	0.1400981	-0.5600000	0.2366085	0.2793268	0.1202142	0.0000000	0.0000000
7000.6209600	7000.0338101	6999.8782813	0.1200841	-0.5600000	0.2339690	0.2802402	0.1245630	0.0000000	0.0000000
7000.6209600	7000.0338101	6999.8782813	0.1000700	-0.5600000	0.2778136	0.2801229	0.1237804	0.0000000	0.0000000
7000.6209600	7000.0338101	6999.8782813	0.0800560	-0.5600000	0.3201979	0.2769142	0.1241077	0.0000000	0.0000000
7000.6209600	7000.0338101	6999.8782813	0.0600420	-0.5600000	0.2775039	0.2775918	0.1202057	0.0000000	0.0000000
7000.6209600	7000.0338101	6999.8782813	0.0400280	-0.5600000	0.2740164	0.2773832	0.1248956	0.0000000	0.0000000
7000.6209600	7000.0338101	6999.8782813	0.0200140	-0.5600000	0.2489155	0.2814618	0.1243752	0.0000000	0.0000000
7000.6209600	7000.0338101	6999.8782813	0.0000000	-0.5600000	0.2543490	0.2808969	0.1236036	0.0000000	0.0000000
