7000.6209600	7000.0338101	6999.8782813	3.0001001	-0.7798792	0.0312125	0.2736659	0.1219314	0.0000000	-0.7800000
7000.6209600	7000.0338101	6999.8782813	2.9800861	-0.7800000	0.0325348	0.2720155	0.1251353	0.0000000	0.0000000
7000.6209600	7000.0338101	6999.8782813	2.9600721	-0.7800000	0.0311383	0.2718937	0.1239650	0.0000000	0.0000000
7000.6209600	7000.0338101	6999.8782813	2.9400580	-0.7800000	0.0312500	0.2702150	0.1248892	0.0000000	0.0000000
7000.6209600	7000.0338101	6999.8782813	2.9200440	-0.7800000	0.0299070	0.2710579	0.1233788	0.0000000	0.0000000
7000.6209600	7000.0338101	6999.8782813	2.9000300	-0.7800000	0.0271427	0.2727505	0.1196199	0.0000000	0.0000000
7000.6209600	7000.0338101	6999.8782813	2.8800160	-0.7800000	0.0252760	0.2740907	0.1103191	0.0000000	0.0000000
7000.6209600	7000.0338101	6999.8782813	2.8600020	-0.7800000	0.0303177	0.2716410	0.1213447	0.0000000	0.0000000
7000.6209600	7000.0338101	6999.8782813	2.8399880	-0.7800000	0.0341241	0.2711063	0.1253743	0.0000000	0.0000000
7000.6209600	7000.0338101	6999.8782813	2.8199740	-0.7800000	0.0301781	0.2741305	0.1150862	0.0000000	0.0000000
7000.6209600	7000.0338101	6999.8782813	2.7999600	-0.7800000	0.0289052	0.2736637	0.1161418	0.0000000	0.0000000
7000.6209600	7000.0338101	6999.8782813	2.7799460	-0.7800000	0.0295281	0.2744637	0.1171597	0.0000000	0.0000000
7000.6209600	7000.0338101	6999.8782813	2.7599320	-0.7800000	0.0365997	0.2705186	0.1289255	0.0000000	0.0000000
7000.6209600	7000.0338101	6999.8782813	2.7399179	-0.7800000	0.0314370	0.2734860	0.1166608	0.0000000	0.0000000
7000.6209600	7000.0338101	6999.8782813	2.7199039	-0.7800000	0.0307169	0.2730095	0.1169802	0.0000000	0.0000000
7000.6209600	7000.0338101	6999.8782813	2.6998899	-0.7800000	0.0285487	0.2742572	0.1152969	0.0000000	0.0000000
7000.6209600	7000.0338101	6999.8782813	2.6798759	-0.7800000	0.0291671	0.2763877	0.1134503	0.0000000	0.0000000
7000.6209600	7000.0338101	6999.8782813	2.6598619	-0.7800000	0.0351301	0.2727035	0.1235934	0.0000000	0.0000000
7000.6209600	7000.0338101	6999.8782813	2.6398479	-0.7800000	0.0296384	0.2727020	0.1191100	0.0000000	0.0000000
7000.6209600	7000.0338101	6999.8782813	2.6198339	-0.7800000	0.0251667	0.2745963	0.1120918	0.0000000	0.0000000
7000.6209600	7000.0338101	6999.8782813	2.6001534	-0.7800000	0.0275444	0.2734303	0.1207649	0.0000000	0.0000000
7000.6209600	7000.0338101	6999.8782813	2.5801394	-0.7800000	0.0301622	0.2752172	0.1145615	0.0000000	0.0000000
7000.6209600	7000.0338101	6999.8782813	2.5601254	-0.7800000	0.0298496	0.2710898	0.1143007	0.0000000	0.0000000
7000.6209600	7000.0338101	6999.8782813	2.5401114	-0.7800000	0.0277651	0.2733367	0.1165039	0.0000000	0.0000000
7000.6209600	7000.0338101	6999.8782813	2.5200974	-0.7800000	0.0282073	0.2729609	0.1177767	0.0000000	0.0000000
7000.6209600	7000.0338101	6999.8782813	2.5000834	-0.7800000	0.0318967	0.2722375	0.1206322	0.0000000	0.0000000
7000.6209600	7000.0338101	6999.8782813	2.4800694	-0.7800000	0.0323344	0.2723798	0.1244683	0.0000000	0.0000000
7000.6209600	7000.0338101	6999.8782813	2.4600554	-0.7800000	0.0298865	0.2713878	0.1228593	0.0000000	0.0000000
7000.6209600	7000.0338101	6999.8782813	2.4400414	-0.7800000	0.0287815	0.2718643	0.1144796	0.0000000	0.0000000
7000.6209600	7000.0338101	6999.8782813	2.4200274	-0.7800000	0.0315378	0.2699890	0.1252787	0.0000000	0.0000000
7000.6209600	7000.0338101	6999.8782813	2.4000133	-0.7800000	0.0293723	0.2740004	0.1128761	0.0000000	0.0000000
7000.6209600	7000.0338101	6999.8782813	2.3799993	-0.7800000	0.0275981	0.2744581	0.1121082	0.0000000	0.0000000
7000.6209600	7000.0338101	6999.8782813	2.3599853	-0.7800000	0.0282566	0.2728341	0.1193470	0.0000000	0.0000000
7000.6209600	7000.0338101	6999.8782813	2.3399713	-0.7800000	0.0303864	0.2722720	0.1199839	0.0000000	0.0000000
7000.6209600	7000.0338101	6999.8782813	2.3199573	-0.7800000	0.0258884	0.2713921	0.1170487	0.0000000	0.0000000
7000.6209600	7000.0338101	6999.8782813	2.2999433	-0.7800000	0.0303201	0.2715034	0.1203389	0.0000000	0.0000000
7000.6209600	7000.0338101	6999.8782813	2.2799293	-0.7800000	0.0303210	0.2754319	0.1134988	0.0000000	0.0000000
7000.6209600	7000.0338101	6999.8782813	2.2599153	-0.7800000	0.0312560	0.2731329	0.1165016	0.0000000	0.0000000
7000.6209600	7000.0338101	6999.8782813	2.2399013	-0.7800000	0.0307247	0.2747864	0.1159418	0.0000000	0.0000000
7000.6209600	7000.0338101	6999.8782813	2.2198873	-0.7800000	0.0321378	0.2734014	0.1165551	0.0000000	0.0000000
7000.6209600	7000.0338101	6999.8782813	2.1998732	-0.7800000	0.0294690	0.2747081	0.1174684	0.0000000	0.0000000
7000.6209600	7000.0338101	6999.8782813	2.1798592	-0.7800000	0.0284346	0.2735948	0.1107505	0.0000000	0.0000000
7000.6209600	7000.0338101	6999.8782813	2.1598452	-0.7800000	0.0290458	0.2750759	0.1126096	0.0000000	0.0000000
7000.6209600	7000.0338101	6999.8782813	2.1401648	-0.7800000	0.0297310	0.2742310	0.1145796	0.0000000	0.0000000
7000.6209600	7000.0338101	6999.8782813	2.1201508	-0.7800000	0.0314060	0.2737905	0.1189142	0.0000000	0.0000000
7000.6209600	7000.0338101	6999.8782813	2.1001368	-0.7800000	0.0265557	0.2736525	0.1112859	0.0000000	0.0000000
7000.6209600	7000.0338101	6999.8782813	2.0801228	-0.7800000	0.0271146	0.2740811	0.1142264	0.0000000	0.0000000
7000.6209600	7000.0338101	6999.8782813	2.0601087	-0.7800000	0.0253009	0.2748992	0.1111990	0.0000000	0.0000000
7000.6209600	7000.0338101	6999.8782813	2.0400947	-0.7800000	0.0266774	0.2741326	0.1142346	0.0000000	0.0000000
7000.6209600	7000.0338101	6999.8782813	2.0200807	-0.7800000	0.0278867	0.2736448	0.1201882	0.0000000	0.0000000
7000.6209600	7000.0338101	6999.8782813	2.0000667	-0.7800000	0.0292233	0.2733157	0.1147545	0.0000000	0.0000000
7000.6209600	7000.0338101	6999.8782813	1.9800527	-0.7800000	0.0304044	0.2712296	0.1137863	0.0000000	0.0000000
7000.6209600	7000.0338101	6999.8782813	1.9600387	-0.7800000	0.0313475	0.2730110	0.1197416	0.0000000	0.0000000
7000.6209600	7000.0338101	6999.8782813	1.9400247	-0.7800000	0.0311836	0.2689358	0.1229930	0.0000000	0.0000000
7000.6209600	7000.0338101	6999.8782813	1.9200107	-0.7800000	0.0283317	0.2725647	0.1223147	0.0000000	0.0000000
7000.6209600	7000.0338101	6999.8782813	1.8999967	-0.7800000	0.0263118	0.2736708	0.1177505	0.0000000	0.0000000
7000.6209600	7000.0338101	6999.8782813	1.8799827	-0.7800000	0.0312524	0.2715280	0.1153324	0.0000000	0.0000000
7000.6209600	7000.0338101	6999.8782813	1.8599686	-0.7800000	0.0332135	0.2699360	0.1232493	0.0000000	0.0000000
7000.6209600	7000.0338101	6999.8782813	1.8399546	-0.7800000	0.0328185	0.2729946	0.1245636	0.0000000	0.0000000
7000.6209600	7000.0338101	6999.8782813	1.8199406	-0.7800000	0.0212421	0.2733167	0.1169077	0.0000000	0.0000000
7000.6209600	7000.0338101	6999.8782813	1.7999266	-0.7800000	0.0251038	0.2714409	0.1162017	0.0000000	0.0000000
7000.6209600	7000.0338101	6999.8782813	1.7799126	-0.7800000	0.0332435	0.2712706	0.1217554	0.0000000	0.0000000
7000.6209600	7000.0338101	6999.8782813	1.7598986	-0.7800000	0.0357974	0.2705913	0.1239608	0.0000000	0.0000000
7000.6209600	7000.0338101	6999.8782813	1.7398846	-0.7800000	0.0335341	0.2708550	0.1157813	0.0000000	0.0000000
7000.6209600	7000.0338101	6999.8782813	1.7198706	-0.7800000	0.0291072	0.2717046	0.1163727	0.0000000	0.0000000
7000.6209600	7000.0338101	6999.8782813	1.6998566	-0.7800000	0.0271289	0.2744747	0.1161396	0.0000000	0.0000000
7000.6209600	7000.0338101	6999.8782813	1.6798426	-0.7800000	0.0334948	0.2705294	0.1227180	0.0000000	0.0000000
7000.6209600	7000.0338101	6999.8782813	1.6601621	-0.7800000	0.0318257	0.2755950	0.1132964	0.0000000	0.0000000
7000.6209600	7000.0338101	6999.8782813	1.6401481	-0.7800000	0.0374816	0.2726704	0.1192736	0.0000000	0.0000000
7000.6209600	7000.0338101	6999.8782813	1.6201341	-0.7800000	0.0243022	0.2737770	0.1134479	0.0000000	0.0000000
7000.6209600	7000.0338101	6999.8782813	1.6001201	-0.7800000	0.0253761	0.2739462	0.1156354	0.0000000	0.0000000
7000.6209600	7000.0338101	6999.8782813	1.5801061	-0.7800000	0.0287000	0.2742531	0.1124551	0.0000000	0.0000000
7000.6209600	7000.0338101	6999.8782813	1.5600921	-0.7800000	0.0370770	0.2726544	0.1185981	0.0000000	0.0000000
7000.6209600	7000.0338101	6999.8782813	1.5400781	-0.7800000	0.0390396	0.2722612	0.1250167	0.0000000	0.0000000
7000.6209600	7000.0338101	6999.8782813	1.5200640	-0.7800000	0.0280863	0.2700029	0.1245457	0.0000000	0.0000000
7000.6209600	7000.0338101	6999.8782813	1.5000500	-0.7800000	0.0234695	0.2716993	0.1254205	0.0000000	0.0000000
7000.6209600	7000.0338101	6999.8782813	1.4800360	-0.7800000	0.0302616	0.2713307	0.1231064	0.0000000	0.0000000
7000.6209600	7000.0338101	6999.8782813	1.4600220	-0.7800000	0.0384056	0.2718508	0.1199739	0.0000000	0.0000000
7000.6209600	7000.0338101	6999.8782813	1.4400080	-0.7800000	0.0250000	0.2700000	0.1200000	0.0000000	0.0000000
7000.6209600	7000.0338101	6999.8782813	1.4199940	-0.7800000	0.0281777	0.2685004	0.1239437	0.0000000	0.0000000
7000.6209600	7000.0338101	6999.8782813	1.3999800	-0.7800000	0.0293519	0.2725801	0.1229888	0.0000000	0.0000000
7000.6209600	7000.0338101	6999.8782813	1.3799660	-0.7800000	0.0294436	0.2725438	0.1226935	0.0000000	0.0000000
7000.6209600	7000.0338101	6999.8782813	1.3599520	-0.7800000	0.0324438	0.2732035	0.1171335	0.0000000	0.0000000
7000.6209600	7000.0338101	6999.8782813	1.3399380	-0.7800000	0.0388495	0.2736871	0.1161039	0.0000000	0.0000000
7000.6209600	7000.0338101	6999.8782813	1.3199239	-0.7800000	0.0292401	0.2740525	0.1182832	0.0000000	0.0000000
7000.6209600	7000.0338101	6999.8782813	1.2999099	-0.7800000	0.0273422	0.2718467	0.1280168	0.0000000	0.0000000
7000.6209600	7000.0338101	6999.8782813	1.2798959	-0.7800000	0.0254696	0.2730883	0.1174523	0.0000000	0.0000000
7000.6209600	7000.0338101	6999.8782813	1.2598819	-0.7800000	0.0420405	0.2704541	0.1214777	0.0000000	0.0000000
7000.6209600	7000.0338101	6999.8782813	1.2398679	-0.7800000	0.0488063	0.2700377	0.1268425	0.0000000	0.0000000
7000.6209600	7000.0338101	6999.8782813	1.2198539	-0.7800000	0.0363743	0.2714534	0.1264720	0.0000000	0.0000000
7000.6209600	7000.0338101	6999.8782813	1.1998399	-0.7800000	0.0283329	0.2719255	0.1257357	0.0000000	0.0000000
7000.6209600	7000.0338101	6999.8782813	1.1801594	-0.7800000	0.0286694	0.2725925	0.1252764	0.0000000	0.0000000
7000.6209600	7000.0338101	6999.8782813	1.1601454	-0.7800000	0.0419491	0.2727938	0.1268922	0.0000000	0.0000000
7000.6209600	7000.0338101	6999.8782813	1.1401314	-0.7800000	0.0469594	0.2706030	0.1228090	0.0000000	0.0000000
7000.6209600	7000.0338101	6999.8782813	1.1201174	-0.7800000	0.0294946	0.2703618	0.1179971	0.0000000	0.0000000
7000.6209600	7000.0338101	6999.8782813	1.1001034	-0.7800000	0.0301813	0.2723500	0.1238605	0.0000000	0.0000000
7000.6209600	7000.0338101	6999.8782813	1.0800894	-0.7800000	0.0240994	0.2709087	0.1180690	0.0000000	0.0000000
7000.6209600	7000.0338101	6999.8782813	1.0600754	-0.7800000	0.0391278	0.2713220	0.1169191	0.0000000	0.0000000
7000.6209600	7000.0338101	6999.8782813	1.0400614	-0.7800000	0.0436631	0.2702510	0.1110952	0.0000000	0.0000000
7000.6209600	7000.0338101	6999.8782813	1.0200474	-0.7800000	0.0312056	0.2720542	0.1136530	0.0000000	0.0000000
7000.6209600	7000.0338101	6999.8782813	1.0000334	-0.7800000	0.0312788	0.2713506	0.1222439	0.0000000	0.0000000
7000.6209600	7000.0338101	6999.8782813	0.9800193	-0.7800000	0.0278093	0.2723160	0.1112296	0.0000000	0.0000000
7000.6209600	7000.0338101	6999.8782813	0.9600053	-0.7800000	0.0597463	0.2714937	0.1228331	0.0000000	0.0000000
7000.6209600	7000.0338101	6999.8782813	0.9399913	-0.7800000	0.0581738	0.2738541	0.1185320	0.0000000	0.0000000
7000.6209600	7000.0338101	6999.8782813	0.9199773	-0.7800000	0.0400349	0.2701139	0.1298561	0.0000000	0.0000000
7000.6209600	7000.0338101	6999.8782813	0.8999633	-0.7800000	0.0300825	0.2707245	0.1245880	0.0000000	0.0000000
7000.6209600	7000.0338101	6999.8782813	0.8799493	-0.7800000	0.0431282	0.2700647	0.1218434	0.0000000	0.0000000
7000.6209600	7000.0338101	6999.8782813	0.8599353	-0.7800000	0.0594404	0.2722876	0.1137617	0.0000000	0.0000000
7000.6209600	7000.0338101	6999.8782813	0.8399213	-0.7800000	0.0617439	0.2725272	0.1151501	0.0000000	0.0000000
7000.6209600	7000.0338101	6999.8782813	0.8199073	-0.7800000	0.0319980	0.2725583	0.1161477	0.0000000	0.0000000
7000.6209600	7000.0338101	6999.8782813	0.7998933	-0.7800000	0.0380798	0.2704027	0.1289049	0.0000000	0.0000000
7000.6209600	7000.0338101	6999.8782813	0.7798792	-0.7800000	0.0498187	0.2748901	0.1136025	0.0000000	0.0000000
7000.6209600	7000.0338101	6999.8782813	0.7598652	-0.7800000	0.0807357	0.2709457	0.1257964	0.0000000	0.0000000
7000.6209600	7000.0338101	6999.8782813	0.7398512	-0.7800000	0.0723734	0.2718545	0.1257458	0.0000000	0.0000000
7000.6209600	7000.0338101	6999.8782813	0.7198372	-0.7800000	0.0308457	0.2729519	0.1156962	0.0000000	0.0000000
7000.6209600	7000.0338101	6999.8782813	0.7001568	-0.7800000	0.0357238	0.2718480	0.1246978	0.0000000	0.0000000
7000.6209600	7000.0338101	6999.8782813	0.6801428	-0.7800000	0.0562119	0.2705243	0.1210784	0.0000000	0.0000000
7000.6209600	7000.0338101	6999.8782813	0.6601288	-0.7800000	0.0885980	0.2690197	0.1231927	0.0000000	0.0000000
7000.6209600	7000.0338101	6999.8782813	0.6401147	-0.7800000	0.0781721	0.2703019	0.1164193	0.0000000	0.0000000
7000.6209600	7000.0338101	6999.8782813	0.6201007	-0.7800000	0.0450889	0.2718970	0.1168011	0.0000000	0.0000000
7000.6209600	7000.0338101	6999.8782813	0.6000867	-0.7800000	0.0620898	0.2713242	0.1283754	0.0000000	0.0000000
7000.6209600	7000.0338101	6999.8782813	0.5800727	-0.7800000	0.0849108	0.2739418	0.1171011	0.0000000	0.0000000
7000.6209600	7000.0338101	6999.8782813	0.5600587	-0.7800000	0.1024862	0.2702682	0.1203671	0.0000000	0.0000000
7000.6209600	7000.0338101	6999.8782813	0.5400447	-0.7800000	0.0883552	0.2741271	0.1109047	0.0000000	0.0000000
7000.6209600	7000.0338101	6999.8782813	0.5200307	-0.7800000	0.0497020	0.2739438	0.1122618	0.0000000	0.0000000
7000.6209600	7000.0338101	6999.8782813	0.5000167	-0.7800000	0.0572545	0.2698966	0.1149335	0.0000000	0.0000000
7000.6209600	7000.0338101	6999.8782813	0.4800027	-0.7800000	0.0956331	0.2733142	0.1180907	0.0000000	0.0000000
7000.6209600	7000.0338101	6999.8782813	0.4599887	-0.7800000	0.1202048	0.2710714	0.1218685	0.0000000	0.0000000
7000.6209600	7000.0338101	6999.8782813	0.4399746	-0.7800000	0.1173860	0.2731014	0.1178035	0.0000000	0.0000000
7000.6209600	7000.0338101	6999.8782813	0.4199606	-0.7800000	0.0762830	0.2735984	0.1140682	0.0000000	0.0000000
7000.6209600	7000.0338101	6999.8782813	0.3999466	-0.7800000	0.0778325	0.2713154	0.1140076	0.0000000	0.0000000
7000.6209600	7000.0338101	6999.8782813	0.3799326	-0.7800000	0.1048357	0.2697476	0.1153718	0.0000000	0.0000000
7000.6209600	7000.0338101	6999.8782813	0.3599186	-0.7800000	0.1360621	0.2716763	0.1209993	0.0000000	0.0000000
7000.6209600	7000.0338101	6999.8782813	0.3399046	-0.7800000	0.1405898	0.2699381	0.1222766	0.0000000	0.0000000
7000.6209600	7000.0338101	6999.8782813	0.3198906	-0.7800000	0.0885229	0.2732653	0.1108840	0.0000000	0.0000000
7000.6209600	7000.0338101	6999.8782813	0.2998766	-0.7800000	0.0921552	0.2691112	0.1229655	0.0000000	0.0000000
7000.6209600	7000.0338101	6999.8782813	0.2798626	-0.7800000	0.1199888	0.2703730	0.1110641	0.0000000	0.0000000
7000.6209600	7000.0338101	6999.8782813	0.2598486	-0.7800000	0.1451182	0.2697887	0.1224060	0.0000000	0.0000000
7000.6209600	7000.0338101	6999.8782813	0.2398346	-0.7800000	0.1288268	0.2731349	0.1093687	0.0000000	0.0000000
7000.6209600	7000.0338101	6999.8782813	0.2201541	-0.7800000	0.1063370	0.2727683	0.1210708	0.0000000	0.0000000
7000.6209600	7000.0338101	6999.8782813	0.2001401	-0.7800000	0.1216398	0.2723441	0.1193719	0.0000000	0.0000000
7000.6209600	7000.0338101	6999.8782813	0.1801261	-0.7800000	0.1806041	0.2726401	0.1205153	0.0000000	0.0000000
7000.6209600	7000.0338101	6999.8782813	0.1601121	-0.7800000	0.1689545	0.2698114	0.1219353	0.0000000	0.0000000
7000.6209600	7000.0338101	6999.8782813	0.1400981	-0.7800000	0.1450465	0.2742753	0.1120356	0.0000000	0.0000000
7000.6209600	7000.0338101	6999.8782813	0.1200841	-0.7800000	0.1425544	0.2699617	0.1221115	0.0000000	0.0000000
7000.6209600	7000.0338101	6999.8782813	0.1000700	-0.7800000	0.1240681	0.2719465	0.1176501	0.0000000	0.0000000
7000.6209600	7000.0338101	6999.8782813	0.0800560	-0.7800000	0.1930530	0.2725200	0.1161926	0.0000000	0.0000000
7000.6209600	7000.0338101	6999.8782813	0.0600420	-0.7800000	0.2029003	0.2698541	0.1203422	0.0000000	0.0000000
7000.6209600	7000.0338101	6999.8782813	0.0400280	-0.7800000	0.1818414	0.2680643	0.1225670	0.0000000	0.0000000
7000.6209600	7000.0338101	6999.8782813	0.0200140	-0.7800000	0.1467681	0.2709407	0.1168917	0.0000000	0.0000000
7000.6209600	7000.0338101	6999.8782813	0.0000000	-0.7800000	0.1395905	0.2725081	0.1113906	0.0000000	0.0000000
