7000.6209600	7000.0338101	6999.8782813	3.0001001	-0.1601121	0.1801396	0.2832374	0.1294169	0.0000000	-0.1600000
7000.6209600	7000.0338101	6999.8782813	2.9800861	-0.1600000	0.1893140	0.2832712	0.1313771	0.0000000	0.0000000
7000.6209600	7000.0338101	6999.8782813	2.9600721	-0.1600000	0.1927720	0.2805472	0.1304972	0.0000000	0.0000000
7000.6209600	7000.0338101	6999.8782813	2.9400580	-0.1600000	0.1945494	0.2818552	0.1304772	0.0000000	0.0000000
7000.6209600	7000.0338101	6999.8782813	2.9200440	-0.1600000	0.1918282	0.2837316	0.1327036	0.0000000	0.0000000
7000.6209600	7000.0338101	6999.8782813	2.9000300	-0.1600000	0.1745048	0.2831581	0.1281398	0.0000000	0.0000000
7000.6209600	7000.0338101	6999.8782813	2.8800160	-0.1600000	0.1819894	0.2892653	0.1282598	0.0000000	0.0000000
7000.6209600	7000.0338101	6999.8782813	2.8600020	-0.1600000	0.1674026	0.2807911	0.1247808	0.0000000	0.0000000
7000.6209600	7000.0338101	6999.8782813	2.8399880	-0.1600000	0.1896088	0.2811613	0.1299791	0.0000000	0.0000000
7000.6209600	7000.0338101	6999.8782813	2.8199740	-0.1600000	0.1900061	0.2829243	0.1328740	0.0000000	0.0000000
7000.6209600	7000.0338101	6999.8782813	2.7999600	-0.1600000	0.1797649	0.2850417	0.1297460	0.0000000	0.0000000
7000.6209600	7000.0338101	6999.8782813	2.7799460	-0.1600000	0.1795245	0.2839639	0.1301077	0.0000000	0.0000000
7000.6209600	7000.0338101	6999.8782813	2.7599320	-0.1600000	0.1786561	0.2818702	0.1278638	0.0000000	0.0000000
7000.6209600	7000.0338101	6999.8782813	2.7399179	-0.1600000	0.1873324	0.2832637	0.1300812	0.0000000	0.0000000
7000.6209600	7000.0338101	6999.8782813	2.7199039	-0.1600000	0.1850909	0.2816213	0.1299264	0.0000000	0.0000000
7000.6209600	7000.0338101	6999.8782813	2.6998899	-0.1600000	0.1712322	0.2820940	0.1265632	0.0000000	0.0000000
7000.6209600	7000.0338101	6999.8782813	2.6798759	-0.1600000	0.1659124	0.2796511	0.1248555	0.0000000	0.0000000
7000.6209600	7000.0338101	6999.8782813	2.6598619	-0.1600000	0.1712395	0.2819905	0.1260269	0.0000000	0.0000000
7000.6209600	7000.0338101	6999.8782813	2.6398479	-0.1600000	0.1840880	0.2801050	0.1297432	0.0000000	0.0000000
7000.6209600	7000.0338101	6999.8782813	2.6198339	-0.1600000	0.1740688	0.2816177	0.1284121	0.0000000	0.0000000
7000.6209600	7000.0338101	6999.8782813	2.6001534	-0.1600000	0.1589866	0.2800654	0.1221865	0.0000000	0.0000000
7000.6209600	7000.0338101	6999.8782813	2.5801394	-0.1600000	0.1654900	0.2830786	0.1253574	0.0000000	0.0000000
7000.6209600	7000.0338101	6999.8782813	2.5601254	-0.1600000	0.1699136	0.2810577	0.1252076	0.0000000	0.0000000
7000.6209600	7000.0338101	6999.8782813	2.5401114	-0.1600000	0.1714231	0.2808657	0.1243766	0.0000000	0.0000000
7000.6209600	7000.0338101	6999.8782813	2.5200974	-0.1600000	0.1789480	0.2814139	0.1280902	0.0000000	0.0000000
7000.6209600	7000.0338101	6999.8782813	2.5000834	-0.1600000	0.1821432	0.2812015	0.1279858	0.0000000	0.0000000
7000.6209600	7000.0338101	6999.8782813	2.4800694	-0.1600000	0.1797695	0.2809594	0.1282032	0.0000000	0.0000000
7000.6209600	7000.0338101	6999.8782813	2.4600554	-0.1600000	0.1937108	0.2810984	0.1309745	0.0000000	0.0000000
7000.6209600	7000.0338101	6999.8782813	2.4400414	-0.1600000	0.1815095	0.2804253	0.1253159	0.0000000	0.0000000
7000.6209600	7000.0338101	6999.8782813	2.4200274	-0.1600000	0.1777456	0.2812052	0.1263940	0.0000000	0.0000000
7000.6209600	7000.0338101	6999.8782813	2.4000133	-0.1600000	0.1826501	0.2799222	0.1269187	0.0000000	0.0000000
7000.6209600	7000.0338101	6999.8782813	2.3799993	-0.1600000	0.1836115	0.2790094	0.1273865	0.0000000	0.0000000
7000.6209600	7000.0338101	6999.8782813	2.3599853	-0.1600000	0.1782856	0.2811682	0.1254106	0.0000000	0.0000000
7000.6209600	7000.0338101	6999.8782813	2.3399713	-0.1600000	0.1838604	0.2816011	0.1274937	0.0000000	0.0000000
7000.6209600	7000.0338101	6999.8782813	2.3199573	-0.1600000	0.1771873	0.2806707	0.1269266	0.0000000	0.0000000
7000.6209600	7000.0338101	6999.8782813	2.2999433	-0.1600000	0.1817134	0.2804752	0.1268483	0.0000000	0.0000000
7000.6209600	7000.0338101	6999.8782813	2.2799293	-0.1600000	0.1786129	0.2796904	0.1240087	0.0000000	0.0000000
7000.6209600	7000.0338101	6999.8782813	2.2599153	-0.1600000	0.1779858	0.2818912	0.1268346	0.0000000	0.0000000
7000.6209600	7000.0338101	6999.8782813	2.2399013	-0.1600000	0.1770212	0.2796166	0.1235518	0.0000000	0.0000000
7000.6209600	7000.0338101	6999.8782813	2.2198873	-0.1600000	0.1740605	0.2802585	0.1241295	0.0000000	0.0000000
7000.6209600	7000.0338101	6999.8782813	2.1998732	-0.1600000	0.1830100	0.2805093	0.1281079	0.0000000	0.0000000
7000.6209600	7000.0338101	6999.8782813	2.1798592	-0.1600000	0.1776373	0.2801324	0.1266228	0.0000000	0.0000000
7000.6209600	7000.0338101	6999.8782813	2.1598452	-0.1600000	0.1801431	0.2801296	0.1266836	0.0000000	0.0000000
7000.6209600	7000.0338101	6999.8782813	2.1401648	-0.1600000	0.1879580	0.2814534	0.1274773	0.0000000	0.0000000
7000.6209600	7000.0338101	6999.8782813	2.1201508	-0.1600000	0.1805912	0.2812205	0.1258910	0.0000000	0.0000000
7000.6209600	7000.0338101	6999.8782813	2.1001368	-0.1600000	0.1791285	0.2805486	0.1274460	0.0000000	0.0000000
7000.6209600	7000.0338101	6999.8782813	2.0801228	-0.1600000	0.1860109	0.2788937	0.1278610	0.0000000	0.0000000
7000.6209600	7000.0338101	6999.8782813	2.0601087	-0.1600000	0.1792639	0.2794814	0.1260654	0.0000000	0.0000000
7000.6209600	7000.0338101	6999.8782813	2.0400947	-0.1600000	0.1873251	0.2807366	0.1266892	0.0000000	0.0000000
7000.6209600	7000.0338101	6999.8782813	2.0200807	-0.1600000	0.1776982	0.2807065	0.1267367	0.0000000	0.0000000
7000.6209600	7000.0338101	6999.8782813	2.0000667	-0.1600000	0.1686787	0.2809738	0.1244714	0.0000000	0.0000000
7000.6209600	7000.0338101	6999.8782813	1.9800527	-0.1600000	0.1969532	0.2819010	0.1306116	0.0000000	0.0000000
7000.6209600	7000.0338101	6999.8782813	1.9600387	-0.1600000	0.2044922	0.2820815	0.1309775	0.0000000	0.0000000
7000.6209600	7000.0338101	6999.8782813	1.9400247	-0.1600000	0.1887656	0.2794966	0.1251152	0.0000000	0.0000000
7000.6209600	7000.0338101	6999.8782813	1.9200107	-0.1600000	0.1792526	0.2815308	0.1276958	0.0000000	0.0000000
7000.6209600	7000.0338101	6999.8782813	1.8999967	-0.1600000	0.1792693	0.2818112	0.1275978	0.0000000	0.0000000
7000.6209600	7000.0338101	6999.8782813	1.8799827	-0.1600000	0.1885107	0.2796707	0.1261133	0.0000000	0.0000000
7000.6209600	7000.0338101	6999.8782813	1.8599686	-0.1600000	0.1951276	0.2801929	0.1301793	0.0000000	0.0000000
7000.6209600	7000.0338101	6999.8782813	1.8399546	-0.1600000	0.2000649	0.2824200	0.1290880	0.0000000	0.0000000
7000.6209600	7000.0338101	6999.8782813	1.8199406	-0.1600000	0.1985989	0.2818814	0.1295598	0.0000000	0.0000000
7000.6209600	7000.0338101	6999.8782813	1.7999266	-0.1600000	0.1882362	0.2807332	0.1275088	0.0000000	0.0000000
7000.6209600	7000.0338101	6999.8782813	1.7799126	-0.1600000	0.1797328	0.2786012	0.1233834	0.0000000	0.0000000
7000.6209600	7000.0338101	6999.8782813	1.7598986	-0.1600000	0.1993782	0.2789011	0.1260460	0.0000000	0.0000000
7000.6209600	7000.0338101	6999.8782813	1.7398846	-0.1600000	0.1878506	0.2787354	0.1238202	0.0000000	0.0000000
7000.6209600	7000.0338101	6999.8782813	1.7198706	-0.1600000	0.1784678	0.2785907	0.1253083	0.0000000	0.0000000
7000.6209600	7000.0338101	6999.8782813	1.6998566	-0.1600000	0.1746660	0.2793445	0.1253926	0.0000000	0.0000000
7000.6209600	7000.0338101	6999.8782813	1.6798426	-0.1600000	0.1762853	0.2777174	0.1219845	0.0000000	0.0000000
7000.6209600	7000.0338101	6999.8782813	1.6601621	-0.1600000	0.1992755	0.2793406	0.1262981	0.0000000	0.0000000
7000.6209600	7000.0338101	6999.8782813	1.6401481	-0.1600000	0.2082465	0.2785353	0.1234919	0.0000000	0.0000000
7000.6209600	7000.0338101	6999.8782813	1.6201341	-0.1600000	0.1891700	0.2792627	0.1241675	0.0000000	0.0000000
7000.6209600	7000.0338101	6999.8782813	1.6001201	-0.1600000	0.1682181	0.2786907	0.1210317	0.0000000	0.0000000
7000.6209600	7000.0338101	6999.8782813	1.5801061	-0.1600000	0.1778755	0.2782612	0.1253773	0.0000000	0.0000000
7000.6209600	7000.0338101	6999.8782813	1.5600921	-0.1600000	0.1980791	0.2770955	0.1241663	0.0000000	0.0000000
7000.6209600	7000.0338101	6999.8782813	1.5400781	-0.1600000	0.2098555	0.2788105	0.1261549	0.0000000	0.0000000
7000.6209600	7000.0338101	6999.8782813	1.5200640	-0.1600000	0.2040027	0.2802439	0.1248914	0.0000000	0.0000000
7000.6209600	7000.0338101	6999.8782813	1.5000500	-0.1600000	0.1948242	0.2805997	0.1256591	0.0000000	0.0000000
7000.6209600	7000.0338101	6999.8782813	1.4800360	-0.1600000	0.1812362	0.2793358	0.1260425	0.0000000	0.0000000
7000.6209600	7000.0338101	6999.8782813	1.4600220	-0.1600000	0.2033065	0.2797259	0.1274735	0.0000000	0.0000000
7000.6209600	7000.0338101	6999.8782813	1.4400080	-0.1600000	0.2039475	0.2776375	0.1256459	0.0000000	0.0000000
7000.6209600	7000.0338101	6999.8782813	1.4199940	-0.1600000	0.2040042	0.2793881	0.1260787	0.0000000	0.0000000
7000.6209600	7000.0338101	6999.8782813	1.3999800	-0.1600000	0.2055155	0.2784263	0.1253413	0.0000000	0.0000000
7000.6209600	7000.0338101	6999.8782813	1.3799660	-0.1600000	0.1791519	0.2787571	0.1245663	0.0000000	0.0000000
7000.6209600	7000.0338101	6999.8782813	1.3599520	-0.1600000	0.1939871	0.2801000	0.1240701	0.0000000	0.0000000
7000.6209600	7000.0338101	6999.8782813	1.3399380	-0.1600000	0.2072429	0.2787631	0.1227837	0.0000000	0.0000000
7000.6209600	7000.0338101	6999.8782813	1.3199239	-0.1600000	0.2255199	0.2798934	0.1256895	0.0000000	0.0000000
7000.6209600	7000.0338101	6999.8782813	1.2999099	-0.1600000	0.2154465	0.2796284	0.1251001	0.0000000	0.0000000
7000.6209600	7000.0338101	6999.8782813	1.2798959	-0.1600000	0.1891490	0.2789434	0.1252205	0.0000000	0.0000000
7000.6209600	7000.0338101	6999.8782813	1.2598819	-0.1600000	0.2065830	0.2797603	0.1269462	0.0000000	0.0000000
7000.6209600	7000.0338101	6999.8782813	1.2398679	-0.1600000	0.2257701	0.2787948	0.1262848	0.0000000	0.0000000
7000.6209600	7000.0338101	6999.8782813	1.2198539	-0.1600000	0.2371990	0.2781724	0.1259188	0.0000000	0.0000000
7000.6209600	7000.0338101	6999.8782813	1.1998399	-0.1600000	0.2127610	0.2792115	0.1229783	0.0000000	0.0000000
7000.6209600	7000.0338101	6999.8782813	1.1801594	-0.1600000	0.1990232	0.2797767	0.1256676	0.0000000	0.0000000
7000.6209600	7000.0338101	6999.8782813	1.1601454	-0.1600000	0.1944170	0.2786997	0.1258527	0.0000000	0.0000000
7000.6209600	7000.0338101	6999.8782813	1.1401314	-0.1600000	0.2127399	0.2793716	0.1249255	0.0000000	0.0000000
7000.6209600	7000.0338101	6999.8782813	1.1201174	-0.1600000	0.2434531	0.2800323	0.1245442	0.0000000	0.0000000
7000.6209600	7000.0338101	6999.8782813	1.1001034	-0.1600000	0.2404554	0.2803585	0.1240836	0.0000000	0.0000000
7000.6209600	7000.0338101	6999.8782813	1.0800894	-0.1600000	0.2148107	0.2803903	0.1271379	0.0000000	0.0000000
7000.6209600	7000.0338101	6999.8782813	1.0600754	-0.1600000	0.2159457	0.2779478	0.1243522	0.0000000	0.0000000
7000.6209600	7000.0338101	6999.8782813	1.0400614	-0.1600000	0.2511799	0.2781033	0.1260168	0.0000000	0.0000000
7000.6209600	7000.0338101	6999.8782813	1.0200474	-0.1600000	0.2497662	0.2784172	0.1261793	0.0000000	0.0000000
7000.6209600	7000.0338101	6999.8782813	1.0000334	-0.1600000	0.2247799	0.2769426	0.1232767	0.0000000	0.0000000
7000.6209600	7000.0338101	6999.8782813	0.9800193	-0.1600000	0.1984847	0.2783097	0.1254548	0.0000000	0.0000000
7000.6209600	7000.0338101	6999.8782813	0.9600053	-0.1600000	0.2273192	0.2778771	0.1236157	0.0000000	0.0000000
7000.6209600	7000.0338101	6999.8782813	0.9399913	-0.1600000	0.2687960	0.2804545	0.1269368	0.0000000	0.0000000
7000.6209600	7000.0338101	6999.8782813	0.9199773	-0.1600000	0.2581527	0.2785430	0.1266960	0.0000000	0.0000000
7000.6209600	7000.0338101	6999.8782813	0.8999633	-0.1600000	0.2229573	0.2770310	0.1245200	0.0000000	0.0000000
7000.6209600	7000.0338101	6999.8782813	0.8799493	-0.1600000	0.2114845	0.2778632	0.1238181	0.0000000	0.0000000
7000.6209600	7000.0338101	6999.8782813	0.8599353	-0.1600000	0.2603547	0.2774305	0.1247723	0.0000000	0.0000000
7000.6209600	7000.0338101	6999.8782813	0.8399213	-0.1600000	0.3021849	0.2791876	0.1265402	0.0000000	0.0000000
7000.6209600	7000.0338101	6999.8782813	0.8199073	-0.1600000	0.2682834	0.2785050	0.1256681	0.0000000	0.0000000
7000.6209600	7000.0338101	6999.8782813	0.7998933	-0.1600000	0.2191797	0.2792678	0.1259337	0.0000000	0.0000000
7000.6209600	7000.0338101	6999.8782813	0.7798792	-0.1600000	0.2090215	0.2786117	0.1234681	0.0000000	0.0000000
7000.6209600	7000.0338101	6999.8782813	0.7598652	-0.1600000	0.3019072	0.2790405	0.1249011	0.0000000	0.0000000
7000.6209600	7000.0338101	6999.8782813	0.7398512	-0.1600000	0.3181173	0.2789816	0.1281420	0.0000000	0.0000000
7000.6209600	7000.0338101	6999.8782813	0.7198372	-0.1600000	0.2513391	0.2779850	0.1229395	0.0000000	0.0000000
7000.6209600	7000.0338101	6999.8782813	0.7001568	-0.1600000	0.2424894	0.2772971	0.1252323	0.0000000	0.0000000
7000.6209600	7000.0338101	6999.8782813	0.6801428	-0.1600000	0.2475703	0.2791932	0.1280011	0.0000000	0.0000000
7000.6209600	7000.0338101	6999.8782813	0.6601288	-0.1600000	0.2910769	0.2783180	0.1262189	0.0000000	0.0000000
7000.6209600	7000.0338101	6999.8782813	0.6401147	-0.1600000	0.3202977	0.2793146	0.1250275	0.0000000	0.0000000
7000.6209600	7000.0338101	6999.8782813	0.6201007	-0.1600000	0.2718206	0.2798622	0.1262794	0.0000000	0.0000000
7000.6209600	7000.0338101	6999.8782813	0.6000867	-0.1600000	0.2467504	0.2789836	0.1244525	0.0000000	0.0000000
7000.6209600	7000.0338101	6999.8782813	0.5800727	-0.1600000	0.2234236	0.2778500	0.1238872	0.0000000	0.0000000
7000.6209600	7000.0338101	6999.8782813	0.5600587	-0.1600000	0.2908693	0.2779031	0.1238732	0.0000000	0.0000000
7000.6209600	7000.0338101	6999.8782813	0.5400447	-0.1600000	0.3120820	0.2785021	0.1252732	0.0000000	0.0000000
7000.6209600	7000.0338101	6999.8782813	0.5200307	-0.1600000	0.2537103	0.2771022	0.1258920	0.0000000	0.0000000
7000.6209600	7000.0338101	6999.8782813	0.5000167	-0.1600000	0.2402451	0.2783562	0.1229683	0.0000000	0.0000000
7000.6209600	7000.0338101	6999.8782813	0.4800027	-0.1600000	0.2183053	0.2770240	0.1224015	0.0000000	0.0000000
7000.6209600	7000.0338101	6999.8782813	0.4599887	-0.1600000	0.3133409	0.2783981	0.1245138	0.0000000	0.0000000
7000.6209600	7000.0338101	6999.8782813	0.4399746	-0.1600000	0.3208966	0.2774005	0.1234124	0.0000000	0.0000000
7000.6209600	7000.0338101	6999.8782813	0.4199606	-0.1600000	0.2761536	0.2796881	0.1231520	0.0000000	0.0000000
7000.6209600	7000.0338101	6999.8782813	0.3999466	-0.1600000	0.2584858	0.2773324	0.1230898	0.0000000	0.0000000
7000.6209600	7000.0338101	6999.8782813	0.3799326	-0.1600000	0.2418286	0.2764824	0.1236626	0.0000000	0.0000000
7000.6209600	7000.0338101	6999.8782813	0.3599186	-0.1600000	0.3227905	0.2762424	0.1260680	0.0000000	0.0000000
7000.6209600	7000.0338101	6999.8782813	0.3399046	-0.1600000	0.3291102	0.2792668	0.1241206	0.0000000	0.0000000
7000.6209600	7000.0338101	6999.8782813	0.3198906	-0.1600000	0.2622626	0.2789988	0.1246801	0.0000000	0.0000000
7000.6209600	7000.0338101	6999.8782813	0.2998766	-0.1600000	0.2546801	0.2791901	0.1249381	0.0000000	0.0000000
7000.6209600	7000.0338101	6999.8782813	0.2798626	-0.1600000	0.2620016	0.2785305	0.1219742	0.0000000	0.0000000
7000.6209600	7000.0338101	6999.8782813	0.2598486	-0.1600000	0.3593340	0.2792001	0.1264296	0.0000000	0.0000000
7000.6209600	7000.0338101	6999.8782813	0.2398346	-0.1600000	0.3675337	0.2785385	0.1245441	0.0000000	0.0000000
7000.6209600	7000.0338101	6999.8782813	0.2201541	-0.1600000	0.2786278	0.2787539	0.1259893	0.0000000	0.0000000
7000.6209600	7000.0338101	6999.8782813	0.2001401	-0.1600000	0.2407838	0.2773303	0.1232709	0.0000000	0.0000000
7000.6209600	7000.0338101	6999.8782813	0.1801261	-0.1600000	0.2611561	0.2803971	0.1231428	0.0000000	0.0000000
7000.6209600	7000.0338101	6999.8782813	0.1601121	-0.1600000	0.3666370	0.2792516	0.1246497	0.0000000	0.0000000
7000.6209600	7000.0338101	6999.8782813	0.1400981	-0.1600000	0.3683221	0.2763430	0.1254559	0.0000000	0.0000000
7000.6209600	7000.0338101	6999.8782813	0.1200841	-0.1600000	0.2633678	0.2785187	0.1254553	0.0000000	0.0000000
7000.6209600	7000.0338101	6999.8782813	0.1000700	-0.1600000	0.2520010	0.2801312	0.1230107	0.0000000	0.0000000
7000.6209600	7000.0338101	6999.8782813	0.0800560	-0.1600000	0.2862236	0.2787946	0.1233696	0.0000000	0.0000000
7000.6209600	7000.0338101	6999.8782813	0.0600420	-0.1600000	0.3770103	0.2803231	0.1260446	0.0000000	0.0000000
7000.6209600	7000.0338101	6999.8782813	0.0400280	-0.1600000	0.3808527	0.2790875	0.1258167	0.0000000	0.0000000
7000.6209600	7000.0338101	6999.8782813	0.0200140	-0.1600000	0.2792520	0.2774640	0.1252073	0.0000000	0.0000000
7000.6209600	7000.0338101	6999.8782813	0.0000000	-0.1600000	0.2841342	0.2791125	0.1257266	0.0000000	0.0000000
