7000.6209600	7000.0338101	6999.8782813	3.0001001	-0.2998766	0.1421782	0.2786892	0.1207002	0.0000000	-0.3000000
7000.6209600	7000.0338101	6999.8782813	2.9800861	-0.3000000	0.1437709	0.2787606	0.1217599	0.0000000	0.0000000
7000.6209600	7000.0338101	6999.8782813	2.9600721	-0.3000000	0.1369349	0.2779891	0.1239624	0.0000000	0.0000000
7000.6209600	7000.0338101	6999.8782813	2.9400580	-0.3000000	0.1399197	0.2771581	0.1236410	0.0000000	0.0000000
7000.6209600	7000.0338101	6999.8782813	2.9200440	-0.3000000	0.1490488	0.2772916	0.1249786	0.0000000	0.0000000
7000.6209600	7000.0338101	6999.8782813	2.9000300	-0.3000000	0.1584727	0.2786774	0.1207560	0.0000000	0.0000000
7000.6209600	7000.0338101	6999.8782813	2.8800160	-0.3000000	0.1468890	0.2750918	0.1234108	0.0000000	0.0000000
7000.6209600	7000.0338101	6999.8782813	2.8600020	-0.3000000	0.1512880	0.2785100	0.1267423	0.0000000	0.0000000
7000.6209600	7000.0338101	6999.8782813	2.8399880	-0.3000000	0.1537168	0.2770476	0.1291281	0.0000000	0.0000000
7000.6209600	7000.0338101	6999.8782813	2.8199740	-0.3000000	0.1479149	0.2769528	0.1243395	0.0000000	0.0000000
7000.6209600	7000.0338101	6999.8782813	2.7999600	-0.3000000	0.1602131	0.2775713	0.1287522	0.0000000	0.0000000
7000.6209600	7000.0338101	6999.8782813	2.7799460	-0.3000000	0.1599216	0.2798737	0.1265752	0.0000000	0.0000000
7000.6209600	7000.0338101	6999.8782813	2.7599320	-0.3000000	0.1443650	0.2795284	0.1218782	0.0000000	0.0000000
7000.6209600	7000.0338101	6999.8782813	2.7399179	-0.3000000	0.1591146	0.2794669	0.1267371	0.0000000	0.0000000
7000.6209600	7000.0338101	6999.8782813	2.7199039	-0.3000000	0.1664395	0.2802623	0.1273530	0.0000000	0.0000000
7000.6209600	7000.0338101	6999.8782813	2.6998899	-0.3000000	0.1681731	0.2794530	0.1318497	0.0000000	0.0000000
7000.6209600	7000.0338101	6999.8782813	2.6798759	-0.3000000	0.1649064	0.2821034	0.1311844	0.0000000	0.0000000
7000.6209600	7000.0338101	6999.8782813	2.6598619	-0.3000000	0.1574446	0.2781542	0.1279991	0.0000000	0.0000000
7000.6209600	7000.0338101	6999.8782813	2.6398479	-0.3000000	0.1470337	0.2781562	0.1230757	0.0000000	0.0000000
7000.6209600	7000.0338101	6999.8782813	2.6198339	-0.3000000	0.1531467	0.2769913	0.1288721	0.0000000	0.0000000
7000.6209600	7000.0338101	6999.8782813	2.6001534	-0.3000000	0.1512975	0.2763989	0.1283781	0.0000000	0.0000000
7000.6209600	7000.0338101	6999.8782813	2.5801394	-0.3000000	0.1456989	0.2787780	0.1215785	0.0000000	0.0000000
7000.6209600	7000.0338101	6999.8782813	2.5601254	-0.3000000	0.1451267	0.2807456	0.1219037	0.0000000	0.0000000
7000.6209600	7000.0338101	6999.8782813	2.5401114	-0.3000000	0.1446427	0.2772054	0.1258419	0.0000000	0.0000000
7000.6209600	7000.0338101	6999.8782813	2.5200974	-0.3000000	0.1551532	0.2754865	0.1284384	0.0000000	0.0000000
7000.6209600	7000.0338101	6999.8782813	2.5000834	-0.3000000	0.1448832	0.2780345	0.1212700	0.0000000	0.0000000
7000.6209600	7000.0338101	6999.8782813	2.4800694	-0.3000000	0.1463344	0.2775968	0.1224331	0.0000000	0.0000000
7000.6209600	7000.0338101	6999.8782813	2.4600554	-0.3000000	0.1584436	0.2814100	0.1260599	0.0000000	0.0000000
7000.6209600	7000.0338101	6999.8782813	2.4400414	-0.3000000	0.1507944	0.2779368	0.1216520	0.0000000	0.0000000
7000.6209600	7000.0338101	6999.8782813	2.4200274	-0.3000000	0.1514352	0.2770819	0.1228071	0.0000000	0.0000000
7000.6209600	7000.0338101	6999.8782813	2.4000133	-0.3000000	0.1596245	0.2844021	0.1258092	0.0000000	0.0000000
7000.6209600	7000.0338101	6999.8782813	2.3799993	-0.3000000	0.1585669	0.2804608	0.1255107	0.0000000	0.0000000
7000.6209600	7000.0338101	6999.8782813	2.3599853	-0.3000000	0.1488966	0.2802843	0.1219633	0.0000000	0.0000000
7000.6209600	7000.0338101	6999.8782813	2.3399713	-0.3000000	0.1475991	0.2780581	0.1204905	0.0000000	0.0000000
7000.6209600	7000.0338101	6999.8782813	2.3199573	-0.3000000	0.1417329	0.2766826	0.1254485	0.0000000	0.0000000
7000.6209600	7000.0338101	6999.8782813	2.2999433	-0.3000000	0.1486415	0.2774592	0.1240680	0.0000000	0.0000000
7000.6209600	7000.0338101	6999.8782813	2.2799293	-0.3000000	0.1532347	0.2776052	0.1264222	0.0000000	0.0000000
7000.6209600	7000.0338101	6999.8782813	2.2599153	-0.3000000	0.1572823	0.2768921	0.1291978	0.0000000	0.0000000
7000.6209600	7000.0338101	6999.8782813	2.2399013	-0.3000000	0.1457809	0.2780427	0.1214078	0.0000000	0.0000000
7000.6209600	7000.0338101	6999.8782813	2.2198873	-0.3000000	0.1457991	0.2799343	0.1206182	0.0000000	0.0000000
7000.6209600	7000.0338101	6999.8782813	2.1998732	-0.3000000	0.1497433	0.2799731	0.1222676	0.0000000	0.0000000
7000.6209600	7000.0338101	6999.8782813	2.1798592	-0.3000000	0.1445261	0.2801324	0.1206063	0.0000000	0.0000000
7000.6209600	7000.0338101	6999.8782813	2.1598452	-0.3000000	0.1493013	0.2784010	0.1219275	0.0000000	0.0000000
7000.6209600	7000.0338101	6999.8782813	2.1401648	-0.3000000	0.1525314	0.2794594	0.1219941	0.0000000	0.0000000
7000.6209600	7000.0338101	6999.8782813	2.1201508	-0.3000000	0.1616912	0.2781219	0.1245819	0.0000000	0.0000000
7000.6209600	7000.0338101	6999.8782813	2.1001368	-0.3000000	0.1560677	0.2826600	0.1268213	0.0000000	0.0000000
7000.6209600	7000.0338101	6999.8782813	2.0801228	-0.3000000	0.1632434	0.2835801	0.1306810	0.0000000	0.0000000
7000.6209600	7000.0338101	6999.8782813	2.0601087	-0.3000000	0.1501077	0.2787610	0.1230560	0.0000000	0.0000000
7000.6209600	7000.0338101	6999.8782813	2.0400947	-0.3000000	0.1526266	0.2786733	0.1223014	0.0000000	0.0000000
7000.6209600	7000.0338101	6999.8782813	2.0200807	-0.3000000	0.1696737	0.2785765	0.1285786	0.0000000	0.0000000
7000.6209600	7000.0338101	6999.8782813	2.0000667	-0.3000000	0.1573207	0.2787720	0.1239722	0.0000000	0.0000000
7000.6209600	7000.0338101	6999.8782813	1.9800527	-0.3000000	0.1483915	0.2790513	0.1243678	0.0000000	0.0000000
7000.6209600	7000.0338101	6999.8782813	1.9600387	-0.3000000	0.1661019	0.2808597	0.1267974	0.0000000	0.0000000
7000.6209600	7000.0338101	6999.8782813	1.9400247	-0.3000000	0.1697740	0.2795637	0.1256440	0.0000000	0.0000000
7000.6209600	7000.0338101	6999.8782813	1.9200107	-0.3000000	0.1616306	0.2804460	0.1213676	0.0000000	0.0000000
7000.6209600	7000.0338101	6999.8782813	1.8999967	-0.3000000	0.1592947	0.2781217	0.1238542	0.0000000	0.0000000
7000.6209600	7000.0338101	6999.8782813	1.8799827	-0.3000000	0.1538057	0.2787743	0.1215983	0.0000000	0.0000000
7000.6209600	7000.0338101	6999.8782813	1.8599686	-0.3000000	0.1529277	0.2822412	0.1259606	0.0000000	0.0000000
7000.6209600	7000.0338101	6999.8782813	1.8399546	-0.3000000	0.1497300	0.2779309	0.1182719	0.0000000	0.0000000
7000.6209600	7000.0338101	6999.8782813	1.8199406	-0.3000000	0.1574941	0.2803800	0.1221432	0.0000000	0.0000000
7000.6209600	7000.0338101	6999.8782813	1.7999266	-0.3000000	0.1552537	0.2783588	0.1205112	0.0000000	0.0000000
7000.6209600	7000.0338101	6999.8782813	1.7799126	-0.3000000	0.1547583	0.2793870	0.1231488	0.0000000	0.0000000
7000.6209600	7000.0338101	6999.8782813	1.7598986	-0.3000000	0.1554698	0.2776520	0.1229985	0.0000000	0.0000000
7000.6209600	7000.0338101	6999.8782813	1.7398846	-0.3000000	0.1592085	0.2790573	0.1209814	0.0000000	0.0000000
7000.6209600	7000.0338101	6999.8782813	1.7198706	-0.3000000	0.1520908	0.2781481	0.1188606	0.0000000	0.0000000
7000.6209600	7000.0338101	6999.8782813	1.6998566	-0.3000000	0.1654873	0.2832601	0.1283516	0.0000000	0.0000000
7000.6209600	7000.0338101	6999.8782813	1.6798426	-0.3000000	0.1502416	0.2772780	0.1297357	0.0000000	0.0000000
7000.6209600	7000.0338101	6999.8782813	1.6601621	-0.3000000	0.1349490	0.2766281	0.1237069	0.0000000	0.0000000
7000.6209600	7000.0338101	6999.8782813	1.6401481	-0.3000000	0.1432057	0.2798005	0.1180383	0.0000000	0.0000000
7000.6209600	7000.0338101	6999.8782813	1.6201341	-0.3000000	0.1691633	0.2773373	0.1285253	0.0000000	0.0000000
7000.6209600	7000.0338101	6999.8782813	1.6001201	-0.3000000	0.1716406	0.2757994	0.1288925	0.0000000	0.0000000
7000.6209600	7000.0338101	6999.8782813	1.5801061	-0.3000000	0.1470642	0.2803164	0.1215957	0.0000000	0.0000000
7000.6209600	7000.0338101	6999.8782813	1.5600921	-0.3000000	0.1403831	0.2801124	0.1188137	0.0000000	0.0000000
7000.6209600	7000.0338101	6999.8782813	1.5400781	-0.3000000	0.1448560	0.2790402	0.1183342	0.0000000	0.0000000
7000.6209600	7000.0338101	6999.8782813	1.5200640	-0.3000000	0.1798965	0.2794313	0.1236746	0.0000000	0.0000000
7000.6209600	7000.0338101	6999.8782813	1.5000500	-0.3000000	0.1854885	0.2790555	0.1239889	0.0000000	0.0000000
7000.6209600	7000.0338101	6999.8782813	1.4800360	-0.3000000	0.1680402	0.2810630	0.1274203	0.0000000	0.0000000
7000.6209600	7000.0338101	6999.8782813	1.4600220	-0.3000000	0.1371387	0.2760408	0.1246418	0.0000000	0.0000000
7000.6209600	7000.0338101	6999.8782813	1.4400080	-0.3000000	0.1465441	0.2784581	0.1220724	0.0000000	0.0000000
7000.6209600	7000.0338101	6999.8782813	1.4199940	-0.3000000	0.1842657	0.2787292	0.1233892	0.0000000	0.0000000
7000.6209600	7000.0338101	6999.8782813	1.3999800	-0.3000000	0.1793397	0.2775240	0.1250220	0.0000000	0.0000000
7000.6209600	7000.0338101	6999.8782813	1.3799660	-0.3000000	0.1465228	0.2774149	0.1199119	0.0000000	0.0000000
7000.6209600	7000.0338101	6999.8782813	1.3599520	-0.3000000	0.1393845	0.2792783	0.1221151	0.0000000	0.0000000
7000.6209600	7000.0338101	6999.8782813	1.3399380	-0.3000000	0.1646616	0.2798926	0.1266533	0.0000000	0.0000000
7000.6209600	7000.0338101	6999.8782813	1.3199239	-0.3000000	0.1932302	0.2793948	0.1221632	0.0000000	0.0000000
7000.6209600	7000.0338101	6999.8782813	1.2999099	-0.3000000	0.1823405	0.2763140	0.1254333	0.0000000	0.0000000
7000.6209600	7000.0338101	6999.8782813	1.2798959	-0.3000000	0.1479260	0.2760239	0.1256803	0.0000000	0.0000000
7000.6209600	7000.0338101	6999.8782813	1.2598819	-0.3000000	0.1440042	0.2744377	0.1266154	0.0000000	0.0000000
7000.6209600	7000.0338101	6999.8782813	1.2398679	-0.3000000	0.1574236	0.2781495	0.1210667	0.0000000	0.0000000
7000.6209600	7000.0338101	6999.8782813	1.2198539	-0.3000000	0.2110028	0.2778815	0.1244969	0.0000000	0.0000000
7000.6209600	7000.0338101	6999.8782813	1.1998399	-0.3000000	0.2154368	0.2808185	0.1270831	0.0000000	0.0000000
7000.6209600	7000.0338101	6999.8782813	1.1801594	-0.3000000	0.1784856	0.2798143	0.1235355	0.0000000	0.0000000
7000.6209600	7000.0338101	6999.8782813	1.1601454	-0.3000000	0.1470853	0.2814214	0.1274323	0.0000000	0.0000000
7000.6209600	7000.0338101	6999.8782813	1.1401314	-0.3000000	0.1603135	0.2781735	0.1239235	0.0000000	0.0000000
7000.6209600	7000.0338101	6999.8782813	1.1201174	-0.3000000	0.2253866	0.2778882	0.1279762	0.0000000	0.0000000
7000.6209600	7000.0338101	6999.8782813	1.1001034	-0.3000000	0.2150883	0.2791799	0.1228287	0.0000000	0.0000000
7000.6209600	7000.0338101	6999.8782813	1.0800894	-0.3000000	0.1649746	0.2795103	0.1230345	0.0000000	0.0000000
7000.6209600	7000.0338101	6999.8782813	1.0600754	-0.3000000	0.1629629	0.2799202	0.1251724	0.0000000	0.0000000
7000.6209600	7000.0338101	6999.8782813	1.0400614	-0.3000000	0.1820177	0.2787236	0.1262845	0.0000000	0.0000000
7000.6209600	7000.0338101	6999.8782813	1.0200474	-0.3000000	0.2389425	0.2780657	0.1261743	0.0000000	0.0000000
7000.6209600	7000.0338101	6999.8782813	1.0000334	-0.3000000	0.2277966	0.2783713	0.1279983	0.0000000	0.0000000
7000.6209600	7000.0338101	6999.8782813	0.9800193	-0.3000000	0.1812698	0.2800159	0.1259281	0.0000000	0.0000000
7000.6209600	7000.0338101	6999.8782813	0.9600053	-0.3000000	0.1689208	0.2814242	0.1215178	0.0000000	0.0000000
7000.6209600	7000.0338101	6999.8782813	0.9399913	-0.3000000	0.2005054	0.2793698	0.1248955	0.0000000	0.0000000
7000.6209600	7000.0338101	6999.8782813	0.9199773	-0.3000000	0.2449240	0.2776318	0.1268164	0.0000000	0.0000000
7000.6209600	7000.0338101	6999.8782813	0.8999633	-0.3000000	0.2266082	0.2764384	0.1262922	0.0000000	0.0000000
7000.6209600	7000.0338101	6999.8782813	0.8799493	-0.3000000	0.1724899	0.2780499	0.1249026	0.0000000	0.0000000
7000.6209600	7000.0338101	6999.8782813	0.8599353	-0.3000000	0.2095295	0.2785667	0.1275515	0.0000000	0.0000000
7000.6209600	7000.0338101	6999.8782813	0.8399213	-0.3000000	0.2303151	0.2774120	0.1256927	0.0000000	0.0000000
7000.6209600	7000.0338101	6999.8782813	0.8199073	-0.3000000	0.2298505	0.2828286	0.1250282	0.0000000	0.0000000
7000.6209600	7000.0338101	6999.8782813	0.7998933	-0.3000000	0.2332953	0.2801346	0.1285050	0.0000000	0.0000000
7000.6209600	7000.0338101	6999.8782813	0.7798792	-0.3000000	0.1934711	0.2782877	0.1255704	0.0000000	0.0000000
7000.6209600	7000.0338101	6999.8782813	0.7598652	-0.3000000	0.2414066	0.2791099	0.1287217	0.0000000	0.0000000
7000.6209600	7000.0338101	6999.8782813	0.7398512	-0.3000000	0.2586787	0.2793981	0.1255502	0.0000000	0.0000000
7000.6209600	7000.0338101	6999.8782813	0.7198372	-0.3000000	0.2284054	0.2812976	0.1229258	0.0000000	0.0000000
7000.6209600	7000.0338101	6999.8782813	0.7001568	-0.3000000	0.2430582	0.2790833	0.1264781	0.0000000	0.0000000
7000.6209600	7000.0338101	6999.8782813	0.6801428	-0.3000000	0.2027252	0.2753955	0.1299023	0.0000000	0.0000000
7000.6209600	7000.0338101	6999.8782813	0.6601288	-0.3000000	0.2419926	0.2775765	0.1289075	0.0000000	0.0000000
7000.6209600	7000.0338101	6999.8782813	0.6401147	-0.3000000	0.2727208	0.2777201	0.1276057	0.0000000	0.0000000
7000.6209600	7000.0338101	6999.8782813	0.6201007	-0.3000000	0.2488630	0.2778643	0.1258333	0.0000000	0.0000000
7000.6209600	7000.0338101	6999.8782813	0.6000867	-0.3000000	0.2344187	0.2848306	0.1270707	0.0000000	0.0000000
7000.6209600	7000.0338101	6999.8782813	0.5800727	-0.3000000	0.2080670	0.2784487	0.1268446	0.0000000	0.0000000
7000.6209600	7000.0338101	6999.8782813	0.5600587	-0.3000000	0.2651819	0.2761815	0.1274476	0.0000000	0.0000000
7000.6209600	7000.0338101	6999.8782813	0.5400447	-0.3000000	0.2917864	0.2778746	0.1288724	0.0000000	0.0000000
7000.6209600	7000.0338101	6999.8782813	0.5200307	-0.3000000	0.2901545	0.2790410	0.1323724	0.0000000	0.0000000
7000.6209600	7000.0338101	6999.8782813	0.5000167	-0.3000000	0.2613413	0.2791257	0.1308396	0.0000000	0.0000000
7000.6209600	7000.0338101	6999.8782813	0.4800027	-0.3000000	0.2130424	0.2767102	0.1270114	0.0000000	0.0000000
7000.6209600	7000.0338101	6999.8782813	0.4599887	-0.3000000	0.2670983	0.2777549	0.1256302	0.0000000	0.0000000
7000.6209600	7000.0338101	6999.8782813	0.4399746	-0.3000000	0.2858157	0.2811873	0.1252527	0.0000000	0.0000000
7000.6209600	7000.0338101	6999.8782813	0.4199606	-0.3000000	0.2582600	0.2756578	0.1254512	0.0000000	0.0000000
7000.6209600	7000.0338101	6999.8782813	0.3999466	-0.3000000	0.2798762	0.2804299	0.1311759	0.0000000	0.0000000
7000.6209600	7000.0338101	6999.8782813	0.3799326	-0.3000000	0.2317405	0.2806924	0.1279125	0.0000000	0.0000000
7000.6209600	7000.0338101	6999.8782813	0.3599186	-0.3000000	0.3117394	0.2795497	0.1304053	0.0000000	0.0000000
7000.6209600	7000.0338101	6999.8782813	0.3399046	-0.3000000	0.3442408	0.2785881	0.1303518	0.0000000	0.0000000
7000.6209600	7000.0338101	6999.8782813	0.3198906	-0.3000000	0.2856007	0.2801013	0.1324426	0.0000000	0.0000000
7000.6209600	7000.0338101	6999.8782813	0.2998766	-0.3000000	0.2600236	0.2788573	0.1316273	0.0000000	0.0000000
7000.6209600	7000.0338101	6999.8782813	0.2798626	-0.3000000	0.2760853	0.2794148	0.1298723	0.0000000	0.0000000
7000.6209600	7000.0338101	6999.8782813	0.2598486	-0.3000000	0.3574622	0.2800975	0.1312251	0.0000000	0.0000000
7000.6209600	7000.0338101	6999.8782813	0.2398346	-0.3000000	0.3408341	0.2780852	0.1256205	0.0000000	0.0000000
7000.6209600	7000.0338101	6999.8782813	0.2201541	-0.3000000	0.2780763	0.2774874	0.1295858	0.0000000	0.0000000
7000.6209600	7000.0338101	6999.8782813	0.2001401	-0.3000000	0.2838075	0.2783621	0.1309860	0.0000000	0.0000000
7000.6209600	7000.0338101	6999.8782813	0.1801261	-0.3000000	0.2483594	0.2792622	0.1278824	0.0000000	0.0000000
7000.6209600	7000.0338101	6999.8782813	0.1601121	-0.3000000	0.3236250	0.2775992	0.1252850	0.0000000	0.0000000
7000.6209600	7000.0338101	6999.8782813	0.1400981	-0.3000000	0.3671158	0.2775175	0.1276115	0.0000000	0.0000000
7000.6209600	7000.0338101	6999.8782813	0.1200841	-0.3000000	0.2609254	0.2794031	0.1273647	0.0000000	0.0000000
7000.6209600	7000.0338101	6999.8782813	0.1000700	-0.3000000	0.2712760	0.2778832	0.1294772	0.0000000	0.0000000
7000.6209600	7000.0338101	6999.8782813	0.0800560	-0.3000000	0.2468392	0.2774287	0.1260001	0.0000000	0.0000000
7000.6209600	7000.0338101	6999.8782813	0.0600420	-0.3000000	0.3775491	0.2795634	0.1314034	0.0000000	0.0000000
7000.6209600	7000.0338101	6999.8782813	0.0400280	-0.3000000	0.3770443	0.2778107	0.1301461	0.0000000	0.0000000
7000.6209600	7000.0338101	6999.8782813	0.0200140	-0.3000000	0.3052010	0.2809114	0.1291656	0.0000000	0.0000000
7000.6209600	7000.0338101	6999.8782813	0.0000000	-0.3000000	0.3160707	0.2766042	0.1344108	0.0000000	0.0000000
