7000.6209600	7000.0338101	6999.8782813	3.0001001	-0.3599186	0.1318079	0.2802062	0.1283826	0.0000000	-0.3600000
7000.6209600	7000.0338101	6999.8782813	2.9800861	-0.3600000	0.1289435	0.2779076	0.1266283	0.0000000	0.0000000
7000.6209600	7000.0338101	6999.8782813	2.9600721	-0.3600000	0.1326395	0.2765482	0.1227063	0.0000000	0.0000000
7000.6209600	7000.0338101	6999.8782813	2.9400580	-0.3600000	0.1323132	0.2768201	0.1239434	0.0000000	0.0000000
7000.6209600	7000.0338101	6999.8782813	2.9200440	-0.3600000	0.1324508	0.2780931	0.1247490	0.0000000	0.0000000
7000.6209600	7000.0338101	6999.8782813	2.9000300	-0.3600000	0.1173624	0.2767975	0.1200614	0.0000000	0.0000000
7000.6209600	7000.0338101	6999.8782813	2.8800160	-0.3600000	0.1255883	0.2760917	0.1242456	0.0000000	0.0000000
7000.6209600	7000.0338101	6999.8782813	2.8600020	-0.3600000	0.1299188	0.2796357	0.1244150	0.0000000	0.0000000
7000.6209600	7000.0338101	6999.8782813	2.8399880	-0.3600000	0.1364711	0.2804554	0.1228844	0.0000000	0.0000000
7000.6209600	7000.0338101	6999.8782813	2.8199740	-0.3600000	0.1341793	0.2783027	0.1248022	0.0000000	0.0000000
7000.6209600	7000.0338101	6999.8782813	2.7999600	-0.3600000	0.1221355	0.2776594	0.1213910	0.0000000	0.0000000
7000.6209600	7000.0338101	6999.8782813	2.7799460	-0.3600000	0.1285662	0.2811412	0.1268220	0.0000000	0.0000000
7000.6209600	7000.0338101	6999.8782813	2.7599320	-0.3600000	0.1312845	0.2753459	0.1225941	0.0000000	0.0000000
7000.6209600	7000.0338101	6999.8782813	2.7399179	-0.3600000	0.1403583	0.2780007	0.1269740	0.0000000	0.0000000
7000.6209600	7000.0338101	6999.8782813	2.7199039	-0.3600000	0.1282813	0.2792806	0.1218459	0.0000000	0.0000000
7000.6209600	7000.0338101	6999.8782813	2.6998899	-0.3600000	0.1123221	0.2767317	0.1190586	0.0000000	0.0000000
7000.6209600	7000.0338101	6999.8782813	2.6798759	-0.3600000	0.1294879	0.2827640	0.1262412	0.0000000	0.0000000
7000.6209600	7000.0338101	6999.8782813	2.6598619	-0.3600000	0.1299117	0.2780474	0.1252345	0.0000000	0.0000000
7000.6209600	7000.0338101	6999.8782813	2.6398479	-0.3600000	0.1397070	0.2788148	0.1265974	0.0000000	0.0000000
7000.6209600	7000.0338101	6999.8782813	2.6198339	-0.3600000	0.1335782	0.2800338	0.1246863	0.0000000	0.0000000
7000.6209600	7000.0338101	6999.8782813	2.6001534	-0.3600000	0.1329200	0.2766611	0.1255720	0.0000000	0.0000000
7000.6209600	7000.0338101	6999.8782813	2.5801394	-0.3600000	0.1268890	0.2793286	0.1243693	0.0000000	0.0000000
7000.6209600	7000.0338101	6999.8782813	2.5601254	-0.3600000	0.1231135	0.2790486	0.1215142	0.0000000	0.0000000
7000.6209600	7000.0338101	6999.8782813	2.5401114	-0.3600000	0.1251052	0.2734296	0.1190265	0.0000000	0.0000000
7000.6209600	7000.0338101	6999.8782813	2.5200974	-0.3600000	0.1287065	0.2752725	0.1230037	0.0000000	0.0000000
7000.6209600	7000.0338101	6999.8782813	2.5000834	-0.3600000	0.1331057	0.2770604	0.1225020	0.0000000	0.0000000
7000.6209600	7000.0338101	6999.8782813	2.4800694	-0.3600000	0.1306396	0.2776079	0.1203475	0.0000000	0.0000000
7000.6209600	7000.0338101	6999.8782813	2.4600554	-0.3600000	0.1406244	0.2790632	0.1261865	0.0000000	0.0000000
7000.6209600	7000.0338101	6999.8782813	2.4400414	-0.3600000	0.1282075	0.2792415	0.1210272	0.0000000	0.0000000
7000.6209600	7000.0338101	6999.8782813	2.4200274	-0.3600000	0.1337305	0.2773134	0.1226090	0.0000000	0.0000000
7000.6209600	7000.0338101	6999.8782813	2.4000133	-0.3600000	0.1320796	0.2793619	0.1231321	0.0000000	0.0000000
7000.6209600	7000.0338101	6999.8782813	2.3799993	-0.3600000	0.1297793	0.2754687	0.1252957	0.0000000	0.0000000
7000.6209600	7000.0338101	6999.8782813	2.3599853	-0.3600000	0.1300369	0.2774609	0.1236318	0.0000000	0.0000000
7000.6209600	7000.0338101	6999.8782813	2.3399713	-0.3600000	0.1350519	0.2804608	0.1242123	0.0000000	0.0000000
7000.6209600	7000.0338101	6999.8782813	2.3199573	-0.3600000	0.1303975	0.2793016	0.1234585	0.0000000	0.0000000
7000.6209600	7000.0338101	6999.8782813	2.2999433	-0.3600000	0.1285267	0.2802318	0.1225831	0.0000000	0.0000000
7000.6209600	7000.0338101	6999.8782813	2.2799293	-0.3600000	0.1335541	0.2779580	0.1224135	0.0000000	0.0000000
7000.6209600	7000.0338101	6999.8782813	2.2599153	-0.3600000	0.1329071	0.2771143	0.1228019	0.0000000	0.0000000
7000.6209600	7000.0338101	6999.8782813	2.2399013	-0.3600000	0.1378693	0.2768889	0.1259930	0.0000000	0.0000000
7000.6209600	7000.0338101	6999.8782813	2.2198873	-0.3600000	0.1265505	0.2797472	0.1238235	0.0000000	0.0000000
7000.6209600	7000.0338101	6999.8782813	2.1998732	-0.3600000	0.1379360	0.2780363	0.1260135	0.0000000	0.0000000
7000.6209600	7000.0338101	6999.8782813	2.1798592	-0.3600000	0.1383403	0.2735638	0.1239684	0.0000000	0.0000000
7000.6209600	7000.0338101	6999.8782813	2.1598452	-0.3600000	0.1330642	0.2776359	0.1216060	0.0000000	0.0000000
7000.6209600	7000.0338101	6999.8782813	2.1401648	-0.3600000	0.1385247	0.2750104	0.1240466	0.0000000	0.0000000
7000.6209600	7000.0338101	6999.8782813	2.1201508	-0.3600000	0.1231315	0.2757697	0.1190504	0.0000000	0.0000000
7000.6209600	7000.0338101	6999.8782813	2.1001368	-0.3600000	0.1372444	0.2762252	0.1252001	0.0000000	0.0000000
7000.6209600	7000.0338101	6999.8782813	2.0801228	-0.3600000	0.1326285	0.2757167	0.1223678	0.0000000	0.0000000
7000.6209600	7000.0338101	6999.8782813	2.0601087	-0.3600000	0.1395421	0.2787405	0.1221791	0.0000000	0.0000000
7000.6209600	7000.0338101	6999.8782813	2.0400947	-0.3600000	0.1336055	0.2743405	0.1269481	0.0000000	0.0000000
7000.6209600	7000.0338101	6999.8782813	2.0200807	-0.3600000	0.1387539	0.2783003	0.1261149	0.0000000	0.0000000
7000.6209600	7000.0338101	6999.8782813	2.0000667	-0.3600000	0.1309574	0.2800635	0.1247758	0.0000000	0.0000000
7000.6209600	7000.0338101	6999.8782813	1.9800527	-0.3600000	0.1305894	0.2762507	0.1217521	0.0000000	0.0000000
7000.6209600	7000.0338101	6999.8782813	1.9600387	-0.3600000	0.1356935	0.2769523	0.1206095	0.0000000	0.0000000
7000.6209600	7000.0338101	6999.8782813	1.9400247	-0.3600000	0.1401796	0.2762142	0.1258361	0.0000000	0.0000000
7000.6209600	7000.0338101	6999.8782813	1.9200107	-0.3600000	0.1312201	0.2809191	0.1275854	0.0000000	0.0000000
7000.6209600	7000.0338101	6999.8782813	1.8999967	-0.3600000	0.1329432	0.2789524	0.1266083	0.0000000	0.0000000
7000.6209600	7000.0338101	6999.8782813	1.8799827	-0.3600000	0.1506205	0.2789935	0.1285057	0.0000000	0.0000000
7000.6209600	7000.0338101	6999.8782813	1.8599686	-0.3600000	0.1484220	0.2756696	0.1266133	0.0000000	0.0000000
7000.6209600	7000.0338101	6999.8782813	1.8399546	-0.3600000	0.1400085	0.2786729	0.1235184	0.0000000	0.0000000
7000.6209600	7000.0338101	6999.8782813	1.8199406	-0.3600000	0.1188523	0.2768978	0.1196608	0.0000000	0.0000000
7000.6209600	7000.0338101	6999.8782813	1.7999266	-0.3600000	0.1200190	0.2781296	0.1193528	0.0000000	0.0000000
7000.6209600	7000.0338101	6999.8782813	1.7799126	-0.3600000	0.1330863	0.2788658	0.1196074	0.0000000	0.0000000
7000.6209600	7000.0338101	6999.8782813	1.7598986	-0.3600000	0.1380383	0.2786479	0.1186001	0.0000000	0.0000000
7000.6209600	7000.0338101	6999.8782813	1.9817205	-0.3600000	0.1370537	0.2766422	0.1186199	0.0000000	0.0000000
7000.6209600	7000.0338101	6999.8782813	1.7198706	-0.3600000	0.1317996	0.2783143	0.1216344	0.0000000	0.0000000
7000.6209600	7000.0338101	6999.8782813	1.6998566	-0.3600000	0.1297972	0.2796382	0.1198075	0.0000000	0.0000000
7000.6209600	7000.0338101	6999.8782813	1.6798426	-0.3600000	0.1408433	0.2758727	0.1212906	0.0000000	0.0000000
7000.6209600	7000.0338101	6999.8782813	1.6601621	-0.3600000	0.1591509	0.2789069	0.1267372	0.0000000	0.0000000
7000.6209600	7000.0338101	6999.8782813	1.6401481	-0.3600000	0.1415791	0.2772124	0.1199943	0.0000000	0.0000000
7000.6209600	7000.0338101	6999.8782813	1.6201341	-0.3600000	0.1286327	0.2793177	0.1245928	0.0000000	0.0000000
7000.6209600	7000.0338101	6999.8782813	1.6001201	-0.3600000	0.1287582	0.2781656	0.1222458	0.0000000	0.0000000
7000.6209600	7000.0338101	6999.8782813	1.5801061	-0.3600000	0.1286703	0.2780145	0.1211887	0.0000000	0.0000000
7000.6209600	7000.0338101	6999.8782813	1.5600921	-0.3600000	0.1452219	0.2783121	0.1192739	0.0000000	0.0000000
7000.6209600	7000.0338101	6999.8782813	1.5400781	-0.3600000	0.1538358	0.2787836	0.1237980	0.0000000	0.0000000
7000.6209600	7000.0338101	6999.8782813	1.5200640	-0.3600000	0.1319023	0.2826289	0.1229833	0.0000000	0.0000000
7000.6209600	7000.0338101	6999.8782813	1.5000500	-0.3600000	0.1301730	0.2784801	0.1223459	0.0000000	0.0000000
7000.6209600	7000.0338101	6999.8782813	1.4800360	-0.3600000	0.1225697	0.2727455	0.1232572	0.0000000	0.0000000
7000.6209600	7000.0338101	6999.8782813	1.4600220	-0.3600000	0.1512485	0.2762877	0.1210508	0.0000000	0.0000000
7000.6209600	7000.0338101	6999.8782813	1.4400080	-0.3600000	0.1550236	0.2783384	0.1235780	0.0000000	0.0000000
7000.6209600	7000.0338101	6999.8782813	1.4199940	-0.3600000	0.1455112	0.2788625	0.1235874	0.0000000	0.0000000
7000.6209600	7000.0338101	6999.8782813	1.3999800	-0.3600000	0.1318430	0.2805988	0.1218195	0.0000000	0.0000000
7000.6209600	7000.0338101	6999.8782813	1.3799660	-0.3600000	0.1263179	0.2820076	0.1238556	0.0000000	0.0000000
7000.6209600	7000.0338101	6999.8782813	1.3599520	-0.3600000	0.1472958	0.2768751	0.1195182	0.0000000	0.0000000
7000.6209600	7000.0338101	6999.8782813	1.3399380	-0.3600000	0.1660277	0.2774858	0.1205957	0.0000000	0.0000000
7000.6209600	7000.0338101	6999.8782813	1.3199239	-0.3600000	0.1537230	0.2770936	0.1206272	0.0000000	0.0000000
7000.6209600	7000.0338101	6999.8782813	1.2999099	-0.3600000	0.1491166	0.2758619	0.1236178	0.0000000	0.0000000
7000.6209600	7000.0338101	6999.8782813	1.2798959	-0.3600000	0.1357563	0.2817076	0.1253329	0.0000000	0.0000000
7000.6209600	7000.0338101	6999.8782813	1.2598819	-0.3600000	0.1526967	0.2779589	0.1259730	0.0000000	0.0000000
7000.6209600	7000.0338101	6999.8782813	1.2398679	-0.3600000	0.1811107	0.2767909	0.1263771	0.0000000	0.0000000
7000.6209600	7000.0338101	6999.8782813	1.2198539	-0.3600000	0.1656519	0.2780319	0.1206473	0.0000000	0.0000000
7000.6209600	7000.0338101	6999.8782813	1.1998399	-0.3600000	0.1395792	0.2769292	0.1206903	0.0000000	0.0000000
7000.6209600	7000.0338101	6999.8782813	1.1801594	-0.3600000	0.1251321	0.2812903	0.1221355	0.0000000	0.0000000
7000.6209600	7000.0338101	6999.8782813	1.1601454	-0.3600000	0.1719548	0.2796101	0.1262913	0.0000000	0.0000000
7000.6209600	7000.0338101	6999.8782813	1.1401314	-0.3600000	0.1735925	0.2750212	0.1226996	0.0000000	0.0000000
7000.6209600	7000.0338101	6999.8782813	1.1201174	-0.3600000	0.1729100	0.2782825	0.1229220	0.0000000	0.0000000
7000.6209600	7000.0338101	6999.8782813	1.1001034	-0.3600000	0.1613546	0.2763789	0.1240208	0.0000000	0.0000000
7000.6209600	7000.0338101	6999.8782813	1.0800894	-0.3600000	0.1381005	0.2758158	0.1197687	0.0000000	0.0000000
7000.6209600	7000.0338101	6999.8782813	1.0600754	-0.3600000	0.1663502	0.2785936	0.1171165	0.0000000	0.0000000
7000.6209600	7000.0338101	6999.8782813	1.0400614	-0.3600000	0.1929517	0.2775967	0.1206841	0.0000000	0.0000000
7000.6209600	7000.0338101	6999.8782813	1.0200474	-0.3600000	0.1705787	0.2742450	0.1238519	0.0000000	0.0000000
7000.6209600	7000.0338101	6999.8782813	1.0000334	-0.3600000	0.1607340	0.2789987	0.1203209	0.0000000	0.0000000
7000.6209600	7000.0338101	6999.8782813	0.9800193	-0.3600000	0.1455398	0.2769673	0.1180848	0.0000000	0.0000000
7000.6209600	7000.0338101	6999.8782813	0.9600053	-0.3600000	0.1851304	0.2788033	0.1204727	0.0000000	0.0000000
7000.6209600	7000.0338101	6999.8782813	0.9399913	-0.3600000	0.2162319	0.2800031	0.1225313	0.0000000	0.0000000
7000.6209600	7000.0338101	6999.8782813	0.9199773	-0.3600000	0.1781521	0.2785500	0.1220197	0.0000000	0.0000000
7000.6209600	7000.0338101	6999.8782813	0.8999633	-0.3600000	0.1629331	0.2773872	0.1224136	0.0000000	0.0000000
7000.6209600	7000.0338101	6999.8782813	0.8799493	-0.3600000	0.1841263	0.2788232	0.1252894	0.0000000	0.0000000
7000.6209600	7000.0338101	6999.8782813	0.8599353	-0.3600000	0.2251315	0.2752450	0.1249518	0.0000000	0.0000000
7000.6209600	7000.0338101	6999.8782813	0.8399213	-0.3600000	0.2311973	0.2806501	0.1249001	0.0000000	0.0000000
7000.6209600	7000.0338101	6999.8782813	0.8199073	-0.3600000	0.1835007	0.2799504	0.1258275	0.0000000	0.0000000
7000.6209600	7000.0338101	6999.8782813	0.7998933	-0.3600000	0.1848689	0.2772996	0.1272234	0.0000000	0.0000000
7000.6209600	7000.0338101	6999.8782813	0.7798792	-0.3600000	0.2175865	0.2790139	0.1278898	0.0000000	0.0000000
7000.6209600	7000.0338101	6999.8782813	0.7598652	-0.3600000	0.2687690	0.2804099	0.1285204	0.0000000	0.0000000
7000.6209600	7000.0338101	6999.8782813	0.7398512	-0.3600000	0.2606469	0.2802799	0.1249407	0.0000000	0.0000000
7000.6209600	7000.0338101	6999.8782813	0.7198372	-0.3600000	0.1886461	0.2799148	0.1253405	0.0000000	0.0000000
7000.6209600	7000.0338101	6999.8782813	0.7001568	-0.3600000	0.1900283	0.2781476	0.1242745	0.0000000	0.0000000
7000.6209600	7000.0338101	6999.8782813	0.6801428	-0.3600000	0.1923407	0.2786960	0.1248928	0.0000000	0.0000000
7000.6209600	7000.0338101	6999.8782813	0.6601288	-0.3600000	0.2785431	0.2794888	0.1258147	0.0000000	0.0000000
7000.6209600	7000.0338101	6999.8782813	0.6401147	-0.3600000	0.2815441	0.2807251	0.1261501	0.0000000	0.0000000
7000.6209600	7000.0338101	6999.8782813	0.6201007	-0.3600000	0.1795037	0.2808947	0.1233679	0.0000000	0.0000000
7000.6209600	7000.0338101	6999.8782813	0.6000867	-0.3600000	0.2158177	0.2782635	0.1277571	0.0000000	0.0000000
7000.6209600	7000.0338101	6999.8782813	0.5800727	-0.3600000	0.2327985	0.2764584	0.1245612	0.0000000	0.0000000
7000.6209600	7000.0338101	6999.8782813	0.5600587	-0.3600000	0.2913271	0.2787096	0.1257828	0.0000000	0.0000000
7000.6209600	7000.0338101	6999.8782813	0.5400447	-0.3600000	0.2722534	0.2775986	0.1204268	0.0000000	0.0000000
7000.6209600	7000.0338101	6999.8782813	0.5200307	-0.3600000	0.1877185	0.2782927	0.1204471	0.0000000	0.0000000
7000.6209600	7000.0338101	6999.8782813	0.5000167	-0.3600000	0.2021340	0.2782968	0.1248350	0.0000000	0.0000000
7000.6209600	7000.0338101	6999.8782813	0.4800027	-0.3600000	0.2495670	0.2798152	0.1230466	0.0000000	0.0000000
7000.6209600	7000.0338101	6999.8782813	0.4599887	-0.3600000	0.2995846	0.2785287	0.1226578	0.0000000	0.0000000
7000.6209600	7000.0338101	6999.8782813	0.4399746	-0.3600000	0.3147577	0.2739939	0.1268639	0.0000000	0.0000000
7000.6209600	7000.0338101	6999.8782813	0.4199606	-0.3600000	0.2314728	0.2780726	0.1242068	0.0000000	0.0000000
7000.6209600	7000.0338101	6999.8782813	0.3999466	-0.3600000	0.2190035	0.2781512	0.1217809	0.0000000	0.0000000
7000.6209600	7000.0338101	6999.8782813	0.3799326	-0.3600000	0.2918077	0.2765671	0.1286003	0.0000000	0.0000000
7000.6209600	7000.0338101	6999.8782813	0.3599186	-0.3600000	0.3284235	0.2775050	0.1264900	0.0000000	0.0000000
7000.6209600	7000.0338101	6999.8782813	0.3399046	-0.3600000	0.3164945	0.2779669	0.1244688	0.0000000	0.0000000
7000.6209600	7000.0338101	6999.8782813	0.3198906	-0.3600000	0.2470801	0.2794941	0.1270369	0.0000000	0.0000000
7000.6209600	7000.0338101	6999.8782813	0.2998766	-0.3600000	0.2323252	0.2786145	0.1229315	0.0000000	0.0000000
7000.6209600	7000.0338101	6999.8782813	0.2798626	-0.3600000	0.2988203	0.2805586	0.1254220	0.0000000	0.0000000
7000.6209600	7000.0338101	6999.8782813	0.2598486	-0.3600000	0.3337233	0.2768342	0.1282145	0.0000000	0.0000000
7000.6209600	7000.0338101	6999.8782813	0.2398346	-0.3600000	0.3246942	0.2782214	0.1266155	0.0000000	0.0000000
7000.6209600	7000.0338101	6999.8782813	0.2201541	-0.3600000	0.2768263	0.2782778	0.1284741	0.0000000	0.0000000
7000.6209600	7000.0338101	6999.8782813	0.2001401	-0.3600000	0.2993264	0.2810431	0.1321431	0.0000000	0.0000000
7000.6209600	7000.0338101	6999.8782813	0.1801261	-0.3600000	0.3304459	0.2808783	0.1290389	0.0000000	0.0000000
7000.6209600	7000.0338101	6999.8782813	0.1601121	-0.3600000	0.3845347	0.2798773	0.1278014	0.0000000	0.0000000
7000.6209600	7000.0338101	6999.8782813	0.1400981	-0.3600000	0.3585530	0.2791447	0.1297996	0.0000000	0.0000000
7000.6209600	7000.0338101	6999.8782813	0.1200841	-0.3600000	0.2685819	0.2796908	0.1253163	0.0000000	0.0000000
7000.6209600	7000.0338101	6999.8782813	0.1000700	-0.3600000	0.2665996	0.2793364	0.1221080	0.0000000	0.0000000
7000.6209600	7000.0338101	6999.8782813	0.0800560	-0.3600000	0.3456505	0.2794329	0.1260129	0.0000000	0.0000000
7000.6209600	7000.0338101	6999.8782813	0.0600420	-0.3600000	0.3897169	0.2805757	0.1270181	0.0000000	0.0000000
7000.6209600	7000.0338101	6999.8782813	0.0400280	-0.3600000	0.3600997	0.2796990	0.1267521	0.0000000	0.0000000
7000.6209600	7000.0338101	6999.8782813	0.0200140	-0.3600000	0.2834763	0.2800663	0.1269517	0.0000000	0.0000000
7000.6209600	7000.0338101	6999.8782813	0.0000000	-0.3600000	0.3396074	0.2829601	0.1314614	0.0000000	0.0000000
