7000.6209600	7000.0338101	6999.8782813	3.0001001	-0.0600420	0.2103561	0.2808656	0.1271996	0.0000000	-0.0600000
7000.6209600	7000.0338101	6999.8782813	2.9800861	-0.0600000	0.2072089	0.2789545	0.1265460	0.0000000	0.0000000
7000.6209600	7000.0338101	6999.8782813	2.9600721	-0.0600000	0.2157040	0.2782091	0.1272708	0.0000000	0.0000000
7000.6209600	7000.0338101	6999.8782813	2.9400580	-0.0600000	0.2016094	0.2780752	0.1240668	0.0000000	0.0000000
7000.6209600	7000.0338101	6999.8782813	2.9200440	-0.0600000	0.2058492	0.2777073	0.1241523	0.0000000	0.0000000
7000.6209600	7000.0338101	6999.8782813	2.9000300	-0.0600000	0.2133591	0.2794030	0.1263718	0.0000000	0.0000000
7000.6209600	7000.0338101	6999.8782813	2.8800160	-0.0600000	0.2153903	0.2785997	0.1278583	0.0000000	0.0000000
7000.6209600	7000.0338101	6999.8782813	2.8600020	-0.0600000	0.2114253	0.2767483	0.1246307	0.0000000	0.0000000
7000.6209600	7000.0338101	6999.8782813	2.8399880	-0.0600000	0.2158928	0.2799152	0.1252782	0.0000000	0.0000000
7000.6209600	7000.0338101	6999.8782813	2.8199740	-0.0600000	0.2201832	0.2794945	0.1245048	0.0000000	0.0000000
7000.6209600	7000.0338101	6999.8782813	2.7999600	-0.0600000	0.2137745	0.2785083	0.1268191	0.0000000	0.0000000
7000.6209600	7000.0338101	6999.8782813	2.7799460	-0.0600000	0.2031348	0.2778528	0.1261346	0.0000000	0.0000000
7000.6209600	7000.0338101	6999.8782813	2.7599320	-0.0600000	0.2167485	0.2793000	0.1280615	0.0000000	0.0000000
7000.6209600	7000.0338101	6999.8782813	2.7399179	-0.0600000	0.2252906	0.2795702	0.1264956	0.0000000	0.0000000
7000.6209600	7000.0338101	6999.8782813	2.7199039	-0.0600000	0.2140538	0.2775383	0.1254380	0.0000000	0.0000000
7000.6209600	7000.0338101	6999.8782813	2.6998899	-0.0600000	0.2040865	0.2784230	0.1239805	0.0000000	0.0000000
7000.6209600	7000.0338101	6999.8782813	2.6798759	-0.0600000	0.2038086	0.2781034	0.1214569	0.0000000	0.0000000
7000.6209600	7000.0338101	6999.8782813	2.6598619	-0.0600000	0.2127184	0.2758309	0.1248289	0.0000000	0.0000000
7000.6209600	7000.0338101	6999.8782813	2.6398479	-0.0600000	0.2249022	0.2781351	0.1266051	0.0000000	0.0000000
7000.6209600	7000.0338101	6999.8782813	2.6198339	-0.0600000	0.2170225	0.2777074	0.1252164	0.0000000	0.0000000
7000.6209600	7000.0338101	6999.8782813	2.6001534	-0.0600000	0.2175182	0.2803262	0.1259285	0.0000000	0.0000000
7000.6209600	7000.0338101	6999.8782813	2.5801394	-0.0600000	0.1871228	0.2808619	0.1230922	0.0000000	0.0000000
7000.6209600	7000.0338101	6999.8782813	2.5601254	-0.0600000	0.2199908	0.2786885	0.1255573	0.0000000	0.0000000
7000.6209600	7000.0338101	6999.8782813	2.5401114	-0.0600000	0.2162786	0.2769910	0.1242128	0.0000000	0.0000000
7000.6209600	7000.0338101	6999.8782813	2.5200974	-0.0600000	0.2165450	0.2771488	0.1245518	0.0000000	0.0000000
7000.6209600	7000.0338101	6999.8782813	2.5000834	-0.0600000	0.2114987	0.2787469	0.1230999	0.0000000	0.0000000
7000.6209600	7000.0338101	6999.8782813	2.4800694	-0.0600000	0.2182587	0.2789160	0.1273892	0.0000000	0.0000000
7000.6209600	7000.0338101	6999.8782813	2.4600554	-0.0600000	0.2105696	0.2776499	0.1212125	0.0000000	0.0000000
7000.6209600	7000.0338101	6999.8782813	2.4400414	-0.0600000	0.2148218	0.2789646	0.1252413	0.0000000	0.0000000
7000.6209600	7000.0338101	6999.8782813	2.4200274	-0.0600000	0.2144744	0.2782498	0.1257169	0.0000000	0.0000000
7000.6209600	7000.0338101	6999.8782813	2.4000133	-0.0600000	0.2161282	0.2795848	0.1241519	0.0000000	0.0000000
7000.6209600	7000.0338101	6999.8782813	2.3799993	-0.0600000	0.2198087	0.2810857	0.1269220	0.0000000	0.0000000
7000.6209600	7000.0338101	6999.8782813	2.3599853	-0.0600000	0.2179354	0.2795933	0.1218517	0.0000000	0.0000000
7000.6209600	7000.0338101	6999.8782813	2.3399713	-0.0600000	0.2196768	0.2781526	0.1263059	0.0000000	0.0000000
7000.6209600	7000.0338101	6999.8782813	2.3199573	-0.0600000	0.2084023	0.2773735	0.1230072	0.0000000	0.0000000
7000.6209600	7000.0338101	6999.8782813	2.2999433	-0.0600000	0.2158674	0.2794795	0.1257029	0.0000000	0.0000000
7000.6209600	7000.0338101	6999.8782813	2.2799293	-0.0600000	0.2105559	0.2787566	0.1240000	0.0000000	0.0000000
7000.6209600	7000.0338101	6999.8782813	2.2599153	-0.0600000	0.2225638	0.2784376	0.1231405	0.0000000	0.0000000
7000.6209600	7000.0338101	6999.8782813	2.2399013	-0.0600000	0.2177158	0.2780261	0.1269386	0.0000000	0.0000000
7000.6209600	7000.0338101	6999.8782813	2.2198873	-0.0600000	0.2249938	0.2788770	0.1258472	0.0000000	0.0000000
7000.6209600	7000.0338101	6999.8782813	2.1998732	-0.0600000	0.2258679	0.2785142	0.1250940	0.0000000	0.0000000
7000.6209600	7000.0338101	6999.8782813	2.1798592	-0.0600000	0.2255048	0.2818568	0.1253804	0.0000000	0.0000000
7000.6209600	7000.0338101	6999.8782813	2.1598452	-0.0600000	0.2299557	0.2798315	0.1279559	0.0000000	0.0000000
7000.6209600	7000.0338101	6999.8782813	2.1401648	-0.0600000	0.2220894	0.2789153	0.1269012	0.0000000	0.0000000
7000.6209600	7000.0338101	6999.8782813	2.1201508	-0.0600000	0.2264061	0.2787743	0.1263661	0.0000000	0.0000000
7000.6209600	7000.0338101	6999.8782813	2.1001368	-0.0600000	0.2328250	0.2788580	0.1267928	0.0000000	0.0000000
7000.6209600	7000.0338101	6999.8782813	2.0801228	-0.0600000	0.2199635	0.2784388	0.1235016	0.0000000	0.0000000
7000.6209600	7000.0338101	6999.8782813	2.0601087	-0.0600000	0.2230302	0.2808640	0.1274446	0.0000000	0.0000000
7000.6209600	7000.0338101	6999.8782813	2.0400947	-0.0600000	0.2436971	0.2816121	0.1328177	0.0000000	0.0000000
7000.6209600	7000.0338101	6999.8782813	2.0200807	-0.0600000	0.2251094	0.2780669	0.1274338	0.0000000	0.0000000
7000.6209600	7000.0338101	6999.8782813	2.0000667	-0.0600000	0.2190892	0.2779324	0.1250267	0.0000000	0.0000000
7000.6209600	7000.0338101	6999.8782813	1.9800527	-0.0600000	0.2329421	0.2796879	0.1265515	0.0000000	0.0000000
7000.6209600	7000.0338101	6999.8782813	1.9600387	-0.0600000	0.2218666	0.2775522	0.1234575	0.0000000	0.0000000
7000.6209600	7000.0338101	6999.8782813	1.9400247	-0.0600000	0.2195889	0.2789261	0.1209565	0.0000000	0.0000000
7000.6209600	7000.0338101	6999.8782813	1.9200107	-0.0600000	0.2024081	0.2774812	0.1194376	0.0000000	0.0000000
7000.6209600	7000.0338101	6999.8782813	1.8999967	-0.0600000	0.2177355	0.2783486	0.1224064	0.0000000	0.0000000
7000.6209600	7000.0338101	6999.8782813	1.8799827	-0.0600000	0.2167202	0.2756462	0.1235836	0.0000000	0.0000000
7000.6209600	7000.0338101	6999.8782813	1.8599686	-0.0600000	0.2342041	0.2779877	0.1231898	0.0000000	0.0000000
7000.6209600	7000.0338101	6999.8782813	1.8399546	-0.0600000	0.2325708	0.2778693	0.1240087	0.0000000	0.0000000
7000.6209600	7000.0338101	6999.8782813	1.8199406	-0.0600000	0.2171658	0.2803990	0.1237133	0.0000000	0.0000000
7000.6209600	7000.0338101	6999.8782813	1.7999266	-0.0600000	0.2053408	0.2776710	0.1200729	0.0000000	0.0000000
7000.6209600	7000.0338101	6999.8782813	1.7799126	-0.0600000	0.2285840	0.2793322	0.1236401	0.0000000	0.0000000
7000.6209600	7000.0338101	6999.8782813	1.7598986	-0.0600000	0.2366996	0.2773237	0.1249685	0.0000000	0.0000000
7000.6209600	7000.0338101	6999.8782813	1.7398846	-0.0600000	0.2529403	0.2790532	0.1295154	0.0000000	0.0000000
7000.6209600	7000.0338101	6999.8782813	1.7198706	-0.0600000	0.2161576	0.2772731	0.1229142	0.0000000	0.0000000
7000.6209600	7000.0338101	6999.8782813	1.6998566	-0.0600000	0.2215048	0.2812229	0.1267627	0.0000000	0.0000000
7000.6209600	7000.0338101	6999.8782813	1.6798426	-0.0600000	0.2279241	0.2750255	0.1280769	0.0000000	0.0000000
7000.6209600	7000.0338101	6999.8782813	1.6601621	-0.0600000	0.2446227	0.2785101	0.1254916	0.0000000	0.0000000
7000.6209600	7000.0338101	6999.8782813	1.6401481	-0.0600000	0.2394534	0.2767235	0.1231453	0.0000000	0.0000000
7000.6209600	7000.0338101	6999.8782813	1.6201341	-0.0600000	0.2169469	0.2775345	0.1196550	0.0000000	0.0000000
7000.6209600	7000.0338101	6999.8782813	1.6001201	-0.0600000	0.2100249	0.2751151	0.1211942	0.0000000	0.0000000
7000.6209600	7000.0338101	6999.8782813	1.5801061	-0.0600000	0.1935472	0.2748167	0.1231649	0.0000000	0.0000000
7000.6209600	7000.0338101	6999.8782813	1.5600921	-0.0600000	0.2402256	0.2782496	0.1242626	0.0000000	0.0000000
7000.6209600	7000.0338101	6999.8782813	1.5400781	-0.0600000	0.2519274	0.2789659	0.1267842	0.0000000	0.0000000
7000.6209600	7000.0338101	6999.8782813	1.5200640	-0.0600000	0.2385341	0.2807992	0.1262416	0.0000000	0.0000000
7000.6209600	7000.0338101	6999.8782813	1.5000500	-0.0600000	0.2383135	0.2795973	0.1223960	0.0000000	0.0000000
7000.6209600	7000.0338101	6999.8782813	1.4800360	-0.0600000	0.2209346	0.2793320	0.1261971	0.0000000	0.0000000
7000.6209600	7000.0338101	6999.8782813	1.4600220	-0.0600000	0.2364893	0.2789425	0.1226379	0.0000000	0.0000000
7000.6209600	7000.0338101	6999.8782813	1.4400080	-0.0600000	0.2471465	0.2773737	0.1227870	0.0000000	0.0000000
7000.6209600	7000.0338101	6999.8782813	1.4199940	-0.0600000	0.2532870	0.2795389	0.1232330	0.0000000	0.0000000
7000.6209600	7000.0338101	6999.8782813	1.3999800	-0.0600000	0.2427562	0.2790797	0.1216023	0.0000000	0.0000000
7000.6209600	7000.0338101	6999.8782813	1.3799660	-0.0600000	0.2223601	0.2798472	0.1229762	0.0000000	0.0000000
7000.6209600	7000.0338101	6999.8782813	1.3599520	-0.0600000	0.2327421	0.2793715	0.1242098	0.0000000	0.0000000
7000.6209600	7000.0338101	6999.8782813	1.3399380	-0.0600000	0.2551212	0.2780333	0.1245321	0.0000000	0.0000000
7000.6209600	7000.0338101	6999.8782813	1.3199239	-0.0600000	0.2564176	0.2759526	0.1216268	0.0000000	0.0000000
7000.6209600	7000.0338101	6999.8782813	1.2999099	-0.0600000	0.2531891	0.2757726	0.1212161	0.0000000	0.0000000
7000.6209600	7000.0338101	6999.8782813	1.2798959	-0.0600000	0.2323922	0.2775732	0.1238649	0.0000000	0.0000000
7000.6209600	7000.0338101	6999.8782813	1.2598819	-0.0600000	0.2513558	0.2792452	0.1270211	0.0000000	0.0000000
7000.6209600	7000.0338101	6999.8782813	1.2398679	-0.0600000	0.2564310	0.2778301	0.1219508	0.0000000	0.0000000
7000.6209600	7000.0338101	6999.8782813	1.2198539	-0.0600000	0.2655087	0.2764761	0.1242963	0.0000000	0.0000000
7000.6209600	7000.0338101	6999.8782813	1.1998399	-0.0600000	0.2555172	0.2767842	0.1223389	0.0000000	0.0000000
7000.6209600	7000.0338101	6999.8782813	1.1801594	-0.0600000	0.2236876	0.2761497	0.1250107	0.0000000	0.0000000
7000.6209600	7000.0338101	6999.8782813	1.1601454	-0.0600000	0.2269766	0.2787253	0.1262223	0.0000000	0.0000000
7000.6209600	7000.0338101	6999.8782813	1.1401314	-0.0600000	0.2575608	0.2789253	0.1251863	0.0000000	0.0000000
7000.6209600	7000.0338101	6999.8782813	1.1201174	-0.0600000	0.2975280	0.2820228	0.1278739	0.0000000	0.0000000
7000.6209600	7000.0338101	6999.8782813	1.1001034	-0.0600000	0.2806277	0.2780154	0.1262672	0.0000000	0.0000000
7000.6209600	7000.0338101	6999.8782813	1.0800894	-0.0600000	0.2465690	0.2798268	0.1255557	0.0000000	0.0000000
7000.6209600	7000.0338101	6999.8782813	1.0600754	-0.0600000	0.2479830	0.2787107	0.1257067	0.0000000	0.0000000
7000.6209600	7000.0338101	6999.8782813	1.0400614	-0.0600000	0.2627659	0.2790535	0.1265271	0.0000000	0.0000000
7000.6209600	7000.0338101	6999.8782813	1.0200474	-0.0600000	0.2639481	0.2777603	0.1202830	0.0000000	0.0000000
7000.6209600	7000.0338101	6999.8782813	1.0000334	-0.0600000	0.2594537	0.2777734	0.1230040	0.0000000	0.0000000
7000.6209600	7000.0338101	6999.8782813	0.9800193	-0.0600000	0.2336965	0.2779414	0.1236720	0.0000000	0.0000000
7000.6209600	7000.0338101	6999.8782813	0.9600053	-0.0600000	0.2618005	0.2776733	0.1241176	0.0000000	0.0000000
7000.6209600	7000.0338101	6999.8782813	0.9399913	-0.0600000	0.3225197	0.2812349	0.1262599	0.0000000	0.0000000
7000.6209600	7000.0338101	6999.8782813	0.9199773	-0.0600000	0.3171547	0.2811587	0.1277135	0.0000000	0.0000000
7000.6209600	7000.0338101	6999.8782813	0.8999633	-0.0600000	0.2831348	0.2810082	0.1264763	0.0000000	0.0000000
7000.6209600	7000.0338101	6999.8782813	0.8799493	-0.0600000	0.2255958	0.2750479	0.1222087	0.0000000	0.0000000
7000.6209600	7000.0338101	6999.8782813	0.8599353	-0.0600000	0.3042849	0.2798938	0.1267227	0.0000000	0.0000000
7000.6209600	7000.0338101	6999.8782813	0.8399213	-0.0600000	0.3370032	0.2785201	0.1271306	0.0000000	0.0000000
7000.6209600	7000.0338101	6999.8782813	0.8199073	-0.0600000	0.2998037	0.2812878	0.1270907	0.0000000	0.0000000
7000.6209600	7000.0338101	6999.8782813	0.7998933	-0.0600000	0.2421454	0.2770442	0.1209441	0.0000000	0.0000000
7000.6209600	7000.0338101	6999.8782813	0.7798792	-0.0600000	0.2229919	0.2769489	0.1222430	0.0000000	0.0000000
7000.6209600	7000.0338101	6999.8782813	0.7598652	-0.0600000	0.2953149	0.2799550	0.1237487	0.0000000	0.0000000
7000.6209600	7000.0338101	6999.8782813	0.7398512	-0.0600000	0.3477825	0.2810193	0.1267540	0.0000000	0.0000000
7000.6209600	7000.0338101	6999.8782813	0.7198372	-0.0600000	0.2888840	0.2792224	0.1290620	0.0000000	0.0000000
7000.6209600	7000.0338101	6999.8782813	0.7001568	-0.0600000	0.2775757	0.2795275	0.1251940	0.0000000	0.0000000
7000.6209600	7000.0338101	6999.8782813	0.6801428	-0.0600000	0.2520623	0.2750098	0.1245857	0.0000000	0.0000000
7000.6209600	7000.0338101	6999.8782813	0.6601288	-0.0600000	0.3106694	0.2793306	0.1243853	0.0000000	0.0000000
7000.6209600	7000.0338101	6999.8782813	0.6401147	-0.0600000	0.3361134	0.2797954	0.1238427	0.0000000	0.0000000
7000.6209600	7000.0338101	6999.8782813	0.6201007	-0.0600000	0.3171420	0.2815341	0.1273707	0.0000000	0.0000000
7000.6209600	7000.0338101	6999.8782813	0.6000867	-0.0600000	0.2800538	0.2777712	0.1237889	0.0000000	0.0000000
7000.6209600	7000.0338101	6999.8782813	0.5800727	-0.0600000	0.2676552	0.2759142	0.1256444	0.0000000	0.0000000
7000.6209600	7000.0338101	6999.8782813	0.5600587	-0.0600000	0.3382792	0.2789740	0.1232178	0.0000000	0.0000000
7000.6209600	7000.0338101	6999.8782813	0.5400447	-0.0600000	0.3675261	0.2807478	0.1272360	0.0000000	0.0000000
7000.6209600	7000.0338101	6999.8782813	0.5200307	-0.0600000	0.3046742	0.2781996	0.1268896	0.0000000	0.0000000
7000.6209600	7000.0338101	6999.8782813	0.5000167	-0.0600000	0.2690803	0.2833018	0.1258010	0.0000000	0.0000000
7000.6209600	7000.0338101	6999.8782813	0.4800027	-0.0600000	0.2601129	0.2768994	0.1249949	0.0000000	0.0000000
7000.6209600	7000.0338101	6999.8782813	0.4599887	-0.0600000	0.3569475	0.2779755	0.1235242	0.0000000	0.0000000
7000.6209600	7000.0338101	6999.8782813	0.4399746	-0.0600000	0.3514194	0.2781846	0.1216552	0.0000000	0.0000000
7000.6209600	7000.0338101	6999.8782813	0.4199606	-0.0600000	0.2721382	0.2805640	0.1230649	0.0000000	0.0000000
7000.6209600	7000.0338101	6999.8782813	0.3999466	-0.0600000	0.2571262	0.2786270	0.1230710	0.0000000	0.0000000
7000.6209600	7000.0338101	6999.8782813	0.3799326	-0.0600000	0.2768097	0.2771545	0.1242762	0.0000000	0.0000000
7000.6209600	7000.0338101	6999.8782813	0.3599186	-0.0600000	0.3430603	0.2761719	0.1259307	0.0000000	0.0000000
7000.6209600	7000.0338101	6999.8782813	0.3399046	-0.0600000	0.3755394	0.2794700	0.1231063	0.0000000	0.0000000
7000.6209600	7000.0338101	6999.8782813	0.3198906	-0.0600000	0.3088278	0.2813898	0.1279559	0.0000000	0.0000000
7000.6209600	7000.0338101	6999.8782813	0.2998766	-0.0600000	0.2700465	0.2790984	0.1251456	0.0000000	0.0000000
7000.6209600	7000.0338101	6999.8782813	0.2798626	-0.0600000	0.2870576	0.2802355	0.1218561	0.0000000	0.0000000
7000.6209600	7000.0338101	6999.8782813	0.2598486	-0.0600000	0.3754921	0.2798076	0.1250901	0.0000000	0.0000000
7000.6209600	7000.0338101	6999.8782813	0.2398346	-0.0600000	0.3669185	0.2793516	0.1228198	0.0000000	0.0000000
7000.6209600	7000.0338101	6999.8782813	0.2201541	-0.0600000	0.2821346	0.2803356	0.1215535	0.0000000	0.0000000
7000.6209600	7000.0338101	6999.8782813	0.2001401	-0.0600000	0.2870359	0.2827341	0.1280197	0.0000000	0.0000000
7000.6209600	7000.0338101	6999.8782813	0.1801261	-0.0600000	0.2944384	0.2786283	0.1267266	0.0000000	0.0000000
7000.6209600	7000.0338101	6999.8782813	0.1601121	-0.0600000	0.3976274	0.2794042	0.1247902	0.0000000	0.0000000
7000.6209600	7000.0338101	6999.8782813	0.1400981	-0.0600000	0.3771727	0.2787507	0.1254788	0.0000000	0.0000000
7000.6209600	7000.0338101	6999.8782813	0.1200841	-0.0600000	0.2990963	0.2801788	0.1286124	0.0000000	0.0000000
7000.6209600	7000.0338101	6999.8782813	0.1000700	-0.0600000	0.2575182	0.2797129	0.1241771	0.0000000	0.0000000
7000.6209600	7000.0338101	6999.8782813	0.0800560	-0.0600000	0.3119412	0.2789355	0.1257295	0.0000000	0.0000000
7000.6209600	7000.0338101	6999.8782813	0.0600420	-0.0600000	0.3648989	0.2774482	0.1209337	0.0000000	0.0000000
7000.6209600	7000.0338101	6999.8782813	0.0400280	-0.0600000	0.3512754	0.2765441	0.1187377	0.0000000	0.0000000
7000.6209600	7000.0338101	6999.8782813	0.0200140	-0.0600000	0.2484531	0.2778435	0.1218514	0.0000000	0.0000000
7000.6209600	7000.0338101	6999.8782813	0.0000000	-0.0600000	0.2527184	0.2763754	0.1217648	0.0000000	0.0000000
