7000.6209600	7000.0338101	6999.8782813	3.0001001	0.3198906	0.2541849	0.2810051	0.1278630	0.0000000	0.3200000
7000.6209600	7000.0338101	6999.8782813	2.9800861	0.3200000	0.2638217	0.2844591	0.1288423	0.0000000	0.0000000
7000.6209600	7000.0338101	6999.8782813	2.9600721	0.3200000	0.2423064	0.2789106	0.1247395	0.0000000	0.0000000
7000.6209600	7000.0338101	6999.8782813	2.9400580	0.3200000	0.2634879	0.2801287	0.1276664	0.0000000	0.0000000
7000.6209600	7000.0338101	6999.8782813	2.9200440	0.3200000	0.2756521	0.2803069	0.1305469	0.0000000	0.0000000
7000.6209600	7000.0338101	6999.8782813	2.9000300	0.3200000	0.2622031	0.2795712	0.1287124	0.0000000	0.0000000
7000.6209600	7000.0338101	6999.8782813	2.8800160	0.3200000	0.2689991	0.2819749	0.1301095	0.0000000	0.0000000
7000.6209600	7000.0338101	6999.8782813	2.8600020	0.3200000	0.2547529	0.2789390	0.1261653	0.0000000	0.0000000
7000.6209600	7000.0338101	6999.8782813	2.8399880	0.3200000	0.2745530	0.2784386	0.1302388	0.0000000	0.0000000
7000.6209600	7000.0338101	6999.8782813	2.8199740	0.3200000	0.2644850	0.2795632	0.1270673	0.0000000	0.0000000
7000.6209600	7000.0338101	6999.8782813	2.7999600	0.3200000	0.2824952	0.2799542	0.1346261	0.0000000	0.0000000
7000.6209600	7000.0338101	6999.8782813	2.7799460	0.3200000	0.2490129	0.2796143	0.1262950	0.0000000	0.0000000
7000.6209600	7000.0338101	6999.8782813	2.7599320	0.3200000	0.2709615	0.2775099	0.1304329	0.0000000	0.0000000
7000.6209600	7000.0338101	6999.8782813	2.7399179	0.3200000	0.2707072	0.2775847	0.1295328	0.0000000	0.0000000
7000.6209600	7000.0338101	6999.8782813	2.7199039	0.3200000	0.2722146	0.2780475	0.1259951	0.0000000	0.0000000
7000.6209600	7000.0338101	6999.8782813	2.6998899	0.3200000	0.2649501	0.2777622	0.1256666	0.0000000	0.0000000
7000.6209600	7000.0338101	6999.8782813	2.6798759	0.3200000	0.2690221	0.2844502	0.1285094	0.0000000	0.0000000
7000.6209600	7000.0338101	6999.8782813	2.6598619	0.3200000	0.2560673	0.2796715	0.1270504	0.0000000	0.0000000
7000.6209600	7000.0338101	6999.8782813	2.6398479	0.3200000	0.2491326	0.2761075	0.1262899	0.0000000	0.0000000
7000.6209600	7000.0338101	6999.8782813	2.6198339	0.3200000	0.2592870	0.2787716	0.1252870	0.0000000	0.0000000
7000.6209600	7000.0338101	6999.8782813	2.6001534	0.3200000	0.2732034	0.2791018	0.1303368	0.0000000	0.0000000
7000.6209600	7000.0338101	6999.8782813	2.5801394	0.3200000	0.2527079	0.2797897	0.1270767	0.0000000	0.0000000
7000.6209600	7000.0338101	6999.8782813	2.5601254	0.3200000	0.2687679	0.2801885	0.1285323	0.0000000	0.0000000
7000.6209600	7000.0338101	6999.8782813	2.5401114	0.3200000	0.2724913	0.2817902	0.1276327	0.0000000	0.0000000
7000.6209600	7000.0338101	6999.8782813	2.5200974	0.3200000	0.2637080	0.2800355	0.1290521	0.0000000	0.0000000
7000.6209600	7000.0338101	6999.8782813	2.5000834	0.3200000	0.2660074	0.2798732	0.1267452	0.0000000	0.0000000
7000.6209600	7000.0338101	6999.8782813	2.4800694	0.3200000	0.2837498	0.2852640	0.1308978	0.0000000	0.0000000
7000.6209600	7000.0338101	6999.8782813	2.4600554	0.3200000	0.2797196	0.2796384	0.1305625	0.0000000	0.0000000
7000.6209600	7000.0338101	6999.8782813	2.4400414	0.3200000	0.2733381	0.2770142	0.1276930	0.0000000	0.0000000
7000.6209600	7000.0338101	6999.8782813	2.4200274	0.3200000	0.2678712	0.2790127	0.1265050	0.0000000	0.0000000
7000.6209600	7000.0338101	6999.8782813	2.4000133	0.3200000	0.2545592	0.2778719	0.1252882	0.0000000	0.0000000
7000.6209600	7000.0338101	6999.8782813	2.3799993	0.3200000	0.2617307	0.2813010	0.1259845	0.0000000	0.0000000
7000.6209600	7000.0338101	6999.8782813	2.3599853	0.3200000	0.2607195	0.2801849	0.1263390	0.0000000	0.0000000
7000.6209600	7000.0338101	6999.8782813	2.3399713	0.3200000	0.2644535	0.2778208	0.1287693	0.0000000	0.0000000
7000.6209600	7000.0338101	6999.8782813	2.3199573	0.3200000	0.2762518	0.2790698	0.1276764	0.0000000	0.0000000
7000.6209600	7000.0338101	6999.8782813	2.2999433	0.3200000	0.2815426	0.2803132	0.1296285	0.0000000	0.0000000
7000.6209600	7000.0338101	6999.8782813	2.2799293	0.3200000	0.2865959	0.2827655	0.1311764	0.0000000	0.0000000
7000.6209600	7000.0338101	6999.8782813	2.2599153	0.3200000	0.2840609	0.2828798	0.1293558	0.0000000	0.0000000
7000.6209600	7000.0338101	6999.8782813	2.2399013	0.3200000	0.2580560	0.2785607	0.1266313	0.0000000	0.0000000
7000.6209600	7000.0338101	6999.8782813	2.2198873	0.3200000	0.2763187	0.2810796	0.1277231	0.0000000	0.0000000
7000.6209600	7000.0338101	6999.8782813	2.1998732	0.3200000	0.2739270	0.2810253	0.1291737	0.0000000	0.0000000
7000.6209600	7000.0338101	6999.8782813	2.1798592	0.3200000	0.2880608	0.2808420	0.1274315	0.0000000	0.0000000
7000.6209600	7000.0338101	6999.8782813	2.1598452	0.3200000	0.2633726	0.2819969	0.1259922	0.0000000	0.0000000
7000.6209600	7000.0338101	6999.8782813	2.1401648	0.3200000	0.2682112	0.2797045	0.1251858	0.0000000	0.0000000
7000.6209600	7000.0338101	6999.8782813	2.1201508	0.3200000	0.2825455	0.2798815	0.1291519	0.0000000	0.0000000
7000.6209600	7000.0338101	6999.8782813	2.1001368	0.3200000	0.2634745	0.2771271	0.1258339	0.0000000	0.0000000
7000.6209600	7000.0338101	6999.8782813	2.0801228	0.3200000	0.2711749	0.2793354	0.1287466	0.0000000	0.0000000
7000.6209600	7000.0338101	6999.8782813	2.0601087	0.3200000	0.2920229	0.2816768	0.1315535	0.0000000	0.0000000
7000.6209600	7000.0338101	6999.8782813	2.0400947	0.3200000	0.2755485	0.2768285	0.1243701	0.0000000	0.0000000
7000.6209600	7000.0338101	6999.8782813	2.0200807	0.3200000	0.2908910	0.2801729	0.1283376	0.0000000	0.0000000
7000.6209600	7000.0338101	6999.8782813	2.0000667	0.3200000	0.2728300	0.2785531	0.1288801	0.0000000	0.0000000
7000.6209600	7000.0338101	6999.8782813	1.9800527	0.3200000	0.2894050	0.2819897	0.1329148	0.0000000	0.0000000
7000.6209600	7000.0338101	6999.8782813	1.9600387	0.3200000	0.2646461	0.2788131	0.1251362	0.0000000	0.0000000
7000.6209600	7000.0338101	6999.8782813	1.9400247	0.3200000	0.2880973	0.2803105	0.1263195	0.0000000	0.0000000
7000.6209600	7000.0338101	6999.8782813	1.9200107	0.3200000	0.2841907	0.2781240	0.1296011	0.0000000	0.0000000
7000.6209600	7000.0338101	6999.8782813	1.8999967	0.3200000	0.2832137	0.2792330	0.1304033	0.0000000	0.0000000
7000.6209600	7000.0338101	6999.8782813	1.8799827	0.3200000	0.2681663	0.2777943	0.1261592	0.0000000	0.0000000
7000.6209600	7000.0338101	6999.8782813	1.8599686	0.3200000	0.2686348	0.2799859	0.1266521	0.0000000	0.0000000
7000.6209600	7000.0338101	6999.8782813	1.8399546	0.3200000	0.2814384	0.2802325	0.1268033	0.0000000	0.0000000
7000.6209600	7000.0338101	6999.8782813	1.8199406	0.3200000	0.2710557	0.2799524	0.1268168	0.0000000	0.0000000
7000.6209600	7000.0338101	6999.8782813	1.7999266	0.3200000	0.2887054	0.2815577	0.1292135	0.0000000	0.0000000
7000.6209600	7000.0338101	6999.8782813	1.7799126	0.3200000	0.2784385	0.2816930	0.1277161	0.0000000	0.0000000
7000.6209600	7000.0338101	6999.8782813	1.7598986	0.3200000	0.2688297	0.2800785	0.1252081	0.0000000	0.0000000
7000.6209600	7000.0338101	6999.8782813	1.7398846	0.3200000	0.2902369	0.2817588	0.1270652	0.0000000	0.0000000
7000.6209600	7000.0338101	6999.8782813	1.7198706	0.3200000	0.2829762	0.2760958	0.1275603	0.0000000	0.0000000
7000.6209600	7000.0338101	6999.8782813	1.6998566	0.3200000	0.2795896	0.2781117	0.1278369	0.0000000	0.0000000
7000.6209600	7000.0338101	6999.8782813	1.6798426	0.3200000	0.2652520	0.2800789	0.1275310	0.0000000	0.0000000
7000.6209600	7000.0338101	6999.8782813	1.6601621	0.3200000	0.2829825	0.2789613	0.1299203	0.0000000	0.0000000
7000.6209600	7000.0338101	6999.8782813	1.6401481	0.3200000	0.2705182	0.2769387	0.1241084	0.0000000	0.0000000
7000.6209600	7000.0338101	6999.8782813	1.6201341	0.3200000	0.2890895	0.2776355	0.1261562	0.0000000	0.0000000
7000.6209600	7000.0338101	6999.8782813	1.6001201	0.3200000	0.2912706	0.2796469	0.1260653	0.0000000	0.0000000
7000.6209600	7000.0338101	6999.8782813	1.5801061	0.3200000	0.2549941	0.2806392	0.1249370	0.0000000	0.0000000
7000.6209600	7000.0338101	6999.8782813	1.5600921	0.3200000	0.2634669	0.2802714	0.1258213	0.0000000	0.0000000
7000.6209600	7000.0338101	6999.8782813	1.5400781	0.3200000	0.2982883	0.2789950	0.1313191	0.0000000	0.0000000
7000.6209600	7000.0338101	6999.8782813	1.5200640	0.3200000	0.2995425	0.2779036	0.1295555	0.0000000	0.0000000
7000.6209600	7000.0338101	6999.8782813	1.5000500	0.3200000	0.3017843	0.2781769	0.1270548	0.0000000	0.0000000
7000.6209600	7000.0338101	6999.8782813	1.4800360	0.3200000	0.2431517	0.2771547	0.1233937	0.0000000	0.0000000
7000.6209600	7000.0338101	6999.8782813	1.4600220	0.3200000	0.2534484	0.2805094	0.1265197	0.0000000	0.0000000
7000.6209600	7000.0338101	6999.8782813	1.4400080	0.3200000	0.2811716	0.2817167	0.1253850	0.0000000	0.0000000
7000.6209600	7000.0338101	6999.8782813	1.4199940	0.3200000	0.2872146	0.2773677	0.1247964	0.0000000	0.0000000
7000.6209600	7000.0338101	6999.8782813	1.3999800	0.3200000	0.3064070	0.2784841	0.1270942	0.0000000	0.0000000
7000.6209600	7000.0338101	6999.8782813	1.3799660	0.3200000	0.2896152	0.2817163	0.1320408	0.0000000	0.0000000
7000.6209600	7000.0338101	6999.8782813	1.3599520	0.3200000	0.2812400	0.2802362	0.1315651	0.0000000	0.0000000
7000.6209600	7000.0338101	6999.8782813	1.3399380	0.3200000	0.2785836	0.2830812	0.1278027	0.0000000	0.0000000
7000.6209600	7000.0338101	6999.8782813	1.3199239	0.3200000	0.3273097	0.2806351	0.1284779	0.0000000	0.0000000
7000.6209600	7000.0338101	6999.8782813	1.2999099	0.3200000	0.3178351	0.2787677	0.1272063	0.0000000	0.0000000
7000.6209600	7000.0338101	6999.8782813	1.2798959	0.3200000	0.2741241	0.2786372	0.1259008	0.0000000	0.0000000
7000.6209600	7000.0338101	6999.8782813	1.2598819	0.3200000	0.2583356	0.2799159	0.1279814	0.0000000	0.0000000
7000.6209600	7000.0338101	6999.8782813	1.2398679	0.3200000	0.2729268	0.2797710	0.1275446	0.0000000	0.0000000
7000.6209600	7000.0338101	6999.8782813	1.2198539	0.3200000	0.3744985	0.2854203	0.1340391	0.0000000	0.0000000
7000.6209600	7000.0338101	6999.8782813	1.1998399	0.3200000	0.3246537	0.2770829	0.1277141	0.0000000	0.0000000
7000.6209600	7000.0338101	6999.8782813	1.1801594	0.3200000	0.3158864	0.2782584	0.1320640	0.0000000	0.0000000
7000.6209600	7000.0338101	6999.8782813	1.1601454	0.3200000	0.2603091	0.2789257	0.1259277	0.0000000	0.0000000
7000.6209600	7000.0338101	6999.8782813	1.1401314	0.3200000	0.2677135	0.2778640	0.1257147	0.0000000	0.0000000
7000.6209600	7000.0338101	6999.8782813	1.1201174	0.3200000	0.2969390	0.2781487	0.1208186	0.0000000	0.0000000
7000.6209600	7000.0338101	6999.8782813	1.1001034	0.3200000	0.3234332	0.2778109	0.1245205	0.0000000	0.0000000
7000.6209600	7000.0338101	6999.8782813	1.0800894	0.3200000	0.2698102	0.2759304	0.1261831	0.0000000	0.0000000
7000.6209600	7000.0338101	6999.8782813	1.0600754	0.3200000	0.2625503	0.2781294	0.1269911	0.0000000	0.0000000
7000.6209600	7000.0338101	6999.8782813	1.0400614	0.3200000	0.2478246	0.2791479	0.1229779	0.0000000	0.0000000
7000.6209600	7000.0338101	6999.8782813	1.0200474	0.3200000	0.3551223	0.2821897	0.1307386	0.0000000	0.0000000
7000.6209600	7000.0338101	6999.8782813	1.0000334	0.3200000	0.3178955	0.2789857	0.1258735	0.0000000	0.0000000
7000.6209600	7000.0338101	6999.8782813	0.9800193	0.3200000	0.2717980	0.2762001	0.1298391	0.0000000	0.0000000
7000.6209600	7000.0338101	6999.8782813	0.9600053	0.3200000	0.2731255	0.2760963	0.1275631	0.0000000	0.0000000
7000.6209600	7000.0338101	6999.8782813	0.9399913	0.3200000	0.2831196	0.2785295	0.1255167	0.0000000	0.0000000
7000.6209600	7000.0338101	6999.8782813	0.9199773	0.3200000	0.3359983	0.2796951	0.1248164	0.0000000	0.0000000
7000.6209600	7000.0338101	6999.8782813	0.8999633	0.3200000	0.3091920	0.2775670	0.1258448	0.0000000	0.0000000
7000.6209600	7000.0338101	6999.8782813	0.8799493	0.3200000	0.2383071	0.2778228	0.1246553	0.0000000	0.0000000
7000.6209600	7000.0338101	6999.8782813	0.8599353	0.3200000	0.2822904	0.2801133	0.1265972	0.0000000	0.0000000
7000.6209600	7000.0338101	6999.8782813	0.8399213	0.3200000	0.3232987	0.2802593	0.1269689	0.0000000	0.0000000
7000.6209600	7000.0338101	6999.8782813	0.8199073	0.3200000	0.2987944	0.2787970	0.1237466	0.0000000	0.0000000
7000.6209600	7000.0338101	6999.8782813	0.7998933	0.3200000	0.3353457	0.2851558	0.1310743	0.0000000	0.0000000
7000.6209600	7000.0338101	6999.8782813	0.7798792	0.3200000	0.2460677	0.2781410	0.1249005	0.0000000	0.0000000
7000.6209600	7000.0338101	6999.8782813	0.7598652	0.3200000	0.2876702	0.2754808	0.1240941	0.0000000	0.0000000
7000.6209600	7000.0338101	6999.8782813	0.7398512	0.3200000	0.2998794	0.2768699	0.1234331	0.0000000	0.0000000
7000.6209600	7000.0338101	6999.8782813	0.7198372	0.3200000	0.2791519	0.2786829	0.1214008	0.0000000	0.0000000
7000.6209600	7000.0338101	6999.8782813	0.7001568	0.3200000	0.2912954	0.2795271	0.1254990	0.0000000	0.0000000
7000.6209600	7000.0338101	6999.8782813	0.6801428	0.3200000	0.2418859	0.2826747	0.1254852	0.0000000	0.0000000
7000.6209600	7000.0338101	6999.8782813	0.6601288	0.3200000	0.2891904	0.2782681	0.1229290	0.0000000	0.0000000
7000.6209600	7000.0338101	6999.8782813	0.6401147	0.3200000	0.3533138	0.2797310	0.1303704	0.0000000	0.0000000
7000.6209600	7000.0338101	6999.8782813	0.6201007	0.3200000	0.3062495	0.2786354	0.1243076	0.0000000	0.0000000
7000.6209600	7000.0338101	6999.8782813	0.6000867	0.3200000	0.2587242	0.2770758	0.1205547	0.0000000	0.0000000
7000.6209600	7000.0338101	6999.8782813	0.5800727	0.3200000	0.2357676	0.2793206	0.1258181	0.0000000	0.0000000
7000.6209600	7000.0338101	6999.8782813	0.5600587	0.3200000	0.2903656	0.2766775	0.1278517	0.0000000	0.0000000
7000.6209600	7000.0338101	6999.8782813	0.5400447	0.3200000	0.3136619	0.2787306	0.1256077	0.0000000	0.0000000
7000.6209600	7000.0338101	6999.8782813	0.5200307	0.3200000	0.3139341	0.2776475	0.1267626	0.0000000	0.0000000
7000.6209600	7000.0338101	6999.8782813	0.5000167	0.3200000	0.2894305	0.2785813	0.1265382	0.0000000	0.0000000
7000.6209600	7000.0338101	6999.8782813	0.4800027	0.3200000	0.2288400	0.2767069	0.1247812	0.0000000	0.0000000
7000.6209600	7000.0338101	6999.8782813	0.4599887	0.3200000	0.2906400	0.2775730	0.1249534	0.0000000	0.0000000
7000.6209600	7000.0338101	6999.8782813	0.4399746	0.3200000	0.3128043	0.2777994	0.1262971	0.0000000	0.0000000
7000.6209600	7000.0338101	6999.8782813	0.4199606	0.3200000	0.2855482	0.2792990	0.1267075	0.0000000	0.0000000
7000.6209600	7000.0338101	6999.8782813	0.3999466	0.3200000	0.2552363	0.2794899	0.1225503	0.0000000	0.0000000
7000.6209600	7000.0338101	6999.8782813	0.3799326	0.3200000	0.2298276	0.2795002	0.1228586	0.0000000	0.0000000
7000.6209600	7000.0338101	6999.8782813	0.3599186	0.3200000	0.3127388	0.2785786	0.1270117	0.0000000	0.0000000
7000.6209600	7000.0338101	6999.8782813	0.3399046	0.3200000	0.3410757	0.2778080	0.1272130	0.0000000	0.0000000
7000.6209600	7000.0338101	6999.8782813	0.3198906	0.3200000	0.2691403	0.2796552	0.1237452	0.0000000	0.0000000
7000.6209600	7000.0338101	6999.8782813	0.2998766	0.3200000	0.2619376	0.2802552	0.1278464	0.0000000	0.0000000
7000.6209600	7000.0338101	6999.8782813	0.2798626	0.3200000	0.2275503	0.2802119	0.1240702	0.0000000	0.0000000
7000.6209600	7000.0338101	6999.8782813	0.2598486	0.3200000	0.2941415	0.2782996	0.1247462	0.0000000	0.0000000
7000.6209600	7000.0338101	6999.8782813	0.2398346	0.3200000	0.3187345	0.2793994	0.1259384	0.0000000	0.0000000
7000.6209600	7000.0338101	6999.8782813	0.2201541	0.3200000	0.2584276	0.2792612	0.1264846	0.0000000	0.0000000
7000.6209600	7000.0338101	6999.8782813	0.2001401	0.3200000	0.2428578	0.2786624	0.1259922	0.0000000	0.0000000
7000.6209600	7000.0338101	6999.8782813	0.1801261	0.3200000	0.2011816	0.2772640	0.1261305	0.0000000	0.0000000
7000.6209600	7000.0338101	6999.8782813	0.1601121	0.3200000	0.2775081	0.2802374	0.1243988	0.0000000	0.0000000
7000.6209600	7000.0338101	6999.8782813	0.1400981	0.3200000	0.2998374	0.2774725	0.1255421	0.0000000	0.0000000
7000.6209600	7000.0338101	6999.8782813	0.1200841	0.3200000	0.2475354	0.2790848	0.1266337	0.0000000	0.0000000
7000.6209600	7000.0338101	6999.8782813	0.1000700	0.3200000	0.2026768	0.2799674	0.1262468	0.0000000	0.0000000
7000.6209600	7000.0338101	6999.8782813	0.0800560	0.3200000	0.1852281	0.2784081	0.1232346	0.0000000	0.0000000
7000.6209600	7000.0338101	6999.8782813	0.0600420	0.3200000	0.2801399	0.2839711	0.1281593	0.0000000	0.0000000
7000.6209600	7000.0338101	6999.8782813	0.0400280	0.3200000	0.2690784	0.2779623	0.1286471	0.0000000	0.0000000
7000.6209600	7000.0338101	6999.8782813	0.0200140	0.3200000	0.2091516	0.2766213	0.1254445	0.0000000	0.0000000
7000.6209600	7000.0338101	6999.8782813	0.0000000	0.3200000	0.1932035	0.2791079	0.1259933	0.0000000	0.0000000
