7000.6209600	7000.0338101	6999.8782813	3.0001001	-0.8399213	0.0243723	0.2716477	0.1194738	0.0000000	-0.8400000
7000.6209600	7000.0338101	6999.8782813	2.9800861	-0.8400000	0.0192195	0.2707638	0.1149296	0.0000000	0.0000000
7000.6209600	7000.0338101	6999.8782813	2.9600721	-0.8400000	0.0229810	0.2706348	0.1276436	0.0000000	0.0000000
7000.6209600	7000.0338101	6999.8782813	2.9400580	-0.8400000	0.0210533	0.2687842	0.1237554	0.0000000	0.0000000
7000.6209600	7000.0338101	6999.8782813	2.9200440	-0.8400000	0.0253119	0.2746860	0.1191892	0.0000000	0.0000000
7000.6209600	7000.0338101	6999.8782813	2.9000300	-0.8400000	0.0220083	0.2744635	0.1140245	0.0000000	0.0000000
7000.6209600	7000.0338101	6999.8782813	2.8800160	-0.8400000	0.0208528	0.2736332	0.1159025	0.0000000	0.0000000
7000.6209600	7000.0338101	6999.8782813	2.8600020	-0.8400000	0.0225837	0.2725424	0.1270400	0.0000000	0.0000000
7000.6209600	7000.0338101	6999.8782813	2.8399880	-0.8400000	0.0230884	0.2713473	0.1239247	0.0000000	0.0000000
7000.6209600	7000.0338101	6999.8782813	2.8199740	-0.8400000	0.0205022	0.2718741	0.1240215	0.0000000	0.0000000
7000.6209600	7000.0338101	6999.8782813	2.7999600	-0.8400000	0.0205604	0.2743477	0.1149114	0.0000000	0.0000000
7000.6209600	7000.0338101	6999.8782813	2.7799460	-0.8400000	0.0233724	0.2755470	0.1195015	0.0000000	0.0000000
7000.6209600	7000.0338101	6999.8782813	2.7599320	-0.8400000	0.0230909	0.2726266	0.1229774	0.0000000	0.0000000
7000.6209600	7000.0338101	6999.8782813	2.7399179	-0.8400000	0.0207227	0.2735453	0.1159359	0.0000000	0.0000000
7000.6209600	7000.0338101	6999.8782813	2.7199039	-0.8400000	0.0197721	0.2735706	0.1133098	0.0000000	0.0000000
7000.6209600	7000.0338101	6999.8782813	2.6998899	-0.8400000	0.0237939	0.2721167	0.1156302	0.0000000	0.0000000
7000.6209600	7000.0338101	6999.8782813	2.6798759	-0.8400000	0.0208326	0.2731365	0.1162096	0.0000000	0.0000000
7000.6209600	7000.0338101	6999.8782813	2.6598619	-0.8400000	0.0183528	0.2733024	0.1142126	0.0000000	0.0000000
7000.6209600	7000.0338101	6999.8782813	2.6398479	-0.8400000	0.0197515	0.2737065	0.1138954	0.0000000	0.0000000
7000.6209600	7000.0338101	6999.8782813	2.6198339	-0.8400000	0.0210723	0.2741184	0.1139971	0.0000000	0.0000000
7000.6209600	7000.0338101	6999.8782813	2.6001534	-0.8400000	0.0240402	0.2708428	0.1171573	0.0000000	0.0000000
7000.6209600	7000.0338101	6999.8782813	2.5801394	-0.8400000	0.0240337	0.2728453	0.1222009	0.0000000	0.0000000
7000.6209600	7000.0338101	6999.8782813	2.5601254	-0.8400000	0.0205137	0.2722275	0.1190731	0.0000000	0.0000000
7000.6209600	7000.0338101	6999.8782813	2.5401114	-0.8400000	0.0212034	0.2743619	0.1208130	0.0000000	0.0000000
7000.6209600	7000.0338101	6999.8782813	2.5200974	-0.8400000	0.0245100	0.2737451	0.1155100	0.0000000	0.0000000
7000.6209600	7000.0338101	6999.8782813	2.5000834	-0.8400000	0.0271835	0.2710287	0.1290602	0.0000000	0.0000000
7000.6209600	7000.0338101	6999.8782813	2.4800694	-0.8400000	0.0227228	0.2724341	0.1257457	0.0000000	0.0000000
7000.6209600	7000.0338101	6999.8782813	2.4600554	-0.8400000	0.0188719	0.2729366	0.1158429	0.0000000	0.0000000
7000.6209600	7000.0338101	6999.8782813	2.4400414	-0.8400000	0.0201232	0.2730156	0.1177617	0.0000000	0.0000000
7000.6209600	7000.0338101	6999.8782813	2.4200274	-0.8400000	0.0262489	0.2714103	0.1248915	0.0000000	0.0000000
7000.6209600	7000.0338101	6999.8782813	2.4000133	-0.8400000	0.0212356	0.2740693	0.1163584	0.0000000	0.0000000
7000.6209600	7000.0338101	6999.8782813	2.3799993	-0.8400000	0.0199418	0.2701379	0.1207616	0.0000000	0.0000000
7000.6209600	7000.0338101	6999.8782813	2.3599853	-0.8400000	0.0202782	0.2730660	0.1170653	0.0000000	0.0000000
7000.6209600	7000.0338101	6999.8782813	2.3399713	-0.8400000	0.0231522	0.2725126	0.1242781	0.0000000	0.0000000
7000.6209600	7000.0338101	6999.8782813	2.3199573	-0.8400000	0.0243453	0.2714000	0.1250243	0.0000000	0.0000000
7000.6209600	7000.0338101	6999.8782813	2.2999433	-0.8400000	0.0198983	0.2748540	0.1121797	0.0000000	0.0000000
7000.6209600	7000.0338101	6999.8782813	2.2799293	-0.8400000	0.0235313	0.2692510	0.1257026	0.0000000	0.0000000
7000.6209600	7000.0338101	6999.8782813	2.2599153	-0.8400000	0.0185039	0.2710278	0.1155675	0.0000000	0.0000000
7000.6209600	7000.0338101	6999.8782813	2.2399013	-0.8400000	0.0260287	0.2703900	0.1286410	0.0000000	0.0000000
7000.6209600	7000.0338101	6999.8782813	2.2198873	-0.8400000	0.0242749	0.2736373	0.1162909	0.0000000	0.0000000
7000.6209600	7000.0338101	6999.8782813	2.1998732	-0.8400000	0.0242202	0.2750277	0.1199208	0.0000000	0.0000000
7000.6209600	7000.0338101	6999.8782813	2.1798592	-0.8400000	0.0227615	0.2760060	0.1179487	0.0000000	0.0000000
7000.6209600	7000.0338101	6999.8782813	2.1598452	-0.8400000	0.0179060	0.2725708	0.1181738	0.0000000	0.0000000
7000.6209600	7000.0338101	6999.8782813	2.1401648	-0.8400000	0.0162565	0.2695045	0.1158806	0.0000000	0.0000000
7000.6209600	7000.0338101	6999.8782813	2.1201508	-0.8400000	0.0206855	0.2734945	0.1136583	0.0000000	0.0000000
7000.6209600	7000.0338101	6999.8782813	2.1001368	-0.8400000	0.0207572	0.2741481	0.1130018	0.0000000	0.0000000
7000.6209600	7000.0338101	6999.8782813	2.0801228	-0.8400000	0.0227450	0.2717190	0.1191707	0.0000000	0.0000000
7000.6209600	7000.0338101	6999.8782813	2.0601087	-0.8400000	0.0220430	0.2735544	0.1201912	0.0000000	0.0000000
7000.6209600	7000.0338101	6999.8782813	2.0400947	-0.8400000	0.0196493	0.2729988	0.1153369	0.0000000	0.0000000
7000.6209600	7000.0338101	6999.8782813	2.0200807	-0.8400000	0.0273798	0.2721024	0.1274409	0.0000000	0.0000000
7000.6209600	7000.0338101	6999.8782813	2.0000667	-0.8400000	0.0189614	0.2720504	0.1114633	0.0000000	0.0000000
7000.6209600	7000.0338101	6999.8782813	1.9800527	-0.8400000	0.0209208	0.2726271	0.1209447	0.0000000	0.0000000
7000.6209600	7000.0338101	6999.8782813	1.9600387	-0.8400000	0.0183286	0.2736403	0.1130056	0.0000000	0.0000000
7000.6209600	7000.0338101	6999.8782813	1.9400247	-0.8400000	0.0205856	0.2730818	0.1132755	0.0000000	0.0000000
7000.6209600	7000.0338101	6999.8782813	1.9200107	-0.8400000	0.0282767	0.2707302	0.1228599	0.0000000	0.0000000
7000.6209600	7000.0338101	6999.8782813	1.8999967	-0.8400000	0.0209960	0.2731455	0.1110264	0.0000000	0.0000000
7000.6209600	7000.0338101	6999.8782813	1.8799827	-0.8400000	0.0177833	0.2714471	0.1118529	0.0000000	0.0000000
7000.6209600	7000.0338101	6999.8782813	1.8599686	-0.8400000	0.0182567	0.2715647	0.1168455	0.0000000	0.0000000
7000.6209600	7000.0338101	6999.8782813	1.8399546	-0.8400000	0.0176466	0.2730916	0.1146067	0.0000000	0.0000000
7000.6209600	7000.0338101	6999.8782813	1.8199406	-0.8400000	0.0269071	0.2727328	0.1190498	0.0000000	0.0000000
7000.6209600	7000.0338101	6999.8782813	1.7999266	-0.8400000	0.0265160	0.2737699	0.1202809	0.0000000	0.0000000
7000.6209600	7000.0338101	6999.8782813	1.7799126	-0.8400000	0.0185397	0.2719109	0.1132490	0.0000000	0.0000000
7000.6209600	7000.0338101	6999.8782813	1.7598986	-0.8400000	0.0167841	0.2755000	0.1133259	0.0000000	0.0000000
7000.6209600	7000.0338101	6999.8782813	1.7398846	-0.8400000	0.0193878	0.2717271	0.1204202	0.0000000	0.0000000
7000.6209600	7000.0338101	6999.8782813	1.7198706	-0.8400000	0.0290316	0.2706394	0.1252552	0.0000000	0.0000000
7000.6209600	7000.0338101	6999.8782813	1.6998566	-0.8400000	0.0291057	0.2736482	0.1171449	0.0000000	0.0000000
7000.6209600	7000.0338101	6999.8782813	1.6798426	-0.8400000	0.0209811	0.2754135	0.1129513	0.0000000	0.0000000
7000.6209600	7000.0338101	6999.8782813	1.6601621	-0.8400000	0.0170516	0.2746495	0.1139454	0.0000000	0.0000000
7000.6209600	7000.0338101	6999.8782813	1.6401481	-0.8400000	0.0163400	0.2768711	0.1142791	0.0000000	0.0000000
7000.6209600	7000.0338101	6999.8782813	1.6201341	-0.8400000	0.0234266	0.2729631	0.1131877	0.0000000	0.0000000
7000.6209600	7000.0338101	6999.8782813	1.6001201	-0.8400000	0.0295128	0.2717755	0.1179530	0.0000000	0.0000000
7000.6209600	7000.0338101	6999.8782813	1.5801061	-0.8400000	0.0261432	0.2724703	0.1225367	0.0000000	0.0000000
7000.6209600	7000.0338101	6999.8782813	1.5600921	-0.8400000	0.0186863	0.2747169	0.1187354	0.0000000	0.0000000
7000.6209600	7000.0338101	6999.8782813	1.5400781	-0.8400000	0.0188915	0.2737177	0.1210104	0.0000000	0.0000000
7000.6209600	7000.0338101	6999.8782813	1.5200640	-0.8400000	0.0226166	0.2729028	0.1139843	0.0000000	0.0000000
7000.6209600	7000.0338101	6999.8782813	1.5000500	-0.8400000	0.0230321	0.2737841	0.1125284	0.0000000	0.0000000
7000.6209600	7000.0338101	6999.8782813	1.4800360	-0.8400000	0.0268740	0.2741119	0.1147456	0.0000000	0.0000000
7000.6209600	7000.0338101	6999.8782813	1.4600220	-0.8400000	0.0216825	0.2740037	0.1175183	0.0000000	0.0000000
7000.6209600	7000.0338101	6999.8782813	1.4400080	-0.8400000	0.0174028	0.2724510	0.1133359	0.0000000	0.0000000
7000.6209600	7000.0338101	6999.8782813	1.4199940	-0.8400000	0.0251692	0.2752362	0.1201500	0.0000000	0.0000000
7000.6209600	7000.0338101	6999.8782813	1.3999800	-0.8400000	0.0227347	0.2744082	0.1127944	0.0000000	0.0000000
7000.6209600	7000.0338101	6999.8782813	1.3799660	-0.8400000	0.0342214	0.2734623	0.1259718	0.0000000	0.0000000
7000.6209600	7000.0338101	6999.8782813	1.3599520	-0.8400000	0.0186656	0.2745439	0.1115200	0.0000000	0.0000000
7000.6209600	7000.0338101	6999.8782813	1.3399380	-0.8400000	0.0150597	0.2753047	0.1113527	0.0000000	0.0000000
7000.6209600	7000.0338101	6999.8782813	1.3199239	-0.8400000	0.0185682	0.2742057	0.1163453	0.0000000	0.0000000
7000.6209600	7000.0338101	6999.8782813	1.2999099	-0.8400000	0.0217957	0.2731490	0.1131307	0.0000000	0.0000000
7000.6209600	7000.0338101	6999.8782813	1.2798959	-0.8400000	0.0301013	0.2757235	0.1147655	0.0000000	0.0000000
7000.6209600	7000.0338101	6999.8782813	1.2598819	-0.8400000	0.0248442	0.2751787	0.1170255	0.0000000	0.0000000
7000.6209600	7000.0338101	6999.8782813	1.2398679	-0.8400000	0.0165789	0.2730194	0.1195497	0.0000000	0.0000000
7000.6209600	7000.0338101	6999.8782813	1.2198539	-0.8400000	0.0178972	0.2742939	0.1121792	0.0000000	0.0000000
7000.6209600	7000.0338101	6999.8782813	1.1998399	-0.8400000	0.0277583	0.2731460	0.1137307	0.0000000	0.0000000
7000.6209600	7000.0338101	6999.8782813	1.1801594	-0.8400000	0.0346315	0.2741600	0.1154873	0.0000000	0.0000000
7000.6209600	7000.0338101	6999.8782813	1.1601454	-0.8400000	0.0291907	0.2742126	0.1239969	0.0000000	0.0000000
7000.6209600	7000.0338101	6999.8782813	1.1401314	-0.8400000	0.0214167	0.2736899	0.1159149	0.0000000	0.0000000
7000.6209600	7000.0338101	6999.8782813	1.1201174	-0.8400000	0.0244690	0.2732059	0.1171958	0.0000000	0.0000000
7000.6209600	7000.0338101	6999.8782813	1.1001034	-0.8400000	0.0294283	0.2738217	0.1278496	0.0000000	0.0000000
7000.6209600	7000.0338101	6999.8782813	1.0800894	-0.8400000	0.0417186	0.2735831	0.1266603	0.0000000	0.0000000
7000.6209600	7000.0338101	6999.8782813	1.0600754	-0.8400000	0.0273330	0.2721129	0.1263406	0.0000000	0.0000000
7000.6209600	7000.0338101	6999.8782813	1.0400614	-0.8400000	0.0196208	0.2751342	0.1164463	0.0000000	0.0000000
7000.6209600	7000.0338101	6999.8782813	1.0200474	-0.8400000	0.0258522	0.2749948	0.1162388	0.0000000	0.0000000
7000.6209600	7000.0338101	6999.8782813	1.0000334	-0.8400000	0.0303325	0.2733312	0.1154530	0.0000000	0.0000000
7000.6209600	7000.0338101	6999.8782813	0.9800193	-0.8400000	0.0395045	0.2727396	0.1196746	0.0000000	0.0000000
7000.6209600	7000.0338101	6999.8782813	0.9600053	-0.8400000	0.0250670	0.2736301	0.1270385	0.0000000	0.0000000
7000.6209600	7000.0338101	6999.8782813	0.9399913	-0.8400000	0.0198768	0.2718818	0.1276643	0.0000000	0.0000000
7000.6209600	7000.0338101	6999.8782813	0.9199773	-0.8400000	0.0374264	0.2748284	0.1194403	0.0000000	0.0000000
7000.6209600	7000.0338101	6999.8782813	0.8999633	-0.8400000	0.0381737	0.2726909	0.1210037	0.0000000	0.0000000
7000.6209600	7000.0338101	6999.8782813	0.8799493	-0.8400000	0.0445325	0.2742305	0.1234453	0.0000000	0.0000000
7000.6209600	7000.0338101	6999.8782813	0.8599353	-0.8400000	0.0210396	0.2749382	0.1154685	0.0000000	0.0000000
7000.6209600	7000.0338101	6999.8782813	0.8399213	-0.8400000	0.0233051	0.2730035	0.1144613	0.0000000	0.0000000
7000.6209600	7000.0338101	6999.8782813	0.8199073	-0.8400000	0.0428073	0.2758401	0.1148267	0.0000000	0.0000000
7000.6209600	7000.0338101	6999.8782813	0.7998933	-0.8400000	0.0521312	0.2753342	0.1211732	0.0000000	0.0000000
7000.6209600	7000.0338101	6999.8782813	0.7798792	-0.8400000	0.0402903	0.2740889	0.1143711	0.0000000	0.0000000
7000.6209600	7000.0338101	6999.8782813	0.7598652	-0.8400000	0.0209036	0.2744396	0.1128864	0.0000000	0.0000000
7000.6209600	7000.0338101	6999.8782813	0.7398512	-0.8400000	0.0244968	0.2744974	0.1142273	0.0000000	0.0000000
7000.6209600	7000.0338101	6999.8782813	0.7198372	-0.8400000	0.0580874	0.2753115	0.1150476	0.0000000	0.0000000
7000.6209600	7000.0338101	6999.8782813	0.7001568	-0.8400000	0.0647950	0.2746509	0.1186295	0.0000000	0.0000000
7000.6209600	7000.0338101	6999.8782813	0.6801428	-0.8400000	0.0543977	0.2725526	0.1145565	0.0000000	0.0000000
7000.6209600	7000.0338101	6999.8782813	0.6601288	-0.8400000	0.0364510	0.2737332	0.1189327	0.0000000	0.0000000
7000.6209600	7000.0338101	6999.8782813	0.6401147	-0.8400000	0.0343074	0.2767766	0.1133883	0.0000000	0.0000000
7000.6209600	7000.0338101	6999.8782813	0.6201007	-0.8400000	0.0704355	0.2750673	0.1174966	0.0000000	0.0000000
7000.6209600	7000.0338101	6999.8782813	0.6000867	-0.8400000	0.0775266	0.2750966	0.1244406	0.0000000	0.0000000
7000.6209600	7000.0338101	6999.8782813	0.5800727	-0.8400000	0.0785779	0.2745226	0.1257384	0.0000000	0.0000000
7000.6209600	7000.0338101	6999.8782813	0.5600587	-0.8400000	0.0452036	0.2753048	0.1209479	0.0000000	0.0000000
7000.6209600	7000.0338101	6999.8782813	0.5400447	-0.8400000	0.0326411	0.2747944	0.1187590	0.0000000	0.0000000
7000.6209600	7000.0338101	6999.8782813	0.5200307	-0.8400000	0.0909918	0.2747877	0.1234768	0.0000000	0.0000000
7000.6209600	7000.0338101	6999.8782813	0.5000167	-0.8400000	0.1023260	0.2734305	0.1264618	0.0000000	0.0000000
7000.6209600	7000.0338101	6999.8782813	0.4800027	-0.8400000	0.0850549	0.2758901	0.1158495	0.0000000	0.0000000
7000.6209600	7000.0338101	6999.8782813	0.4599887	-0.8400000	0.0530427	0.2740175	0.1220125	0.0000000	0.0000000
7000.6209600	7000.0338101	6999.8782813	0.4399746	-0.8400000	0.0592426	0.2728811	0.1266923	0.0000000	0.0000000
7000.6209600	7000.0338101	6999.8782813	0.4199606	-0.8400000	0.0977820	0.2737343	0.1234156	0.0000000	0.0000000
7000.6209600	7000.0338101	6999.8782813	0.3999466	-0.8400000	0.1067152	0.2760114	0.1146864	0.0000000	0.0000000
7000.6209600	7000.0338101	6999.8782813	0.3799326	-0.8400000	0.0884769	0.2728599	0.1262148	0.0000000	0.0000000
7000.6209600	7000.0338101	6999.8782813	0.3599186	-0.8400000	0.0789243	0.2719803	0.1299628	0.0000000	0.0000000
7000.6209600	7000.0338101	6999.8782813	0.3399046	-0.8400000	0.0812275	0.2742455	0.1230066	0.0000000	0.0000000
7000.6209600	7000.0338101	6999.8782813	0.3198906	-0.8400000	0.1303593	0.2763053	0.1159832	0.0000000	0.0000000
7000.6209600	7000.0338101	6999.8782813	0.2998766	-0.8400000	0.1319722	0.2756157	0.1189617	0.0000000	0.0000000
7000.6209600	7000.0338101	6999.8782813	0.2798626	-0.8400000	0.1096459	0.2740165	0.1259854	0.0000000	0.0000000
7000.6209600	7000.0338101	6999.8782813	0.2598486	-0.8400000	0.0859337	0.2736218	0.1256379	0.0000000	0.0000000
7000.6209600	7000.0338101	6999.8782813	0.2398346	-0.8400000	0.0899445	0.2740068	0.1180393	0.0000000	0.0000000
7000.6209600	7000.0338101	6999.8782813	0.2201541	-0.8400000	0.1551669	0.2787249	0.1174052	0.0000000	0.0000000
7000.6209600	7000.0338101	6999.8782813	0.2001401	-0.8400000	0.1548502	0.2753474	0.1147518	0.0000000	0.0000000
7000.6209600	7000.0338101	6999.8782813	0.1801261	-0.8400000	0.1398151	0.2718870	0.1228995	0.0000000	0.0000000
7000.6209600	7000.0338101	6999.8782813	0.1601121	-0.8400000	0.0930515	0.2722660	0.1181777	0.0000000	0.0000000
7000.6209600	7000.0338101	6999.8782813	0.1400981	-0.8400000	0.0962859	0.2753077	0.1141970	0.0000000	0.0000000
7000.6209600	7000.0338101	6999.8782813	0.1200841	-0.8400000	0.1793402	0.2734775	0.1171650	0.0000000	0.0000000
7000.6209600	7000.0338101	6999.8782813	0.1000700	-0.8400000	0.1688643	0.2762151	0.1187230	0.0000000	0.0000000
7000.6209600	7000.0338101	6999.8782813	0.0800560	-0.8400000	0.1379124	0.2762144	0.1176270	0.0000000	0.0000000
7000.6209600	7000.0338101	6999.8782813	0.0600420	-0.8400000	0.1360452	0.2739253	0.1252870	0.0000000	0.0000000
7000.6209600	7000.0338101	6999.8782813	0.0400280	-0.8400000	0.1538312	0.2734757	0.1239136	0.0000000	0.0000000
7000.6209600	7000.0338101	6999.8782813	0.0200140	-0.8400000	0.1874974	0.2773947	0.1165531	0.0000000	0.0000000
7000.6209600	7000.0338101	6999.8782813	0.0000000	-0.8400000	0.1985947	0.2751913	0.1179777	0.0000000	0.0000000
