7000.6209600	7000.0338101	6999.8782813	3.0001001	-0.1200841	0.2075985	0.2826376	0.1254822	0.0000000	-0.1200000
7000.6209600	7000.0338101	6999.8782813	2.9800861	-0.1200000	0.1936664	0.2766007	0.1227050	0.0000000	0.0000000
7000.6209600	7000.0338101	6999.8782813	2.9600721	-0.1200000	0.1874225	0.2786234	0.1227106	0.0000000	0.0000000
7000.6209600	7000.0338101	6999.8782813	2.9400580	-0.1200000	0.1876554	0.2777360	0.1226188	0.0000000	0.0000000
7000.6209600	7000.0338101	6999.8782813	2.9200440	-0.1200000	0.1863456	0.2782061	0.1221899	0.0000000	0.0000000
7000.6209600	7000.0338101	6999.8782813	2.9000300	-0.1200000	0.1895033	0.2778740	0.1243844	0.0000000	0.0000000
7000.6209600	7000.0338101	6999.8782813	2.8800160	-0.1200000	0.1971536	0.2780164	0.1222416	0.0000000	0.0000000
7000.6209600	7000.0338101	6999.8782813	2.8600020	-0.1200000	0.1997446	0.2790704	0.1235988	0.0000000	0.0000000
7000.6209600	7000.0338101	6999.8782813	2.8399880	-0.1200000	0.1922340	0.2777902	0.1215623	0.0000000	0.0000000
7000.6209600	7000.0338101	6999.8782813	2.8199740	-0.1200000	0.1893440	0.2762042	0.1223365	0.0000000	0.0000000
7000.6209600	7000.0338101	6999.8782813	2.7999600	-0.1200000	0.1882695	0.2785073	0.1226154	0.0000000	0.0000000
7000.6209600	7000.0338101	6999.8782813	2.7799460	-0.1200000	0.2073762	0.2786417	0.1236780	0.0000000	0.0000000
7000.6209600	7000.0338101	6999.8782813	2.7599320	-0.1200000	0.2053965	0.2785984	0.1285416	0.0000000	0.0000000
7000.6209600	7000.0338101	6999.8782813	2.7399179	-0.1200000	0.1870590	0.2770823	0.1235150	0.0000000	0.0000000
7000.6209600	7000.0338101	6999.8782813	2.7199039	-0.1200000	0.1889529	0.2782876	0.1253479	0.0000000	0.0000000
7000.6209600	7000.0338101	6999.8782813	2.6998899	-0.1200000	0.2018362	0.2797726	0.1263922	0.0000000	0.0000000
7000.6209600	7000.0338101	6999.8782813	2.6798759	-0.1200000	0.2000371	0.2779597	0.1237091	0.0000000	0.0000000
7000.6209600	7000.0338101	6999.8782813	2.6598619	-0.1200000	0.2005425	0.2795145	0.1239775	0.0000000	0.0000000
7000.6209600	7000.0338101	6999.8782813	2.6398479	-0.1200000	0.2070055	0.2802664	0.1268964	0.0000000	0.0000000
7000.6209600	7000.0338101	6999.8782813	2.6198339	-0.1200000	0.1962125	0.2798121	0.1228536	0.0000000	0.0000000
7000.6209600	7000.0338101	6999.8782813	2.6001534	-0.1200000	0.1893112	0.2786809	0.1229036	0.0000000	0.0000000
7000.6209600	7000.0338101	6999.8782813	2.5801394	-0.1200000	0.1944648	0.2779132	0.1228582	0.0000000	0.0000000
7000.6209600	7000.0338101	6999.8782813	2.5601254	-0.1200000	0.1900792	0.2787211	0.1258977	0.0000000	0.0000000
7000.6209600	7000.0338101	6999.8782813	2.5401114	-0.1200000	0.1910731	0.2790114	0.1221503	0.0000000	0.0000000
7000.6209600	7000.0338101	6999.8782813	2.5200974	-0.1200000	0.1950402	0.2783763	0.1249001	0.0000000	0.0000000
7000.6209600	7000.0338101	6999.8782813	2.5000834	-0.1200000	0.1974219	0.2795647	0.1233191	0.0000000	0.0000000
7000.6209600	7000.0338101	6999.8782813	2.4800694	-0.1200000	0.2058070	0.2772739	0.1273423	0.0000000	0.0000000
7000.6209600	7000.0338101	6999.8782813	2.4600554	-0.1200000	0.1885344	0.2773303	0.1226288	0.0000000	0.0000000
7000.6209600	7000.0338101	6999.8782813	2.4400414	-0.1200000	0.1930055	0.2783108	0.1216550	0.0000000	0.0000000
7000.6209600	7000.0338101	6999.8782813	2.4200274	-0.1200000	0.2075266	0.2804785	0.1253065	0.0000000	0.0000000
7000.6209600	7000.0338101	6999.8782813	2.4000133	-0.1200000	0.2138367	0.2801633	0.1296962	0.0000000	0.0000000
7000.6209600	7000.0338101	6999.8782813	2.3799993	-0.1200000	0.2004314	0.2788064	0.1221509	0.0000000	0.0000000
7000.6209600	7000.0338101	6999.8782813	2.3599853	-0.1200000	0.1957029	0.2779213	0.1244581	0.0000000	0.0000000
7000.6209600	7000.0338101	6999.8782813	2.3399713	-0.1200000	0.1897307	0.2757246	0.1207249	0.0000000	0.0000000
7000.6209600	7000.0338101	6999.8782813	2.3199573	-0.1200000	0.2072845	0.2778080	0.1228132	0.0000000	0.0000000
7000.6209600	7000.0338101	6999.8782813	2.2999433	-0.1200000	0.1964567	0.2763921	0.1209602	0.0000000	0.0000000
7000.6209600	7000.0338101	6999.8782813	2.2799293	-0.1200000	0.2041083	0.2779003	0.1222927	0.0000000	0.0000000
7000.6209600	7000.0338101	6999.8782813	2.2599153	-0.1200000	0.2004449	0.2756671	0.1255227	0.0000000	0.0000000
7000.6209600	7000.0338101	6999.8782813	2.2399013	-0.1200000	0.2038103	0.2768530	0.1241759	0.0000000	0.0000000
7000.6209600	7000.0338101	6999.8782813	2.2198873	-0.1200000	0.2179751	0.2795388	0.1280355	0.0000000	0.0000000
7000.6209600	7000.0338101	6999.8782813	2.1998732	-0.1200000	0.2038638	0.2781650	0.1236270	0.0000000	0.0000000
7000.6209600	7000.0338101	6999.8782813	2.1798592	-0.1200000	0.2018616	0.2824054	0.1255035	0.0000000	0.0000000
7000.6209600	7000.0338101	6999.8782813	2.1598452	-0.1200000	0.2015349	0.2757792	0.1244059	0.0000000	0.0000000
7000.6209600	7000.0338101	6999.8782813	2.1401648	-0.1200000	0.2110011	0.2771550	0.1269600	0.0000000	0.0000000
7000.6209600	7000.0338101	6999.8782813	2.1201508	-0.1200000	0.2024022	0.2778281	0.1224476	0.0000000	0.0000000
7000.6209600	7000.0338101	6999.8782813	2.1001368	-0.1200000	0.2071510	0.2783969	0.1249919	0.0000000	0.0000000
7000.6209600	7000.0338101	6999.8782813	2.0801228	-0.1200000	0.2136520	0.2778484	0.1254958	0.0000000	0.0000000
7000.6209600	7000.0338101	6999.8782813	2.0601087	-0.1200000	0.1997480	0.2766948	0.1213364	0.0000000	0.0000000
7000.6209600	7000.0338101	6999.8782813	2.0400947	-0.1200000	0.2050107	0.2766299	0.1246508	0.0000000	0.0000000
7000.6209600	7000.0338101	6999.8782813	2.0200807	-0.1200000	0.2087013	0.2783660	0.1237739	0.0000000	0.0000000
7000.6209600	7000.0338101	6999.8782813	2.0000667	-0.1200000	0.2152882	0.2793759	0.1248854	0.0000000	0.0000000
7000.6209600	7000.0338101	6999.8782813	1.9800527	-0.1200000	0.2133713	0.2800806	0.1247819	0.0000000	0.0000000
7000.6209600	7000.0338101	6999.8782813	1.9600387	-0.1200000	0.1981594	0.2784462	0.1221492	0.0000000	0.0000000
7000.6209600	7000.0338101	6999.8782813	1.9400247	-0.1200000	0.2060519	0.2797499	0.1241549	0.0000000	0.0000000
7000.6209600	7000.0338101	6999.8782813	1.9200107	-0.1200000	0.2046517	0.2781077	0.1245840	0.0000000	0.0000000
7000.6209600	7000.0338101	6999.8782813	1.8999967	-0.1200000	0.2080630	0.2779576	0.1240273	0.0000000	0.0000000
7000.6209600	7000.0338101	6999.8782813	1.8799827	-0.1200000	0.2047537	0.2785353	0.1242740	0.0000000	0.0000000
7000.6209600	7000.0338101	6999.8782813	1.8599686	-0.1200000	0.2084412	0.2778671	0.1218651	0.0000000	0.0000000
7000.6209600	7000.0338101	6999.8782813	1.8399546	-0.1200000	0.2001685	0.2781273	0.1245353	0.0000000	0.0000000
7000.6209600	7000.0338101	6999.8782813	1.8199406	-0.1200000	0.1993875	0.2764628	0.1214438	0.0000000	0.0000000
7000.6209600	7000.0338101	6999.8782813	1.7999266	-0.1200000	0.2146321	0.2780741	0.1224913	0.0000000	0.0000000
7000.6209600	7000.0338101	6999.8782813	1.7799126	-0.1200000	0.2283011	0.2797200	0.1251996	0.0000000	0.0000000
7000.6209600	7000.0338101	6999.8782813	1.7598986	-0.1200000	0.1992065	0.2791611	0.1225531	0.0000000	0.0000000
7000.6209600	7000.0338101	6999.8782813	1.7398846	-0.1200000	0.2051897	0.2785168	0.1275764	0.0000000	0.0000000
7000.6209600	7000.0338101	6999.8782813	1.7198706	-0.1200000	0.2251910	0.2775387	0.1251979	0.0000000	0.0000000
7000.6209600	7000.0338101	6999.8782813	1.6998566	-0.1200000	0.2279760	0.2789330	0.1259784	0.0000000	0.0000000
7000.6209600	7000.0338101	6999.8782813	1.6798426	-0.1200000	0.2257866	0.2776755	0.1259257	0.0000000	0.0000000
7000.6209600	7000.0338101	6999.8782813	1.6601621	-0.1200000	0.2211526	0.2781339	0.1221086	0.0000000	0.0000000
7000.6209600	7000.0338101	6999.8782813	1.6401481	-0.1200000	0.2100375	0.2804717	0.1304359	0.0000000	0.0000000
7000.6209600	7000.0338101	6999.8782813	1.6201341	-0.1200000	0.2073152	0.2756244	0.1246771	0.0000000	0.0000000
7000.6209600	7000.0338101	6999.8782813	1.6001201	-0.1200000	0.2203236	0.2762700	0.1245304	0.0000000	0.0000000
7000.6209600	7000.0338101	6999.8782813	1.5801061	-0.1200000	0.2388835	0.2781669	0.1241454	0.0000000	0.0000000
7000.6209600	7000.0338101	6999.8782813	1.5600921	-0.1200000	0.2355381	0.2816976	0.1262039	0.0000000	0.0000000
7000.6209600	7000.0338101	6999.8782813	1.5400781	-0.1200000	0.2267173	0.2850291	0.1301097	0.0000000	0.0000000
7000.6209600	7000.0338101	6999.8782813	1.5200640	-0.1200000	0.1986346	0.2763984	0.1235042	0.0000000	0.0000000
7000.6209600	7000.0338101	6999.8782813	1.5000500	-0.1200000	0.2129248	0.2783856	0.1237166	0.0000000	0.0000000
7000.6209600	7000.0338101	6999.8782813	1.4800360	-0.1200000	0.2455715	0.2786270	0.1230493	0.0000000	0.0000000
7000.6209600	7000.0338101	6999.8782813	1.4600220	-0.1200000	0.2544509	0.2798818	0.1285985	0.0000000	0.0000000
7000.6209600	7000.0338101	6999.8782813	1.4400080	-0.1200000	0.2250632	0.2811802	0.1245366	0.0000000	0.0000000
7000.6209600	7000.0338101	6999.8782813	1.4199940	-0.1200000	0.1991368	0.2757714	0.1220935	0.0000000	0.0000000
7000.6209600	7000.0338101	6999.8782813	1.3999800	-0.1200000	0.2114718	0.2779274	0.1231085	0.0000000	0.0000000
7000.6209600	7000.0338101	6999.8782813	1.3799660	-0.1200000	0.2551104	0.2798567	0.1243893	0.0000000	0.0000000
7000.6209600	7000.0338101	6999.8782813	1.3599520	-0.1200000	0.2506947	0.2777417	0.1249674	0.0000000	0.0000000
7000.6209600	7000.0338101	6999.8782813	1.3399380	-0.1200000	0.2272509	0.2781840	0.1267888	0.0000000	0.0000000
7000.6209600	7000.0338101	6999.8782813	1.3199239	-0.1200000	0.2154714	0.2764993	0.1269677	0.0000000	0.0000000
7000.6209600	7000.0338101	6999.8782813	1.2999099	-0.1200000	0.2208583	0.2775547	0.1235660	0.0000000	0.0000000
7000.6209600	7000.0338101	6999.8782813	1.2798959	-0.1200000	0.2464506	0.2751611	0.1234053	0.0000000	0.0000000
7000.6209600	7000.0338101	6999.8782813	1.2598819	-0.1200000	0.2629125	0.2793314	0.1240430	0.0000000	0.0000000
7000.6209600	7000.0338101	6999.8782813	1.2398679	-0.1200000	0.2414641	0.2798524	0.1235989	0.0000000	0.0000000
7000.6209600	7000.0338101	6999.8782813	1.2198539	-0.1200000	0.2034795	0.2775366	0.1228057	0.0000000	0.0000000
7000.6209600	7000.0338101	6999.8782813	1.1998399	-0.1200000	0.2157758	0.2769478	0.1249705	0.0000000	0.0000000
7000.6209600	7000.0338101	6999.8782813	1.1801594	-0.1200000	0.2616616	0.2800422	0.1243998	0.0000000	0.0000000
7000.6209600	7000.0338101	6999.8782813	1.1601454	-0.1200000	0.2718065	0.2787125	0.1224919	0.0000000	0.0000000
7000.6209600	7000.0338101	6999.8782813	1.1401314	-0.1200000	0.2388005	0.2768511	0.1201023	0.0000000	0.0000000
7000.6209600	7000.0338101	6999.8782813	1.1201174	-0.1200000	0.1955515	0.2763475	0.1187961	0.0000000	0.0000000
7000.6209600	7000.0338101	6999.8782813	1.1001034	-0.1200000	0.2222690	0.2778041	0.1234961	0.0000000	0.0000000
7000.6209600	7000.0338101	6999.8782813	1.0800894	-0.1200000	0.2648660	0.2788083	0.1212638	0.0000000	0.0000000
7000.6209600	7000.0338101	6999.8782813	1.0600754	-0.1200000	0.2735632	0.2798058	0.1217130	0.0000000	0.0000000
7000.6209600	7000.0338101	6999.8782813	1.0400614	-0.1200000	0.2600425	0.2814971	0.1232267	0.0000000	0.0000000
7000.6209600	7000.0338101	6999.8782813	1.0200474	-0.1200000	0.2194956	0.2776295	0.1222554	0.0000000	0.0000000
7000.6209600	7000.0338101	6999.8782813	1.0000334	-0.1200000	0.2396279	0.2779176	0.1239324	0.0000000	0.0000000
7000.6209600	7000.0338101	6999.8782813	0.9800193	-0.1200000	0.2866768	0.2793785	0.1206794	0.0000000	0.0000000
7000.6209600	7000.0338101	6999.8782813	0.9600053	-0.1200000	0.2813008	0.2822107	0.1231196	0.0000000	0.0000000
7000.6209600	7000.0338101	6999.8782813	0.9399913	-0.1200000	0.2925421	0.2815065	0.1295623	0.0000000	0.0000000
7000.6209600	7000.0338101	6999.8782813	0.9199773	-0.1200000	0.2426311	0.2771873	0.1241178	0.0000000	0.0000000
7000.6209600	7000.0338101	6999.8782813	0.8999633	-0.1200000	0.2780659	0.2791613	0.1250908	0.0000000	0.0000000
7000.6209600	7000.0338101	6999.8782813	0.8799493	-0.1200000	0.3079429	0.2771654	0.1219017	0.0000000	0.0000000
7000.6209600	7000.0338101	6999.8782813	0.8599353	-0.1200000	0.2866237	0.2800781	0.1249745	0.0000000	0.0000000
7000.6209600	7000.0338101	6999.8782813	0.8399213	-0.1200000	0.2429467	0.2800227	0.1233954	0.0000000	0.0000000
7000.6209600	7000.0338101	6999.8782813	0.8199073	-0.1200000	0.2603513	0.2753701	0.1225522	0.0000000	0.0000000
7000.6209600	7000.0338101	6999.8782813	0.7998933	-0.1200000	0.2701326	0.2750652	0.1233646	0.0000000	0.0000000
7000.6209600	7000.0338101	6999.8782813	0.7798792	-0.1200000	0.3170463	0.2782096	0.1237833	0.0000000	0.0000000
7000.6209600	7000.0338101	6999.8782813	0.7598652	-0.1200000	0.2779296	0.2787430	0.1214697	0.0000000	0.0000000
7000.6209600	7000.0338101	6999.8782813	0.7398512	-0.1200000	0.2520444	0.2813066	0.1242103	0.0000000	0.0000000
7000.6209600	7000.0338101	6999.8782813	0.7198372	-0.1200000	0.2666271	0.2795771	0.1226162	0.0000000	0.0000000
7000.6209600	7000.0338101	6999.8782813	0.7001568	-0.1200000	0.3004946	0.2811328	0.1260089	0.0000000	0.0000000
7000.6209600	7000.0338101	6999.8782813	0.6801428	-0.1200000	0.3530920	0.2802310	0.1254194	0.0000000	0.0000000
7000.6209600	7000.0338101	6999.8782813	0.6601288	-0.1200000	0.2778590	0.2777235	0.1223677	0.0000000	0.0000000
7000.6209600	7000.0338101	6999.8782813	0.6401147	-0.1200000	0.2636510	0.2831284	0.1251456	0.0000000	0.0000000
7000.6209600	7000.0338101	6999.8782813	0.6201007	-0.1200000	0.2676587	0.2796556	0.1190399	0.0000000	0.0000000
7000.6209600	7000.0338101	6999.8782813	0.6000867	-0.1200000	0.2935645	0.2781887	0.1237432	0.0000000	0.0000000
7000.6209600	7000.0338101	6999.8782813	0.5800727	-0.1200000	0.3292391	0.2760162	0.1220116	0.0000000	0.0000000
7000.6209600	7000.0338101	6999.8782813	0.5600587	-0.1200000	0.3019501	0.2783766	0.1229108	0.0000000	0.0000000
7000.6209600	7000.0338101	6999.8782813	0.5400447	-0.1200000	0.2852792	0.2799958	0.1255229	0.0000000	0.0000000
7000.6209600	7000.0338101	6999.8782813	0.5200307	-0.1200000	0.2808370	0.2756046	0.1214895	0.0000000	0.0000000
7000.6209600	7000.0338101	6999.8782813	0.5000167	-0.1200000	0.3268555	0.2783955	0.1240485	0.0000000	0.0000000
7000.6209600	7000.0338101	6999.8782813	0.4800027	-0.1200000	0.3530540	0.2771023	0.1227263	0.0000000	0.0000000
7000.6209600	7000.0338101	6999.8782813	0.4599887	-0.1200000	0.2986821	0.2775776	0.1239744	0.0000000	0.0000000
7000.6209600	7000.0338101	6999.8782813	0.4399746	-0.1200000	0.2893322	0.2764858	0.1241541	0.0000000	0.0000000
7000.6209600	7000.0338101	6999.8782813	0.4199606	-0.1200000	0.2944893	0.2778505	0.1228940	0.0000000	0.0000000
7000.6209600	7000.0338101	6999.8782813	0.3999466	-0.1200000	0.3101692	0.2765387	0.1223539	0.0000000	0.0000000
7000.6209600	7000.0338101	6999.8782813	0.3799326	-0.1200000	0.3637549	0.2774336	0.1244617	0.0000000	0.0000000
7000.6209600	7000.0338101	6999.8782813	0.3599186	-0.1200000	0.2866951	0.2786177	0.1237086	0.0000000	0.0000000
7000.6209600	7000.0338101	6999.8782813	0.3399046	-0.1200000	0.2657020	0.2752698	0.1292563	0.0000000	0.0000000
7000.6209600	7000.0338101	6999.8782813	0.3805998	-0.1200000	0.3460281	0.2803936	0.1271476	0.0000000	0.0000000
7000.6209600	7000.0338101	6999.8782813	0.2998766	-0.1200000	0.3496936	0.2758079	0.1234554	0.0000000	0.0000000
7000.6209600	7000.0338101	6999.8782813	0.2798626	-0.1200000	0.3585081	0.2776763	0.1228873	0.0000000	0.0000000
7000.6209600	7000.0338101	6999.8782813	0.2598486	-0.1200000	0.3077803	0.2792441	0.1269467	0.0000000	0.0000000
7000.6209600	7000.0338101	6999.8782813	0.2398346	-0.1200000	0.2666317	0.2753964	0.1233936	0.0000000	0.0000000
7000.6209600	7000.0338101	6999.8782813	0.2201541	-0.1200000	0.3269386	0.2758920	0.1297472	0.0000000	0.0000000
7000.6209600	7000.0338101	6999.8782813	0.2001401	-0.1200000	0.3431038	0.2781815	0.1224315	0.0000000	0.0000000
7000.6209600	7000.0338101	6999.8782813	0.1801261	-0.1200000	0.3359933	0.2754363	0.1227030	0.0000000	0.0000000
7000.6209600	7000.0338101	6999.8782813	0.1601121	-0.1200000	0.2785632	0.2786056	0.1240143	0.0000000	0.0000000
7000.6209600	7000.0338101	6999.8782813	0.1400981	-0.1200000	0.3064836	0.2795549	0.1259929	0.0000000	0.0000000
7000.6209600	7000.0338101	6999.8782813	0.1200841	-0.1200000	0.3452323	0.2758112	0.1226104	0.0000000	0.0000000
7000.6209600	7000.0338101	6999.8782813	0.1000700	-0.1200000	0.3774457	0.2794219	0.1240446	0.0000000	0.0000000
7000.6209600	7000.0338101	6999.8782813	0.0800560	-0.1200000	0.3620614	0.2776653	0.1234562	0.0000000	0.0000000
7000.6209600	7000.0338101	6999.8782813	0.0600420	-0.1200000	0.3010764	0.2799103	0.1238032	0.0000000	0.0000000
7000.6209600	7000.0338101	6999.8782813	0.0400280	-0.1200000	0.2864048	0.2789728	0.1243121	0.0000000	0.0000000
7000.6209600	7000.0338101	6999.8782813	0.0200140	-0.1200000	0.3596884	0.2768046	0.1237286	0.0000000	0.0000000
7000.6209600	7000.0338101	6999.8782813	0.0000000	-0.1200000	0.3580920	0.2772081	0.1237351	0.0000000	0.0000000
