7000.6209600	7000.0338101	6999.8782813	3.0001001	-0.5200307	0.0851738	0.2708918	0.1277266	0.0000000	-0.5200000
7000.6209600	7000.0338101	6999.8782813	2.9800861	-0.5200000	0.0856012	0.2774650	0.1196744	0.0000000	0.0000000
7000.6209600	7000.0338101	6999.8782813	2.9600721	-0.5200000	0.0819207	0.2755375	0.1242123	0.0000000	0.0000000
7000.6209600	7000.0338101	6999.8782813	2.9400580	-0.5200000	0.0757129	0.2759347	0.1177253	0.0000000	0.0000000
7000.6209600	7000.0338101	6999.8782813	2.9200440	-0.5200000	0.0843335	0.2766097	0.1197021	0.0000000	0.0000000
7000.6209600	7000.0338101	6999.8782813	2.9000300	-0.5200000	0.0904491	0.2759320	0.1241490	0.0000000	0.0000000
7000.6209600	7000.0338101	6999.8782813	2.8800160	-0.5200000	0.0856636	0.2771027	0.1205999	0.0000000	0.0000000
7000.6209600	7000.0338101	6999.8782813	2.8600020	-0.5200000	0.0826801	0.2787831	0.1220613	0.0000000	0.0000000
7000.6209600	7000.0338101	6999.8782813	2.8399880	-0.5200000	0.0728113	0.2761992	0.1153610	0.0000000	0.0000000
7000.6209600	7000.0338101	6999.8782813	2.8199740	-0.5200000	0.0833408	0.2770219	0.1207808	0.0000000	0.0000000
7000.6209600	7000.0338101	6999.8782813	2.7999600	-0.5200000	0.0819926	0.2790812	0.1195900	0.0000000	0.0000000
7000.6209600	7000.0338101	6999.8782813	2.7799460	-0.5200000	0.0859330	0.2766768	0.1198301	0.0000000	0.0000000
7000.6209600	7000.0338101	6999.8782813	2.7599320	-0.5200000	0.0857054	0.2778047	0.1196353	0.0000000	0.0000000
7000.6209600	7000.0338101	6999.8782813	2.7399179	-0.5200000	0.0813148	0.2779185	0.1217949	0.0000000	0.0000000
7000.6209600	7000.0338101	6999.8782813	2.7199039	-0.5200000	0.0797018	0.2798915	0.1229646	0.0000000	0.0000000
7000.6209600	7000.0338101	6999.8782813	2.6998899	-0.5200000	0.0809962	0.2786246	0.1164395	0.0000000	0.0000000
7000.6209600	7000.0338101	6999.8782813	2.6798759	-0.5200000	0.0835320	0.2726947	0.1259452	0.0000000	0.0000000
7000.6209600	7000.0338101	6999.8782813	2.6598619	-0.5200000	0.0834586	0.2754949	0.1185106	0.0000000	0.0000000
7000.6209600	7000.0338101	6999.8782813	2.6398479	-0.5200000	0.0859263	0.2773114	0.1208044	0.0000000	0.0000000
7000.6209600	7000.0338101	6999.8782813	2.6198339	-0.5200000	0.0910620	0.2762632	0.1275416	0.0000000	0.0000000
7000.6209600	7000.0338101	6999.8782813	2.6001534	-0.5200000	0.0880707	0.2783610	0.1186624	0.0000000	0.0000000
7000.6209600	7000.0338101	6999.8782813	2.5801394	-0.5200000	0.0818802	0.2763539	0.1199546	0.0000000	0.0000000
7000.6209600	7000.0338101	6999.8782813	2.5601254	-0.5200000	0.0790436	0.2741432	0.1189197	0.0000000	0.0000000
7000.6209600	7000.0338101	6999.8782813	2.5401114	-0.5200000	0.0846490	0.2749957	0.1256078	0.0000000	0.0000000
7000.6209600	7000.0338101	6999.8782813	2.5200974	-0.5200000	0.0817487	0.2758690	0.1155948	0.0000000	0.0000000
7000.6209600	7000.0338101	6999.8782813	2.5000834	-0.5200000	0.0826978	0.2775275	0.1160105	0.0000000	0.0000000
7000.6209600	7000.0338101	6999.8782813	2.4800694	-0.5200000	0.0879208	0.2753499	0.1225483	0.0000000	0.0000000
7000.6209600	7000.0338101	6999.8782813	2.4600554	-0.5200000	0.0785514	0.2787610	0.1210719	0.0000000	0.0000000
7000.6209600	7000.0338101	6999.8782813	2.4400414	-0.5200000	0.0853925	0.2797489	0.1219640	0.0000000	0.0000000
7000.6209600	7000.0338101	6999.8782813	2.4200274	-0.5200000	0.0888774	0.2760875	0.1186385	0.0000000	0.0000000
7000.6209600	7000.0338101	6999.8782813	2.4000133	-0.5200000	0.0862098	0.2769326	0.1146602	0.0000000	0.0000000
7000.6209600	7000.0338101	6999.8782813	2.3799993	-0.5200000	0.0810977	0.2755731	0.1204357	0.0000000	0.0000000
7000.6209600	7000.0338101	6999.8782813	2.3599853	-0.5200000	0.0810930	0.2757070	0.1188082	0.0000000	0.0000000
7000.6209600	7000.0338101	6999.8782813	2.3399713	-0.5200000	0.0854375	0.2763600	0.1196736	0.0000000	0.0000000
7000.6209600	7000.0338101	6999.8782813	2.3199573	-0.5200000	0.0786119	0.2768561	0.1154167	0.0000000	0.0000000
7000.6209600	7000.0338101	6999.8782813	2.2999433	-0.5200000	0.0814355	0.2756047	0.1209056	0.0000000	0.0000000
7000.6209600	7000.0338101	6999.8782813	2.2799293	-0.5200000	0.0856011	0.2783566	0.1213571	0.0000000	0.0000000
7000.6209600	7000.0338101	6999.8782813	2.2599153	-0.5200000	0.0858103	0.2788589	0.1193024	0.0000000	0.0000000
7000.6209600	7000.0338101	6999.8782813	2.2399013	-0.5200000	0.0845751	0.2781311	0.1180419	0.0000000	0.0000000
7000.6209600	7000.0338101	6999.8782813	2.2198873	-0.5200000	0.0774287	0.2768287	0.1158409	0.0000000	0.0000000
7000.6209600	7000.0338101	6999.8782813	2.1998732	-0.5200000	0.0837551	0.2763076	0.1189122	0.0000000	0.0000000
7000.6209600	7000.0338101	6999.8782813	2.1798592	-0.5200000	0.0846550	0.2776710	0.1208394	0.0000000	0.0000000
7000.6209600	7000.0338101	6999.8782813	2.1598452	-0.5200000	0.0857562	0.2774891	0.1201172	0.0000000	0.0000000
7000.6209600	7000.0338101	6999.8782813	2.1401648	-0.5200000	0.0827058	0.2772151	0.1180305	0.0000000	0.0000000
7000.6209600	7000.0338101	6999.8782813	2.1201508	-0.5200000	0.0879745	0.2786998	0.1196229	0.0000000	0.0000000
7000.6209600	7000.0338101	6999.8782813	2.1001368	-0.5200000	0.0849498	0.2774038	0.1159714	0.0000000	0.0000000
7000.6209600	7000.0338101	6999.8782813	2.0801228	-0.5200000	0.0840050	0.2752476	0.1228842	0.0000000	0.0000000
7000.6209600	7000.0338101	6999.8782813	2.0601087	-0.5200000	0.0869591	0.2761084	0.1247578	0.0000000	0.0000000
7000.6209600	7000.0338101	6999.8782813	2.0400947	-0.5200000	0.0876227	0.2789474	0.1203955	0.0000000	0.0000000
7000.6209600	7000.0338101	6999.8782813	2.0200807	-0.5200000	0.0894725	0.2781212	0.1183833	0.0000000	0.0000000
7000.6209600	7000.0338101	6999.8782813	2.0000667	-0.5200000	0.0886349	0.2773739	0.1216843	0.0000000	0.0000000
7000.6209600	7000.0338101	6999.8782813	1.9800527	-0.5200000	0.0825055	0.2765822	0.1200800	0.0000000	0.0000000
7000.6209600	7000.0338101	6999.8782813	1.9600387	-0.5200000	0.0817317	0.2789810	0.1188411	0.0000000	0.0000000
7000.6209600	7000.0338101	6999.8782813	1.9400247	-0.5200000	0.0891779	0.2753892	0.1178934	0.0000000	0.0000000
7000.6209600	7000.0338101	6999.8782813	1.9200107	-0.5200000	0.0951375	0.2775342	0.1237404	0.0000000	0.0000000
7000.6209600	7000.0338101	6999.8782813	1.8999967	-0.5200000	0.0964537	0.2783298	0.1219594	0.0000000	0.0000000
7000.6209600	7000.0338101	6999.8782813	1.8799827	-0.5200000	0.0800712	0.2786670	0.1183215	0.0000000	0.0000000
7000.6209600	7000.0338101	6999.8782813	1.8599686	-0.5200000	0.0807380	0.2768533	0.1180406	0.0000000	0.0000000
7000.6209600	7000.0338101	6999.8782813	1.8399546	-0.5200000	0.0917466	0.2785771	0.1211766	0.0000000	0.0000000
7000.6209600	7000.0338101	6999.8782813	1.8199406	-0.5200000	0.0924044	0.2772788	0.1177195	0.0000000	0.0000000
7000.6209600	7000.0338101	6999.8782813	1.7999266	-0.5200000	0.0952081	0.2792603	0.1206669	0.0000000	0.0000000
7000.6209600	7000.0338101	6999.8782813	1.7799126	-0.5200000	0.0777950	0.2790076	0.1158397	0.0000000	0.0000000
7000.6209600	7000.0338101	6999.8782813	1.7598986	-0.5200000	0.0807091	0.2779338	0.1162279	0.0000000	0.0000000
7000.6209600	7000.0338101	6999.8782813	1.7398846	-0.5200000	0.0899722	0.2763988	0.1199060	0.0000000	0.0000000
7000.6209600	7000.0338101	6999.8782813	1.7198706	-0.5200000	0.0959167	0.2767924	0.1178157	0.0000000	0.0000000
7000.6209600	7000.0338101	6999.8782813	1.6998566	-0.5200000	0.0942625	0.2759581	0.1166754	0.0000000	0.0000000
7000.6209600	7000.0338101	6999.8782813	1.6798426	-0.5200000	0.0771956	0.2763976	0.1120629	0.0000000	0.0000000
7000.6209600	7000.0338101	6999.8782813	1.6601621	-0.5200000	0.0732604	0.2796002	0.1155198	0.0000000	0.0000000
7000.6209600	7000.0338101	6999.8782813	1.6401481	-0.5200000	0.0817183	0.2752585	0.1210370	0.0000000	0.0000000
7000.6209600	7000.0338101	6999.8782813	1.6201341	-0.5200000	0.0930043	0.2754330	0.1215914	0.0000000	0.0000000
7000.6209600	7000.0338101	6999.8782813	1.6001201	-0.5200000	0.0986888	0.2772485	0.1198777	0.0000000	0.0000000
7000.6209600	7000.0338101	6999.8782813	1.5801061	-0.5200000	0.0929060	0.2765997	0.1201571	0.0000000	0.0000000
7000.6209600	7000.0338101	6999.8782813	1.5600921	-0.5200000	0.0750872	0.2755625	0.1240082	0.0000000	0.0000000
7000.6209600	7000.0338101	6999.8782813	1.5400781	-0.5200000	0.0784011	0.2798804	0.1204894	0.0000000	0.0000000
7000.6209600	7000.0338101	6999.8782813	1.5200640	-0.5200000	0.0896473	0.2765286	0.1176917	0.0000000	0.0000000
7000.6209600	7000.0338101	6999.8782813	1.5000500	-0.5200000	0.1090990	0.2750566	0.1265007	0.0000000	0.0000000
7000.6209600	7000.0338101	6999.8782813	1.4800360	-0.5200000	0.0999475	0.2785211	0.1194860	0.0000000	0.0000000
7000.6209600	7000.0338101	6999.8782813	1.4600220	-0.5200000	0.0823428	0.2756946	0.1203486	0.0000000	0.0000000
7000.6209600	7000.0338101	6999.8782813	1.4400080	-0.5200000	0.0798003	0.2739641	0.1263206	0.0000000	0.0000000
7000.6209600	7000.0338101	6999.8782813	1.4199940	-0.5200000	0.0927732	0.2756188	0.1235286	0.0000000	0.0000000
7000.6209600	7000.0338101	6999.8782813	1.3999800	-0.5200000	0.1064135	0.2760168	0.1247437	0.0000000	0.0000000
7000.6209600	7000.0338101	6999.8782813	1.3799660	-0.5200000	0.1105182	0.2775146	0.1212941	0.0000000	0.0000000
7000.6209600	7000.0338101	6999.8782813	1.3599520	-0.5200000	0.0914591	0.2768141	0.1272340	0.0000000	0.0000000
7000.6209600	7000.0338101	6999.8782813	1.3399380	-0.5200000	0.0812764	0.2764852	0.1223527	0.0000000	0.0000000
7000.6209600	7000.0338101	6999.8782813	1.3199239	-0.5200000	0.0968673	0.2755677	0.1234617	0.0000000	0.0000000
7000.6209600	7000.0338101	6999.8782813	1.2999099	-0.5200000	0.0998258	0.2765430	0.1169698	0.0000000	0.0000000
7000.6209600	7000.0338101	6999.8782813	1.2798959	-0.5200000	0.1065839	0.2754098	0.1204161	0.0000000	0.0000000
7000.6209600	7000.0338101	6999.8782813	1.2598819	-0.5200000	0.0865083	0.2806344	0.1199115	0.0000000	0.0000000
7000.6209600	7000.0338101	6999.8782813	1.2398679	-0.5200000	0.0774034	0.2750797	0.1224269	0.0000000	0.0000000
7000.6209600	7000.0338101	6999.8782813	1.2198539	-0.5200000	0.1046443	0.2789587	0.1211946	0.0000000	0.0000000
7000.6209600	7000.0338101	6999.8782813	1.1998399	-0.5200000	0.1056389	0.2753435	0.1187095	0.0000000	0.0000000
7000.6209600	7000.0338101	6999.8782813	1.1801594	-0.5200000	0.1186301	0.2801426	0.1220625	0.0000000	0.0000000
7000.6209600	7000.0338101	6999.8782813	1.1601454	-0.5200000	0.0982832	0.2784967	0.1175128	0.0000000	0.0000000
7000.6209600	7000.0338101	6999.8782813	1.1401314	-0.5200000	0.0953201	0.2762638	0.1187590	0.0000000	0.0000000
7000.6209600	7000.0338101	6999.8782813	1.1201174	-0.5200000	0.1144583	0.2771271	0.1218442	0.0000000	0.0000000
7000.6209600	7000.0338101	6999.8782813	1.1001034	-0.5200000	0.1182740	0.2775585	0.1221898	0.0000000	0.0000000
7000.6209600	7000.0338101	6999.8782813	1.0800894	-0.5200000	0.1355428	0.2787823	0.1233365	0.0000000	0.0000000
7000.6209600	7000.0338101	6999.8782813	1.0600754	-0.5200000	0.0993328	0.2745577	0.1251699	0.0000000	0.0000000
7000.6209600	7000.0338101	6999.8782813	1.0400614	-0.5200000	0.0862087	0.2789037	0.1206925	0.0000000	0.0000000
7000.6209600	7000.0338101	6999.8782813	1.0200474	-0.5200000	0.1249004	0.2765895	0.1264308	0.0000000	0.0000000
7000.6209600	7000.0338101	6999.8782813	1.0000334	-0.5200000	0.1389076	0.2785029	0.1207328	0.0000000	0.0000000
7000.6209600	7000.0338101	6999.8782813	0.9800193	-0.5200000	0.1517096	0.2789948	0.1221503	0.0000000	0.0000000
7000.6209600	7000.0338101	6999.8782813	0.9600053	-0.5200000	0.1192999	0.2774759	0.1222028	0.0000000	0.0000000
7000.6209600	7000.0338101	6999.8782813	0.9399913	-0.5200000	0.1042675	0.2767948	0.1186946	0.0000000	0.0000000
7000.6209600	7000.0338101	6999.8782813	0.9199773	-0.5200000	0.1309918	0.2762299	0.1181447	0.0000000	0.0000000
7000.6209600	7000.0338101	6999.8782813	0.8999633	-0.5200000	0.1555559	0.2755988	0.1234464	0.0000000	0.0000000
7000.6209600	7000.0338101	6999.8782813	0.8799493	-0.5200000	0.1298638	0.2762988	0.1178026	0.0000000	0.0000000
7000.6209600	7000.0338101	6999.8782813	0.8599353	-0.5200000	0.1140840	0.2760044	0.1210240	0.0000000	0.0000000
7000.6209600	7000.0338101	6999.8782813	0.8399213	-0.5200000	0.1139670	0.2769949	0.1197388	0.0000000	0.0000000
7000.6209600	7000.0338101	6999.8782813	0.8199073	-0.5200000	0.1519910	0.2768368	0.1168911	0.0000000	0.0000000
7000.6209600	7000.0338101	6999.8782813	0.7998933	-0.5200000	0.1673038	0.2805276	0.1222910	0.0000000	0.0000000
7000.6209600	7000.0338101	6999.8782813	0.7798792	-0.5200000	0.1387051	0.2775009	0.1193916	0.0000000	0.0000000
7000.6209600	7000.0338101	6999.8782813	0.7598652	-0.5200000	0.1101996	0.2752922	0.1195851	0.0000000	0.0000000
7000.6209600	7000.0338101	6999.8782813	0.7398512	-0.5200000	0.1221281	0.2770869	0.1217644	0.0000000	0.0000000
7000.6209600	7000.0338101	6999.8782813	0.7198372	-0.5200000	0.2002897	0.2790231	0.1222435	0.0000000	0.0000000
7000.6209600	7000.0338101	6999.8782813	0.7001568	-0.5200000	0.1920991	0.2740370	0.1238188	0.0000000	0.0000000
7000.6209600	7000.0338101	6999.8782813	0.6801428	-0.5200000	0.1655222	0.2821394	0.1225731	0.0000000	0.0000000
7000.6209600	7000.0338101	6999.8782813	0.6601288	-0.5200000	0.1206041	0.2772648	0.1222595	0.0000000	0.0000000
7000.6209600	7000.0338101	6999.8782813	0.6401147	-0.5200000	0.1292726	0.2764296	0.1192177	0.0000000	0.0000000
7000.6209600	7000.0338101	6999.8782813	0.6201007	-0.5200000	0.2111876	0.2795774	0.1232975	0.0000000	0.0000000
7000.6209600	7000.0338101	6999.8782813	0.6000867	-0.5200000	0.2071326	0.2787942	0.1206431	0.0000000	0.0000000
7000.6209600	7000.0338101	6999.8782813	0.5800727	-0.5200000	0.2043605	0.2785635	0.1225953	0.0000000	0.0000000
7000.6209600	7000.0338101	6999.8782813	0.5600587	-0.5200000	0.1329336	0.2776233	0.1188762	0.0000000	0.0000000
7000.6209600	7000.0338101	6999.8782813	0.5400447	-0.5200000	0.1545924	0.2795214	0.1207834	0.0000000	0.0000000
7000.6209600	7000.0338101	6999.8782813	0.5200307	-0.5200000	0.2138481	0.2761741	0.1220435	0.0000000	0.0000000
7000.6209600	7000.0338101	6999.8782813	0.5000167	-0.5200000	0.2407491	0.2779927	0.1224490	0.0000000	0.0000000
7000.6209600	7000.0338101	6999.8782813	0.4800027	-0.5200000	0.2061332	0.2778337	0.1212878	0.0000000	0.0000000
7000.6209600	7000.0338101	6999.8782813	0.4599887	-0.5200000	0.1586171	0.2790620	0.1205704	0.0000000	0.0000000
7000.6209600	7000.0338101	6999.8782813	0.4399746	-0.5200000	0.1780989	0.2818156	0.1271486	0.0000000	0.0000000
7000.6209600	7000.0338101	6999.8782813	0.4199606	-0.5200000	0.2509875	0.2781571	0.1223445	0.0000000	0.0000000
7000.6209600	7000.0338101	6999.8782813	0.3999466	-0.5200000	0.2604872	0.2768008	0.1250619	0.0000000	0.0000000
7000.6209600	7000.0338101	6999.8782813	0.3799326	-0.5200000	0.2178407	0.2790203	0.1234807	0.0000000	0.0000000
7000.6209600	7000.0338101	6999.8782813	0.3599186	-0.5200000	0.1808901	0.2789281	0.1229185	0.0000000	0.0000000
7000.6209600	7000.0338101	6999.8782813	0.3399046	-0.5200000	0.2006183	0.2797528	0.1219393	0.0000000	0.0000000
7000.6209600	7000.0338101	6999.8782813	0.3198906	-0.5200000	0.2623423	0.2825757	0.1258575	0.0000000	0.0000000
7000.6209600	7000.0338101	6999.8782813	0.2998766	-0.5200000	0.2753447	0.2811235	0.1235573	0.0000000	0.0000000
7000.6209600	7000.0338101	6999.8782813	0.2798626	-0.5200000	0.2254987	0.2774075	0.1211198	0.0000000	0.0000000
7000.6209600	7000.0338101	6999.8782813	0.2598486	-0.5200000	0.2049209	0.2762396	0.1214160	0.0000000	0.0000000
7000.6209600	7000.0338101	6999.8782813	0.2398346	-0.5200000	0.2220470	0.2771208	0.1213132	0.0000000	0.0000000
7000.6209600	7000.0338101	6999.8782813	0.2201541	-0.5200000	0.2819540	0.2785892	0.1211378	0.0000000	0.0000000
7000.6209600	7000.0338101	6999.8782813	0.2001401	-0.5200000	0.3057705	0.2784009	0.1242081	0.0000000	0.0000000
7000.6209600	7000.0338101	6999.8782813	0.1801261	-0.5200000	0.2302921	0.2767872	0.1173636	0.0000000	0.0000000
7000.6209600	7000.0338101	6999.8782813	0.1601121	-0.5200000	0.2283297	0.2777539	0.1197208	0.0000000	0.0000000
7000.6209600	7000.0338101	6999.8782813	0.1400981	-0.5200000	0.2522216	0.2778995	0.1218783	0.0000000	0.0000000
7000.6209600	7000.0338101	6999.8782813	0.1200841	-0.5200000	0.3058046	0.2783540	0.1204144	0.0000000	0.0000000
7000.6209600	7000.0338101	6999.8782813	0.1000700	-0.5200000	0.3042388	0.2802042	0.1230011	0.0000000	0.0000000
7000.6209600	7000.0338101	6999.8782813	0.0800560	-0.5200000	0.2654312	0.2816980	0.1247419	0.0000000	0.0000000
7000.6209600	7000.0338101	6999.8782813	0.0600420	-0.5200000	0.2649734	0.2778442	0.1252499	0.0000000	0.0000000
7000.6209600	7000.0338101	6999.8782813	0.0400280	-0.5200000	0.2855199	0.2782673	0.1234412	0.0000000	0.0000000
7000.6209600	7000.0338101	6999.8782813	0.0200140	-0.5200000	0.3194054	0.2763522	0.1179857	0.0000000	0.0000000
7000.6209600	7000.0338101	6999.8782813	0.0000000	-0.5200000	0.3114351	0.2790172	0.1201537	0.0000000	0.0000000
