7000.6209600	7000.0338101	6999.8782813	3.0001001	-0.6000867	0.0649315	0.2775171	0.1225957	0.0000000	-0.6000000
7000.6209600	7000.0338101	6999.8782813	2.9800861	-0.6000000	0.0672917	0.2770055	0.1221753	0.0000000	0.0000000
7000.6209600	7000.0338101	6999.8782813	2.9600721	-0.6000000	0.0703376	0.2799397	0.1219138	0.0000000	0.0000000
7000.6209600	7000.0338101	6999.8782813	2.9400580	-0.6000000	0.0733861	0.2797977	0.1266093	0.0000000	0.0000000
7000.6209600	7000.0338101	6999.8782813	2.9200440	-0.6000000	0.0651771	0.2765311	0.1167363	0.0000000	0.0000000
7000.6209600	7000.0338101	6999.8782813	2.9000300	-0.6000000	0.0628186	0.2768466	0.1174972	0.0000000	0.0000000
7000.6209600	7000.0338101	6999.8782813	2.8800160	-0.6000000	0.0645336	0.2773345	0.1225294	0.0000000	0.0000000
7000.6209600	7000.0338101	6999.8782813	2.8600020	-0.6000000	0.0640477	0.2777975	0.1181115	0.0000000	0.0000000
7000.6209600	7000.0338101	6999.8782813	2.8399880	-0.6000000	0.0693016	0.2767450	0.1205074	0.0000000	0.0000000
7000.6209600	7000.0338101	6999.8782813	2.8199740	-0.6000000	0.0695320	0.2770903	0.1196837	0.0000000	0.0000000
7000.6209600	7000.0338101	6999.8782813	2.7999600	-0.6000000	0.0744043	0.2750797	0.1229662	0.0000000	0.0000000
7000.6209600	7000.0338101	6999.8782813	2.7799460	-0.6000000	0.0665586	0.2764572	0.1204867	0.0000000	0.0000000
7000.6209600	7000.0338101	6999.8782813	2.7599320	-0.6000000	0.0684821	0.2759500	0.1220479	0.0000000	0.0000000
7000.6209600	7000.0338101	6999.8782813	2.7399179	-0.6000000	0.0665787	0.2747203	0.1242428	0.0000000	0.0000000
7000.6209600	7000.0338101	6999.8782813	2.7199039	-0.6000000	0.0686199	0.2788578	0.1187904	0.0000000	0.0000000
7000.6209600	7000.0338101	6999.8782813	2.6998899	-0.6000000	0.0671158	0.2774960	0.1219733	0.0000000	0.0000000
7000.6209600	7000.0338101	6999.8782813	2.6798759	-0.6000000	0.0648009	0.2765541	0.1213197	0.0000000	0.0000000
7000.6209600	7000.0338101	6999.8782813	2.6598619	-0.6000000	0.0688417	0.2764781	0.1202582	0.0000000	0.0000000
7000.6209600	7000.0338101	6999.8782813	2.6398479	-0.6000000	0.0687035	0.2748975	0.1202063	0.0000000	0.0000000
7000.6209600	7000.0338101	6999.8782813	2.6198339	-0.6000000	0.0660931	0.2779772	0.1187825	0.0000000	0.0000000
7000.6209600	7000.0338101	6999.8782813	2.6001534	-0.6000000	0.0673301	0.2763391	0.1214810	0.0000000	0.0000000
7000.6209600	7000.0338101	6999.8782813	2.5801394	-0.6000000	0.0665504	0.2752598	0.1228224	0.0000000	0.0000000
7000.6209600	7000.0338101	6999.8782813	2.5601254	-0.6000000	0.0665428	0.2768604	0.1197013	0.0000000	0.0000000
7000.6209600	7000.0338101	6999.8782813	2.5401114	-0.6000000	0.0703574	0.2770371	0.1217043	0.0000000	0.0000000
7000.6209600	7000.0338101	6999.8782813	2.5200974	-0.6000000	0.0716615	0.2795640	0.1239330	0.0000000	0.0000000
7000.6209600	7000.0338101	6999.8782813	2.5000834	-0.6000000	0.0681583	0.2802107	0.1214689	0.0000000	0.0000000
7000.6209600	7000.0338101	6999.8782813	2.4800694	-0.6000000	0.0695786	0.2785853	0.1232045	0.0000000	0.0000000
7000.6209600	7000.0338101	6999.8782813	2.4600554	-0.6000000	0.0718215	0.2771075	0.1218917	0.0000000	0.0000000
7000.6209600	7000.0338101	6999.8782813	2.4400414	-0.6000000	0.0699136	0.2802043	0.1239434	0.0000000	0.0000000
7000.6209600	7000.0338101	6999.8782813	2.4200274	-0.6000000	0.0716750	0.2789531	0.1263390	0.0000000	0.0000000
7000.6209600	7000.0338101	6999.8782813	2.4000133	-0.6000000	0.0776783	0.2793522	0.1299108	0.0000000	0.0000000
7000.6209600	7000.0338101	6999.8782813	2.3799993	-0.6000000	0.0730883	0.2744854	0.1255706	0.0000000	0.0000000
7000.6209600	7000.0338101	6999.8782813	2.3599853	-0.6000000	0.0705383	0.2758804	0.1216814	0.0000000	0.0000000
7000.6209600	7000.0338101	6999.8782813	2.3399713	-0.6000000	0.0738147	0.2779624	0.1234153	0.0000000	0.0000000
7000.6209600	7000.0338101	6999.8782813	2.3199573	-0.6000000	0.0735294	0.2767510	0.1297190	0.0000000	0.0000000
7000.6209600	7000.0338101	6999.8782813	2.2999433	-0.6000000	0.0642942	0.2758655	0.1232313	0.0000000	0.0000000
7000.6209600	7000.0338101	6999.8782813	2.2799293	-0.6000000	0.0657980	0.2756942	0.1195876	0.0000000	0.0000000
7000.6209600	7000.0338101	6999.8782813	2.2599153	-0.6000000	0.0660332	0.2778417	0.1200405	0.0000000	0.0000000
7000.6209600	7000.0338101	6999.8782813	2.2399013	-0.6000000	0.0689440	0.2748831	0.1243840	0.0000000	0.0000000
7000.6209600	7000.0338101	6999.8782813	2.2198873	-0.6000000	0.0713934	0.2760836	0.1214319	0.0000000	0.0000000
7000.6209600	7000.0338101	6999.8782813	2.1998732	-0.6000000	0.0715891	0.2776625	0.1226172	0.0000000	0.0000000
7000.6209600	7000.0338101	6999.8782813	2.1798592	-0.6000000	0.0679509	0.2751936	0.1221906	0.0000000	0.0000000
7000.6209600	7000.0338101	6999.8782813	2.1598452	-0.6000000	0.0640802	0.2776115	0.1175762	0.0000000	0.0000000
7000.6209600	7000.0338101	6999.8782813	2.1401648	-0.6000000	0.0706398	0.2757239	0.1205927	0.0000000	0.0000000
7000.6209600	7000.0338101	6999.8782813	2.1201508	-0.6000000	0.0709962	0.2782594	0.1214098	0.0000000	0.0000000
7000.6209600	7000.0338101	6999.8782813	2.1001368	-0.6000000	0.0732559	0.2788997	0.1237388	0.0000000	0.0000000
7000.6209600	7000.0338101	6999.8782813	2.0801228	-0.6000000	0.0720598	0.2780269	0.1213099	0.0000000	0.0000000
7000.6209600	7000.0338101	6999.8782813	2.0601087	-0.6000000	0.0725996	0.2800320	0.1230823	0.0000000	0.0000000
7000.6209600	7000.0338101	6999.8782813	2.0400947	-0.6000000	0.0749935	0.2791027	0.1239835	0.0000000	0.0000000
7000.6209600	7000.0338101	6999.8782813	2.0200807	-0.6000000	0.0708906	0.2793109	0.1238142	0.0000000	0.0000000
7000.6209600	7000.0338101	6999.8782813	2.0000667	-0.6000000	0.0697275	0.2766924	0.1210959	0.0000000	0.0000000
7000.6209600	7000.0338101	6999.8782813	1.9800527	-0.6000000	0.0703691	0.2770916	0.1224009	0.0000000	0.0000000
7000.6209600	7000.0338101	6999.8782813	1.9600387	-0.6000000	0.0751516	0.2779298	0.1233956	0.0000000	0.0000000
7000.6209600	7000.0338101	6999.8782813	1.9400247	-0.6000000	0.0722360	0.2735004	0.1257897	0.0000000	0.0000000
7000.6209600	7000.0338101	6999.8782813	1.9200107	-0.6000000	0.0730824	0.2755006	0.1239956	0.0000000	0.0000000
7000.6209600	7000.0338101	6999.8782813	1.8999967	-0.6000000	0.0706775	0.2765192	0.1230974	0.0000000	0.0000000
7000.6209600	7000.0338101	6999.8782813	1.8799827	-0.6000000	0.0718827	0.2790038	0.1259647	0.0000000	0.0000000
7000.6209600	7000.0338101	6999.8782813	1.8599686	-0.6000000	0.0795017	0.2786578	0.1233601	0.0000000	0.0000000
7000.6209600	7000.0338101	6999.8782813	1.8399546	-0.6000000	0.0771785	0.2780754	0.1258241	0.0000000	0.0000000
7000.6209600	7000.0338101	6999.8782813	1.8199406	-0.6000000	0.0659844	0.2757246	0.1226289	0.0000000	0.0000000
7000.6209600	7000.0338101	6999.8782813	1.7999266	-0.6000000	0.0628387	0.2801595	0.1211270	0.0000000	0.0000000
7000.6209600	7000.0338101	6999.8782813	1.7799126	-0.6000000	0.0695068	0.2786752	0.1232156	0.0000000	0.0000000
7000.6209600	7000.0338101	6999.8782813	1.7598986	-0.6000000	0.0740066	0.2768517	0.1197068	0.0000000	0.0000000
7000.6209600	7000.0338101	6999.8782813	1.7398846	-0.6000000	0.0787067	0.2771530	0.1215270	0.0000000	0.0000000
7000.6209600	7000.0338101	6999.8782813	1.7198706	-0.6000000	0.0625043	0.2758973	0.1185131	0.0000000	0.0000000
7000.6209600	7000.0338101	6999.8782813	1.6998566	-0.6000000	0.0618358	0.2756495	0.1185851	0.0000000	0.0000000
7000.6209600	7000.0338101	6999.8782813	1.6798426	-0.6000000	0.0661807	0.2765143	0.1203854	0.0000000	0.0000000
7000.6209600	7000.0338101	6999.8782813	1.6601621	-0.6000000	0.0786088	0.2776094	0.1248947	0.0000000	0.0000000
7000.6209600	7000.0338101	6999.8782813	1.6401481	-0.6000000	0.0806271	0.2768949	0.1200847	0.0000000	0.0000000
7000.6209600	7000.0338101	6999.8782813	1.6201341	-0.6000000	0.0753116	0.2786255	0.1237064	0.0000000	0.0000000
7000.6209600	7000.0338101	6999.8782813	1.6001201	-0.6000000	0.0716376	0.2779902	0.1238668	0.0000000	0.0000000
7000.6209600	7000.0338101	6999.8782813	1.5801061	-0.6000000	0.0645884	0.2778954	0.1215300	0.0000000	0.0000000
7000.6209600	7000.0338101	6999.8782813	1.5600921	-0.6000000	0.0665253	0.2780919	0.1190565	0.0000000	0.0000000
7000.6209600	7000.0338101	6999.8782813	1.5400781	-0.6000000	0.0733075	0.2781271	0.1209153	0.0000000	0.0000000
7000.6209600	7000.0338101	6999.8782813	1.5200640	-0.6000000	0.0767549	0.2768231	0.1217073	0.0000000	0.0000000
7000.6209600	7000.0338101	6999.8782813	1.5000500	-0.6000000	0.0793961	0.2789038	0.1233153	0.0000000	0.0000000
7000.6209600	7000.0338101	6999.8782813	1.4800360	-0.6000000	0.0649127	0.2761492	0.1234741	0.0000000	0.0000000
7000.6209600	7000.0338101	6999.8782813	1.4600220	-0.6000000	0.0649948	0.2751830	0.1270922	0.0000000	0.0000000
7000.6209600	7000.0338101	6999.8782813	1.4400080	-0.6000000	0.0714271	0.2782719	0.1198153	0.0000000	0.0000000
7000.6209600	7000.0338101	6999.8782813	1.4199940	-0.6000000	0.0808593	0.2767120	0.1192716	0.0000000	0.0000000
7000.6209600	7000.0338101	6999.8782813	1.3999800	-0.6000000	0.0797563	0.2787048	0.1208983	0.0000000	0.0000000
7000.6209600	7000.0338101	6999.8782813	1.3799660	-0.6000000	0.0610771	0.2781230	0.1208086	0.0000000	0.0000000
7000.6209600	7000.0338101	6999.8782813	1.3599520	-0.6000000	0.0658004	0.2740691	0.1246582	0.0000000	0.0000000
7000.6209600	7000.0338101	6999.8782813	1.3399380	-0.6000000	0.0687043	0.2747899	0.1214637	0.0000000	0.0000000
7000.6209600	7000.0338101	6999.8782813	1.3199239	-0.6000000	0.0842446	0.2777930	0.1216494	0.0000000	0.0000000
7000.6209600	7000.0338101	6999.8782813	1.2999099	-0.6000000	0.0801213	0.2774473	0.1186644	0.0000000	0.0000000
7000.6209600	7000.0338101	6999.8782813	1.2798959	-0.6000000	0.0603398	0.2754235	0.1261611	0.0000000	0.0000000
7000.6209600	7000.0338101	6999.8782813	1.2598819	-0.6000000	0.0665186	0.2761874	0.1260195	0.0000000	0.0000000
7000.6209600	7000.0338101	6999.8782813	1.2398679	-0.6000000	0.0858259	0.2761918	0.1245979	0.0000000	0.0000000
7000.6209600	7000.0338101	6999.8782813	1.2198539	-0.6000000	0.0944945	0.2788203	0.1215398	0.0000000	0.0000000
7000.6209600	7000.0338101	6999.8782813	1.1998399	-0.6000000	0.0889998	0.2774252	0.1203033	0.0000000	0.0000000
7000.6209600	7000.0338101	6999.8782813	1.1801594	-0.6000000	0.0809155	0.2789586	0.1289347	0.0000000	0.0000000
7000.6209600	7000.0338101	6999.8782813	1.1601454	-0.6000000	0.0758840	0.2793538	0.1250610	0.0000000	0.0000000
7000.6209600	7000.0338101	6999.8782813	1.1401314	-0.6000000	0.0816469	0.2752826	0.1223083	0.0000000	0.0000000
7000.6209600	7000.0338101	6999.8782813	1.1201174	-0.6000000	0.1029106	0.2744980	0.1235186	0.0000000	0.0000000
7000.6209600	7000.0338101	6999.8782813	1.1001034	-0.6000000	0.1014092	0.2756586	0.1271492	0.0000000	0.0000000
7000.6209600	7000.0338101	6999.8782813	1.0800894	-0.6000000	0.0769597	0.2769497	0.1289718	0.0000000	0.0000000
7000.6209600	7000.0338101	6999.8782813	1.0600754	-0.6000000	0.0890487	0.2782074	0.1266328	0.0000000	0.0000000
7000.6209600	7000.0338101	6999.8782813	1.0400614	-0.6000000	0.1112366	0.2784363	0.1288511	0.0000000	0.0000000
7000.6209600	7000.0338101	6999.8782813	1.0200474	-0.6000000	0.1179634	0.2758845	0.1272651	0.0000000	0.0000000
7000.6209600	7000.0338101	6999.8782813	1.0000334	-0.6000000	0.0988785	0.2762124	0.1207703	0.0000000	0.0000000
7000.6209600	7000.0338101	6999.8782813	0.9800193	-0.6000000	0.0743837	0.2773392	0.1212863	0.0000000	0.0000000
7000.6209600	7000.0338101	6999.8782813	0.9600053	-0.6000000	0.0911504	0.2755724	0.1212889	0.0000000	0.0000000
7000.6209600	7000.0338101	6999.8782813	0.9399913	-0.6000000	0.1089127	0.2770464	0.1205499	0.0000000	0.0000000
7000.6209600	7000.0338101	6999.8782813	0.9199773	-0.6000000	0.1173818	0.2774154	0.1231371	0.0000000	0.0000000
7000.6209600	7000.0338101	6999.8782813	0.8999633	-0.6000000	0.0879075	0.2762621	0.1166099	0.0000000	0.0000000
7000.6209600	7000.0338101	6999.8782813	0.8799493	-0.6000000	0.0783248	0.2762113	0.1186504	0.0000000	0.0000000
7000.6209600	7000.0338101	6999.8782813	0.8599353	-0.6000000	0.1133403	0.2765554	0.1249816	0.0000000	0.0000000
7000.6209600	7000.0338101	6999.8782813	0.8399213	-0.6000000	0.1310249	0.2743751	0.1217094	0.0000000	0.0000000
7000.6209600	7000.0338101	6999.8782813	0.8199073	-0.6000000	0.1170681	0.2761217	0.1232557	0.0000000	0.0000000
7000.6209600	7000.0338101	6999.8782813	0.7998933	-0.6000000	0.1125388	0.2769563	0.1216521	0.0000000	0.0000000
7000.6209600	7000.0338101	6999.8782813	0.7798792	-0.6000000	0.0935830	0.2771810	0.1193599	0.0000000	0.0000000
7000.6209600	7000.0338101	6999.8782813	0.7598652	-0.6000000	0.1465348	0.2760952	0.1229020	0.0000000	0.0000000
7000.6209600	7000.0338101	6999.8782813	0.7398512	-0.6000000	0.1338184	0.2771464	0.1174872	0.0000000	0.0000000
7000.6209600	7000.0338101	6999.8782813	0.7198372	-0.6000000	0.1300162	0.2786111	0.1207172	0.0000000	0.0000000
7000.6209600	7000.0338101	6999.8782813	0.7001568	-0.6000000	0.1354531	0.2777589	0.1258438	0.0000000	0.0000000
7000.6209600	7000.0338101	6999.8782813	0.6801428	-0.6000000	0.1217046	0.2754561	0.1301350	0.0000000	0.0000000
7000.6209600	7000.0338101	6999.8782813	0.6601288	-0.6000000	0.1267500	0.2771176	0.1162948	0.0000000	0.0000000
7000.6209600	7000.0338101	6999.8782813	0.6401147	-0.6000000	0.1512583	0.2772804	0.1202162	0.0000000	0.0000000
7000.6209600	7000.0338101	6999.8782813	0.6201007	-0.6000000	0.1378063	0.2772417	0.1199954	0.0000000	0.0000000
7000.6209600	7000.0338101	6999.8782813	0.6000867	-0.6000000	0.1322810	0.2771609	0.1208116	0.0000000	0.0000000
7000.6209600	7000.0338101	6999.8782813	0.5800727	-0.6000000	0.1222426	0.2778309	0.1196337	0.0000000	0.0000000
7000.6209600	7000.0338101	6999.8782813	0.5600587	-0.6000000	0.1528757	0.2769999	0.1202117	0.0000000	0.0000000
7000.6209600	7000.0338101	6999.8782813	0.5400447	-0.6000000	0.1895706	0.2771881	0.1221844	0.0000000	0.0000000
7000.6209600	7000.0338101	6999.8782813	0.5200307	-0.6000000	0.1582529	0.2767327	0.1240404	0.0000000	0.0000000
7000.6209600	7000.0338101	6999.8782813	0.5000167	-0.6000000	0.1521364	0.2768153	0.1221913	0.0000000	0.0000000
7000.6209600	7000.0338101	6999.8782813	0.4800027	-0.6000000	0.1390177	0.2759364	0.1225223	0.0000000	0.0000000
7000.6209600	7000.0338101	6999.8782813	0.4599887	-0.6000000	0.2013208	0.2781595	0.1248168	0.0000000	0.0000000
7000.6209600	7000.0338101	6999.8782813	0.4399746	-0.6000000	0.1892247	0.2778317	0.1198762	0.0000000	0.0000000
7000.6209600	7000.0338101	6999.8782813	0.4199606	-0.6000000	0.1417649	0.2772987	0.1164015	0.0000000	0.0000000
7000.6209600	7000.0338101	6999.8782813	0.3999466	-0.6000000	0.1611406	0.2774945	0.1191603	0.0000000	0.0000000
7000.6209600	7000.0338101	6999.8782813	0.3799326	-0.6000000	0.1429764	0.2771307	0.1179130	0.0000000	0.0000000
7000.6209600	7000.0338101	6999.8782813	0.3599186	-0.6000000	0.1993374	0.2762804	0.1155242	0.0000000	0.0000000
7000.6209600	7000.0338101	6999.8782813	0.3399046	-0.6000000	0.2268826	0.2792756	0.1208999	0.0000000	0.0000000
7000.6209600	7000.0338101	6999.8782813	0.3198906	-0.6000000	0.1681107	0.2783530	0.1201469	0.0000000	0.0000000
7000.6209600	7000.0338101	6999.8782813	0.2998766	-0.6000000	0.1642745	0.2767307	0.1205048	0.0000000	0.0000000
7000.6209600	7000.0338101	6999.8782813	0.2798626	-0.6000000	0.1895465	0.2776093	0.1190835	0.0000000	0.0000000
7000.6209600	7000.0338101	6999.8782813	0.2598486	-0.6000000	0.2436857	0.2762444	0.1176219	0.0000000	0.0000000
7000.6209600	7000.0338101	6999.8782813	0.2398346	-0.6000000	0.2588810	0.2777876	0.1213116	0.0000000	0.0000000
7000.6209600	7000.0338101	6999.8782813	0.2201541	-0.6000000	0.1745750	0.2787096	0.1206132	0.0000000	0.0000000
7000.6209600	7000.0338101	6999.8782813	0.2001401	-0.6000000	0.2079480	0.2750966	0.1210465	0.0000000	0.0000000
7000.6209600	7000.0338101	6999.8782813	0.1801261	-0.6000000	0.2128044	0.2766224	0.1243728	0.0000000	0.0000000
7000.6209600	7000.0338101	6999.8782813	0.1601121	-0.6000000	0.2732700	0.2763818	0.1209283	0.0000000	0.0000000
7000.6209600	7000.0338101	6999.8782813	0.1400981	-0.6000000	0.2623304	0.2758705	0.1165952	0.0000000	0.0000000
7000.6209600	7000.0338101	6999.8782813	0.1200841	-0.6000000	0.2020342	0.2795381	0.1214451	0.0000000	0.0000000
7000.6209600	7000.0338101	6999.8782813	0.1000700	-0.6000000	0.1787009	0.2759360	0.1136228	0.0000000	0.0000000
7000.6209600	7000.0338101	6999.8782813	0.0800560	-0.6000000	0.1998801	0.2748480	0.1189338	0.0000000	0.0000000
7000.6209600	7000.0338101	6999.8782813	0.0600420	-0.6000000	0.2892556	0.2762061	0.1192112	0.0000000	0.0000000
7000.6209600	7000.0338101	6999.8782813	0.0400280	-0.6000000	0.2978215	0.2777385	0.1192631	0.0000000	0.0000000
7000.6209600	7000.0338101	6999.8782813	0.0200140	-0.6000000	0.2237784	0.2787080	0.1215620	0.0000000	0.0000000
7000.6209600	7000.0338101	6999.8782813	0.0000000	-0.6000000	0.2095747	0.2787770	0.1200309	0.0000000	0.0000000
