7000.6209600	7000.0338101	6999.8782813	3.0001001	-0.2598486	0.1528864	0.2762711	0.1214729	0.0000000	-0.2600000
7000.6209600	7000.0338101	6999.8782813	2.9800861	-0.2600000	0.1635872	0.2768726	0.1283862	0.0000000	0.0000000
7000.6209600	7000.0338101	6999.8782813	2.9600721	-0.2600000	0.1672025	0.2762435	0.1292258	0.0000000	0.0000000
7000.6209600	7000.0338101	6999.8782813	2.9400580	-0.2600000	0.1751243	0.2779984	0.1300807	0.0000000	0.0000000
7000.6209600	7000.0338101	6999.8782813	2.9200440	-0.2600000	0.1565378	0.2792793	0.1196605	0.0000000	0.0000000
7000.6209600	7000.0338101	6999.8782813	2.9000300	-0.2600000	0.1510768	0.2746410	0.1263246	0.0000000	0.0000000
7000.6209600	7000.0338101	6999.8782813	2.8800160	-0.2600000	0.1639218	0.2764780	0.1278751	0.0000000	0.0000000
7000.6209600	7000.0338101	6999.8782813	2.8600020	-0.2600000	0.1667635	0.2775448	0.1227871	0.0000000	0.0000000
7000.6209600	7000.0338101	6999.8782813	2.8399880	-0.2600000	0.1580497	0.2762117	0.1229128	0.0000000	0.0000000
7000.6209600	7000.0338101	6999.8782813	2.8199740	-0.2600000	0.1566121	0.2760084	0.1226633	0.0000000	0.0000000
7000.6209600	7000.0338101	6999.8782813	2.7999600	-0.2600000	0.1532501	0.2798995	0.1250382	0.0000000	0.0000000
7000.6209600	7000.0338101	6999.8782813	2.7799460	-0.2600000	0.1520264	0.2796227	0.1248934	0.0000000	0.0000000
7000.6209600	7000.0338101	6999.8782813	2.7599320	-0.2600000	0.1649397	0.2792891	0.1275172	0.0000000	0.0000000
7000.6209600	7000.0338101	6999.8782813	2.7399179	-0.2600000	0.1659136	0.2758815	0.1242417	0.0000000	0.0000000
7000.6209600	7000.0338101	6999.8782813	2.7199039	-0.2600000	0.1581599	0.2732798	0.1246470	0.0000000	0.0000000
7000.6209600	7000.0338101	6999.8782813	2.6998899	-0.2600000	0.1614871	0.2773083	0.1229771	0.0000000	0.0000000
7000.6209600	7000.0338101	6999.8782813	2.6798759	-0.2600000	0.1444247	0.2772233	0.1193019	0.0000000	0.0000000
7000.6209600	7000.0338101	6999.8782813	2.6598619	-0.2600000	0.1700785	0.2801343	0.1249037	0.0000000	0.0000000
7000.6209600	7000.0338101	6999.8782813	2.6398479	-0.2600000	0.1658669	0.2760625	0.1231058	0.0000000	0.0000000
7000.6209600	7000.0338101	6999.8782813	2.6198339	-0.2600000	0.1532493	0.2791506	0.1200894	0.0000000	0.0000000
7000.6209600	7000.0338101	6999.8782813	2.6001534	-0.2600000	0.1618456	0.2778730	0.1225426	0.0000000	0.0000000
7000.6209600	7000.0338101	6999.8782813	2.5801394	-0.2600000	0.1670237	0.2779913	0.1239146	0.0000000	0.0000000
7000.6209600	7000.0338101	6999.8782813	2.5601254	-0.2600000	0.1632847	0.2782235	0.1246793	0.0000000	0.0000000
7000.6209600	7000.0338101	6999.8782813	2.5401114	-0.2600000	0.1641132	0.2782562	0.1257423	0.0000000	0.0000000
7000.6209600	7000.0338101	6999.8782813	2.5200974	-0.2600000	0.1587158	0.2789756	0.1236219	0.0000000	0.0000000
7000.6209600	7000.0338101	6999.8782813	2.5000834	-0.2600000	0.1574438	0.2810677	0.1242068	0.0000000	0.0000000
7000.6209600	7000.0338101	6999.8782813	2.4800694	-0.2600000	0.1685571	0.2771057	0.1223146	0.0000000	0.0000000
7000.6209600	7000.0338101	6999.8782813	2.4600554	-0.2600000	0.1724471	0.2793700	0.1247972	0.0000000	0.0000000
7000.6209600	7000.0338101	6999.8782813	2.4400414	-0.2600000	0.1646902	0.2798076	0.1236005	0.0000000	0.0000000
7000.6209600	7000.0338101	6999.8782813	2.4200274	-0.2600000	0.1684824	0.2779268	0.1222916	0.0000000	0.0000000
7000.6209600	7000.0338101	6999.8782813	2.4000133	-0.2600000	0.1572245	0.2776036	0.1212452	0.0000000	0.0000000
7000.6209600	7000.0338101	6999.8782813	2.3799993	-0.2600000	0.1604850	0.2778970	0.1227280	0.0000000	0.0000000
7000.6209600	7000.0338101	6999.8782813	2.3599853	-0.2600000	0.1732892	0.2823846	0.1278462	0.0000000	0.0000000
7000.6209600	7000.0338101	6999.8782813	2.3399713	-0.2600000	0.1684137	0.2796411	0.1246721	0.0000000	0.0000000
7000.6209600	7000.0338101	6999.8782813	2.3199573	-0.2600000	0.1718905	0.2777065	0.1229025	0.0000000	0.0000000
7000.6209600	7000.0338101	6999.8782813	2.2999433	-0.2600000	0.1761118	0.2792036	0.1268752	0.0000000	0.0000000
7000.6209600	7000.0338101	6999.8782813	2.2799293	-0.2600000	0.1598760	0.2765271	0.1284932	0.0000000	0.0000000
7000.6209600	7000.0338101	6999.8782813	2.2599153	-0.2600000	0.1572107	0.2775894	0.1242950	0.0000000	0.0000000
7000.6209600	7000.0338101	6999.8782813	2.2399013	-0.2600000	0.1494032	0.2760291	0.1216754	0.0000000	0.0000000
7000.6209600	7000.0338101	6999.8782813	2.2198873	-0.2600000	0.1654349	0.2778556	0.1258816	0.0000000	0.0000000
7000.6209600	7000.0338101	6999.8782813	2.1998732	-0.2600000	0.1602084	0.2784536	0.1222186	0.0000000	0.0000000
7000.6209600	7000.0338101	6999.8782813	2.1798592	-0.2600000	0.1653330	0.2782722	0.1260480	0.0000000	0.0000000
7000.6209600	7000.0338101	6999.8782813	2.1598452	-0.2600000	0.1596321	0.2812507	0.1241648	0.0000000	0.0000000
7000.6209600	7000.0338101	6999.8782813	2.1401648	-0.2600000	0.1690844	0.2775057	0.1256705	0.0000000	0.0000000
7000.6209600	7000.0338101	6999.8782813	2.1201508	-0.2600000	0.1642162	0.2755104	0.1279448	0.0000000	0.0000000
7000.6209600	7000.0338101	6999.8782813	2.1001368	-0.2600000	0.1624247	0.2801558	0.1211202	0.0000000	0.0000000
7000.6209600	7000.0338101	6999.8782813	2.0801228	-0.2600000	0.1616566	0.2792217	0.1203632	0.0000000	0.0000000
7000.6209600	7000.0338101	6999.8782813	2.0601087	-0.2600000	0.1495078	0.2781235	0.1207374	0.0000000	0.0000000
7000.6209600	7000.0338101	6999.8782813	2.0400947	-0.2600000	0.1480688	0.2782397	0.1190935	0.0000000	0.0000000
7000.6209600	7000.0338101	6999.8782813	2.0200807	-0.2600000	0.1520204	0.2766049	0.1219456	0.0000000	0.0000000
7000.6209600	7000.0338101	6999.8782813	2.0000667	-0.2600000	0.1573228	0.2778143	0.1241722	0.0000000	0.0000000
7000.6209600	7000.0338101	6999.8782813	1.9800527	-0.2600000	0.1575974	0.2777091	0.1202224	0.0000000	0.0000000
7000.6209600	7000.0338101	6999.8782813	1.9600387	-0.2600000	0.1683622	0.2785110	0.1230570	0.0000000	0.0000000
7000.6209600	7000.0338101	6999.8782813	1.9400247	-0.2600000	0.1742065	0.2776199	0.1252795	0.0000000	0.0000000
7000.6209600	7000.0338101	6999.8782813	1.9200107	-0.2600000	0.1705695	0.2747531	0.1326722	0.0000000	0.0000000
7000.6209600	7000.0338101	6999.8782813	1.8999967	-0.2600000	0.1702615	0.2832244	0.1283860	0.0000000	0.0000000
7000.6209600	7000.0338101	6999.8782813	1.8799827	-0.2600000	0.1676831	0.2755176	0.1236686	0.0000000	0.0000000
7000.6209600	7000.0338101	6999.8782813	1.8599686	-0.2600000	0.1652620	0.2742373	0.1246665	0.0000000	0.0000000
7000.6209600	7000.0338101	6999.8782813	1.8399546	-0.2600000	0.1658293	0.2788717	0.1207258	0.0000000	0.0000000
7000.6209600	7000.0338101	6999.8782813	1.8199406	-0.2600000	0.1674890	0.2758119	0.1292397	0.0000000	0.0000000
7000.6209600	7000.0338101	6999.8782813	1.7999266	-0.2600000	0.1638729	0.2788479	0.1297888	0.0000000	0.0000000
7000.6209600	7000.0338101	6999.8782813	1.7799126	-0.2600000	0.1596389	0.2753927	0.1244938	0.0000000	0.0000000
7000.6209600	7000.0338101	6999.8782813	1.7598986	-0.2600000	0.1796548	0.2805068	0.1231283	0.0000000	0.0000000
7000.6209600	7000.0338101	6999.8782813	1.7398846	-0.2600000	0.1708285	0.2799987	0.1228188	0.0000000	0.0000000
7000.6209600	7000.0338101	6999.8782813	1.7198706	-0.2600000	0.1517816	0.2794061	0.1232854	0.0000000	0.0000000
7000.6209600	7000.0338101	6999.8782813	1.6998566	-0.2600000	0.1585602	0.2792030	0.1221083	0.0000000	0.0000000
7000.6209600	7000.0338101	6999.8782813	1.6798426	-0.2600000	0.1617241	0.2775289	0.1218380	0.0000000	0.0000000
7000.6209600	7000.0338101	6999.8782813	1.6601621	-0.2600000	0.1840300	0.2790780	0.1242988	0.0000000	0.0000000
7000.6209600	7000.0338101	6999.8782813	1.6401481	-0.2600000	0.1843444	0.2758295	0.1303064	0.0000000	0.0000000
7000.6209600	7000.0338101	6999.8782813	1.6201341	-0.2600000	0.1617975	0.2786722	0.1234526	0.0000000	0.0000000
7000.6209600	7000.0338101	6999.8782813	1.6001201	-0.2600000	0.1659935	0.2783556	0.1278801	0.0000000	0.0000000
7000.6209600	7000.0338101	6999.8782813	1.5801061	-0.2600000	0.1698851	0.2802736	0.1240890	0.0000000	0.0000000
7000.6209600	7000.0338101	6999.8782813	1.5600921	-0.2600000	0.1879363	0.2789337	0.1261824	0.0000000	0.0000000
7000.6209600	7000.0338101	6999.8782813	1.5400781	-0.2600000	0.1966978	0.2788837	0.1254279	0.0000000	0.0000000
7000.6209600	7000.0338101	6999.8782813	1.5200640	-0.2600000	0.1767625	0.2775323	0.1202378	0.0000000	0.0000000
7000.6209600	7000.0338101	6999.8782813	1.5000500	-0.2600000	0.1659360	0.2800187	0.1240895	0.0000000	0.0000000
7000.6209600	7000.0338101	6999.8782813	1.4800360	-0.2600000	0.1613844	0.2819326	0.1249966	0.0000000	0.0000000
7000.6209600	7000.0338101	6999.8782813	1.4600220	-0.2600000	0.1709056	0.2801392	0.1229474	0.0000000	0.0000000
7000.6209600	7000.0338101	6999.8782813	1.4400080	-0.2600000	0.1899047	0.2745270	0.1210732	0.0000000	0.0000000
7000.6209600	7000.0338101	6999.8782813	1.4199940	-0.2600000	0.1717555	0.2783258	0.1228241	0.0000000	0.0000000
7000.6209600	7000.0338101	6999.8782813	1.3999800	-0.2600000	0.1775131	0.2788143	0.1232944	0.0000000	0.0000000
7000.6209600	7000.0338101	6999.8782813	1.3799660	-0.2600000	0.1549858	0.2752991	0.1254662	0.0000000	0.0000000
7000.6209600	7000.0338101	6999.8782813	1.3599520	-0.2600000	0.2019167	0.2769067	0.1255638	0.0000000	0.0000000
7000.6209600	7000.0338101	6999.8782813	1.3399380	-0.2600000	0.2153302	0.2778820	0.1259332	0.0000000	0.0000000
7000.6209600	7000.0338101	6999.8782813	1.3199239	-0.2600000	0.1923242	0.2761520	0.1272634	0.0000000	0.0000000
7000.6209600	7000.0338101	6999.8782813	1.2999099	-0.2600000	0.1752605	0.2786930	0.1200759	0.0000000	0.0000000
7000.6209600	7000.0338101	6999.8782813	1.2798959	-0.2600000	0.1687610	0.2778590	0.1247710	0.0000000	0.0000000
7000.6209600	7000.0338101	6999.8782813	1.2598819	-0.2600000	0.1901748	0.2765593	0.1267305	0.0000000	0.0000000
7000.6209600	7000.0338101	6999.8782813	1.2398679	-0.2600000	0.2252837	0.2800635	0.1251167	0.0000000	0.0000000
7000.6209600	7000.0338101	6999.8782813	1.2198539	-0.2600000	0.2142164	0.2758966	0.1306292	0.0000000	0.0000000
7000.6209600	7000.0338101	6999.8782813	1.1998399	-0.2600000	0.1858386	0.2804233	0.1236199	0.0000000	0.0000000
7000.6209600	7000.0338101	6999.8782813	1.1801594	-0.2600000	0.1624839	0.2778871	0.1222618	0.0000000	0.0000000
7000.6209600	7000.0338101	6999.8782813	1.1601454	-0.2600000	0.2059602	0.2803031	0.1267828	0.0000000	0.0000000
7000.6209600	7000.0338101	6999.8782813	1.1401314	-0.2600000	0.2092307	0.2788696	0.1237136	0.0000000	0.0000000
7000.6209600	7000.0338101	6999.8782813	1.1201174	-0.2600000	0.2305405	0.2817367	0.1290767	0.0000000	0.0000000
7000.6209600	7000.0338101	6999.8782813	1.1001034	-0.2600000	0.2022451	0.2798494	0.1199930	0.0000000	0.0000000
7000.6209600	7000.0338101	6999.8782813	1.0800894	-0.2600000	0.1638129	0.2785916	0.1193995	0.0000000	0.0000000
7000.6209600	7000.0338101	6999.8782813	1.0600754	-0.2600000	0.2075876	0.2805612	0.1260117	0.0000000	0.0000000
7000.6209600	7000.0338101	6999.8782813	1.0400614	-0.2600000	0.2534587	0.2789829	0.1250465	0.0000000	0.0000000
7000.6209600	7000.0338101	6999.8782813	1.0200474	-0.2600000	0.2398307	0.2775472	0.1286255	0.0000000	0.0000000
7000.6209600	7000.0338101	6999.8782813	1.0000334	-0.2600000	0.2075596	0.2810321	0.1253989	0.0000000	0.0000000
7000.6209600	7000.0338101	6999.8782813	0.9800193	-0.2600000	0.1896423	0.2777273	0.1241741	0.0000000	0.0000000
7000.6209600	7000.0338101	6999.8782813	0.9600053	-0.2600000	0.2252249	0.2816962	0.1232449	0.0000000	0.0000000
7000.6209600	7000.0338101	6999.8782813	0.9399913	-0.2600000	0.2541166	0.2796522	0.1206697	0.0000000	0.0000000
7000.6209600	7000.0338101	6999.8782813	0.9199773	-0.2600000	0.2173927	0.2765159	0.1225359	0.0000000	0.0000000
7000.6209600	7000.0338101	6999.8782813	0.8999633	-0.2600000	0.2017661	0.2779292	0.1215076	0.0000000	0.0000000
7000.6209600	7000.0338101	6999.8782813	0.8799493	-0.2600000	0.2089847	0.2777677	0.1224855	0.0000000	0.0000000
7000.6209600	7000.0338101	6999.8782813	0.8599353	-0.2600000	0.2580391	0.2805750	0.1253561	0.0000000	0.0000000
7000.6209600	7000.0338101	6999.8782813	0.8399213	-0.2600000	0.2640732	0.2796837	0.1220386	0.0000000	0.0000000
7000.6209600	7000.0338101	6999.8782813	0.8199073	-0.2600000	0.2106204	0.2778921	0.1223870	0.0000000	0.0000000
7000.6209600	7000.0338101	6999.8782813	0.7998933	-0.2600000	0.2009413	0.2785009	0.1232419	0.0000000	0.0000000
7000.6209600	7000.0338101	6999.8782813	0.7798792	-0.2600000	0.2202434	0.2785054	0.1220002	0.0000000	0.0000000
7000.6209600	7000.0338101	6999.8782813	0.7598652	-0.2600000	0.3053090	0.2739636	0.1284113	0.0000000	0.0000000
7000.6209600	7000.0338101	6999.8782813	0.7398512	-0.2600000	0.2780835	0.2786071	0.1202294	0.0000000	0.0000000
7000.6209600	7000.0338101	6999.8782813	0.7198372	-0.2600000	0.2168007	0.2809376	0.1260573	0.0000000	0.0000000
7000.6209600	7000.0338101	6999.8782813	0.7001568	-0.2600000	0.2245845	0.2800344	0.1252594	0.0000000	0.0000000
7000.6209600	7000.0338101	6999.8782813	0.6801428	-0.2600000	0.2572615	0.2764915	0.1317427	0.0000000	0.0000000
7000.6209600	7000.0338101	6999.8782813	0.6601288	-0.2600000	0.3123700	0.2787455	0.1289159	0.0000000	0.0000000
7000.6209600	7000.0338101	6999.8782813	0.6401147	-0.2600000	0.3255037	0.2782339	0.1289558	0.0000000	0.0000000
7000.6209600	7000.0338101	6999.8782813	0.6201007	-0.2600000	0.2137582	0.2773494	0.1263136	0.0000000	0.0000000
7000.6209600	7000.0338101	6999.8782813	0.6000867	-0.2600000	0.2116396	0.2774652	0.1249209	0.0000000	0.0000000
7000.6209600	7000.0338101	6999.8782813	0.5800727	-0.2600000	0.2494393	0.2788851	0.1303185	0.0000000	0.0000000
7000.6209600	7000.0338101	6999.8782813	0.5600587	-0.2600000	0.3055287	0.2770256	0.1266074	0.0000000	0.0000000
7000.6209600	7000.0338101	6999.8782813	0.5400447	-0.2600000	0.3269437	0.2823005	0.1269281	0.0000000	0.0000000
7000.6209600	7000.0338101	6999.8782813	0.5200307	-0.2600000	0.2104171	0.2792324	0.1199023	0.0000000	0.0000000
7000.6209600	7000.0338101	6999.8782813	0.5000167	-0.2600000	0.2196720	0.2779570	0.1219586	0.0000000	0.0000000
7000.6209600	7000.0338101	6999.8782813	0.4800027	-0.2600000	0.2864117	0.2799023	0.1291169	0.0000000	0.0000000
7000.6209600	7000.0338101	6999.8782813	0.4599887	-0.2600000	0.3659061	0.2806184	0.1309619	0.0000000	0.0000000
7000.6209600	7000.0338101	6999.8782813	0.4399746	-0.2600000	0.3475167	0.2775608	0.1265311	0.0000000	0.0000000
7000.6209600	7000.0338101	6999.8782813	0.4199606	-0.2600000	0.2581160	0.2788320	0.1243713	0.0000000	0.0000000
7000.6209600	7000.0338101	6999.8782813	0.3999466	-0.2600000	0.2525883	0.2766759	0.1290376	0.0000000	0.0000000
7000.6209600	7000.0338101	6999.8782813	0.3799326	-0.2600000	0.3104827	0.2771748	0.1260508	0.0000000	0.0000000
7000.6209600	7000.0338101	6999.8782813	0.3599186	-0.2600000	0.3302965	0.2765258	0.1227201	0.0000000	0.0000000
7000.6209600	7000.0338101	6999.8782813	0.3399046	-0.2600000	0.3494255	0.2775815	0.1267753	0.0000000	0.0000000
7000.6209600	7000.0338101	6999.8782813	0.3198906	-0.2600000	0.2624570	0.2798638	0.1259509	0.0000000	0.0000000
7000.6209600	7000.0338101	6999.8782813	0.2998766	-0.2600000	0.2405474	0.2785854	0.1267286	0.0000000	0.0000000
7000.6209600	7000.0338101	6999.8782813	0.2798626	-0.2600000	0.2859913	0.2782532	0.1245428	0.0000000	0.0000000
7000.6209600	7000.0338101	6999.8782813	0.2598486	-0.2600000	0.3312155	0.2756555	0.1252010	0.0000000	0.0000000
7000.6209600	7000.0338101	6999.8782813	0.2398346	-0.2600000	0.3142526	0.2785582	0.1222777	0.0000000	0.0000000
7000.6209600	7000.0338101	6999.8782813	0.2201541	-0.2600000	0.2519789	0.2798281	0.1233793	0.0000000	0.0000000
7000.6209600	7000.0338101	6999.8782813	0.2001401	-0.2600000	0.2977882	0.2784471	0.1279659	0.0000000	0.0000000
7000.6209600	7000.0338101	6999.8782813	0.1801261	-0.2600000	0.3408837	0.2777402	0.1252892	0.0000000	0.0000000
7000.6209600	7000.0338101	6999.8782813	0.1601121	-0.2600000	0.3636287	0.2763123	0.1228740	0.0000000	0.0000000
7000.6209600	7000.0338101	6999.8782813	0.1400981	-0.2600000	0.3432192	0.2782607	0.1251882	0.0000000	0.0000000
7000.6209600	7000.0338101	6999.8782813	0.1200841	-0.2600000	0.2504440	0.2776000	0.1198783	0.0000000	0.0000000
7000.6209600	7000.0338101	6999.8782813	0.1000700	-0.2600000	0.2635637	0.2783348	0.1268470	0.0000000	0.0000000
7000.6209600	7000.0338101	6999.8782813	0.0800560	-0.2600000	0.3454305	0.2799938	0.1284375	0.0000000	0.0000000
7000.6209600	7000.0338101	6999.8782813	0.0600420	-0.2600000	0.3475833	0.2788296	0.1188644	0.0000000	0.0000000
7000.6209600	7000.0338101	6999.8782813	0.0400280	-0.2600000	0.3468210	0.2796302	0.1206499	0.0000000	0.0000000
7000.6209600	7000.0338101	6999.8782813	0.0200140	-0.2600000	0.2662139	0.2798247	0.1241136	0.0000000	0.0000000
7000.6209600	7000.0338101	6999.8782813	0.0000000	-0.2600000	0.2798623	0.2773478	0.1237601	0.0000000	0.0000000
