7000.6209600	7000.0338101	6999.8782813	3.0001001	0.6201007	0.2034735	0.2827906	0.1337083	0.0000000	0.6200000
7000.6209600	7000.0338101	6999.8782813	2.9800861	0.6200000	0.2059556	0.2862332	0.1336086	0.0000000	0.0000000
7000.6209600	7000.0338101	6999.8782813	2.9600721	0.6200000	0.2043676	0.2817897	0.1353574	0.0000000	0.0000000
7000.6209600	7000.0338101	6999.8782813	2.9400580	0.6200000	0.2149700	0.2826788	0.1365818	0.0000000	0.0000000
7000.6209600	7000.0338101	6999.8782813	2.9200440	0.6200000	0.2036180	0.2807076	0.1341733	0.0000000	0.0000000
7000.6209600	7000.0338101	6999.8782813	2.9000300	0.6200000	0.2047822	0.2826444	0.1343572	0.0000000	0.0000000
7000.6209600	7000.0338101	6999.8782813	2.8800160	0.6200000	0.2109723	0.2856368	0.1354355	0.0000000	0.0000000
7000.6209600	7000.0338101	6999.8782813	2.8600020	0.6200000	0.2076573	0.2816769	0.1351401	0.0000000	0.0000000
7000.6209600	7000.0338101	6999.8782813	2.8399880	0.6200000	0.2141742	0.2822373	0.1375420	0.0000000	0.0000000
7000.6209600	7000.0338101	6999.8782813	2.8199740	0.6200000	0.2138374	0.2820140	0.1371837	0.0000000	0.0000000
7000.6209600	7000.0338101	6999.8782813	2.7999600	0.6200000	0.1965638	0.2836389	0.1338738	0.0000000	0.0000000
7000.6209600	7000.0338101	6999.8782813	2.7799460	0.6200000	0.2016715	0.2849899	0.1354277	0.0000000	0.0000000
7000.6209600	7000.0338101	6999.8782813	2.7599320	0.6200000	0.2050282	0.2826417	0.1355051	0.0000000	0.0000000
7000.6209600	7000.0338101	6999.8782813	2.7399179	0.6200000	0.2051047	0.2822268	0.1345447	0.0000000	0.0000000
7000.6209600	7000.0338101	6999.8782813	2.7199039	0.6200000	0.2156759	0.2843210	0.1376216	0.0000000	0.0000000
7000.6209600	7000.0338101	6999.8782813	2.6998899	0.6200000	0.2002025	0.2834971	0.1346888	0.0000000	0.0000000
7000.6209600	7000.0338101	6999.8782813	2.6798759	0.6200000	0.2049171	0.2888510	0.1323319	0.0000000	0.0000000
7000.6209600	7000.0338101	6999.8782813	2.6598619	0.6200000	0.2024689	0.2834894	0.1347528	0.0000000	0.0000000
7000.6209600	7000.0338101	6999.8782813	2.6398479	0.6200000	0.2092211	0.2816920	0.1364150	0.0000000	0.0000000
7000.6209600	7000.0338101	6999.8782813	2.6198339	0.6200000	0.2130741	0.2842815	0.1380242	0.0000000	0.0000000
7000.6209600	7000.0338101	6999.8782813	2.6001534	0.6200000	0.1977490	0.2816223	0.1348732	0.0000000	0.0000000
7000.6209600	7000.0338101	6999.8782813	2.5801394	0.6200000	0.1981586	0.2822638	0.1337100	0.0000000	0.0000000
7000.6209600	7000.0338101	6999.8782813	2.5601254	0.6200000	0.1939637	0.2833662	0.1315867	0.0000000	0.0000000
7000.6209600	7000.0338101	6999.8782813	2.5401114	0.6200000	0.2034143	0.2823185	0.1330793	0.0000000	0.0000000
7000.6209600	7000.0338101	6999.8782813	2.5200974	0.6200000	0.2215400	0.2835515	0.1387366	0.0000000	0.0000000
7000.6209600	7000.0338101	6999.8782813	2.5000834	0.6200000	0.2089093	0.2837869	0.1338479	0.0000000	0.0000000
7000.6209600	7000.0338101	6999.8782813	2.4800694	0.6200000	0.1975223	0.2831296	0.1314711	0.0000000	0.0000000
7000.6209600	7000.0338101	6999.8782813	2.4600554	0.6200000	0.2156123	0.2826274	0.1343105	0.0000000	0.0000000
7000.6209600	7000.0338101	6999.8782813	2.4400414	0.6200000	0.2095532	0.2797842	0.1336100	0.0000000	0.0000000
7000.6209600	7000.0338101	6999.8782813	2.4200274	0.6200000	0.2000314	0.2793010	0.1340574	0.0000000	0.0000000
7000.6209600	7000.0338101	6999.8782813	2.4000133	0.6200000	0.1974126	0.2809377	0.1304841	0.0000000	0.0000000
7000.6209600	7000.0338101	6999.8782813	2.3799993	0.6200000	0.2073229	0.2799821	0.1325736	0.0000000	0.0000000
7000.6209600	7000.0338101	6999.8782813	2.3599853	0.6200000	0.2150399	0.2819772	0.1346764	0.0000000	0.0000000
7000.6209600	7000.0338101	6999.8782813	2.3399713	0.6200000	0.2113040	0.2811876	0.1345378	0.0000000	0.0000000
7000.6209600	7000.0338101	6999.8782813	2.3199573	0.6200000	0.2037178	0.2807008	0.1322120	0.0000000	0.0000000
7000.6209600	7000.0338101	6999.8782813	2.2999433	0.6200000	0.2070363	0.2827174	0.1320917	0.0000000	0.0000000
7000.6209600	7000.0338101	6999.8782813	2.2799293	0.6200000	0.2024314	0.2806108	0.1329274	0.0000000	0.0000000
7000.6209600	7000.0338101	6999.8782813	2.2599153	0.6200000	0.2149789	0.2828896	0.1351093	0.0000000	0.0000000
7000.6209600	7000.0338101	6999.8782813	2.2399013	0.6200000	0.2116995	0.2818713	0.1371187	0.0000000	0.0000000
7000.6209600	7000.0338101	6999.8782813	2.2198873	0.6200000	0.2117207	0.2812611	0.1353325	0.0000000	0.0000000
7000.6209600	7000.0338101	6999.8782813	2.1998732	0.6200000	0.2024941	0.2820021	0.1329148	0.0000000	0.0000000
7000.6209600	7000.0338101	6999.8782813	2.1798592	0.6200000	0.2056501	0.2810868	0.1324198	0.0000000	0.0000000
7000.6209600	7000.0338101	6999.8782813	2.1598452	0.6200000	0.2031478	0.2805485	0.1311057	0.0000000	0.0000000
7000.6209600	7000.0338101	6999.8782813	2.1401648	0.6200000	0.2100547	0.2795220	0.1334967	0.0000000	0.0000000
7000.6209600	7000.0338101	6999.8782813	2.1201508	0.6200000	0.2155239	0.2814397	0.1353745	0.0000000	0.0000000
7000.6209600	7000.0338101	6999.8782813	2.1001368	0.6200000	0.2146642	0.2804871	0.1344355	0.0000000	0.0000000
7000.6209600	7000.0338101	6999.8782813	2.0801228	0.6200000	0.1960375	0.2793647	0.1309298	0.0000000	0.0000000
7000.6209600	7000.0338101	6999.8782813	2.0601087	0.6200000	0.2008580	0.2788699	0.1319471	0.0000000	0.0000000
7000.6209600	7000.0338101	6999.8782813	2.0400947	0.6200000	0.1957162	0.2803540	0.1311880	0.0000000	0.0000000
7000.6209600	7000.0338101	6999.8782813	2.0200807	0.6200000	0.2003699	0.2829651	0.1330194	0.0000000	0.0000000
7000.6209600	7000.0338101	6999.8782813	2.0000667	0.6200000	0.1979596	0.2803873	0.1322972	0.0000000	0.0000000
7000.6209600	7000.0338101	6999.8782813	1.9800527	0.6200000	0.2186516	0.2812354	0.1338278	0.0000000	0.0000000
7000.6209600	7000.0338101	6999.8782813	1.9600387	0.6200000	0.2199564	0.2808641	0.1343234	0.0000000	0.0000000
7000.6209600	7000.0338101	6999.8782813	1.9400247	0.6200000	0.2069564	0.2785450	0.1326519	0.0000000	0.0000000
7000.6209600	7000.0338101	6999.8782813	1.9200107	0.6200000	0.1961761	0.2803623	0.1317939	0.0000000	0.0000000
7000.6209600	7000.0338101	6999.8782813	1.8999967	0.6200000	0.1983674	0.2810735	0.1315054	0.0000000	0.0000000
7000.6209600	7000.0338101	6999.8782813	1.8799827	0.6200000	0.2076898	0.2804426	0.1316571	0.0000000	0.0000000
7000.6209600	7000.0338101	6999.8782813	1.8599686	0.6200000	0.2145214	0.2808208	0.1336907	0.0000000	0.0000000
7000.6209600	7000.0338101	6999.8782813	1.8399546	0.6200000	0.2025659	0.2805492	0.1310603	0.0000000	0.0000000
7000.6209600	7000.0338101	6999.8782813	1.8199406	0.6200000	0.2065300	0.2816401	0.1349708	0.0000000	0.0000000
7000.6209600	7000.0338101	6999.8782813	1.7999266	0.6200000	0.2025430	0.2811665	0.1341431	0.0000000	0.0000000
7000.6209600	7000.0338101	6999.8782813	1.7799126	0.6200000	0.2071222	0.2803636	0.1311798	0.0000000	0.0000000
7000.6209600	7000.0338101	6999.8782813	1.7598986	0.6200000	0.2172827	0.2804794	0.1318606	0.0000000	0.0000000
7000.6209600	7000.0338101	6999.8782813	1.7398846	0.6200000	0.2176421	0.2814462	0.1328303	0.0000000	0.0000000
7000.6209600	7000.0338101	6999.8782813	1.7198706	0.6200000	0.1988090	0.2805813	0.1328162	0.0000000	0.0000000
7000.6209600	7000.0338101	6999.8782813	1.6998566	0.6200000	0.2089041	0.2820048	0.1346307	0.0000000	0.0000000
7000.6209600	7000.0338101	6999.8782813	1.6798426	0.6200000	0.2202428	0.2820256	0.1330914	0.0000000	0.0000000
7000.6209600	7000.0338101	6999.8782813	1.6601621	0.6200000	0.2110674	0.2794712	0.1293750	0.0000000	0.0000000
7000.6209600	7000.0338101	6999.8782813	1.6401481	0.6200000	0.2085582	0.2804240	0.1316516	0.0000000	0.0000000
7000.6209600	7000.0338101	6999.8782813	1.6201341	0.6200000	0.1978293	0.2810363	0.1319622	0.0000000	0.0000000
7000.6209600	7000.0338101	6999.8782813	1.6001201	0.6200000	0.1981255	0.2801458	0.1341887	0.0000000	0.0000000
7000.6209600	7000.0338101	6999.8782813	1.5801061	0.6200000	0.2090359	0.2818053	0.1336913	0.0000000	0.0000000
7000.6209600	7000.0338101	6999.8782813	1.5600921	0.6200000	0.2261943	0.2807311	0.1339641	0.0000000	0.0000000
7000.6209600	7000.0338101	6999.8782813	1.5400781	0.6200000	0.2238242	0.2776766	0.1322776	0.0000000	0.0000000
7000.6209600	7000.0338101	6999.8782813	1.5200640	0.6200000	0.2013018	0.2792640	0.1322589	0.0000000	0.0000000
7000.6209600	7000.0338101	6999.8782813	1.5000500	0.6200000	0.1865035	0.2802092	0.1308258	0.0000000	0.0000000
7000.6209600	7000.0338101	6999.8782813	1.4800360	0.6200000	0.1958275	0.2807678	0.1322928	0.0000000	0.0000000
7000.6209600	7000.0338101	6999.8782813	1.4600220	0.6200000	0.2215002	0.2801139	0.1331349	0.0000000	0.0000000
7000.6209600	7000.0338101	6999.8782813	1.4400080	0.6200000	0.2342239	0.2810892	0.1325527	0.0000000	0.0000000
7000.6209600	7000.0338101	6999.8782813	1.4199940	0.6200000	0.2160625	0.2824458	0.1355430	0.0000000	0.0000000
7000.6209600	7000.0338101	6999.8782813	1.3999800	0.6200000	0.2016854	0.2813274	0.1317324	0.0000000	0.0000000
7000.6209600	7000.0338101	6999.8782813	1.3799660	0.6200000	0.1973848	0.2825798	0.1325303	0.0000000	0.0000000
7000.6209600	7000.0338101	6999.8782813	1.3599520	0.6200000	0.2174867	0.2799111	0.1334749	0.0000000	0.0000000
7000.6209600	7000.0338101	6999.8782813	1.3399380	0.6200000	0.2328562	0.2802670	0.1332748	0.0000000	0.0000000
7000.6209600	7000.0338101	6999.8782813	1.3199239	0.6200000	0.2160952	0.2814559	0.1314915	0.0000000	0.0000000
7000.6209600	7000.0338101	6999.8782813	1.2999099	0.6200000	0.2195300	0.2817771	0.1338971	0.0000000	0.0000000
7000.6209600	7000.0338101	6999.8782813	1.2798959	0.6200000	0.1893782	0.2803091	0.1323785	0.0000000	0.0000000
7000.6209600	7000.0338101	6999.8782813	1.2598819	0.6200000	0.2293779	0.2802208	0.1340093	0.0000000	0.0000000
7000.6209600	7000.0338101	6999.8782813	1.2398679	0.6200000	0.2454288	0.2799622	0.1348748	0.0000000	0.0000000
7000.6209600	7000.0338101	6999.8782813	1.2198539	0.6200000	0.2190410	0.2792751	0.1324773	0.0000000	0.0000000
7000.6209600	7000.0338101	6999.8782813	1.1998399	0.6200000	0.2013276	0.2791025	0.1321135	0.0000000	0.0000000
7000.6209600	7000.0338101	6999.8782813	1.1801594	0.6200000	0.2031177	0.2818109	0.1318943	0.0000000	0.0000000
7000.6209600	7000.0338101	6999.8782813	1.1601454	0.6200000	0.2228574	0.2797478	0.1340742	0.0000000	0.0000000
7000.6209600	7000.0338101	6999.8782813	1.1401314	0.6200000	0.2335778	0.2799542	0.1328527	0.0000000	0.0000000
7000.6209600	7000.0338101	6999.8782813	1.1201174	0.6200000	0.2385953	0.2819877	0.1336069	0.0000000	0.0000000
7000.6209600	7000.0338101	6999.8782813	1.1001034	0.6200000	0.2271207	0.2812552	0.1355671	0.0000000	0.0000000
7000.6209600	7000.0338101	6999.8782813	1.0800894	0.6200000	0.1942090	0.2804148	0.1325977	0.0000000	0.0000000
7000.6209600	7000.0338101	6999.8782813	1.0600754	0.6200000	0.2219938	0.2780444	0.1310155	0.0000000	0.0000000
7000.6209600	7000.0338101	6999.8782813	1.0400614	0.6200000	0.2217443	0.2787002	0.1288257	0.0000000	0.0000000
7000.6209600	7000.0338101	6999.8782813	1.0200474	0.6200000	0.2070551	0.2806243	0.1293689	0.0000000	0.0000000
7000.6209600	7000.0338101	6999.8782813	1.0000334	0.6200000	0.2160994	0.2815043	0.1320863	0.0000000	0.0000000
7000.6209600	7000.0338101	6999.8782813	0.9800193	0.6200000	0.1951276	0.2791848	0.1310190	0.0000000	0.0000000
7000.6209600	7000.0338101	6999.8782813	0.9600053	0.6200000	0.2360070	0.2806627	0.1330939	0.0000000	0.0000000
7000.6209600	7000.0338101	6999.8782813	0.9399913	0.6200000	0.2636967	0.2816769	0.1338981	0.0000000	0.0000000
7000.6209600	7000.0338101	6999.8782813	0.9199773	0.6200000	0.2064100	0.2815725	0.1307035	0.0000000	0.0000000
7000.6209600	7000.0338101	6999.8782813	0.8999633	0.6200000	0.2003794	0.2804097	0.1325223	0.0000000	0.0000000
7000.6209600	7000.0338101	6999.8782813	0.8799493	0.6200000	0.2089135	0.2808304	0.1309004	0.0000000	0.0000000
7000.6209600	7000.0338101	6999.8782813	0.8599353	0.6200000	0.2415967	0.2798387	0.1295518	0.0000000	0.0000000
7000.6209600	7000.0338101	6999.8782813	0.8399213	0.6200000	0.2420073	0.2793876	0.1305399	0.0000000	0.0000000
7000.6209600	7000.0338101	6999.8782813	0.8199073	0.6200000	0.1890842	0.2795214	0.1308717	0.0000000	0.0000000
7000.6209600	7000.0338101	6999.8782813	0.7998933	0.6200000	0.1863365	0.2801338	0.1323184	0.0000000	0.0000000
7000.6209600	7000.0338101	6999.8782813	0.7798792	0.6200000	0.2073354	0.2798469	0.1328479	0.0000000	0.0000000
7000.6209600	7000.0338101	6999.8782813	0.7598652	0.6200000	0.2468105	0.2789697	0.1300582	0.0000000	0.0000000
7000.6209600	7000.0338101	6999.8782813	0.7398512	0.6200000	0.2456892	0.2776139	0.1303573	0.0000000	0.0000000
7000.6209600	7000.0338101	6999.8782813	0.7198372	0.6200000	0.1739292	0.2783076	0.1271549	0.0000000	0.0000000
7000.6209600	7000.0338101	6999.8782813	0.7001568	0.6200000	0.1811149	0.2789048	0.1306102	0.0000000	0.0000000
7000.6209600	7000.0338101	6999.8782813	0.6801428	0.6200000	0.1866609	0.2779146	0.1311086	0.0000000	0.0000000
7000.6209600	7000.0338101	6999.8782813	0.6601288	0.6200000	0.2478671	0.2804059	0.1328186	0.0000000	0.0000000
7000.6209600	7000.0338101	6999.8782813	0.6401147	0.6200000	0.2614708	0.2818904	0.1342697	0.0000000	0.0000000
7000.6209600	7000.0338101	6999.8782813	0.6201007	0.6200000	0.1964097	0.2826826	0.1340211	0.0000000	0.0000000
7000.6209600	7000.0338101	6999.8782813	0.6000867	0.6200000	0.1851487	0.2794341	0.1346632	0.0000000	0.0000000
7000.6209600	7000.0338101	6999.8782813	0.5800727	0.6200000	0.1878314	0.2798834	0.1339747	0.0000000	0.0000000
7000.6209600	7000.0338101	6999.8782813	0.5600587	0.6200000	0.2529578	0.2798236	0.1347749	0.0000000	0.0000000
7000.6209600	7000.0338101	6999.8782813	0.5400447	0.6200000	0.2372947	0.2814017	0.1342046	0.0000000	0.0000000
7000.6209600	7000.0338101	6999.8782813	0.5200307	0.6200000	0.1761030	0.2814355	0.1353553	0.0000000	0.0000000
7000.6209600	7000.0338101	6999.8782813	0.5000167	0.6200000	0.1637271	0.2799751	0.1315531	0.0000000	0.0000000
7000.6209600	7000.0338101	6999.8782813	0.4800027	0.6200000	0.1745538	0.2808335	0.1334456	0.0000000	0.0000000
7000.6209600	7000.0338101	6999.8782813	0.4599887	0.6200000	0.2024899	0.2769707	0.1300413	0.0000000	0.0000000
7000.6209600	7000.0338101	6999.8782813	0.4399746	0.6200000	0.2264335	0.2807606	0.1324121	0.0000000	0.0000000
7000.6209600	7000.0338101	6999.8782813	0.4199606	0.6200000	0.1703837	0.2813108	0.1350179	0.0000000	0.0000000
7000.6209600	7000.0338101	6999.8782813	0.3999466	0.6200000	0.1708625	0.2817935	0.1373191	0.0000000	0.0000000
7000.6209600	7000.0338101	6999.8782813	0.3799326	0.6200000	0.1823522	0.2800239	0.1344000	0.0000000	0.0000000
7000.6209600	7000.0338101	6999.8782813	0.3599186	0.6200000	0.2156901	0.2770729	0.1321080	0.0000000	0.0000000
7000.6209600	7000.0338101	6999.8782813	0.3399046	0.6200000	0.2080771	0.2786923	0.1322633	0.0000000	0.0000000
7000.6209600	7000.0338101	6999.8782813	0.3198906	0.6200000	0.1340280	0.2795237	0.1306160	0.0000000	0.0000000
7000.6209600	7000.0338101	6999.8782813	0.2998766	0.6200000	0.1322054	0.2797147	0.1313954	0.0000000	0.0000000
7000.6209600	7000.0338101	6999.8782813	0.2798626	0.6200000	0.1810195	0.2803855	0.1323795	0.0000000	0.0000000
7000.6209600	7000.0338101	6999.8782813	0.2598486	0.6200000	0.2071770	0.2802078	0.1325594	0.0000000	0.0000000
7000.6209600	7000.0338101	6999.8782813	0.2398346	0.6200000	0.1933203	0.2816101	0.1335991	0.0000000	0.0000000
7000.6209600	7000.0338101	6999.8782813	0.2201541	0.6200000	0.1247494	0.2814493	0.1343628	0.0000000	0.0000000
7000.6209600	7000.0338101	6999.8782813	0.2001401	0.6200000	0.1241841	0.2802006	0.1301646	0.0000000	0.0000000
7000.6209600	7000.0338101	6999.8782813	0.1801261	0.6200000	0.1441246	0.2815642	0.1325565	0.0000000	0.0000000
7000.6209600	7000.0338101	6999.8782813	0.1601121	0.6200000	0.1757261	0.2808903	0.1306309	0.0000000	0.0000000
7000.6209600	7000.0338101	6999.8782813	0.1400981	0.6200000	0.1677388	0.2822252	0.1322428	0.0000000	0.0000000
7000.6209600	7000.0338101	6999.8782813	0.1200841	0.6200000	0.1140187	0.2813915	0.1355078	0.0000000	0.0000000
7000.6209600	7000.0338101	6999.8782813	0.1000700	0.6200000	0.1072946	0.2815117	0.1366675	0.0000000	0.0000000
7000.6209600	7000.0338101	6999.8782813	0.0800560	0.6200000	0.1369241	0.2816736	0.1328125	0.0000000	0.0000000
7000.6209600	7000.0338101	6999.8782813	0.0600420	0.6200000	0.1672833	0.2809435	0.1318746	0.0000000	0.0000000
7000.6209600	7000.0338101	6999.8782813	0.0400280	0.6200000	0.1595194	0.2823593	0.1337009	0.0000000	0.0000000
7000.6209600	7000.0338101	6999.8782813	0.0200140	0.6200000	0.0879038	0.2817059	0.1321702	0.0000000	0.0000000
7000.6209600	7000.0338101	6999.8782813	0.0000000	0.6200000	0.0900150	0.2791156	0.1325929	0.0000000	0.0000000
