7000.6209600	7000.0338101	6999.8782813	3.0001001	-0.0200140	0.2197501	0.2734016	0.1204878	0.0000000	-0.0200000
7000.6209600	7000.0338101	6999.8782813	2.9800861	-0.0200000	0.2271257	0.2770950	0.1225416	0.0000000	0.0000000
7000.6209600	7000.0338101	6999.8782813	2.9600721	-0.0200000	0.2286160	0.2797357	0.1240956	0.0000000	0.0000000
7000.6209600	7000.0338101	6999.8782813	2.9400580	-0.0200000	0.2381534	0.2795901	0.1252292	0.0000000	0.0000000
7000.6209600	7000.0338101	6999.8782813	2.9200440	-0.0200000	0.2246050	0.2787494	0.1222970	0.0000000	0.0000000
7000.6209600	7000.0338101	6999.8782813	2.9000300	-0.0200000	0.2276798	0.2769612	0.1222242	0.0000000	0.0000000
7000.6209600	7000.0338101	6999.8782813	2.8800160	-0.0200000	0.2394325	0.2789307	0.1245691	0.0000000	0.0000000
7000.6209600	7000.0338101	6999.8782813	2.8600020	-0.0200000	0.2302916	0.2790565	0.1230488	0.0000000	0.0000000
7000.6209600	7000.0338101	6999.8782813	2.8399880	-0.0200000	0.2266300	0.2805358	0.1226643	0.0000000	0.0000000
7000.6209600	7000.0338101	6999.8782813	2.8199740	-0.0200000	0.2170398	0.2805426	0.1251929	0.0000000	0.0000000
7000.6209600	7000.0338101	6999.8782813	2.7999600	-0.0200000	0.2262899	0.2775684	0.1260214	0.0000000	0.0000000
7000.6209600	7000.0338101	6999.8782813	2.7799460	-0.0200000	0.2374188	0.2751073	0.1271755	0.0000000	0.0000000
7000.6209600	7000.0338101	6999.8782813	2.7599320	-0.0200000	0.2410693	0.2786680	0.1256656	0.0000000	0.0000000
7000.6209600	7000.0338101	6999.8782813	2.7399179	-0.0200000	0.2297690	0.2795347	0.1237965	0.0000000	0.0000000
7000.6209600	7000.0338101	6999.8782813	2.7199039	-0.0200000	0.2086938	0.2817950	0.1202766	0.0000000	0.0000000
7000.6209600	7000.0338101	6999.8782813	2.6998899	-0.0200000	0.2371985	0.2812155	0.1260436	0.0000000	0.0000000
7000.6209600	7000.0338101	6999.8782813	2.6798759	-0.0200000	0.2367061	0.2763485	0.1217782	0.0000000	0.0000000
7000.6209600	7000.0338101	6999.8782813	2.6598619	-0.0200000	0.2341277	0.2773431	0.1227012	0.0000000	0.0000000
7000.6209600	7000.0338101	6999.8782813	2.6398479	-0.0200000	0.2307584	0.2787629	0.1248032	0.0000000	0.0000000
7000.6209600	7000.0338101	6999.8782813	2.6198339	-0.0200000	0.2289615	0.2803080	0.1230264	0.0000000	0.0000000
7000.6209600	7000.0338101	6999.8782813	2.6001534	-0.0200000	0.2184272	0.2782703	0.1213496	0.0000000	0.0000000
7000.6209600	7000.0338101	6999.8782813	2.5801394	-0.0200000	0.2330499	0.2781733	0.1207039	0.0000000	0.0000000
7000.6209600	7000.0338101	6999.8782813	2.5601254	-0.0200000	0.2377217	0.2777422	0.1220269	0.0000000	0.0000000
7000.6209600	7000.0338101	6999.8782813	2.5401114	-0.0200000	0.2310276	0.2779656	0.1226416	0.0000000	0.0000000
7000.6209600	7000.0338101	6999.8782813	2.5200974	-0.0200000	0.2317997	0.2795891	0.1244818	0.0000000	0.0000000
7000.6209600	7000.0338101	6999.8782813	2.5000834	-0.0200000	0.2350485	0.2807000	0.1230535	0.0000000	0.0000000
7000.6209600	7000.0338101	6999.8782813	2.4800694	-0.0200000	0.2363159	0.2791952	0.1222789	0.0000000	0.0000000
7000.6209600	7000.0338101	6999.8782813	2.4600554	-0.0200000	0.2409414	0.2777233	0.1245570	0.0000000	0.0000000
7000.6209600	7000.0338101	6999.8782813	2.4400414	-0.0200000	0.2329926	0.2784330	0.1246898	0.0000000	0.0000000
7000.6209600	7000.0338101	6999.8782813	2.4200274	-0.0200000	0.2384054	0.2810137	0.1235975	0.0000000	0.0000000
7000.6209600	7000.0338101	6999.8782813	2.4000133	-0.0200000	0.2340021	0.2792860	0.1244630	0.0000000	0.0000000
7000.6209600	7000.0338101	6999.8782813	2.3799993	-0.0200000	0.2386151	0.2801753	0.1288611	0.0000000	0.0000000
7000.6209600	7000.0338101	6999.8782813	2.3599853	-0.0200000	0.2385632	0.2775172	0.1272003	0.0000000	0.0000000
7000.6209600	7000.0338101	6999.8782813	2.3399713	-0.0200000	0.2523385	0.2787039	0.1279667	0.0000000	0.0000000
7000.6209600	7000.0338101	6999.8782813	2.3199573	-0.0200000	0.2493226	0.2790480	0.1249316	0.0000000	0.0000000
7000.6209600	7000.0338101	6999.8782813	2.2999433	-0.0200000	0.2326527	0.2785824	0.1204833	0.0000000	0.0000000
7000.6209600	7000.0338101	6999.8782813	2.2799293	-0.0200000	0.2261366	0.2780571	0.1226345	0.0000000	0.0000000
7000.6209600	7000.0338101	6999.8782813	2.2599153	-0.0200000	0.2468745	0.2811865	0.1290601	0.0000000	0.0000000
7000.6209600	7000.0338101	6999.8782813	2.2399013	-0.0200000	0.2429521	0.2789436	0.1248452	0.0000000	0.0000000
7000.6209600	7000.0338101	6999.8782813	2.2198873	-0.0200000	0.2417412	0.2788342	0.1260231	0.0000000	0.0000000
7000.6209600	7000.0338101	6999.8782813	2.1998732	-0.0200000	0.2525957	0.2802229	0.1277854	0.0000000	0.0000000
7000.6209600	7000.0338101	6999.8782813	2.1798592	-0.0200000	0.2640673	0.2788635	0.1311569	0.0000000	0.0000000
7000.6209600	7000.0338101	6999.8782813	2.1598452	-0.0200000	0.2339805	0.2804521	0.1214902	0.0000000	0.0000000
7000.6209600	7000.0338101	6999.8782813	2.1401648	-0.0200000	0.2118184	0.2774004	0.1239103	0.0000000	0.0000000
7000.6209600	7000.0338101	6999.8782813	2.1201508	-0.0200000	0.2371302	0.2806476	0.1252031	0.0000000	0.0000000
7000.6209600	7000.0338101	6999.8782813	2.1001368	-0.0200000	0.2371425	0.2758318	0.1273010	0.0000000	0.0000000
7000.6209600	7000.0338101	6999.8782813	2.0801228	-0.0200000	0.2516310	0.2772184	0.1244039	0.0000000	0.0000000
7000.6209600	7000.0338101	6999.8782813	2.0601087	-0.0200000	0.2488411	0.2767257	0.1304514	0.0000000	0.0000000
7000.6209600	7000.0338101	6999.8782813	2.0400947	-0.0200000	0.2331277	0.2773467	0.1229189	0.0000000	0.0000000
7000.6209600	7000.0338101	6999.8782813	2.0200807	-0.0200000	0.2424879	0.2782916	0.1269531	0.0000000	0.0000000
7000.6209600	7000.0338101	6999.8782813	2.0000667	-0.0200000	0.2367378	0.2767969	0.1244447	0.0000000	0.0000000
7000.6209600	7000.0338101	6999.8782813	1.9800527	-0.0200000	0.2355662	0.2778749	0.1227572	0.0000000	0.0000000
7000.6209600	7000.0338101	6999.8782813	1.9600387	-0.0200000	0.2426725	0.2762988	0.1279645	0.0000000	0.0000000
7000.6209600	7000.0338101	6999.8782813	1.9400247	-0.0200000	0.2464127	0.2768505	0.1276866	0.0000000	0.0000000
7000.6209600	7000.0338101	6999.8782813	1.9200107	-0.0200000	0.2423289	0.2773849	0.1284738	0.0000000	0.0000000
7000.6209600	7000.0338101	6999.8782813	1.8999967	-0.0200000	0.2611277	0.2792854	0.1275251	0.0000000	0.0000000
7000.6209600	7000.0338101	6999.8782813	1.8799827	-0.0200000	0.2775439	0.2823065	0.1298835	0.0000000	0.0000000
7000.6209600	7000.0338101	6999.8782813	1.8599686	-0.0200000	0.2426523	0.2808330	0.1249924	0.0000000	0.0000000
7000.6209600	7000.0338101	6999.8782813	1.8399546	-0.0200000	0.2473937	0.2791984	0.1284550	0.0000000	0.0000000
7000.6209600	7000.0338101	6999.8782813	1.8199406	-0.0200000	0.2430704	0.2787784	0.1265168	0.0000000	0.0000000
7000.6209600	7000.0338101	6999.8782813	1.7999266	-0.0200000	0.2421241	0.2781816	0.1239764	0.0000000	0.0000000
7000.6209600	7000.0338101	6999.8782813	1.7799126	-0.0200000	0.2720157	0.2792157	0.1280258	0.0000000	0.0000000
7000.6209600	7000.0338101	6999.8782813	1.7598986	-0.0200000	0.2558004	0.2784674	0.1284335	0.0000000	0.0000000
7000.6209600	7000.0338101	6999.8782813	1.7398846	-0.0200000	0.2297743	0.2774279	0.1225856	0.0000000	0.0000000
7000.6209600	7000.0338101	6999.8782813	1.7198706	-0.0200000	0.2490321	0.2793408	0.1257095	0.0000000	0.0000000
7000.6209600	7000.0338101	6999.8782813	1.6998566	-0.0200000	0.2690944	0.2796561	0.1265239	0.0000000	0.0000000
7000.6209600	7000.0338101	6999.8782813	1.6798426	-0.0200000	0.2622318	0.2793519	0.1237419	0.0000000	0.0000000
7000.6209600	7000.0338101	6999.8782813	1.6601621	-0.0200000	0.2533500	0.2774474	0.1244220	0.0000000	0.0000000
7000.6209600	7000.0338101	6999.8782813	1.6401481	-0.0200000	0.2661375	0.2804659	0.1295305	0.0000000	0.0000000
7000.6209600	7000.0338101	6999.8782813	1.6201341	-0.0200000	0.2609974	0.2827562	0.1289525	0.0000000	0.0000000
7000.6209600	7000.0338101	6999.8782813	1.6001201	-0.0200000	0.2454299	0.2786694	0.1231401	0.0000000	0.0000000
7000.6209600	7000.0338101	6999.8782813	1.5801061	-0.0200000	0.2632367	0.2811852	0.1248569	0.0000000	0.0000000
7000.6209600	7000.0338101	6999.8782813	1.5600921	-0.0200000	0.2691083	0.2796973	0.1244677	0.0000000	0.0000000
7000.6209600	7000.0338101	6999.8782813	1.5400781	-0.0200000	0.2512024	0.2777450	0.1270491	0.0000000	0.0000000
7000.6209600	7000.0338101	6999.8782813	1.5200640	-0.0200000	0.2488383	0.2797166	0.1273177	0.0000000	0.0000000
7000.6209600	7000.0338101	6999.8782813	1.5000500	-0.0200000	0.2195712	0.2761168	0.1218701	0.0000000	0.0000000
7000.6209600	7000.0338101	6999.8782813	1.4800360	-0.0200000	0.2705616	0.2814805	0.1238977	0.0000000	0.0000000
7000.6209600	7000.0338101	6999.8782813	1.4600220	-0.0200000	0.2807803	0.2809756	0.1280496	0.0000000	0.0000000
7000.6209600	7000.0338101	6999.8782813	1.4400080	-0.0200000	0.2554520	0.2796428	0.1234015	0.0000000	0.0000000
7000.6209600	7000.0338101	6999.8782813	1.4199940	-0.0200000	0.2484283	0.2797487	0.1248827	0.0000000	0.0000000
7000.6209600	7000.0338101	6999.8782813	1.3999800	-0.0200000	0.2462206	0.2783107	0.1255834	0.0000000	0.0000000
7000.6209600	7000.0338101	6999.8782813	1.3799660	-0.0200000	0.2876000	0.2791865	0.1244060	0.0000000	0.0000000
7000.6209600	7000.0338101	6999.8782813	1.3599520	-0.0200000	0.2791852	0.2782029	0.1257433	0.0000000	0.0000000
7000.6209600	7000.0338101	6999.8782813	1.3399380	-0.0200000	0.2682817	0.2823854	0.1262941	0.0000000	0.0000000
7000.6209600	7000.0338101	6999.8782813	1.3199239	-0.0200000	0.2397356	0.2769015	0.1240156	0.0000000	0.0000000
7000.6209600	7000.0338101	6999.8782813	1.2999099	-0.0200000	0.2654537	0.2788496	0.1295460	0.0000000	0.0000000
7000.6209600	7000.0338101	6999.8782813	1.2798959	-0.0200000	0.2826193	0.2780750	0.1235204	0.0000000	0.0000000
7000.6209600	7000.0338101	6999.8782813	1.2598819	-0.0200000	0.2956544	0.2837008	0.1289384	0.0000000	0.0000000
7000.6209600	7000.0338101	6999.8782813	1.2398679	-0.0200000	0.2741110	0.2773817	0.1220242	0.0000000	0.0000000
7000.6209600	7000.0338101	6999.8782813	1.2198539	-0.0200000	0.2365940	0.2778701	0.1220005	0.0000000	0.0000000
7000.6209600	7000.0338101	6999.8782813	1.1998399	-0.0200000	0.2516917	0.2785503	0.1234001	0.0000000	0.0000000
7000.6209600	7000.0338101	6999.8782813	1.1801594	-0.0200000	0.2641377	0.2797388	0.1201361	0.0000000	0.0000000
7000.6209600	7000.0338101	6999.8782813	1.1601454	-0.0200000	0.3019576	0.2802107	0.1226896	0.0000000	0.0000000
7000.6209600	7000.0338101	6999.8782813	1.1401314	-0.0200000	0.2910986	0.2813174	0.1248834	0.0000000	0.0000000
7000.6209600	7000.0338101	6999.8782813	1.1201174	-0.0200000	0.2464502	0.2794811	0.1264823	0.0000000	0.0000000
7000.6209600	7000.0338101	6999.8782813	1.1001034	-0.0200000	0.2786389	0.2793793	0.1281019	0.0000000	0.0000000
7000.6209600	7000.0338101	6999.8782813	1.0800894	-0.0200000	0.3278262	0.2798046	0.1287897	0.0000000	0.0000000
7000.6209600	7000.0338101	6999.8782813	1.0600754	-0.0200000	0.3266864	0.2807872	0.1249618	0.0000000	0.0000000
7000.6209600	7000.0338101	6999.8782813	1.0400614	-0.0200000	0.3042794	0.2790697	0.1229972	0.0000000	0.0000000
7000.6209600	7000.0338101	6999.8782813	1.0200474	-0.0200000	0.2288778	0.2807798	0.1225125	0.0000000	0.0000000
7000.6209600	7000.0338101	6999.8782813	1.0000334	-0.0200000	0.2582533	0.2812357	0.1238517	0.0000000	0.0000000
7000.6209600	7000.0338101	6999.8782813	0.9800193	-0.0200000	0.3193704	0.2792571	0.1231929	0.0000000	0.0000000
7000.6209600	7000.0338101	6999.8782813	0.9600053	-0.0200000	0.3210983	0.2801549	0.1270371	0.0000000	0.0000000
7000.6209600	7000.0338101	6999.8782813	0.9399913	-0.0200000	0.2788041	0.2797462	0.1245007	0.0000000	0.0000000
7000.6209600	7000.0338101	6999.8782813	0.9199773	-0.0200000	0.2386572	0.2802452	0.1208470	0.0000000	0.0000000
7000.6209600	7000.0338101	6999.8782813	0.8999633	-0.0200000	0.2857145	0.2804877	0.1269196	0.0000000	0.0000000
7000.6209600	7000.0338101	6999.8782813	0.8799493	-0.0200000	0.3401910	0.2831531	0.1260614	0.0000000	0.0000000
7000.6209600	7000.0338101	6999.8782813	0.8599353	-0.0200000	0.3151931	0.2806390	0.1254418	0.0000000	0.0000000
7000.6209600	7000.0338101	6999.8782813	0.8399213	-0.0200000	0.2915402	0.2815079	0.1277096	0.0000000	0.0000000
7000.6209600	7000.0338101	6999.8782813	0.8199073	-0.0200000	0.3040836	0.2810214	0.1269088	0.0000000	0.0000000
7000.6209600	7000.0338101	6999.8782813	0.7998933	-0.0200000	0.3057777	0.2794905	0.1221030	0.0000000	0.0000000
7000.6209600	7000.0338101	6999.8782813	0.7798792	-0.0200000	0.3504512	0.2806614	0.1264462	0.0000000	0.0000000
7000.6209600	7000.0338101	6999.8782813	0.7598652	-0.0200000	0.2835868	0.2785313	0.1243785	0.0000000	0.0000000
7000.6209600	7000.0338101	6999.8782813	0.7398512	-0.0200000	0.2871680	0.2802969	0.1287114	0.0000000	0.0000000
7000.6209600	7000.0338101	6999.8782813	0.7198372	-0.0200000	0.3364579	0.2808296	0.1273080	0.0000000	0.0000000
7000.6209600	7000.0338101	6999.8782813	0.7001568	-0.0200000	0.3160371	0.2783079	0.1258744	0.0000000	0.0000000
7000.6209600	7000.0338101	6999.8782813	0.6801428	-0.0200000	0.3377456	0.2805613	0.1256842	0.0000000	0.0000000
7000.6209600	7000.0338101	6999.8782813	0.6601288	-0.0200000	0.3101606	0.2802788	0.1274565	0.0000000	0.0000000
7000.6209600	7000.0338101	6999.8782813	0.6401147	-0.0200000	0.2774753	0.2780411	0.1281226	0.0000000	0.0000000
7000.6209600	7000.0338101	6999.8782813	0.6201007	-0.0200000	0.3351781	0.2783295	0.1280072	0.0000000	0.0000000
7000.6209600	7000.0338101	6999.8782813	0.6000867	-0.0200000	0.3277163	0.2788806	0.1222233	0.0000000	0.0000000
7000.6209600	7000.0338101	6999.8782813	0.5800727	-0.0200000	0.3541389	0.2815439	0.1231791	0.0000000	0.0000000
7000.6209600	7000.0338101	6999.8782813	0.5600587	-0.0200000	0.2766279	0.2759248	0.1186989	0.0000000	0.0000000
7000.6209600	7000.0338101	6999.8782813	0.5400447	-0.0200000	0.2431915	0.2783754	0.1210773	0.0000000	0.0000000
7000.6209600	7000.0338101	6999.8782813	0.5200307	-0.0200000	0.2928059	0.2779132	0.1237412	0.0000000	0.0000000
7000.6209600	7000.0338101	6999.8782813	0.5000167	-0.0200000	0.3355660	0.2776566	0.1234229	0.0000000	0.0000000
7000.6209600	7000.0338101	6999.8782813	0.4800027	-0.0200000	0.3716136	0.2811389	0.1251588	0.0000000	0.0000000
7000.6209600	7000.0338101	6999.8782813	0.4599887	-0.0200000	0.2851702	0.2780942	0.1214611	0.0000000	0.0000000
7000.6209600	7000.0338101	6999.8782813	0.4399746	-0.0200000	0.2662668	0.2784752	0.1221011	0.0000000	0.0000000
7000.6209600	7000.0338101	6999.8782813	0.4199606	-0.0200000	0.3219438	0.2765394	0.1245889	0.0000000	0.0000000
7000.6209600	7000.0338101	6999.8782813	0.3999466	-0.0200000	0.3784045	0.2780741	0.1270691	0.0000000	0.0000000
7000.6209600	7000.0338101	6999.8782813	0.3799326	-0.0200000	0.3913031	0.2818054	0.1287085	0.0000000	0.0000000
7000.6209600	7000.0338101	6999.8782813	0.3599186	-0.0200000	0.2667070	0.2765334	0.1222462	0.0000000	0.0000000
7000.6209600	7000.0338101	6999.8782813	0.3399046	-0.0200000	0.2774316	0.2835251	0.1274996	0.0000000	0.0000000
7000.6209600	7000.0338101	6999.8782813	0.3198906	-0.0200000	0.3417352	0.2799596	0.1233221	0.0000000	0.0000000
7000.6209600	7000.0338101	6999.8782813	0.2998766	-0.0200000	0.3643864	0.2760311	0.1263387	0.0000000	0.0000000
7000.6209600	7000.0338101	6999.8782813	0.2798626	-0.0200000	0.3754777	0.2806295	0.1287665	0.0000000	0.0000000
7000.6209600	7000.0338101	6999.8782813	0.2598486	-0.0200000	0.2810298	0.2793901	0.1273694	0.0000000	0.0000000
7000.6209600	7000.0338101	6999.8782813	0.2398346	-0.0200000	0.2580518	0.2797146	0.1223398	0.0000000	0.0000000
7000.6209600	7000.0338101	6999.8782813	0.2201541	-0.0200000	0.3451804	0.2752218	0.1290778	0.0000000	0.0000000
7000.6209600	7000.0338101	6999.8782813	0.2001401	-0.0200000	0.3787565	0.2782625	0.1299637	0.0000000	0.0000000
7000.6209600	7000.0338101	6999.8782813	0.1801261	-0.0200000	0.3606659	0.2767224	0.1279750	0.0000000	0.0000000
7000.6209600	7000.0338101	6999.8782813	0.1601121	-0.0200000	0.3117823	0.2808538	0.1311675	0.0000000	0.0000000
7000.6209600	7000.0338101	6999.8782813	0.1400981	-0.0200000	0.2877136	0.2813811	0.1274331	0.0000000	0.0000000
7000.6209600	7000.0338101	6999.8782813	0.1200841	-0.0200000	0.3511456	0.2790525	0.1276888	0.0000000	0.0000000
7000.6209600	7000.0338101	6999.8782813	0.1000700	-0.0200000	0.3286028	0.2778950	0.1237107	0.0000000	0.0000000
7000.6209600	7000.0338101	6999.8782813	0.0800560	-0.0200000	0.3579264	0.2844174	0.1282239	0.0000000	0.0000000
7000.6209600	7000.0338101	6999.8782813	0.0600420	-0.0200000	0.2719961	0.2817881	0.1269598	0.0000000	0.0000000
7000.6209600	7000.0338101	6999.8782813	0.0400280	-0.0200000	0.2874651	0.2811652	0.1296381	0.0000000	0.0000000
7000.6209600	7000.0338101	6999.8782813	0.0200140	-0.0200000	0.3703837	0.2797067	0.1274777	0.0000000	0.0000000
7000.6209600	7000.0338101	6999.8782813	0.0000000	-0.0200000	0.3829310	0.2809714	0.1283910	0.0000000	0.0000000
