7000.6209600	7000.0338101	6999.8782813	3.0001001	-0.6401147	0.0635343	0.2773517	0.1250101	0.0000000	-0.6400000
7000.6209600	7000.0338101	6999.8782813	2.9800861	-0.6400000	0.0630673	0.2769164	0.1232423	0.0000000	0.0000000
7000.6209600	7000.0338101	6999.8782813	2.9600721	-0.6400000	0.0603688	0.2756713	0.1263134	0.0000000	0.0000000
7000.6209600	7000.0338101	6999.8782813	2.9400580	-0.6400000	0.0577367	0.2762249	0.1204441	0.0000000	0.0000000
7000.6209600	7000.0338101	6999.8782813	2.9200440	-0.6400000	0.0562537	0.2777058	0.1204167	0.0000000	0.0000000
7000.6209600	7000.0338101	6999.8782813	2.9000300	-0.6400000	0.0533628	0.2770941	0.1183387	0.0000000	0.0000000
7000.6209600	7000.0338101	6999.8782813	2.8800160	-0.6400000	0.0587900	0.2773389	0.1197358	0.0000000	0.0000000
7000.6209600	7000.0338101	6999.8782813	2.8600020	-0.6400000	0.0553770	0.2764530	0.1211002	0.0000000	0.0000000
7000.6209600	7000.0338101	6999.8782813	2.8399880	-0.6400000	0.0539620	0.2770999	0.1198715	0.0000000	0.0000000
7000.6209600	7000.0338101	6999.8782813	2.8199740	-0.6400000	0.0590918	0.2789532	0.1232061	0.0000000	0.0000000
7000.6209600	7000.0338101	6999.8782813	2.7999600	-0.6400000	0.0549060	0.2770188	0.1182239	0.0000000	0.0000000
7000.6209600	7000.0338101	6999.8782813	2.7799460	-0.6400000	0.0585099	0.2777249	0.1193070	0.0000000	0.0000000
7000.6209600	7000.0338101	6999.8782813	2.7599320	-0.6400000	0.0657352	0.2754563	0.1286847	0.0000000	0.0000000
7000.6209600	7000.0338101	6999.8782813	2.7399179	-0.6400000	0.0616459	0.2733224	0.1316156	0.0000000	0.0000000
7000.6209600	7000.0338101	6999.8782813	2.7199039	-0.6400000	0.0579724	0.2757926	0.1238119	0.0000000	0.0000000
7000.6209600	7000.0338101	6999.8782813	2.6998899	-0.6400000	0.0618508	0.2773779	0.1234547	0.0000000	0.0000000
7000.6209600	7000.0338101	6999.8782813	2.6798759	-0.6400000	0.0616193	0.2747847	0.1269988	0.0000000	0.0000000
7000.6209600	7000.0338101	6999.8782813	2.6598619	-0.6400000	0.0558151	0.2757028	0.1201389	0.0000000	0.0000000
7000.6209600	7000.0338101	6999.8782813	2.6398479	-0.6400000	0.0524841	0.2751283	0.1193956	0.0000000	0.0000000
7000.6209600	7000.0338101	6999.8782813	2.6198339	-0.6400000	0.0655494	0.2764319	0.1302596	0.0000000	0.0000000
7000.6209600	7000.0338101	6999.8782813	2.6001534	-0.6400000	0.0634764	0.2770688	0.1268921	0.0000000	0.0000000
7000.6209600	7000.0338101	6999.8782813	2.5801394	-0.6400000	0.0612576	0.2776997	0.1227234	0.0000000	0.0000000
7000.6209600	7000.0338101	6999.8782813	2.5601254	-0.6400000	0.0550658	0.2756107	0.1217673	0.0000000	0.0000000
7000.6209600	7000.0338101	6999.8782813	2.5401114	-0.6400000	0.0536171	0.2778704	0.1230656	0.0000000	0.0000000
7000.6209600	7000.0338101	6999.8782813	2.5200974	-0.6400000	0.0565940	0.2747008	0.1201802	0.0000000	0.0000000
7000.6209600	7000.0338101	6999.8782813	2.5000834	-0.6400000	0.0626321	0.2766017	0.1231498	0.0000000	0.0000000
7000.6209600	7000.0338101	6999.8782813	2.4800694	-0.6400000	0.0629276	0.2758821	0.1239584	0.0000000	0.0000000
7000.6209600	7000.0338101	6999.8782813	2.4600554	-0.6400000	0.0572631	0.2778846	0.1191969	0.0000000	0.0000000
7000.6209600	7000.0338101	6999.8782813	2.4400414	-0.6400000	0.0549912	0.2775216	0.1194742	0.0000000	0.0000000
7000.6209600	7000.0338101	6999.8782813	2.4200274	-0.6400000	0.0638054	0.2782214	0.1219785	0.0000000	0.0000000
7000.6209600	7000.0338101	6999.8782813	2.4000133	-0.6400000	0.0595187	0.2774531	0.1188890	0.0000000	0.0000000
7000.6209600	7000.0338101	6999.8782813	2.3799993	-0.6400000	0.0585693	0.2749161	0.1209164	0.0000000	0.0000000
7000.6209600	7000.0338101	6999.8782813	2.3599853	-0.6400000	0.0608732	0.2767161	0.1221768	0.0000000	0.0000000
7000.6209600	7000.0338101	6999.8782813	2.3399713	-0.6400000	0.0614152	0.2774872	0.1198455	0.0000000	0.0000000
7000.6209600	7000.0338101	6999.8782813	2.3199573	-0.6400000	0.0631809	0.2768761	0.1223336	0.0000000	0.0000000
7000.6209600	7000.0338101	6999.8782813	2.2999433	-0.6400000	0.0593301	0.2768126	0.1194235	0.0000000	0.0000000
7000.6209600	7000.0338101	6999.8782813	2.2799293	-0.6400000	0.0577479	0.2764369	0.1190923	0.0000000	0.0000000
7000.6209600	7000.0338101	6999.8782813	2.2599153	-0.6400000	0.0578075	0.2773409	0.1187874	0.0000000	0.0000000
7000.6209600	7000.0338101	6999.8782813	2.2399013	-0.6400000	0.0634653	0.2753815	0.1236732	0.0000000	0.0000000
7000.6209600	7000.0338101	6999.8782813	2.2198873	-0.6400000	0.0606998	0.2747009	0.1285918	0.0000000	0.0000000
7000.6209600	7000.0338101	6999.8782813	2.1998732	-0.6400000	0.0528613	0.2770562	0.1214237	0.0000000	0.0000000
7000.6209600	7000.0338101	6999.8782813	2.1798592	-0.6400000	0.0583071	0.2761744	0.1252479	0.0000000	0.0000000
7000.6209600	7000.0338101	6999.8782813	2.1598452	-0.6400000	0.0596022	0.2736656	0.1264460	0.0000000	0.0000000
7000.6209600	7000.0338101	6999.8782813	2.1401648	-0.6400000	0.0606776	0.2746469	0.1234768	0.0000000	0.0000000
7000.6209600	7000.0338101	6999.8782813	2.1201508	-0.6400000	0.0626440	0.2746196	0.1220231	0.0000000	0.0000000
7000.6209600	7000.0338101	6999.8782813	2.1001368	-0.6400000	0.0605591	0.2741082	0.1239170	0.0000000	0.0000000
7000.6209600	7000.0338101	6999.8782813	2.0801228	-0.6400000	0.0647246	0.2748307	0.1232316	0.0000000	0.0000000
7000.6209600	7000.0338101	6999.8782813	2.0601087	-0.6400000	0.0544155	0.2746106	0.1214445	0.0000000	0.0000000
7000.6209600	7000.0338101	6999.8782813	2.0400947	-0.6400000	0.0528644	0.2738629	0.1216852	0.0000000	0.0000000
7000.6209600	7000.0338101	6999.8782813	2.0200807	-0.6400000	0.0540767	0.2762753	0.1163041	0.0000000	0.0000000
7000.6209600	7000.0338101	6999.8782813	2.0000667	-0.6400000	0.0639518	0.2781339	0.1211963	0.0000000	0.0000000
7000.6209600	7000.0338101	6999.8782813	1.9800527	-0.6400000	0.0587262	0.2778563	0.1210692	0.0000000	0.0000000
7000.6209600	7000.0338101	6999.8782813	1.9600387	-0.6400000	0.0546392	0.2759369	0.1208228	0.0000000	0.0000000
7000.6209600	7000.0338101	6999.8782813	1.9400247	-0.6400000	0.0541350	0.2744427	0.1243735	0.0000000	0.0000000
7000.6209600	7000.0338101	6999.8782813	1.9200107	-0.6400000	0.0640885	0.2750234	0.1217872	0.0000000	0.0000000
7000.6209600	7000.0338101	6999.8782813	1.8999967	-0.6400000	0.0667010	0.2766984	0.1220383	0.0000000	0.0000000
7000.6209600	7000.0338101	6999.8782813	1.8799827	-0.6400000	0.0595665	0.2758586	0.1217129	0.0000000	0.0000000
7000.6209600	7000.0338101	6999.8782813	1.8599686	-0.6400000	0.0533356	0.2745885	0.1225664	0.0000000	0.0000000
7000.6209600	7000.0338101	6999.8782813	1.8399546	-0.6400000	0.0552385	0.2763451	0.1165854	0.0000000	0.0000000
7000.6209600	7000.0338101	6999.8782813	1.8199406	-0.6400000	0.0661354	0.2741112	0.1280645	0.0000000	0.0000000
7000.6209600	7000.0338101	6999.8782813	1.7999266	-0.6400000	0.0631062	0.2744564	0.1184480	0.0000000	0.0000000
7000.6209600	7000.0338101	6999.8782813	1.7799126	-0.6400000	0.0615800	0.2764199	0.1241967	0.0000000	0.0000000
7000.6209600	7000.0338101	6999.8782813	1.7598986	-0.6400000	0.0523623	0.2747302	0.1183529	0.0000000	0.0000000
7000.6209600	7000.0338101	6999.8782813	1.7398846	-0.6400000	0.0565959	0.2768558	0.1258088	0.0000000	0.0000000
7000.6209600	7000.0338101	6999.8782813	1.7198706	-0.6400000	0.0676372	0.2762283	0.1230417	0.0000000	0.0000000
7000.6209600	7000.0338101	6999.8782813	1.6998566	-0.6400000	0.0702223	0.2733013	0.1278357	0.0000000	0.0000000
7000.6209600	7000.0338101	6999.8782813	1.6798426	-0.6400000	0.0614424	0.2776434	0.1208124	0.0000000	0.0000000
7000.6209600	7000.0338101	6999.8782813	1.6601621	-0.6400000	0.0531567	0.2755144	0.1193733	0.0000000	0.0000000
7000.6209600	7000.0338101	6999.8782813	1.6401481	-0.6400000	0.0527915	0.2746608	0.1261333	0.0000000	0.0000000
7000.6209600	7000.0338101	6999.8782813	1.6201341	-0.6400000	0.0715591	0.2754778	0.1297173	0.0000000	0.0000000
7000.6209600	7000.0338101	6999.8782813	1.6001201	-0.6400000	0.0677690	0.2773060	0.1232662	0.0000000	0.0000000
7000.6209600	7000.0338101	6999.8782813	1.5801061	-0.6400000	0.0701837	0.2779989	0.1280679	0.0000000	0.0000000
7000.6209600	7000.0338101	6999.8782813	1.5600921	-0.6400000	0.0495859	0.2756201	0.1203759	0.0000000	0.0000000
7000.6209600	7000.0338101	6999.8782813	1.5400781	-0.6400000	0.0501093	0.2783768	0.1205634	0.0000000	0.0000000
7000.6209600	7000.0338101	6999.8782813	1.5200640	-0.6400000	0.0670845	0.2747927	0.1260254	0.0000000	0.0000000
7000.6209600	7000.0338101	6999.8782813	1.5000500	-0.6400000	0.0688539	0.2745078	0.1245358	0.0000000	0.0000000
7000.6209600	7000.0338101	6999.8782813	1.4800360	-0.6400000	0.0627908	0.2767244	0.1162339	0.0000000	0.0000000
7000.6209600	7000.0338101	6999.8782813	1.4600220	-0.6400000	0.0522585	0.2753446	0.1161697	0.0000000	0.0000000
7000.6209600	7000.0338101	6999.8782813	1.4400080	-0.6400000	0.0459127	0.2765417	0.1174790	0.0000000	0.0000000
7000.6209600	7000.0338101	6999.8782813	1.4199940	-0.6400000	0.0667827	0.2756294	0.1285366	0.0000000	0.0000000
7000.6209600	7000.0338101	6999.8782813	1.3999800	-0.6400000	0.0707731	0.2751067	0.1245643	0.0000000	0.0000000
7000.6209600	7000.0338101	6999.8782813	1.3799660	-0.6400000	0.0822123	0.2748164	0.1305481	0.0000000	0.0000000
7000.6209600	7000.0338101	6999.8782813	1.3599520	-0.6400000	0.0570621	0.2743743	0.1190477	0.0000000	0.0000000
7000.6209600	7000.0338101	6999.8782813	1.3399380	-0.6400000	0.0510243	0.2762460	0.1186655	0.0000000	0.0000000
7000.6209600	7000.0338101	6999.8782813	1.3199239	-0.6400000	0.0542203	0.2734663	0.1215311	0.0000000	0.0000000
7000.6209600	7000.0338101	6999.8782813	1.2999099	-0.6400000	0.0686793	0.2760842	0.1192664	0.0000000	0.0000000
7000.6209600	7000.0338101	6999.8782813	1.2798959	-0.6400000	0.0801992	0.2751377	0.1202185	0.0000000	0.0000000
7000.6209600	7000.0338101	6999.8782813	1.2598819	-0.6400000	0.0680248	0.2771976	0.1211118	0.0000000	0.0000000
7000.6209600	7000.0338101	6999.8782813	1.2398679	-0.6400000	0.0485306	0.2771285	0.1165060	0.0000000	0.0000000
7000.6209600	7000.0338101	6999.8782813	1.2198539	-0.6400000	0.0588588	0.2784265	0.1182659	0.0000000	0.0000000
7000.6209600	7000.0338101	6999.8782813	1.1998399	-0.6400000	0.0693228	0.2739922	0.1185342	0.0000000	0.0000000
7000.6209600	7000.0338101	6999.8782813	1.1801594	-0.6400000	0.0819419	0.2769055	0.1198483	0.0000000	0.0000000
7000.6209600	7000.0338101	6999.8782813	1.1601454	-0.6400000	0.0717135	0.2759885	0.1192794	0.0000000	0.0000000
7000.6209600	7000.0338101	6999.8782813	1.1401314	-0.6400000	0.0632991	0.2766306	0.1204026	0.0000000	0.0000000
7000.6209600	7000.0338101	6999.8782813	1.1201174	-0.6400000	0.0529349	0.2789607	0.1142191	0.0000000	0.0000000
7000.6209600	7000.0338101	6999.8782813	1.1001034	-0.6400000	0.0762292	0.2739082	0.1266556	0.0000000	0.0000000
7000.6209600	7000.0338101	6999.8782813	1.0800894	-0.6400000	0.0903442	0.2736813	0.1242579	0.0000000	0.0000000
7000.6209600	7000.0338101	6999.8782813	1.0600754	-0.6400000	0.0655414	0.2759983	0.1193400	0.0000000	0.0000000
7000.6209600	7000.0338101	6999.8782813	1.0400614	-0.6400000	0.0554049	0.2778772	0.1164008	0.0000000	0.0000000
7000.6209600	7000.0338101	6999.8782813	1.0200474	-0.6400000	0.0674272	0.2753792	0.1169009	0.0000000	0.0000000
7000.6209600	7000.0338101	6999.8782813	1.0000334	-0.6400000	0.0751156	0.2765083	0.1162712	0.0000000	0.0000000
7000.6209600	7000.0338101	6999.8782813	0.9800193	-0.6400000	0.1027765	0.2771354	0.1200022	0.0000000	0.0000000
7000.6209600	7000.0338101	6999.8782813	0.9600053	-0.6400000	0.0700551	0.2743153	0.1171592	0.0000000	0.0000000
7000.6209600	7000.0338101	6999.8782813	0.9399913	-0.6400000	0.0630406	0.2775712	0.1178091	0.0000000	0.0000000
7000.6209600	7000.0338101	6999.8782813	0.9199773	-0.6400000	0.0874531	0.2766348	0.1189740	0.0000000	0.0000000
7000.6209600	7000.0338101	6999.8782813	0.8999633	-0.6400000	0.0986003	0.2751761	0.1167194	0.0000000	0.0000000
7000.6209600	7000.0338101	6999.8782813	0.8799493	-0.6400000	0.0974749	0.2791039	0.1240374	0.0000000	0.0000000
7000.6209600	7000.0338101	6999.8782813	0.8599353	-0.6400000	0.0710825	0.2760449	0.1169540	0.0000000	0.0000000
7000.6209600	7000.0338101	6999.8782813	0.8399213	-0.6400000	0.0695889	0.2748977	0.1172737	0.0000000	0.0000000
7000.6209600	7000.0338101	6999.8782813	0.8199073	-0.6400000	0.1078235	0.2741218	0.1192415	0.0000000	0.0000000
7000.6209600	7000.0338101	6999.8782813	0.7998933	-0.6400000	0.1275918	0.2777560	0.1200872	0.0000000	0.0000000
7000.6209600	7000.0338101	6999.8782813	0.7798792	-0.6400000	0.1017458	0.2771035	0.1204552	0.0000000	0.0000000
7000.6209600	7000.0338101	6999.8782813	0.7598652	-0.6400000	0.0760575	0.2832623	0.1242257	0.0000000	0.0000000
7000.6209600	7000.0338101	6999.8782813	0.7398512	-0.6400000	0.0790923	0.2765345	0.1204658	0.0000000	0.0000000
7000.6209600	7000.0338101	6999.8782813	0.7198372	-0.6400000	0.1430153	0.2778822	0.1203546	0.0000000	0.0000000
7000.6209600	7000.0338101	6999.8782813	0.7001568	-0.6400000	0.1308624	0.2772070	0.1179780	0.0000000	0.0000000
7000.6209600	7000.0338101	6999.8782813	0.6801428	-0.6400000	0.1273784	0.2777015	0.1172942	0.0000000	0.0000000
7000.6209600	7000.0338101	6999.8782813	0.6601288	-0.6400000	0.0980459	0.2765894	0.1201292	0.0000000	0.0000000
7000.6209600	7000.0338101	6999.8782813	0.6401147	-0.6400000	0.0971102	0.2761929	0.1209723	0.0000000	0.0000000
7000.6209600	7000.0338101	6999.8782813	0.6201007	-0.6400000	0.1526724	0.2732904	0.1203927	0.0000000	0.0000000
7000.6209600	7000.0338101	6999.8782813	0.6000867	-0.6400000	0.1580114	0.2759325	0.1185941	0.0000000	0.0000000
7000.6209600	7000.0338101	6999.8782813	0.5800727	-0.6400000	0.1448488	0.2758335	0.1185006	0.0000000	0.0000000
7000.6209600	7000.0338101	6999.8782813	0.5600587	-0.6400000	0.1112942	0.2742004	0.1229767	0.0000000	0.0000000
7000.6209600	7000.0338101	6999.8782813	0.5400447	-0.6400000	0.0957642	0.2779913	0.1185709	0.0000000	0.0000000
7000.6209600	7000.0338101	6999.8782813	0.5200307	-0.6400000	0.1514955	0.2776272	0.1176256	0.0000000	0.0000000
7000.6209600	7000.0338101	6999.8782813	0.5000167	-0.6400000	0.1775175	0.2762002	0.1201799	0.0000000	0.0000000
7000.6209600	7000.0338101	6999.8782813	0.4800027	-0.6400000	0.1615775	0.2766228	0.1196833	0.0000000	0.0000000
7000.6209600	7000.0338101	6999.8782813	0.4599887	-0.6400000	0.1045398	0.2758502	0.1174417	0.0000000	0.0000000
7000.6209600	7000.0338101	6999.8782813	0.4399746	-0.6400000	0.1062600	0.2753860	0.1178464	0.0000000	0.0000000
7000.6209600	7000.0338101	6999.8782813	0.4199606	-0.6400000	0.1754948	0.2778531	0.1149242	0.0000000	0.0000000
7000.6209600	7000.0338101	6999.8782813	0.3999466	-0.6400000	0.1960068	0.2766831	0.1179462	0.0000000	0.0000000
7000.6209600	7000.0338101	6999.8782813	0.3799326	-0.6400000	0.1730825	0.2756122	0.1212930	0.0000000	0.0000000
7000.6209600	7000.0338101	6999.8782813	0.3599186	-0.6400000	0.1272761	0.2748441	0.1189569	0.0000000	0.0000000
7000.6209600	7000.0338101	6999.8782813	0.3399046	-0.6400000	0.1593300	0.2785854	0.1220300	0.0000000	0.0000000
7000.6209600	7000.0338101	6999.8782813	0.3198906	-0.6400000	0.2020416	0.2766025	0.1174761	0.0000000	0.0000000
7000.6209600	7000.0338101	6999.8782813	0.2998766	-0.6400000	0.2202694	0.2767675	0.1187061	0.0000000	0.0000000
7000.6209600	7000.0338101	6999.8782813	0.2798626	-0.6400000	0.1846584	0.2747703	0.1186165	0.0000000	0.0000000
7000.6209600	7000.0338101	6999.8782813	0.2598486	-0.6400000	0.1574480	0.2772396	0.1189177	0.0000000	0.0000000
7000.6209600	7000.0338101	6999.8782813	0.2398346	-0.6400000	0.1722944	0.2784911	0.1217545	0.0000000	0.0000000
7000.6209600	7000.0338101	6999.8782813	0.2201541	-0.6400000	0.2402367	0.2752709	0.1211196	0.0000000	0.0000000
7000.6209600	7000.0338101	6999.8782813	0.2001401	-0.6400000	0.2275271	0.2764252	0.1172286	0.0000000	0.0000000
7000.6209600	7000.0338101	6999.8782813	0.1801261	-0.6400000	0.2063186	0.2761364	0.1190731	0.0000000	0.0000000
7000.6209600	7000.0338101	6999.8782813	0.1601121	-0.6400000	0.1804756	0.2752760	0.1193872	0.0000000	0.0000000
7000.6209600	7000.0338101	6999.8782813	0.1400981	-0.6400000	0.1724214	0.2751313	0.1186611	0.0000000	0.0000000
7000.6209600	7000.0338101	6999.8782813	0.1200841	-0.6400000	0.2524707	0.2772928	0.1170758	0.0000000	0.0000000
7000.6209600	7000.0338101	6999.8782813	0.1000700	-0.6400000	0.2374382	0.2756968	0.1156296	0.0000000	0.0000000
7000.6209600	7000.0338101	6999.8782813	0.0800560	-0.6400000	0.2039972	0.2745403	0.1206665	0.0000000	0.0000000
7000.6209600	7000.0338101	6999.8782813	0.0600420	-0.6400000	0.1706322	0.2738730	0.1220768	0.0000000	0.0000000
7000.6209600	7000.0338101	6999.8782813	0.0400280	-0.6400000	0.1851030	0.2737831	0.1191559	0.0000000	0.0000000
7000.6209600	7000.0338101	6999.8782813	0.0200140	-0.6400000	0.2738020	0.2748325	0.1150978	0.0000000	0.0000000
7000.6209600	7000.0338101	6999.8782813	0.0000000	-0.6400000	0.2844590	0.2760016	0.1160621	0.0000000	0.0000000
