7000.6209600	7000.0338101	6999.8782813	3.0001001	-0.8599353	0.0185233	0.2757600	0.1152927	0.0000000	-0.8600000
7000.6209600	7000.0338101	6999.8782813	2.9800861	-0.8600000	0.0196940	0.2747921	0.1156597	0.0000000	0.0000000
7000.6209600	7000.0338101	6999.8782813	2.9600721	-0.8600000	0.0201711	0.2756484	0.1156575	0.0000000	0.0000000
7000.6209600	7000.0338101	6999.8782813	2.9400580	-0.8600000	0.0210221	0.2763402	0.1177794	0.0000000	0.0000000
7000.6209600	7000.0338101	6999.8782813	2.9200440	-0.8600000	0.0197395	0.2768431	0.1170460	0.0000000	0.0000000
7000.6209600	7000.0338101	6999.8782813	2.9000300	-0.8600000	0.0227471	0.2741184	0.1272465	0.0000000	0.0000000
7000.6209600	7000.0338101	6999.8782813	2.8800160	-0.8600000	0.0261567	0.2756614	0.1317703	0.0000000	0.0000000
7000.6209600	7000.0338101	6999.8782813	2.8600020	-0.8600000	0.0235846	0.2736052	0.1287235	0.0000000	0.0000000
7000.6209600	7000.0338101	6999.8782813	2.8399880	-0.8600000	0.0205031	0.2738293	0.1217289	0.0000000	0.0000000
7000.6209600	7000.0338101	6999.8782813	2.8199740	-0.8600000	0.0213323	0.2726978	0.1252600	0.0000000	0.0000000
7000.6209600	7000.0338101	6999.8782813	2.7999600	-0.8600000	0.0200704	0.2756959	0.1170585	0.0000000	0.0000000
7000.6209600	7000.0338101	6999.8782813	2.7799460	-0.8600000	0.0217826	0.2747408	0.1186140	0.0000000	0.0000000
7000.6209600	7000.0338101	6999.8782813	2.7599320	-0.8600000	0.0220514	0.2760326	0.1172958	0.0000000	0.0000000
7000.6209600	7000.0338101	6999.8782813	2.7399179	-0.8600000	0.0213781	0.2774821	0.1181327	0.0000000	0.0000000
7000.6209600	7000.0338101	6999.8782813	2.7199039	-0.8600000	0.0215078	0.2729298	0.1272386	0.0000000	0.0000000
7000.6209600	7000.0338101	6999.8782813	2.6998899	-0.8600000	0.0225698	0.2741938	0.1252704	0.0000000	0.0000000
7000.6209600	7000.0338101	6999.8782813	2.6798759	-0.8600000	0.0204117	0.2755765	0.1157465	0.0000000	0.0000000
7000.6209600	7000.0338101	6999.8782813	2.6598619	-0.8600000	0.0177144	0.2749620	0.1103942	0.0000000	0.0000000
7000.6209600	7000.0338101	6999.8782813	2.6398479	-0.8600000	0.0209896	0.2779696	0.1189855	0.0000000	0.0000000
7000.6209600	7000.0338101	6999.8782813	2.6198339	-0.8600000	0.0210737	0.2747322	0.1209854	0.0000000	0.0000000
7000.6209600	7000.0338101	6999.8782813	2.6001534	-0.8600000	0.0185446	0.2731534	0.1201471	0.0000000	0.0000000
7000.6209600	7000.0338101	6999.8782813	2.5801394	-0.8600000	0.0217505	0.2749198	0.1239050	0.0000000	0.0000000
7000.6209600	7000.0338101	6999.8782813	2.5601254	-0.8600000	0.0228933	0.2743057	0.1247428	0.0000000	0.0000000
7000.6209600	7000.0338101	6999.8782813	2.5401114	-0.8600000	0.0186514	0.2752385	0.1147999	0.0000000	0.0000000
7000.6209600	7000.0338101	6999.8782813	2.5200974	-0.8600000	0.0142529	0.2747791	0.1135052	0.0000000	0.0000000
7000.6209600	7000.0338101	6999.8782813	2.5000834	-0.8600000	0.0144882	0.2744231	0.1123868	0.0000000	0.0000000
7000.6209600	7000.0338101	6999.8782813	2.4800694	-0.8600000	0.0227823	0.2770547	0.1189858	0.0000000	0.0000000
7000.6209600	7000.0338101	6999.8782813	2.4600554	-0.8600000	0.0222948	0.2733635	0.1191193	0.0000000	0.0000000
7000.6209600	7000.0338101	6999.8782813	2.4400414	-0.8600000	0.0199972	0.2752385	0.1175670	0.0000000	0.0000000
7000.6209600	7000.0338101	6999.8782813	2.4200274	-0.8600000	0.0179614	0.2761841	0.1145104	0.0000000	0.0000000
7000.6209600	7000.0338101	6999.8782813	2.4000133	-0.8600000	0.0173495	0.2756425	0.1123787	0.0000000	0.0000000
7000.6209600	7000.0338101	6999.8782813	2.3799993	-0.8600000	0.0215450	0.2746741	0.1184320	0.0000000	0.0000000
7000.6209600	7000.0338101	6999.8782813	2.3599853	-0.8600000	0.0179542	0.2741459	0.1196011	0.0000000	0.0000000
7000.6209600	7000.0338101	6999.8782813	2.3399713	-0.8600000	0.0204152	0.2748296	0.1192251	0.0000000	0.0000000
7000.6209600	7000.0338101	6999.8782813	2.3199573	-0.8600000	0.0240822	0.2726940	0.1238982	0.0000000	0.0000000
7000.6209600	7000.0338101	6999.8782813	2.2999433	-0.8600000	0.0213232	0.2729825	0.1232186	0.0000000	0.0000000
7000.6209600	7000.0338101	6999.8782813	2.2799293	-0.8600000	0.0210088	0.2729915	0.1228694	0.0000000	0.0000000
7000.6209600	7000.0338101	6999.8782813	2.2599153	-0.8600000	0.0156433	0.2748057	0.1117804	0.0000000	0.0000000
7000.6209600	7000.0338101	6999.8782813	2.2399013	-0.8600000	0.0197546	0.2733466	0.1224186	0.0000000	0.0000000
7000.6209600	7000.0338101	6999.8782813	2.2198873	-0.8600000	0.0199342	0.2745382	0.1212198	0.0000000	0.0000000
7000.6209600	7000.0338101	6999.8782813	2.1998732	-0.8600000	0.0190645	0.2740040	0.1203131	0.0000000	0.0000000
7000.6209600	7000.0338101	6999.8782813	2.1798592	-0.8600000	0.0202134	0.2731472	0.1220267	0.0000000	0.0000000
7000.6209600	7000.0338101	6999.8782813	2.1598452	-0.8600000	0.0240317	0.2733116	0.1237332	0.0000000	0.0000000
7000.6209600	7000.0338101	6999.8782813	2.1401648	-0.8600000	0.0215149	0.2712244	0.1247272	0.0000000	0.0000000
7000.6209600	7000.0338101	6999.8782813	2.1201508	-0.8600000	0.0211542	0.2731621	0.1254860	0.0000000	0.0000000
7000.6209600	7000.0338101	6999.8782813	2.1001368	-0.8600000	0.0224888	0.2723011	0.1265291	0.0000000	0.0000000
7000.6209600	7000.0338101	6999.8782813	2.0801228	-0.8600000	0.0201893	0.2703156	0.1233109	0.0000000	0.0000000
7000.6209600	7000.0338101	6999.8782813	2.0601087	-0.8600000	0.0249794	0.2716449	0.1286265	0.0000000	0.0000000
7000.6209600	7000.0338101	6999.8782813	2.0400947	-0.8600000	0.0200247	0.2721741	0.1174476	0.0000000	0.0000000
7000.6209600	7000.0338101	6999.8782813	2.0200807	-0.8600000	0.0204137	0.2734691	0.1193999	0.0000000	0.0000000
7000.6209600	7000.0338101	6999.8782813	2.0000667	-0.8600000	0.0199208	0.2752026	0.1160675	0.0000000	0.0000000
7000.6209600	7000.0338101	6999.8782813	1.9800527	-0.8600000	0.0236034	0.2773447	0.1200249	0.0000000	0.0000000
7000.6209600	7000.0338101	6999.8782813	1.9600387	-0.8600000	0.0226974	0.2770571	0.1179771	0.0000000	0.0000000
7000.6209600	7000.0338101	6999.8782813	1.9400247	-0.8600000	0.0216942	0.2711815	0.1270640	0.0000000	0.0000000
7000.6209600	7000.0338101	6999.8782813	1.9200107	-0.8600000	0.0176525	0.2736715	0.1122546	0.0000000	0.0000000
7000.6209600	7000.0338101	6999.8782813	1.8999967	-0.8600000	0.0198223	0.2779934	0.1148369	0.0000000	0.0000000
7000.6209600	7000.0338101	6999.8782813	1.8799827	-0.8600000	0.0243228	0.2756790	0.1177809	0.0000000	0.0000000
7000.6209600	7000.0338101	6999.8782813	1.8599686	-0.8600000	0.0214832	0.2767450	0.1159918	0.0000000	0.0000000
7000.6209600	7000.0338101	6999.8782813	1.8399546	-0.8600000	0.0184048	0.2759979	0.1143959	0.0000000	0.0000000
7000.6209600	7000.0338101	6999.8782813	1.8199406	-0.8600000	0.0168430	0.2750940	0.1162769	0.0000000	0.0000000
7000.6209600	7000.0338101	6999.8782813	1.7999266	-0.8600000	0.0178188	0.2746987	0.1121309	0.0000000	0.0000000
7000.6209600	7000.0338101	6999.8782813	1.7799126	-0.8600000	0.0240493	0.2734028	0.1155673	0.0000000	0.0000000
7000.6209600	7000.0338101	6999.8782813	1.7598986	-0.8600000	0.0219906	0.2749362	0.1158879	0.0000000	0.0000000
7000.6209600	7000.0338101	6999.8782813	1.7398846	-0.8600000	0.0206827	0.2754717	0.1173068	0.0000000	0.0000000
7000.6209600	7000.0338101	6999.8782813	1.7198706	-0.8600000	0.0191458	0.2731949	0.1253790	0.0000000	0.0000000
7000.6209600	7000.0338101	6999.8782813	1.6998566	-0.8600000	0.0212690	0.2726254	0.1271439	0.0000000	0.0000000
7000.6209600	7000.0338101	6999.8782813	1.6798426	-0.8600000	0.0271302	0.2720120	0.1191187	0.0000000	0.0000000
7000.6209600	7000.0338101	6999.8782813	1.6601621	-0.8600000	0.0255999	0.2761117	0.1171102	0.0000000	0.0000000
7000.6209600	7000.0338101	6999.8782813	1.6401481	-0.8600000	0.0202067	0.2750322	0.1132290	0.0000000	0.0000000
7000.6209600	7000.0338101	6999.8782813	1.6201341	-0.8600000	0.0185233	0.2741815	0.1240701	0.0000000	0.0000000
7000.6209600	7000.0338101	6999.8782813	1.6001201	-0.8600000	0.0155765	0.2721467	0.1157095	0.0000000	0.0000000
7000.6209600	7000.0338101	6999.8782813	1.5801061	-0.8600000	0.0230779	0.2743851	0.1169741	0.0000000	0.0000000
7000.6209600	7000.0338101	6999.8782813	1.5600921	-0.8600000	0.0278059	0.2733977	0.1237279	0.0000000	0.0000000
7000.6209600	7000.0338101	6999.8782813	1.5400781	-0.8600000	0.0272202	0.2740507	0.1251152	0.0000000	0.0000000
7000.6209600	7000.0338101	6999.8782813	1.5200640	-0.8600000	0.0159304	0.2758599	0.1151128	0.0000000	0.0000000
7000.6209600	7000.0338101	6999.8782813	1.5000500	-0.8600000	0.0144156	0.2758130	0.1146633	0.0000000	0.0000000
7000.6209600	7000.0338101	6999.8782813	1.4800360	-0.8600000	0.0191962	0.2752843	0.1117098	0.0000000	0.0000000
7000.6209600	7000.0338101	6999.8782813	1.4600220	-0.8600000	0.0255164	0.2732833	0.1145564	0.0000000	0.0000000
7000.6209600	7000.0338101	6999.8782813	1.4400080	-0.8600000	0.0282943	0.2754027	0.1182070	0.0000000	0.0000000
7000.6209600	7000.0338101	6999.8782813	1.4199940	-0.8600000	0.0153481	0.2736926	0.1149705	0.0000000	0.0000000
7000.6209600	7000.0338101	6999.8782813	1.3999800	-0.8600000	0.0129680	0.2762866	0.1131661	0.0000000	0.0000000
7000.6209600	7000.0338101	6999.8782813	1.3799660	-0.8600000	0.0194855	0.2722675	0.1170967	0.0000000	0.0000000
7000.6209600	7000.0338101	6999.8782813	1.3599520	-0.8600000	0.0293263	0.2720823	0.1210613	0.0000000	0.0000000
7000.6209600	7000.0338101	6999.8782813	1.3399380	-0.8600000	0.0290210	0.2734529	0.1213329	0.0000000	0.0000000
7000.6209600	7000.0338101	6999.8782813	1.3199239	-0.8600000	0.0150114	0.2770201	0.1186440	0.0000000	0.0000000
7000.6209600	7000.0338101	6999.8782813	1.2999099	-0.8600000	0.0108851	0.2755493	0.1165304	0.0000000	0.0000000
7000.6209600	7000.0338101	6999.8782813	1.2798959	-0.8600000	0.0198231	0.2745010	0.1168567	0.0000000	0.0000000
7000.6209600	7000.0338101	6999.8782813	1.2598819	-0.8600000	0.0266903	0.2743104	0.1143427	0.0000000	0.0000000
7000.6209600	7000.0338101	6999.8782813	1.2398679	-0.8600000	0.0303976	0.2736250	0.1202556	0.0000000	0.0000000
7000.6209600	7000.0338101	6999.8782813	1.2198539	-0.8600000	0.0145413	0.2784705	0.1175953	0.0000000	0.0000000
7000.6209600	7000.0338101	6999.8782813	1.1998399	-0.8600000	0.0155747	0.2732511	0.1162000	0.0000000	0.0000000
7000.6209600	7000.0338101	6999.8782813	1.1801594	-0.8600000	0.0182635	0.2725842	0.1164768	0.0000000	0.0000000
7000.6209600	7000.0338101	6999.8782813	1.1601454	-0.8600000	0.0298606	0.2735319	0.1157936	0.0000000	0.0000000
7000.6209600	7000.0338101	6999.8782813	1.1401314	-0.8600000	0.0330028	0.2752271	0.1155238	0.0000000	0.0000000
7000.6209600	7000.0338101	6999.8782813	1.1201174	-0.8600000	0.0161285	0.2733871	0.1151207	0.0000000	0.0000000
7000.6209600	7000.0338101	6999.8782813	1.1001034	-0.8600000	0.0137450	0.2733834	0.1175598	0.0000000	0.0000000
7000.6209600	7000.0338101	6999.8782813	1.0800894	-0.8600000	0.0218682	0.2757518	0.1166110	0.0000000	0.0000000
7000.6209600	7000.0338101	6999.8782813	1.0600754	-0.8600000	0.0399890	0.2743207	0.1229102	0.0000000	0.0000000
7000.6209600	7000.0338101	6999.8782813	1.0400614	-0.8600000	0.0464729	0.2722882	0.1302898	0.0000000	0.0000000
7000.6209600	7000.0338101	6999.8782813	1.0200474	-0.8600000	0.0180162	0.2724008	0.1272889	0.0000000	0.0000000
7000.6209600	7000.0338101	6999.8782813	1.0000334	-0.8600000	0.0080955	0.2751504	0.1086125	0.0000000	0.0000000
7000.6209600	7000.0338101	6999.8782813	0.9800193	-0.8600000	0.0252903	0.2746155	0.1225194	0.0000000	0.0000000
7000.6209600	7000.0338101	6999.8782813	0.9600053	-0.8600000	0.0446989	0.2725636	0.1258202	0.0000000	0.0000000
7000.6209600	7000.0338101	6999.8782813	0.9399913	-0.8600000	0.0346415	0.2744631	0.1163055	0.0000000	0.0000000
7000.6209600	7000.0338101	6999.8782813	0.9199773	-0.8600000	0.0139927	0.2746837	0.1168173	0.0000000	0.0000000
7000.6209600	7000.0338101	6999.8782813	0.8999633	-0.8600000	0.0153445	0.2750642	0.1160316	0.0000000	0.0000000
7000.6209600	7000.0338101	6999.8782813	0.8799493	-0.8600000	0.0309409	0.2721591	0.1150549	0.0000000	0.0000000
7000.6209600	7000.0338101	6999.8782813	0.8599353	-0.8600000	0.0426082	0.2746125	0.1146357	0.0000000	0.0000000
7000.6209600	7000.0338101	6999.8782813	0.8399213	-0.8600000	0.0379344	0.2732972	0.1169252	0.0000000	0.0000000
7000.6209600	7000.0338101	6999.8782813	0.8199073	-0.8600000	0.0159508	0.2721293	0.1236146	0.0000000	0.0000000
7000.6209600	7000.0338101	6999.8782813	0.7998933	-0.8600000	0.0242219	0.2726497	0.1210103	0.0000000	0.0000000
7000.6209600	7000.0338101	6999.8782813	0.7798792	-0.8600000	0.0490714	0.2719814	0.1251919	0.0000000	0.0000000
7000.6209600	7000.0338101	6999.8782813	0.7598652	-0.8600000	0.0487998	0.2762892	0.1150911	0.0000000	0.0000000
7000.6209600	7000.0338101	6999.8782813	0.7398512	-0.8600000	0.0440660	0.2705221	0.1249558	0.0000000	0.0000000
7000.6209600	7000.0338101	6999.8782813	0.7198372	-0.8600000	0.0192039	0.2741113	0.1147026	0.0000000	0.0000000
7000.6209600	7000.0338101	6999.8782813	0.7001568	-0.8600000	0.0218571	0.2749698	0.1153007	0.0000000	0.0000000
7000.6209600	7000.0338101	6999.8782813	0.6801428	-0.8600000	0.0516184	0.2747915	0.1189279	0.0000000	0.0000000
7000.6209600	7000.0338101	6999.8782813	0.6601288	-0.8600000	0.0566176	0.2744857	0.1125045	0.0000000	0.0000000
7000.6209600	7000.0338101	6999.8782813	0.6401147	-0.8600000	0.0550443	0.2747338	0.1171121	0.0000000	0.0000000
7000.6209600	7000.0338101	6999.8782813	0.6201007	-0.8600000	0.0353865	0.2731272	0.1149720	0.0000000	0.0000000
7000.6209600	7000.0338101	6999.8782813	0.6000867	-0.8600000	0.0404794	0.2719038	0.1181282	0.0000000	0.0000000
7000.6209600	7000.0338101	6999.8782813	0.5800727	-0.8600000	0.0645767	0.2732927	0.1174670	0.0000000	0.0000000
7000.6209600	7000.0338101	6999.8782813	0.5600587	-0.8600000	0.0661078	0.2757823	0.1152948	0.0000000	0.0000000
7000.6209600	7000.0338101	6999.8782813	0.5400447	-0.8600000	0.0696964	0.2764747	0.1159817	0.0000000	0.0000000
7000.6209600	7000.0338101	6999.8782813	0.5200307	-0.8600000	0.0423577	0.2723346	0.1186038	0.0000000	0.0000000
7000.6209600	7000.0338101	6999.8782813	0.5000167	-0.8600000	0.0440159	0.2730509	0.1165310	0.0000000	0.0000000
7000.6209600	7000.0338101	6999.8782813	0.4800027	-0.8600000	0.0856532	0.2760159	0.1192610	0.0000000	0.0000000
7000.6209600	7000.0338101	6999.8782813	0.4599887	-0.8600000	0.0844998	0.2735786	0.1218313	0.0000000	0.0000000
7000.6209600	7000.0338101	6999.8782813	0.4399746	-0.8600000	0.0698730	0.2738669	0.1179237	0.0000000	0.0000000
7000.6209600	7000.0338101	6999.8782813	0.4199606	-0.8600000	0.0483763	0.2730496	0.1197887	0.0000000	0.0000000
7000.6209600	7000.0338101	6999.8782813	0.3999466	-0.8600000	0.0683402	0.2703607	0.1264099	0.0000000	0.0000000
7000.6209600	7000.0338101	6999.8782813	0.3799326	-0.8600000	0.1129331	0.2707181	0.1261089	0.0000000	0.0000000
7000.6209600	7000.0338101	6999.8782813	0.3599186	-0.8600000	0.1021849	0.2713195	0.1219763	0.0000000	0.0000000
7000.6209600	7000.0338101	6999.8782813	0.3399046	-0.8600000	0.0778861	0.2760513	0.1107744	0.0000000	0.0000000
7000.6209600	7000.0338101	6999.8782813	0.3198906	-0.8600000	0.0776958	0.2711284	0.1214675	0.0000000	0.0000000
7000.6209600	7000.0338101	6999.8782813	0.2998766	-0.8600000	0.0979578	0.2722728	0.1229534	0.0000000	0.0000000
7000.6209600	7000.0338101	6999.8782813	0.2798626	-0.8600000	0.1388569	0.2712428	0.1272571	0.0000000	0.0000000
7000.6209600	7000.0338101	6999.8782813	0.2598486	-0.8600000	0.1219188	0.2706279	0.1263706	0.0000000	0.0000000
7000.6209600	7000.0338101	6999.8782813	0.2398346	-0.8600000	0.1185261	0.2724894	0.1279253	0.0000000	0.0000000
7000.6209600	7000.0338101	6999.8782813	0.2201541	-0.8600000	0.1002061	0.2717325	0.1187720	0.0000000	0.0000000
7000.6209600	7000.0338101	6999.8782813	0.2001401	-0.8600000	0.1138314	0.2720558	0.1247520	0.0000000	0.0000000
7000.6209600	7000.0338101	6999.8782813	0.1801261	-0.8600000	0.1507834	0.2724717	0.1139862	0.0000000	0.0000000
7000.6209600	7000.0338101	6999.8782813	0.1601121	-0.8600000	0.1410338	0.2740912	0.1169755	0.0000000	0.0000000
7000.6209600	7000.0338101	6999.8782813	0.1400981	-0.8600000	0.1326875	0.2714904	0.1241437	0.0000000	0.0000000
7000.6209600	7000.0338101	6999.8782813	0.1200841	-0.8600000	0.1454464	0.2719174	0.1277972	0.0000000	0.0000000
7000.6209600	7000.0338101	6999.8782813	0.1000700	-0.8600000	0.1492002	0.2728605	0.1166707	0.0000000	0.0000000
7000.6209600	7000.0338101	6999.8782813	0.0800560	-0.8600000	0.1650101	0.2703923	0.1236039	0.0000000	0.0000000
7000.6209600	7000.0338101	6999.8782813	0.0600420	-0.8600000	0.1540382	0.2721500	0.1229308	0.0000000	0.0000000
7000.6209600	7000.0338101	6999.8782813	0.0400280	-0.8600000	0.1548381	0.2720397	0.1277537	0.0000000	0.0000000
7000.6209600	7000.0338101	6999.8782813	0.0200140	-0.8600000	0.1389360	0.2703054	0.1248275	0.0000000	0.0000000
7000.6209600	7000.0338101	6999.8782813	0.0000000	-0.8600000	0.1426707	0.2731771	0.1189644	0.0000000	0.0000000
