7000.6209600	7000.0338101	6999.8782813	3.0001001	0.2598486	0.2625228	0.2796442	0.1283751	0.0000000	0.2600000
7000.6209600	7000.0338101	6999.8782813	2.9800861	0.2600000	0.2553571	0.2806045	0.1262258	0.0000000	0.0000000
7000.6209600	7000.0338101	6999.8782813	2.9600721	0.2600000	0.2779838	0.2807546	0.1326003	0.0000000	0.0000000
7000.6209600	7000.0338101	6999.8782813	2.9400580	0.2600000	0.2608983	0.2804476	0.1282434	0.0000000	0.0000000
7000.6209600	7000.0338101	6999.8782813	2.9200440	0.2600000	0.2674327	0.2832983	0.1287518	0.0000000	0.0000000
7000.6209600	7000.0338101	6999.8782813	2.9000300	0.2600000	0.2637834	0.2811602	0.1297444	0.0000000	0.0000000
7000.6209600	7000.0338101	6999.8782813	2.8800160	0.2600000	0.2627961	0.2791366	0.1278983	0.0000000	0.0000000
7000.6209600	7000.0338101	6999.8782813	2.8600020	0.2600000	0.2877112	0.2817928	0.1301359	0.0000000	0.0000000
7000.6209600	7000.0338101	6999.8782813	2.8399880	0.2600000	0.2687018	0.2791676	0.1269719	0.0000000	0.0000000
7000.6209600	7000.0338101	6999.8782813	2.8199740	0.2600000	0.2816895	0.2824142	0.1318212	0.0000000	0.0000000
7000.6209600	7000.0338101	6999.8782813	2.7999600	0.2600000	0.2625801	0.2801097	0.1279934	0.0000000	0.0000000
7000.6209600	7000.0338101	6999.8782813	2.7799460	0.2600000	0.2654492	0.2772865	0.1263682	0.0000000	0.0000000
7000.6209600	7000.0338101	6999.8782813	2.7599320	0.2600000	0.2716431	0.2791732	0.1259138	0.0000000	0.0000000
7000.6209600	7000.0338101	6999.8782813	2.7399179	0.2600000	0.2743369	0.2795933	0.1311915	0.0000000	0.0000000
7000.6209600	7000.0338101	6999.8782813	2.7199039	0.2600000	0.2786372	0.2808541	0.1305032	0.0000000	0.0000000
7000.6209600	7000.0338101	6999.8782813	2.6998899	0.2600000	0.2566740	0.2787720	0.1263282	0.0000000	0.0000000
7000.6209600	7000.0338101	6999.8782813	2.6798759	0.2600000	0.2749650	0.2804056	0.1291479	0.0000000	0.0000000
7000.6209600	7000.0338101	6999.8782813	2.6598619	0.2600000	0.2730494	0.2801440	0.1258632	0.0000000	0.0000000
7000.6209600	7000.0338101	6999.8782813	2.6398479	0.2600000	0.2650442	0.2777808	0.1260071	0.0000000	0.0000000
7000.6209600	7000.0338101	6999.8782813	2.6198339	0.2600000	0.2476033	0.2772294	0.1229469	0.0000000	0.0000000
7000.6209600	7000.0338101	6999.8782813	2.6001534	0.2600000	0.2535105	0.2785638	0.1228228	0.0000000	0.0000000
7000.6209600	7000.0338101	6999.8782813	2.5801394	0.2600000	0.2613121	0.2772579	0.1230652	0.0000000	0.0000000
7000.6209600	7000.0338101	6999.8782813	2.5601254	0.2600000	0.2723519	0.2792915	0.1236727	0.0000000	0.0000000
7000.6209600	7000.0338101	6999.8782813	2.5401114	0.2600000	0.2627504	0.2766354	0.1231395	0.0000000	0.0000000
7000.6209600	7000.0338101	6999.8782813	2.5200974	0.2600000	0.2675663	0.2796823	0.1282881	0.0000000	0.0000000
7000.6209600	7000.0338101	6999.8782813	2.5000834	0.2600000	0.2782870	0.2771802	0.1272375	0.0000000	0.0000000
7000.6209600	7000.0338101	6999.8782813	2.4800694	0.2600000	0.2817717	0.2796479	0.1277681	0.0000000	0.0000000
7000.6209600	7000.0338101	6999.8782813	2.4600554	0.2600000	0.2794755	0.2783556	0.1286970	0.0000000	0.0000000
7000.6209600	7000.0338101	6999.8782813	2.4400414	0.2600000	0.2672197	0.2775933	0.1271052	0.0000000	0.0000000
7000.6209600	7000.0338101	6999.8782813	2.4200274	0.2600000	0.2764497	0.2791365	0.1276918	0.0000000	0.0000000
7000.6209600	7000.0338101	6999.8782813	2.4000133	0.2600000	0.2709740	0.2791597	0.1249287	0.0000000	0.0000000
7000.6209600	7000.0338101	6999.8782813	2.3799993	0.2600000	0.2642631	0.2781851	0.1252356	0.0000000	0.0000000
7000.6209600	7000.0338101	6999.8782813	2.3599853	0.2600000	0.2543218	0.2787605	0.1248036	0.0000000	0.0000000
7000.6209600	7000.0338101	6999.8782813	2.3399713	0.2600000	0.2807372	0.2821471	0.1295879	0.0000000	0.0000000
7000.6209600	7000.0338101	6999.8782813	2.3199573	0.2600000	0.2655431	0.2763408	0.1255667	0.0000000	0.0000000
7000.6209600	7000.0338101	6999.8782813	2.2999433	0.2600000	0.2755336	0.2785942	0.1265946	0.0000000	0.0000000
7000.6209600	7000.0338101	6999.8782813	2.2799293	0.2600000	0.2674197	0.2788374	0.1260544	0.0000000	0.0000000
7000.6209600	7000.0338101	6999.8782813	2.2599153	0.2600000	0.2636545	0.2788811	0.1214252	0.0000000	0.0000000
7000.6209600	7000.0338101	6999.8782813	2.2399013	0.2600000	0.2708479	0.2795188	0.1258307	0.0000000	0.0000000
7000.6209600	7000.0338101	6999.8782813	2.2198873	0.2600000	0.2732770	0.2797441	0.1265613	0.0000000	0.0000000
7000.6209600	7000.0338101	6999.8782813	2.1998732	0.2600000	0.2742667	0.2790548	0.1276166	0.0000000	0.0000000
7000.6209600	7000.0338101	6999.8782813	2.1798592	0.2600000	0.2808113	0.2797869	0.1266014	0.0000000	0.0000000
7000.6209600	7000.0338101	6999.8782813	2.1598452	0.2600000	0.3001326	0.2810363	0.1315775	0.0000000	0.0000000
7000.6209600	7000.0338101	6999.8782813	2.1401648	0.2600000	0.2929991	0.2794664	0.1276821	0.0000000	0.0000000
7000.6209600	7000.0338101	6999.8782813	2.1201508	0.2600000	0.2627648	0.2799620	0.1232112	0.0000000	0.0000000
7000.6209600	7000.0338101	6999.8782813	2.1001368	0.2600000	0.2637605	0.2784335	0.1235138	0.0000000	0.0000000
7000.6209600	7000.0338101	6999.8782813	2.0801228	0.2600000	0.2816046	0.2789318	0.1277725	0.0000000	0.0000000
7000.6209600	7000.0338101	6999.8782813	2.0601087	0.2600000	0.3040449	0.2786078	0.1337471	0.0000000	0.0000000
7000.6209600	7000.0338101	6999.8782813	2.0400947	0.2600000	0.2915488	0.2782384	0.1300975	0.0000000	0.0000000
7000.6209600	7000.0338101	6999.8782813	2.0200807	0.2600000	0.2900900	0.2799712	0.1308240	0.0000000	0.0000000
7000.6209600	7000.0338101	6999.8782813	2.0000667	0.2600000	0.2690393	0.2768916	0.1253203	0.0000000	0.0000000
7000.6209600	7000.0338101	6999.8782813	1.9800527	0.2600000	0.2739139	0.2783252	0.1227388	0.0000000	0.0000000
7000.6209600	7000.0338101	6999.8782813	1.9600387	0.2600000	0.2769929	0.2776892	0.1239897	0.0000000	0.0000000
7000.6209600	7000.0338101	6999.8782813	1.9400247	0.2600000	0.2597745	0.2764230	0.1243215	0.0000000	0.0000000
7000.6209600	7000.0338101	6999.8782813	1.9200107	0.2600000	0.2611960	0.2771471	0.1254814	0.0000000	0.0000000
7000.6209600	7000.0338101	6999.8782813	1.8999967	0.2600000	0.2716688	0.2778488	0.1262845	0.0000000	0.0000000
7000.6209600	7000.0338101	6999.8782813	1.8799827	0.2600000	0.3083927	0.2794219	0.1312778	0.0000000	0.0000000
7000.6209600	7000.0338101	6999.8782813	1.8599686	0.2600000	0.2857841	0.2790686	0.1270564	0.0000000	0.0000000
7000.6209600	7000.0338101	6999.8782813	1.8399546	0.2600000	0.2776563	0.2803386	0.1301995	0.0000000	0.0000000
7000.6209600	7000.0338101	6999.8782813	1.8199406	0.2600000	0.2881780	0.2783802	0.1321517	0.0000000	0.0000000
7000.6209600	7000.0338101	6999.8782813	1.7999266	0.2600000	0.2824315	0.2768760	0.1285353	0.0000000	0.0000000
7000.6209600	7000.0338101	6999.8782813	1.7799126	0.2600000	0.3063699	0.2801636	0.1307156	0.0000000	0.0000000
7000.6209600	7000.0338101	6999.8782813	1.7598986	0.2600000	0.3009062	0.2807415	0.1307383	0.0000000	0.0000000
7000.6209600	7000.0338101	6999.8782813	1.7398846	0.2600000	0.2772861	0.2808276	0.1262230	0.0000000	0.0000000
7000.6209600	7000.0338101	6999.8782813	1.7198706	0.2600000	0.2844974	0.2812004	0.1303726	0.0000000	0.0000000
7000.6209600	7000.0338101	6999.8782813	1.6998566	0.2600000	0.2861638	0.2782897	0.1288690	0.0000000	0.0000000
7000.6209600	7000.0338101	6999.8782813	1.6798426	0.2600000	0.3009425	0.2790438	0.1245162	0.0000000	0.0000000
7000.6209600	7000.0338101	6999.8782813	1.6601621	0.2600000	0.3001868	0.2792859	0.1287589	0.0000000	0.0000000
7000.6209600	7000.0338101	6999.8782813	1.6401481	0.2600000	0.2872104	0.2797224	0.1282916	0.0000000	0.0000000
7000.6209600	7000.0338101	6999.8782813	1.6201341	0.2600000	0.2771373	0.2786224	0.1266682	0.0000000	0.0000000
7000.6209600	7000.0338101	6999.8782813	1.6001201	0.2600000	0.2711514	0.2795431	0.1273485	0.0000000	0.0000000
7000.6209600	7000.0338101	6999.8782813	1.5801061	0.2600000	0.2919004	0.2784229	0.1261167	0.0000000	0.0000000
7000.6209600	7000.0338101	6999.8782813	1.5600921	0.2600000	0.3218810	0.2803923	0.1286815	0.0000000	0.0000000
7000.6209600	7000.0338101	6999.8782813	1.5400781	0.2600000	0.3112645	0.2801685	0.1272251	0.0000000	0.0000000
7000.6209600	7000.0338101	6999.8782813	1.5200640	0.2600000	0.2735740	0.2792141	0.1271954	0.0000000	0.0000000
7000.6209600	7000.0338101	6999.8782813	1.5000500	0.2600000	0.2923130	0.2809772	0.1330010	0.0000000	0.0000000
7000.6209600	7000.0338101	6999.8782813	1.4800360	0.2600000	0.3222350	0.2809696	0.1325670	0.0000000	0.0000000
7000.6209600	7000.0338101	6999.8782813	1.4600220	0.2600000	0.3318214	0.2779165	0.1288406	0.0000000	0.0000000
7000.6209600	7000.0338101	6999.8782813	1.4400080	0.2600000	0.3080359	0.2776022	0.1262031	0.0000000	0.0000000
7000.6209600	7000.0338101	6999.8782813	1.4199940	0.2600000	0.2733062	0.2775199	0.1282832	0.0000000	0.0000000
7000.6209600	7000.0338101	6999.8782813	1.3999800	0.2600000	0.2721536	0.2808486	0.1311447	0.0000000	0.0000000
7000.6209600	7000.0338101	6999.8782813	1.3799660	0.2600000	0.3329712	0.2803391	0.1365729	0.0000000	0.0000000
7000.6209600	7000.0338101	6999.8782813	1.3599520	0.2600000	0.3421160	0.2779653	0.1304915	0.0000000	0.0000000
7000.6209600	7000.0338101	6999.8782813	1.3399380	0.2600000	0.3203422	0.2786494	0.1271582	0.0000000	0.0000000
7000.6209600	7000.0338101	6999.8782813	1.3199239	0.2600000	0.2643933	0.2787546	0.1248171	0.0000000	0.0000000
7000.6209600	7000.0338101	6999.8782813	1.2999099	0.2600000	0.2476650	0.2772330	0.1248898	0.0000000	0.0000000
7000.6209600	7000.0338101	6999.8782813	1.2798959	0.2600000	0.3247504	0.2806666	0.1311763	0.0000000	0.0000000
7000.6209600	7000.0338101	6999.8782813	1.2598819	0.2600000	0.3424797	0.2793828	0.1286167	0.0000000	0.0000000
7000.6209600	7000.0338101	6999.8782813	1.2398679	0.2600000	0.3429185	0.2814894	0.1272335	0.0000000	0.0000000
7000.6209600	7000.0338101	6999.8782813	1.2198539	0.2600000	0.2829175	0.2797369	0.1260925	0.0000000	0.0000000
7000.6209600	7000.0338101	6999.8782813	1.1998399	0.2600000	0.2815327	0.2795912	0.1301852	0.0000000	0.0000000
7000.6209600	7000.0338101	6999.8782813	1.1801594	0.2600000	0.2862615	0.2767029	0.1301804	0.0000000	0.0000000
7000.6209600	7000.0338101	6999.8782813	1.1601454	0.2600000	0.3144518	0.2782128	0.1262228	0.0000000	0.0000000
7000.6209600	7000.0338101	6999.8782813	1.1401314	0.2600000	0.3353690	0.2791981	0.1254370	0.0000000	0.0000000
7000.6209600	7000.0338101	6999.8782813	1.1201174	0.2600000	0.2691830	0.2771852	0.1286223	0.0000000	0.0000000
7000.6209600	7000.0338101	6999.8782813	1.1001034	0.2600000	0.2668392	0.2774595	0.1282513	0.0000000	0.0000000
7000.6209600	7000.0338101	6999.8782813	1.0800894	0.2600000	0.2831390	0.2778922	0.1251229	0.0000000	0.0000000
7000.6209600	7000.0338101	6999.8782813	1.0600754	0.2600000	0.3169268	0.2773431	0.1220005	0.0000000	0.0000000
7000.6209600	7000.0338101	6999.8782813	1.0400614	0.2600000	0.3098181	0.2801979	0.1252843	0.0000000	0.0000000
7000.6209600	7000.0338101	6999.8782813	1.0200474	0.2600000	0.2807682	0.2767284	0.1333876	0.0000000	0.0000000
7000.6209600	7000.0338101	6999.8782813	1.0000334	0.2600000	0.2720674	0.2765751	0.1282008	0.0000000	0.0000000
7000.6209600	7000.0338101	6999.8782813	0.9800193	0.2600000	0.3330369	0.2812678	0.1309994	0.0000000	0.0000000
7000.6209600	7000.0338101	6999.8782813	0.9600053	0.2600000	0.3431769	0.2785638	0.1255122	0.0000000	0.0000000
7000.6209600	7000.0338101	6999.8782813	0.9399913	0.2600000	0.3392797	0.2785764	0.1252089	0.0000000	0.0000000
7000.6209600	7000.0338101	6999.8782813	0.9199773	0.2600000	0.2636245	0.2804342	0.1258136	0.0000000	0.0000000
7000.6209600	7000.0338101	6999.8782813	0.8999633	0.2600000	0.2613467	0.2766482	0.1252687	0.0000000	0.0000000
7000.6209600	7000.0338101	6999.8782813	0.8799493	0.2600000	0.3246075	0.2806708	0.1260845	0.0000000	0.0000000
7000.6209600	7000.0338101	6999.8782813	0.8599353	0.2600000	0.3517415	0.2820619	0.1280414	0.0000000	0.0000000
7000.6209600	7000.0338101	6999.8782813	0.8399213	0.2600000	0.3209438	0.2796456	0.1273719	0.0000000	0.0000000
7000.6209600	7000.0338101	6999.8782813	0.8199073	0.2600000	0.2786624	0.2763510	0.1274077	0.0000000	0.0000000
7000.6209600	7000.0338101	6999.8782813	0.7998933	0.2600000	0.2768207	0.2767970	0.1290493	0.0000000	0.0000000
7000.6209600	7000.0338101	6999.8782813	0.7798792	0.2600000	0.3519335	0.2791918	0.1249061	0.0000000	0.0000000
7000.6209600	7000.0338101	6999.8782813	0.7598652	0.2600000	0.3189399	0.2773384	0.1240520	0.0000000	0.0000000
7000.6209600	7000.0338101	6999.8782813	0.7398512	0.2600000	0.3076804	0.2782144	0.1232949	0.0000000	0.0000000
7000.6209600	7000.0338101	6999.8782813	0.7198372	0.2600000	0.2754109	0.2799542	0.1245896	0.0000000	0.0000000
7000.6209600	7000.0338101	6999.8782813	0.7001568	0.2600000	0.2696483	0.2786172	0.1282687	0.0000000	0.0000000
7000.6209600	7000.0338101	6999.8782813	0.6801428	0.2600000	0.3610245	0.2782158	0.1297767	0.0000000	0.0000000
7000.6209600	7000.0338101	6999.8782813	0.6601288	0.2600000	0.3508304	0.2780626	0.1285181	0.0000000	0.0000000
7000.6209600	7000.0338101	6999.8782813	0.6401147	0.2600000	0.2975585	0.2782469	0.1257859	0.0000000	0.0000000
7000.6209600	7000.0338101	6999.8782813	0.6201007	0.2600000	0.2463663	0.2780247	0.1217864	0.0000000	0.0000000
7000.6209600	7000.0338101	6999.8782813	0.6000867	0.2600000	0.2658079	0.2783651	0.1259913	0.0000000	0.0000000
7000.6209600	7000.0338101	6999.8782813	0.5800727	0.2600000	0.3499542	0.2764573	0.1310380	0.0000000	0.0000000
7000.6209600	7000.0338101	6999.8782813	0.5600587	0.2600000	0.3390839	0.2791257	0.1289862	0.0000000	0.0000000
7000.6209600	7000.0338101	6999.8782813	0.5400447	0.2600000	0.3114862	0.2804967	0.1255653	0.0000000	0.0000000
7000.6209600	7000.0338101	6999.8782813	0.5200307	0.2600000	0.2775742	0.2802126	0.1285090	0.0000000	0.0000000
7000.6209600	7000.0338101	6999.8782813	0.5000167	0.2600000	0.3202576	0.2802747	0.1325438	0.0000000	0.0000000
7000.6209600	7000.0338101	6999.8782813	0.4800027	0.2600000	0.3597668	0.2785110	0.1316727	0.0000000	0.0000000
7000.6209600	7000.0338101	6999.8782813	0.4599887	0.2600000	0.3439711	0.2813489	0.1274233	0.0000000	0.0000000
7000.6209600	7000.0338101	6999.8782813	0.4399746	0.2600000	0.3113253	0.2774690	0.1294862	0.0000000	0.0000000
7000.6209600	7000.0338101	6999.8782813	0.4199606	0.2600000	0.2699285	0.2796604	0.1255029	0.0000000	0.0000000
7000.6209600	7000.0338101	6999.8782813	0.3999466	0.2600000	0.2813405	0.2769359	0.1267833	0.0000000	0.0000000
7000.6209600	7000.0338101	6999.8782813	0.3799326	0.2600000	0.3530244	0.2786373	0.1248502	0.0000000	0.0000000
7000.6209600	7000.0338101	6999.8782813	0.3599186	0.2600000	0.2871060	0.2792036	0.1237335	0.0000000	0.0000000
7000.6209600	7000.0338101	6999.8782813	0.3399046	0.2600000	0.2687131	0.2766853	0.1290850	0.0000000	0.0000000
7000.6209600	7000.0338101	6999.8782813	0.3198906	0.2600000	0.2807983	0.2762990	0.1307876	0.0000000	0.0000000
7000.6209600	7000.0338101	6999.8782813	0.2998766	0.2600000	0.3069104	0.2759744	0.1313252	0.0000000	0.0000000
7000.6209600	7000.0338101	6999.8782813	0.2798626	0.2600000	0.3398401	0.2773014	0.1265076	0.0000000	0.0000000
7000.6209600	7000.0338101	6999.8782813	0.2598486	0.2600000	0.2761296	0.2793761	0.1266855	0.0000000	0.0000000
7000.6209600	7000.0338101	6999.8782813	0.2398346	0.2600000	0.2382235	0.2785424	0.1260013	0.0000000	0.0000000
7000.6209600	7000.0338101	6999.8782813	0.2201541	0.2600000	0.2571544	0.2816302	0.1243649	0.0000000	0.0000000
7000.6209600	7000.0338101	6999.8782813	0.2001401	0.2600000	0.2931256	0.2778053	0.1280024	0.0000000	0.0000000
7000.6209600	7000.0338101	6999.8782813	0.1801261	0.2600000	0.3497972	0.2764041	0.1342997	0.0000000	0.0000000
7000.6209600	7000.0338101	6999.8782813	0.1601121	0.2600000	0.2458270	0.2776599	0.1213990	0.0000000	0.0000000
7000.6209600	7000.0338101	6999.8782813	0.1400981	0.2600000	0.2368885	0.2772811	0.1277111	0.0000000	0.0000000
7000.6209600	7000.0338101	6999.8782813	0.1200841	0.2600000	0.2710082	0.2797241	0.1244348	0.0000000	0.0000000
7000.6209600	7000.0338101	6999.8782813	0.1000700	0.2600000	0.2807051	0.2761399	0.1270587	0.0000000	0.0000000
7000.6209600	7000.0338101	6999.8782813	0.0800560	0.2600000	0.3061178	0.2784972	0.1251910	0.0000000	0.0000000
7000.6209600	7000.0338101	6999.8782813	0.0600420	0.2600000	0.2682854	0.2797638	0.1277531	0.0000000	0.0000000
7000.6209600	7000.0338101	6999.8782813	0.0400280	0.2600000	0.2141528	0.2782283	0.1224275	0.0000000	0.0000000
7000.6209600	7000.0338101	6999.8782813	0.0200140	0.2600000	0.2344254	0.2777152	0.1288921	0.0000000	0.0000000
7000.6209600	7000.0338101	6999.8782813	0.0000000	0.2600000	0.2368335	0.2758895	0.1228121	0.0000000	0.0000000
