7000.6209600	7000.0338101	6999.8782813	3.0001001	-0.2001401	0.1744838	0.2758036	0.1222944	0.0000000	-0.2000000
7000.6209600	7000.0338101	6999.8782813	2.9800861	-0.2000000	0.1738190	0.2756617	0.1250446	0.0000000	0.0000000
7000.6209600	7000.0338101	6999.8782813	2.9600721	-0.2000000	0.1812947	0.2796232	0.1236633	0.0000000	0.0000000
7000.6209600	7000.0338101	6999.8782813	2.9400580	-0.2000000	0.1817263	0.2799095	0.1254017	0.0000000	0.0000000
7000.6209600	7000.0338101	6999.8782813	2.9200440	-0.2000000	0.1815608	0.2773459	0.1236106	0.0000000	0.0000000
7000.6209600	7000.0338101	6999.8782813	2.9000300	-0.2000000	0.1903795	0.2781714	0.1263335	0.0000000	0.0000000
7000.6209600	7000.0338101	6999.8782813	2.8800160	-0.2000000	0.1820903	0.2799922	0.1240745	0.0000000	0.0000000
7000.6209600	7000.0338101	6999.8782813	2.8600020	-0.2000000	0.1763069	0.2777870	0.1223588	0.0000000	0.0000000
7000.6209600	7000.0338101	6999.8782813	2.8399880	-0.2000000	0.1804878	0.2775140	0.1246643	0.0000000	0.0000000
7000.6209600	7000.0338101	6999.8782813	2.8199740	-0.2000000	0.1801301	0.2779675	0.1213552	0.0000000	0.0000000
7000.6209600	7000.0338101	6999.8782813	2.7999600	-0.2000000	0.1860767	0.2761672	0.1236110	0.0000000	0.0000000
7000.6209600	7000.0338101	6999.8782813	2.7799460	-0.2000000	0.1713190	0.2762498	0.1228188	0.0000000	0.0000000
7000.6209600	7000.0338101	6999.8782813	2.7599320	-0.2000000	0.1821246	0.2784349	0.1241293	0.0000000	0.0000000
7000.6209600	7000.0338101	6999.8782813	2.7399179	-0.2000000	0.1754348	0.2792758	0.1229043	0.0000000	0.0000000
7000.6209600	7000.0338101	6999.8782813	2.7199039	-0.2000000	0.1850013	0.2793254	0.1254307	0.0000000	0.0000000
7000.6209600	7000.0338101	6999.8782813	2.6998899	-0.2000000	0.1849785	0.2766078	0.1241534	0.0000000	0.0000000
7000.6209600	7000.0338101	6999.8782813	2.6798759	-0.2000000	0.1830033	0.2777141	0.1252974	0.0000000	0.0000000
7000.6209600	7000.0338101	6999.8782813	2.6598619	-0.2000000	0.1758951	0.2760176	0.1264847	0.0000000	0.0000000
7000.6209600	7000.0338101	6999.8782813	2.6398479	-0.2000000	0.1758252	0.2791428	0.1268901	0.0000000	0.0000000
7000.6209600	7000.0338101	6999.8782813	2.6198339	-0.2000000	0.1836456	0.2775530	0.1289976	0.0000000	0.0000000
7000.6209600	7000.0338101	6999.8782813	2.6001534	-0.2000000	0.1853439	0.2789116	0.1244856	0.0000000	0.0000000
7000.6209600	7000.0338101	6999.8782813	2.5801394	-0.2000000	0.1908392	0.2785012	0.1256506	0.0000000	0.0000000
7000.6209600	7000.0338101	6999.8782813	2.5601254	-0.2000000	0.1906636	0.2770582	0.1275961	0.0000000	0.0000000
7000.6209600	7000.0338101	6999.8782813	2.5401114	-0.2000000	0.1824359	0.2773942	0.1296652	0.0000000	0.0000000
7000.6209600	7000.0338101	6999.8782813	2.5200974	-0.2000000	0.1834471	0.2775447	0.1271366	0.0000000	0.0000000
7000.6209600	7000.0338101	6999.8782813	2.5000834	-0.2000000	0.1813042	0.2798700	0.1226616	0.0000000	0.0000000
7000.6209600	7000.0338101	6999.8782813	2.4800694	-0.2000000	0.1872631	0.2796769	0.1277819	0.0000000	0.0000000
7000.6209600	7000.0338101	6999.8782813	2.4600554	-0.2000000	0.1893239	0.2777296	0.1267025	0.0000000	0.0000000
7000.6209600	7000.0338101	6999.8782813	2.4400414	-0.2000000	0.1910129	0.2789736	0.1251222	0.0000000	0.0000000
7000.6209600	7000.0338101	6999.8782813	2.4200274	-0.2000000	0.1936805	0.2771725	0.1262551	0.0000000	0.0000000
7000.6209600	7000.0338101	6999.8782813	2.4000133	-0.2000000	0.1839279	0.2796859	0.1272834	0.0000000	0.0000000
7000.6209600	7000.0338101	6999.8782813	2.3799993	-0.2000000	0.1813744	0.2782318	0.1227070	0.0000000	0.0000000
7000.6209600	7000.0338101	6999.8782813	2.3599853	-0.2000000	0.1838927	0.2786410	0.1212755	0.0000000	0.0000000
7000.6209600	7000.0338101	6999.8782813	2.3399713	-0.2000000	0.1870752	0.2802838	0.1220341	0.0000000	0.0000000
7000.6209600	7000.0338101	6999.8782813	2.3199573	-0.2000000	0.1796744	0.2789323	0.1247708	0.0000000	0.0000000
7000.6209600	7000.0338101	6999.8782813	2.2999433	-0.2000000	0.1817191	0.2803711	0.1265139	0.0000000	0.0000000
7000.6209600	7000.0338101	6999.8782813	2.2799293	-0.2000000	0.1830675	0.2773008	0.1216071	0.0000000	0.0000000
7000.6209600	7000.0338101	6999.8782813	2.2599153	-0.2000000	0.1968556	0.2799938	0.1278190	0.0000000	0.0000000
7000.6209600	7000.0338101	6999.8782813	2.2399013	-0.2000000	0.1839398	0.2784492	0.1271675	0.0000000	0.0000000
7000.6209600	7000.0338101	6999.8782813	2.2198873	-0.2000000	0.1784579	0.2759231	0.1244432	0.0000000	0.0000000
7000.6209600	7000.0338101	6999.8782813	2.1998732	-0.2000000	0.1897594	0.2795886	0.1234755	0.0000000	0.0000000
7000.6209600	7000.0338101	6999.8782813	2.1798592	-0.2000000	0.1887003	0.2798102	0.1232936	0.0000000	0.0000000
7000.6209600	7000.0338101	6999.8782813	2.1598452	-0.2000000	0.1867079	0.2792777	0.1239270	0.0000000	0.0000000
7000.6209600	7000.0338101	6999.8782813	2.1401648	-0.2000000	0.1851584	0.2793602	0.1268401	0.0000000	0.0000000
7000.6209600	7000.0338101	6999.8782813	2.1201508	-0.2000000	0.1771599	0.2809498	0.1205294	0.0000000	0.0000000
7000.6209600	7000.0338101	6999.8782813	2.1001368	-0.2000000	0.1815762	0.2798657	0.1246028	0.0000000	0.0000000
7000.6209600	7000.0338101	6999.8782813	2.0801228	-0.2000000	0.1873234	0.2781652	0.1257684	0.0000000	0.0000000
7000.6209600	7000.0338101	6999.8782813	2.0601087	-0.2000000	0.1872687	0.2768868	0.1239761	0.0000000	0.0000000
7000.6209600	7000.0338101	6999.8782813	2.0400947	-0.2000000	0.1803636	0.2774990	0.1237609	0.0000000	0.0000000
7000.6209600	7000.0338101	6999.8782813	2.0200807	-0.2000000	0.1789176	0.2800336	0.1216174	0.0000000	0.0000000
7000.6209600	7000.0338101	6999.8782813	2.0000667	-0.2000000	0.1853225	0.2768740	0.1254586	0.0000000	0.0000000
7000.6209600	7000.0338101	6999.8782813	1.9800527	-0.2000000	0.1868003	0.2780330	0.1249471	0.0000000	0.0000000
7000.6209600	7000.0338101	6999.8782813	1.9600387	-0.2000000	0.1770449	0.2795057	0.1216747	0.0000000	0.0000000
7000.6209600	7000.0338101	6999.8782813	1.9400247	-0.2000000	0.1904901	0.2804973	0.1237876	0.0000000	0.0000000
7000.6209600	7000.0338101	6999.8782813	1.9200107	-0.2000000	0.1941133	0.2781377	0.1252576	0.0000000	0.0000000
7000.6209600	7000.0338101	6999.8782813	1.8999967	-0.2000000	0.1917234	0.2790182	0.1238029	0.0000000	0.0000000
7000.6209600	7000.0338101	6999.8782813	1.8799827	-0.2000000	0.1989418	0.2806224	0.1269290	0.0000000	0.0000000
7000.6209600	7000.0338101	6999.8782813	1.8599686	-0.2000000	0.1881998	0.2794458	0.1252649	0.0000000	0.0000000
7000.6209600	7000.0338101	6999.8782813	1.8399546	-0.2000000	0.1889208	0.2798484	0.1238445	0.0000000	0.0000000
7000.6209600	7000.0338101	6999.8782813	1.8199406	-0.2000000	0.1896250	0.2777959	0.1233569	0.0000000	0.0000000
7000.6209600	7000.0338101	6999.8782813	1.7999266	-0.2000000	0.1973389	0.2793623	0.1241016	0.0000000	0.0000000
7000.6209600	7000.0338101	6999.8782813	1.7799126	-0.2000000	0.1793344	0.2774435	0.1233906	0.0000000	0.0000000
7000.6209600	7000.0338101	6999.8782813	1.7598986	-0.2000000	0.1950269	0.2790945	0.1250166	0.0000000	0.0000000
7000.6209600	7000.0338101	6999.8782813	1.7398846	-0.2000000	0.1921420	0.2786656	0.1232490	0.0000000	0.0000000
7000.6209600	7000.0338101	6999.8782813	1.7198706	-0.2000000	0.2036553	0.2794062	0.1270745	0.0000000	0.0000000
7000.6209600	7000.0338101	6999.8782813	1.6998566	-0.2000000	0.1812380	0.2770557	0.1191921	0.0000000	0.0000000
7000.6209600	7000.0338101	6999.8782813	1.6798426	-0.2000000	0.1716241	0.2765850	0.1258828	0.0000000	0.0000000
7000.6209600	7000.0338101	6999.8782813	1.6601621	-0.2000000	0.1823582	0.2803649	0.1249047	0.0000000	0.0000000
7000.6209600	7000.0338101	6999.8782813	1.6401481	-0.2000000	0.1920059	0.2780056	0.1258326	0.0000000	0.0000000
7000.6209600	7000.0338101	6999.8782813	1.6201341	-0.2000000	0.2255685	0.2777521	0.1294766	0.0000000	0.0000000
7000.6209600	7000.0338101	6999.8782813	1.6001201	-0.2000000	0.2071086	0.2775326	0.1230946	0.0000000	0.0000000
7000.6209600	7000.0338101	6999.8782813	1.5801061	-0.2000000	0.1858525	0.2780482	0.1190140	0.0000000	0.0000000
7000.6209600	7000.0338101	6999.8782813	1.5600921	-0.2000000	0.1667267	0.2786506	0.1209611	0.0000000	0.0000000
7000.6209600	7000.0338101	6999.8782813	1.5400781	-0.2000000	0.1714298	0.2774944	0.1214752	0.0000000	0.0000000
7000.6209600	7000.0338101	6999.8782813	1.5200640	-0.2000000	0.1903713	0.2777549	0.1184489	0.0000000	0.0000000
7000.6209600	7000.0338101	6999.8782813	1.5000500	-0.2000000	0.2146962	0.2796079	0.1254543	0.0000000	0.0000000
7000.6209600	7000.0338101	6999.8782813	1.4800360	-0.2000000	0.2024089	0.2754055	0.1289229	0.0000000	0.0000000
7000.6209600	7000.0338101	6999.8782813	1.4600220	-0.2000000	0.1890859	0.2768729	0.1254109	0.0000000	0.0000000
7000.6209600	7000.0338101	6999.8782813	1.4400080	-0.2000000	0.1891019	0.2762498	0.1244362	0.0000000	0.0000000
7000.6209600	7000.0338101	6999.8782813	1.4199940	-0.2000000	0.2214391	0.2774147	0.1224290	0.0000000	0.0000000
7000.6209600	7000.0338101	6999.8782813	1.3999800	-0.2000000	0.2268579	0.2810354	0.1306111	0.0000000	0.0000000
7000.6209600	7000.0338101	6999.8782813	1.3799660	-0.2000000	0.2231249	0.2799005	0.1269684	0.0000000	0.0000000
7000.6209600	7000.0338101	6999.8782813	1.3599520	-0.2000000	0.1861689	0.2760380	0.1216886	0.0000000	0.0000000
7000.6209600	7000.0338101	6999.8782813	1.3399380	-0.2000000	0.1786267	0.2778192	0.1215161	0.0000000	0.0000000
7000.6209600	7000.0338101	6999.8782813	1.3199239	-0.2000000	0.2124552	0.2774374	0.1230463	0.0000000	0.0000000
7000.6209600	7000.0338101	6999.8782813	1.2999099	-0.2000000	0.2301198	0.2788188	0.1268723	0.0000000	0.0000000
7000.6209600	7000.0338101	6999.8782813	1.2798959	-0.2000000	0.2295010	0.2789690	0.1225060	0.0000000	0.0000000
7000.6209600	7000.0338101	6999.8782813	1.2598819	-0.2000000	0.1802092	0.2783651	0.1227268	0.0000000	0.0000000
7000.6209600	7000.0338101	6999.8782813	1.2398679	-0.2000000	0.1888582	0.2781158	0.1223033	0.0000000	0.0000000
7000.6209600	7000.0338101	6999.8782813	1.2198539	-0.2000000	0.2502581	0.2807667	0.1294655	0.0000000	0.0000000
7000.6209600	7000.0338101	6999.8782813	1.1998399	-0.2000000	0.2436295	0.2773995	0.1235568	0.0000000	0.0000000
7000.6209600	7000.0338101	6999.8782813	1.1801594	-0.2000000	0.2229945	0.2777158	0.1178636	0.0000000	0.0000000
7000.6209600	7000.0338101	6999.8782813	1.1601454	-0.2000000	0.2035034	0.2781799	0.1226929	0.0000000	0.0000000
7000.6209600	7000.0338101	6999.8782813	1.1401314	-0.2000000	0.1791357	0.2746471	0.1227485	0.0000000	0.0000000
7000.6209600	7000.0338101	6999.8782813	1.1201174	-0.2000000	0.2338077	0.2777865	0.1223876	0.0000000	0.0000000
7000.6209600	7000.0338101	6999.8782813	1.1001034	-0.2000000	0.2624139	0.2805034	0.1262445	0.0000000	0.0000000
7000.6209600	7000.0338101	6999.8782813	1.0800894	-0.2000000	0.2597994	0.2795551	0.1228844	0.0000000	0.0000000
7000.6209600	7000.0338101	6999.8782813	1.0600754	-0.2000000	0.1917980	0.2797047	0.1235270	0.0000000	0.0000000
7000.6209600	7000.0338101	6999.8782813	1.0400614	-0.2000000	0.2026833	0.2802842	0.1250288	0.0000000	0.0000000
7000.6209600	7000.0338101	6999.8782813	1.0200474	-0.2000000	0.2540101	0.2782965	0.1242434	0.0000000	0.0000000
7000.6209600	7000.0338101	6999.8782813	1.0000334	-0.2000000	0.2875839	0.2792548	0.1256471	0.0000000	0.0000000
7000.6209600	7000.0338101	6999.8782813	0.9800193	-0.2000000	0.2526906	0.2784929	0.1229408	0.0000000	0.0000000
7000.6209600	7000.0338101	6999.8782813	0.9600053	-0.2000000	0.2214409	0.2831936	0.1294587	0.0000000	0.0000000
7000.6209600	7000.0338101	6999.8782813	0.9399913	-0.2000000	0.2245648	0.2806481	0.1288096	0.0000000	0.0000000
7000.6209600	7000.0338101	6999.8782813	0.9199773	-0.2000000	0.2959252	0.2814092	0.1270326	0.0000000	0.0000000
7000.6209600	7000.0338101	6999.8782813	0.8999633	-0.2000000	0.2939459	0.2801913	0.1242826	0.0000000	0.0000000
7000.6209600	7000.0338101	6999.8782813	0.8799493	-0.2000000	0.2684534	0.2811875	0.1271270	0.0000000	0.0000000
7000.6209600	7000.0338101	6999.8782813	0.8599353	-0.2000000	0.2047568	0.2819520	0.1227616	0.0000000	0.0000000
7000.6209600	7000.0338101	6999.8782813	0.8399213	-0.2000000	0.2462456	0.2845387	0.1292952	0.0000000	0.0000000
7000.6209600	7000.0338101	6999.8782813	0.8199073	-0.2000000	0.3029592	0.2790493	0.1261958	0.0000000	0.0000000
7000.6209600	7000.0338101	6999.8782813	0.7998933	-0.2000000	0.2987776	0.2800289	0.1253071	0.0000000	0.0000000
7000.6209600	7000.0338101	6999.8782813	0.7798792	-0.2000000	0.2355544	0.2789531	0.1237611	0.0000000	0.0000000
7000.6209600	7000.0338101	6999.8782813	0.7598652	-0.2000000	0.2101069	0.2811467	0.1229875	0.0000000	0.0000000
7000.6209600	7000.0338101	6999.8782813	0.7398512	-0.2000000	0.2309717	0.2808850	0.1202101	0.0000000	0.0000000
7000.6209600	7000.0338101	6999.8782813	0.7198372	-0.2000000	0.2992781	0.2768624	0.1219127	0.0000000	0.0000000
7000.6209600	7000.0338101	6999.8782813	0.7001568	-0.2000000	0.3172697	0.2787672	0.1234489	0.0000000	0.0000000
7000.6209600	7000.0338101	6999.8782813	0.6801428	-0.2000000	0.2698802	0.2782946	0.1237813	0.0000000	0.0000000
7000.6209600	7000.0338101	6999.8782813	0.6601288	-0.2000000	0.2347944	0.2798788	0.1232230	0.0000000	0.0000000
7000.6209600	7000.0338101	6999.8782813	0.6401147	-0.2000000	0.2288732	0.2771335	0.1222535	0.0000000	0.0000000
7000.6209600	7000.0338101	6999.8782813	0.6201007	-0.2000000	0.3093475	0.2781893	0.1214778	0.0000000	0.0000000
7000.6209600	7000.0338101	6999.8782813	0.6000867	-0.2000000	0.3307659	0.2780934	0.1252555	0.0000000	0.0000000
7000.6209600	7000.0338101	6999.8782813	0.5800727	-0.2000000	0.2921404	0.2782719	0.1285846	0.0000000	0.0000000
7000.6209600	7000.0338101	6999.8782813	0.5600587	-0.2000000	0.2262594	0.2790106	0.1204468	0.0000000	0.0000000
7000.6209600	7000.0338101	6999.8782813	0.5400447	-0.2000000	0.2416592	0.2817539	0.1246576	0.0000000	0.0000000
7000.6209600	7000.0338101	6999.8782813	0.5200307	-0.2000000	0.3623190	0.2806792	0.1304518	0.0000000	0.0000000
7000.6209600	7000.0338101	6999.8782813	0.5000167	-0.2000000	0.3388248	0.2769814	0.1280326	0.0000000	0.0000000
7000.6209600	7000.0338101	6999.8782813	0.4800027	-0.2000000	0.3024293	0.2791345	0.1270457	0.0000000	0.0000000
7000.6209600	7000.0338101	6999.8782813	0.4599887	-0.2000000	0.2495289	0.2785914	0.1243765	0.0000000	0.0000000
7000.6209600	7000.0338101	6999.8782813	0.4399746	-0.2000000	0.2778124	0.2788813	0.1259886	0.0000000	0.0000000
7000.6209600	7000.0338101	6999.8782813	0.4199606	-0.2000000	0.3512207	0.2791891	0.1275486	0.0000000	0.0000000
7000.6209600	7000.0338101	6999.8782813	0.3999466	-0.2000000	0.3515284	0.2813376	0.1275742	0.0000000	0.0000000
7000.6209600	7000.0338101	6999.8782813	0.3799326	-0.2000000	0.3006373	0.2795696	0.1308455	0.0000000	0.0000000
7000.6209600	7000.0338101	6999.8782813	0.3599186	-0.2000000	0.3140345	0.2802585	0.1345560	0.0000000	0.0000000
7000.6209600	7000.0338101	6999.8782813	0.3399046	-0.2000000	0.2815209	0.2777224	0.1226686	0.0000000	0.0000000
7000.6209600	7000.0338101	6999.8782813	0.3198906	-0.2000000	0.3293474	0.2800605	0.1209275	0.0000000	0.0000000
7000.6209600	7000.0338101	6999.8782813	0.2998766	-0.2000000	0.3528219	0.2817750	0.1266613	0.0000000	0.0000000
7000.6209600	7000.0338101	6999.8782813	0.2798626	-0.2000000	0.2766398	0.2783635	0.1216228	0.0000000	0.0000000
7000.6209600	7000.0338101	6999.8782813	0.2598486	-0.2000000	0.3037876	0.2806007	0.1284493	0.0000000	0.0000000
7000.6209600	7000.0338101	6999.8782813	0.2398346	-0.2000000	0.2937845	0.2780321	0.1207660	0.0000000	0.0000000
7000.6209600	7000.0338101	6999.8782813	0.2201541	-0.2000000	0.3739891	0.2811855	0.1255935	0.0000000	0.0000000
7000.6209600	7000.0338101	6999.8782813	0.2001401	-0.2000000	0.3906949	0.2828115	0.1318473	0.0000000	0.0000000
7000.6209600	7000.0338101	6999.8782813	0.1801261	-0.2000000	0.2807910	0.2776515	0.1247278	0.0000000	0.0000000
7000.6209600	7000.0338101	6999.8782813	0.1601121	-0.2000000	0.2867993	0.2780305	0.1230294	0.0000000	0.0000000
7000.6209600	7000.0338101	6999.8782813	0.1400981	-0.2000000	0.3229296	0.2783528	0.1222849	0.0000000	0.0000000
7000.6209600	7000.0338101	6999.8782813	0.1200841	-0.2000000	0.3850492	0.2790092	0.1251190	0.0000000	0.0000000
7000.6209600	7000.0338101	6999.8782813	0.1000700	-0.2000000	0.3493688	0.2789539	0.1204390	0.0000000	0.0000000
7000.6209600	7000.0338101	6999.8782813	0.0800560	-0.2000000	0.3222217	0.2819764	0.1289755	0.0000000	0.0000000
7000.6209600	7000.0338101	6999.8782813	0.0600420	-0.2000000	0.3052308	0.2778511	0.1252710	0.0000000	0.0000000
7000.6209600	7000.0338101	6999.8782813	0.0400280	-0.2000000	0.3315945	0.2775070	0.1240997	0.0000000	0.0000000
7000.6209600	7000.0338101	6999.8782813	0.0200140	-0.2000000	0.3923234	0.2776217	0.1250526	0.0000000	0.0000000
7000.6209600	7000.0338101	6999.8782813	0.0000000	-0.2000000	0.3429595	0.2788668	0.1203601	0.0000000	0.0000000
