7000.6209600	7000.0338101	6999.8782813	3.0001001	-0.9800193	0.0075746	0.2740309	0.1147581	0.0000000	-0.9800000
7000.6209600	7000.0338101	6999.8782813	2.9800861	-0.9800000	0.0097145	0.2738947	0.1154452	0.0000000	0.0000000
7000.6209600	7000.0338101	6999.8782813	2.9600721	-0.9800000	0.0109541	0.2736927	0.1200576	0.0000000	0.0000000
7000.6209600	7000.0338101	6999.8782813	2.9400580	-0.9800000	0.0093032	0.2746538	0.1132053	0.0000000	0.0000000
7000.6209600	7000.0338101	6999.8782813	2.9200440	-0.9800000	0.0085502	0.2736332	0.1126212	0.0000000	0.0000000
7000.6209600	7000.0338101	6999.8782813	2.9000300	-0.9800000	0.0072556	0.2747562	0.1123967	0.0000000	0.0000000
7000.6209600	7000.0338101	6999.8782813	2.8800160	-0.9800000	0.0094559	0.2740782	0.1213593	0.0000000	0.0000000
7000.6209600	7000.0338101	6999.8782813	2.8600020	-0.9800000	0.0069841	0.2740698	0.1095907	0.0000000	0.0000000
7000.6209600	7000.0338101	6999.8782813	2.8399880	-0.9800000	0.0096503	0.2748389	0.1176144	0.0000000	0.0000000
7000.6209600	7000.0338101	6999.8782813	2.8199740	-0.9800000	0.0074795	0.2728290	0.1103813	0.0000000	0.0000000
7000.6209600	7000.0338101	6999.8782813	2.7999600	-0.9800000	0.0081169	0.2728231	0.1123337	0.0000000	0.0000000
7000.6209600	7000.0338101	6999.8782813	2.7799460	-0.9800000	0.0073064	0.2714160	0.1189928	0.0000000	0.0000000
7000.6209600	7000.0338101	6999.8782813	2.7599320	-0.9800000	0.0062438	0.2733866	0.1085568	0.0000000	0.0000000
7000.6209600	7000.0338101	6999.8782813	2.7399179	-0.9800000	0.0082183	0.2720044	0.1126710	0.0000000	0.0000000
7000.6209600	7000.0338101	6999.8782813	2.7199039	-0.9800000	0.0081545	0.2712863	0.1113309	0.0000000	0.0000000
7000.6209600	7000.0338101	6999.8782813	2.6998899	-0.9800000	0.0079196	0.2711104	0.1189409	0.0000000	0.0000000
7000.6209600	7000.0338101	6999.8782813	2.6798759	-0.9800000	0.0072871	0.2740293	0.1161953	0.0000000	0.0000000
7000.6209600	7000.0338101	6999.8782813	2.6598619	-0.9800000	0.0110823	0.2713942	0.1170831	0.0000000	0.0000000
7000.6209600	7000.0338101	6999.8782813	2.6398479	-0.9800000	0.0095619	0.2721626	0.1187213	0.0000000	0.0000000
7000.6209600	7000.0338101	6999.8782813	2.6198339	-0.9800000	0.0064979	0.2737166	0.1105947	0.0000000	0.0000000
7000.6209600	7000.0338101	6999.8782813	2.6001534	-0.9800000	0.0075798	0.2722290	0.1170881	0.0000000	0.0000000
7000.6209600	7000.0338101	6999.8782813	2.5801394	-0.9800000	0.0123617	0.2720150	0.1278439	0.0000000	0.0000000
7000.6209600	7000.0338101	6999.8782813	2.5601254	-0.9800000	0.0097861	0.2727634	0.1200632	0.0000000	0.0000000
7000.6209600	7000.0338101	6999.8782813	2.5401114	-0.9800000	0.0097783	0.2701182	0.1220226	0.0000000	0.0000000
7000.6209600	7000.0338101	6999.8782813	2.5200974	-0.9800000	0.0075695	0.2718326	0.1192102	0.0000000	0.0000000
7000.6209600	7000.0338101	6999.8782813	2.5000834	-0.9800000	0.0087499	0.2720242	0.1231663	0.0000000	0.0000000
7000.6209600	7000.0338101	6999.8782813	2.4800694	-0.9800000	0.0083177	0.2732549	0.1151898	0.0000000	0.0000000
7000.6209600	7000.0338101	6999.8782813	2.4600554	-0.9800000	0.0090398	0.2740096	0.1153701	0.0000000	0.0000000
7000.6209600	7000.0338101	6999.8782813	2.4400414	-0.9800000	0.0068892	0.2749849	0.1138842	0.0000000	0.0000000
7000.6209600	7000.0338101	6999.8782813	2.4200274	-0.9800000	0.0095891	0.2715656	0.1242485	0.0000000	0.0000000
7000.6209600	7000.0338101	6999.8782813	2.4000133	-0.9800000	0.0076990	0.2722698	0.1155094	0.0000000	0.0000000
7000.6209600	7000.0338101	6999.8782813	2.3799993	-0.9800000	0.0088877	0.2720973	0.1161412	0.0000000	0.0000000
7000.6209600	7000.0338101	6999.8782813	2.3599853	-0.9800000	0.0123052	0.2700447	0.1242241	0.0000000	0.0000000
7000.6209600	7000.0338101	6999.8782813	2.3399713	-0.9800000	0.0087771	0.2705068	0.1198882	0.0000000	0.0000000
7000.6209600	7000.0338101	6999.8782813	2.3199573	-0.9800000	0.0086932	0.2715217	0.1215879	0.0000000	0.0000000
7000.6209600	7000.0338101	6999.8782813	2.2999433	-0.9800000	0.0116962	0.2696671	0.1268068	0.0000000	0.0000000
7000.6209600	7000.0338101	6999.8782813	2.2799293	-0.9800000	0.0083025	0.2718668	0.1196837	0.0000000	0.0000000
7000.6209600	7000.0338101	6999.8782813	2.2599153	-0.9800000	0.0095530	0.2711440	0.1209633	0.0000000	0.0000000
7000.6209600	7000.0338101	6999.8782813	2.2399013	-0.9800000	0.0099480	0.2702603	0.1218514	0.0000000	0.0000000
7000.6209600	7000.0338101	6999.8782813	2.2198873	-0.9800000	0.0110472	0.2719281	0.1190874	0.0000000	0.0000000
7000.6209600	7000.0338101	6999.8782813	2.1998732	-0.9800000	0.0105900	0.2712694	0.1218013	0.0000000	0.0000000
7000.6209600	7000.0338101	6999.8782813	2.1798592	-0.9800000	0.0115778	0.2730858	0.1228467	0.0000000	0.0000000
7000.6209600	7000.0338101	6999.8782813	2.1598452	-0.9800000	0.0107787	0.2720654	0.1221589	0.0000000	0.0000000
7000.6209600	7000.0338101	6999.8782813	2.1401648	-0.9800000	0.0119685	0.2718788	0.1252528	0.0000000	0.0000000
7000.6209600	7000.0338101	6999.8782813	2.1201508	-0.9800000	0.0104620	0.2714515	0.1223074	0.0000000	0.0000000
7000.6209600	7000.0338101	6999.8782813	2.1001368	-0.9800000	0.0090319	0.2706554	0.1219293	0.0000000	0.0000000
7000.6209600	7000.0338101	6999.8782813	2.0801228	-0.9800000	0.0069974	0.2734006	0.1140651	0.0000000	0.0000000
7000.6209600	7000.0338101	6999.8782813	2.0601087	-0.9800000	0.0077103	0.2750789	0.1109043	0.0000000	0.0000000
7000.6209600	7000.0338101	6999.8782813	2.0400947	-0.9800000	0.0101871	0.2715594	0.1127163	0.0000000	0.0000000
7000.6209600	7000.0338101	6999.8782813	2.0200807	-0.9800000	0.0077957	0.2708878	0.1119863	0.0000000	0.0000000
7000.6209600	7000.0338101	6999.8782813	2.0000667	-0.9800000	0.0077762	0.2743164	0.1148103	0.0000000	0.0000000
7000.6209600	7000.0338101	6999.8782813	1.9800527	-0.9800000	0.0115385	0.2711765	0.1258362	0.0000000	0.0000000
7000.6209600	7000.0338101	6999.8782813	1.9600387	-0.9800000	0.0134816	0.2682158	0.1278298	0.0000000	0.0000000
7000.6209600	7000.0338101	6999.8782813	1.9400247	-0.9800000	0.0102737	0.2714612	0.1192936	0.0000000	0.0000000
7000.6209600	7000.0338101	6999.8782813	1.9200107	-0.9800000	0.0059286	0.2712488	0.1109166	0.0000000	0.0000000
7000.6209600	7000.0338101	6999.8782813	1.8999967	-0.9800000	0.0060189	0.2717982	0.1140402	0.0000000	0.0000000
7000.6209600	7000.0338101	6999.8782813	1.8799827	-0.9800000	0.0073171	0.2725931	0.1096821	0.0000000	0.0000000
7000.6209600	7000.0338101	6999.8782813	1.8599686	-0.9800000	0.0118412	0.2696064	0.1201747	0.0000000	0.0000000
7000.6209600	7000.0338101	6999.8782813	1.8399546	-0.9800000	0.0102679	0.2718945	0.1136472	0.0000000	0.0000000
7000.6209600	7000.0338101	6999.8782813	1.8199406	-0.9800000	0.0077505	0.2717841	0.1130353	0.0000000	0.0000000
7000.6209600	7000.0338101	6999.8782813	1.7999266	-0.9800000	0.0058198	0.2738838	0.1126309	0.0000000	0.0000000
7000.6209600	7000.0338101	6999.8782813	1.7799126	-0.9800000	0.0095443	0.2728292	0.1144612	0.0000000	0.0000000
7000.6209600	7000.0338101	6999.8782813	1.7598986	-0.9800000	0.0108967	0.2712848	0.1185110	0.0000000	0.0000000
7000.6209600	7000.0338101	6999.8782813	1.7398846	-0.9800000	0.0099827	0.2712374	0.1163456	0.0000000	0.0000000
7000.6209600	7000.0338101	6999.8782813	1.7198706	-0.9800000	0.0070695	0.2738428	0.1133402	0.0000000	0.0000000
7000.6209600	7000.0338101	6999.8782813	1.6998566	-0.9800000	0.0060573	0.2731002	0.1117701	0.0000000	0.0000000
7000.6209600	7000.0338101	6999.8782813	1.6798426	-0.9800000	0.0088373	0.2729919	0.1127833	0.0000000	0.0000000
7000.6209600	7000.0338101	6999.8782813	1.6601621	-0.9800000	0.0084395	0.2740767	0.1092703	0.0000000	0.0000000
7000.6209600	7000.0338101	6999.8782813	1.6401481	-0.9800000	0.0146216	0.2708734	0.1188638	0.0000000	0.0000000
7000.6209600	7000.0338101	6999.8782813	1.6201341	-0.9800000	0.0081678	0.2730148	0.1147015	0.0000000	0.0000000
7000.6209600	7000.0338101	6999.8782813	1.6001201	-0.9800000	0.0057371	0.2737474	0.1160717	0.0000000	0.0000000
7000.6209600	7000.0338101	6999.8782813	1.5801061	-0.9800000	0.0065026	0.2725969	0.1173959	0.0000000	0.0000000
7000.6209600	7000.0338101	6999.8782813	1.5600921	-0.9800000	0.0093363	0.2720895	0.1115096	0.0000000	0.0000000
7000.6209600	7000.0338101	6999.8782813	1.5400781	-0.9800000	0.0119843	0.2728466	0.1125087	0.0000000	0.0000000
7000.6209600	7000.0338101	6999.8782813	1.5200640	-0.9800000	0.0065579	0.2717966	0.1160497	0.0000000	0.0000000
7000.6209600	7000.0338101	6999.8782813	1.5000500	-0.9800000	0.0068921	0.2724236	0.1148672	0.0000000	0.0000000
7000.6209600	7000.0338101	6999.8782813	1.4800360	-0.9800000	0.0078761	0.2717950	0.1184169	0.0000000	0.0000000
7000.6209600	7000.0338101	6999.8782813	1.4600220	-0.9800000	0.0108379	0.2703080	0.1170680	0.0000000	0.0000000
7000.6209600	7000.0338101	6999.8782813	1.4400080	-0.9800000	0.0134084	0.2715148	0.1173090	0.0000000	0.0000000
7000.6209600	7000.0338101	6999.8782813	1.4199940	-0.9800000	0.0105474	0.2725112	0.1168014	0.0000000	0.0000000
7000.6209600	7000.0338101	6999.8782813	1.3999800	-0.9800000	0.0065413	0.2719877	0.1139830	0.0000000	0.0000000
7000.6209600	7000.0338101	6999.8782813	1.3799660	-0.9800000	0.0044506	0.2725054	0.1095952	0.0000000	0.0000000
7000.6209600	7000.0338101	6999.8782813	1.3599520	-0.9800000	0.0096222	0.2723477	0.1176295	0.0000000	0.0000000
7000.6209600	7000.0338101	6999.8782813	1.3399380	-0.9800000	0.0134133	0.2719324	0.1204437	0.0000000	0.0000000
7000.6209600	7000.0338101	6999.8782813	1.3199239	-0.9800000	0.0103043	0.2719731	0.1169608	0.0000000	0.0000000
7000.6209600	7000.0338101	6999.8782813	1.2999099	-0.9800000	0.0093771	0.2724113	0.1098491	0.0000000	0.0000000
7000.6209600	7000.0338101	6999.8782813	1.2798959	-0.9800000	0.0050901	0.2721326	0.1164297	0.0000000	0.0000000
7000.6209600	7000.0338101	6999.8782813	1.2598819	-0.9800000	0.0140022	0.2713354	0.1243920	0.0000000	0.0000000
7000.6209600	7000.0338101	6999.8782813	1.2398679	-0.9800000	0.0157498	0.2715406	0.1166770	0.0000000	0.0000000
7000.6209600	7000.0338101	6999.8782813	1.2198539	-0.9800000	0.0090773	0.2734292	0.1102830	0.0000000	0.0000000
7000.6209600	7000.0338101	6999.8782813	1.1998399	-0.9800000	0.0075555	0.2733961	0.1109413	0.0000000	0.0000000
7000.6209600	7000.0338101	6999.8782813	1.1801594	-0.9800000	0.0032866	0.2728224	0.1102502	0.0000000	0.0000000
7000.6209600	7000.0338101	6999.8782813	1.1601454	-0.9800000	0.0120762	0.2717620	0.1230272	0.0000000	0.0000000
7000.6209600	7000.0338101	6999.8782813	1.1401314	-0.9800000	0.0153022	0.2709918	0.1177902	0.0000000	0.0000000
7000.6209600	7000.0338101	6999.8782813	1.1201174	-0.9800000	0.0130900	0.2716240	0.1198950	0.0000000	0.0000000
7000.6209600	7000.0338101	6999.8782813	1.1001034	-0.9800000	0.0078344	0.2727817	0.1117213	0.0000000	0.0000000
7000.6209600	7000.0338101	6999.8782813	1.0800894	-0.9800000	0.0025076	0.2736538	0.1082209	0.0000000	0.0000000
7000.6209600	7000.0338101	6999.8782813	1.0600754	-0.9800000	0.0097893	0.2728845	0.1119097	0.0000000	0.0000000
7000.6209600	7000.0338101	6999.8782813	1.0400614	-0.9800000	0.0200785	0.2703853	0.1210970	0.0000000	0.0000000
7000.6209600	7000.0338101	6999.8782813	1.0200474	-0.9800000	0.0071792	0.2716189	0.1171294	0.0000000	0.0000000
7000.6209600	7000.0338101	6999.8782813	1.0000334	-0.9800000	0.0089589	0.2699890	0.1217600	0.0000000	0.0000000
7000.6209600	7000.0338101	6999.8782813	0.9800193	-0.9800000	0.0035162	0.2696661	0.1130874	0.0000000	0.0000000
7000.6209600	7000.0338101	6999.8782813	0.9600053	-0.9800000	0.0154836	0.2729390	0.1188757	0.0000000	0.0000000
7000.6209600	7000.0338101	6999.8782813	0.9399913	-0.9800000	0.0201228	0.2715618	0.1201322	0.0000000	0.0000000
7000.6209600	7000.0338101	6999.8782813	0.9199773	-0.9800000	0.0069839	0.2717443	0.1094554	0.0000000	0.0000000
7000.6209600	7000.0338101	6999.8782813	0.8999633	-0.9800000	0.0086775	0.2683629	0.1217980	0.0000000	0.0000000
7000.6209600	7000.0338101	6999.8782813	0.8799493	-0.9800000	0.0047186	0.2751052	0.1080846	0.0000000	0.0000000
7000.6209600	7000.0338101	6999.8782813	0.8599353	-0.9800000	0.0174487	0.2725684	0.1112769	0.0000000	0.0000000
7000.6209600	7000.0338101	6999.8782813	0.8399213	-0.9800000	0.0268278	0.2711320	0.1197058	0.0000000	0.0000000
7000.6209600	7000.0338101	6999.8782813	0.8199073	-0.9800000	0.0082277	0.2686814	0.1216565	0.0000000	0.0000000
7000.6209600	7000.0338101	6999.8782813	0.7998933	-0.9800000	0.0057040	0.2701194	0.1193844	0.0000000	0.0000000
7000.6209600	7000.0338101	6999.8782813	0.7798792	-0.9800000	0.0175471	0.2715985	0.1191704	0.0000000	0.0000000
7000.6209600	7000.0338101	6999.8782813	0.7598652	-0.9800000	0.0273215	0.2680364	0.1201603	0.0000000	0.0000000
7000.6209600	7000.0338101	6999.8782813	0.7398512	-0.9800000	0.0240699	0.2736113	0.1084637	0.0000000	0.0000000
7000.6209600	7000.0338101	6999.8782813	0.7198372	-0.9800000	0.0056910	0.2702903	0.1205161	0.0000000	0.0000000
7000.6209600	7000.0338101	6999.8782813	0.7001568	-0.9800000	0.0065250	0.2692520	0.1201241	0.0000000	0.0000000
7000.6209600	7000.0338101	6999.8782813	0.6801428	-0.9800000	0.0078356	0.2715330	0.1066827	0.0000000	0.0000000
7000.6209600	7000.0338101	6999.8782813	0.6601288	-0.9800000	0.0308594	0.2704354	0.1170869	0.0000000	0.0000000
7000.6209600	7000.0338101	6999.8782813	0.6401147	-0.9800000	0.0307717	0.2717584	0.1147316	0.0000000	0.0000000
7000.6209600	7000.0338101	6999.8782813	0.6201007	-0.9800000	0.0135411	0.2698623	0.1215375	0.0000000	0.0000000
7000.6209600	7000.0338101	6999.8782813	0.6000867	-0.9800000	0.0085337	0.2731704	0.1108268	0.0000000	0.0000000
7000.6209600	7000.0338101	6999.8782813	0.5800727	-0.9800000	0.0148612	0.2731007	0.1135233	0.0000000	0.0000000
7000.6209600	7000.0338101	6999.8782813	0.5600587	-0.9800000	0.0405802	0.2699336	0.1174553	0.0000000	0.0000000
7000.6209600	7000.0338101	6999.8782813	0.5400447	-0.9800000	0.0360106	0.2725189	0.1089545	0.0000000	0.0000000
7000.6209600	7000.0338101	6999.8782813	0.5200307	-0.9800000	0.0195359	0.2700527	0.1251530	0.0000000	0.0000000
7000.6209600	7000.0338101	6999.8782813	0.5000167	-0.9800000	0.0166940	0.2678972	0.1230465	0.0000000	0.0000000
7000.6209600	7000.0338101	6999.8782813	0.4800027	-0.9800000	0.0249396	0.2713202	0.1179816	0.0000000	0.0000000
7000.6209600	7000.0338101	6999.8782813	0.4599887	-0.9800000	0.0550391	0.2708240	0.1200665	0.0000000	0.0000000
7000.6209600	7000.0338101	6999.8782813	0.4399746	-0.9800000	0.0643914	0.2686553	0.1192361	0.0000000	0.0000000
7000.6209600	7000.0338101	6999.8782813	0.4199606	-0.9800000	0.0198584	0.2710908	0.1167106	0.0000000	0.0000000
7000.6209600	7000.0338101	6999.8782813	0.3999466	-0.9800000	0.0168584	0.2731920	0.1063325	0.0000000	0.0000000
7000.6209600	7000.0338101	6999.8782813	0.3799326	-0.9800000	0.0385300	0.2713922	0.1134132	0.0000000	0.0000000
7000.6209600	7000.0338101	6999.8782813	0.3599186	-0.9800000	0.0768339	0.2689244	0.1231499	0.0000000	0.0000000
7000.6209600	7000.0338101	6999.8782813	0.3399046	-0.9800000	0.0813761	0.2696797	0.1247784	0.0000000	0.0000000
7000.6209600	7000.0338101	6999.8782813	0.3198906	-0.9800000	0.0413496	0.2694948	0.1254955	0.0000000	0.0000000
7000.6209600	7000.0338101	6999.8782813	0.2998766	-0.9800000	0.0362739	0.2691122	0.1220505	0.0000000	0.0000000
7000.6209600	7000.0338101	6999.8782813	0.2798626	-0.9800000	0.0656837	0.2689833	0.1227416	0.0000000	0.0000000
7000.6209600	7000.0338101	6999.8782813	0.2598486	-0.9800000	0.0732893	0.2688547	0.1174951	0.0000000	0.0000000
7000.6209600	7000.0338101	6999.8782813	0.2398346	-0.9800000	0.0856052	0.2689030	0.1194858	0.0000000	0.0000000
7000.6209600	7000.0338101	6999.8782813	0.2201541	-0.9800000	0.0402788	0.2691705	0.1205016	0.0000000	0.0000000
7000.6209600	7000.0338101	6999.8782813	0.2001401	-0.9800000	0.0492059	0.2695519	0.1223314	0.0000000	0.0000000
7000.6209600	7000.0338101	6999.8782813	0.1801261	-0.9800000	0.0728359	0.2709832	0.1183960	0.0000000	0.0000000
7000.6209600	7000.0338101	6999.8782813	0.1601121	-0.9800000	0.1058256	0.2697494	0.1228713	0.0000000	0.0000000
7000.6209600	7000.0338101	6999.8782813	0.1400981	-0.9800000	0.0931962	0.2681703	0.1221799	0.0000000	0.0000000
7000.6209600	7000.0338101	6999.8782813	0.1200841	-0.9800000	0.0494519	0.2732480	0.1072897	0.0000000	0.0000000
7000.6209600	7000.0338101	6999.8782813	0.1000700	-0.9800000	0.0705950	0.2704429	0.1162386	0.0000000	0.0000000
7000.6209600	7000.0338101	6999.8782813	0.0800560	-0.9800000	0.0980486	0.2672478	0.1244321	0.0000000	0.0000000
7000.6209600	7000.0338101	6999.8782813	0.0600420	-0.9800000	0.1298986	0.2688286	0.1240411	0.0000000	0.0000000
7000.6209600	7000.0338101	6999.8782813	0.0400280	-0.9800000	0.1342271	0.2693512	0.1244451	0.0000000	0.0000000
7000.6209600	7000.0338101	6999.8782813	0.0200140	-0.9800000	0.0696321	0.2707036	0.1209351	0.0000000	0.0000000
7000.6209600	7000.0338101	6999.8782813	0.0000000	-0.9800000	0.0714264	0.2704419	0.1161252	0.0000000	0.0000000
