7000.6209600	7000.0338101	6999.8782813	3.0001001	-0.3198906	0.1411323	0.2835005	0.1294182	0.0000000	-0.3200000
7000.6209600	7000.0338101	6999.8782813	2.9800861	-0.3200000	0.1457650	0.2817738	0.1332418	0.0000000	0.0000000
7000.6209600	7000.0338101	6999.8782813	2.9600721	-0.3200000	0.1367642	0.2807723	0.1311464	0.0000000	0.0000000
7000.6209600	7000.0338101	6999.8782813	2.9400580	-0.3200000	0.1356522	0.2782804	0.1292341	0.0000000	0.0000000
7000.6209600	7000.0338101	6999.8782813	2.9200440	-0.3200000	0.1470773	0.2796483	0.1326432	0.0000000	0.0000000
7000.6209600	7000.0338101	6999.8782813	2.9000300	-0.3200000	0.1460094	0.2777131	0.1300693	0.0000000	0.0000000
7000.6209600	7000.0338101	6999.8782813	2.8800160	-0.3200000	0.1506208	0.2803770	0.1327239	0.0000000	0.0000000
7000.6209600	7000.0338101	6999.8782813	2.8600020	-0.3200000	0.1406934	0.2807881	0.1342513	0.0000000	0.0000000
7000.6209600	7000.0338101	6999.8782813	2.8399880	-0.3200000	0.1500166	0.2807295	0.1356776	0.0000000	0.0000000
7000.6209600	7000.0338101	6999.8782813	2.8199740	-0.3200000	0.1537620	0.2807273	0.1360581	0.0000000	0.0000000
7000.6209600	7000.0338101	6999.8782813	2.7999600	-0.3200000	0.1461908	0.2800050	0.1335118	0.0000000	0.0000000
7000.6209600	7000.0338101	6999.8782813	2.7799460	-0.3200000	0.1499828	0.2808397	0.1329517	0.0000000	0.0000000
7000.6209600	7000.0338101	6999.8782813	2.7599320	-0.3200000	0.1382400	0.2812151	0.1296754	0.0000000	0.0000000
7000.6209600	7000.0338101	6999.8782813	2.7399179	-0.3200000	0.1418834	0.2832129	0.1323662	0.0000000	0.0000000
7000.6209600	7000.0338101	6999.8782813	2.7199039	-0.3200000	0.1366481	0.2831031	0.1285118	0.0000000	0.0000000
7000.6209600	7000.0338101	6999.8782813	2.6998899	-0.3200000	0.1470447	0.2800188	0.1337479	0.0000000	0.0000000
7000.6209600	7000.0338101	6999.8782813	2.6798759	-0.3200000	0.1439310	0.2805553	0.1344323	0.0000000	0.0000000
7000.6209600	7000.0338101	6999.8782813	2.6598619	-0.3200000	0.1452943	0.2796992	0.1331876	0.0000000	0.0000000
7000.6209600	7000.0338101	6999.8782813	2.6398479	-0.3200000	0.1461053	0.2791617	0.1338263	0.0000000	0.0000000
7000.6209600	7000.0338101	6999.8782813	2.6198339	-0.3200000	0.1472628	0.2795170	0.1316133	0.0000000	0.0000000
7000.6209600	7000.0338101	6999.8782813	2.6001534	-0.3200000	0.1548245	0.2791727	0.1328533	0.0000000	0.0000000
7000.6209600	7000.0338101	6999.8782813	2.5801394	-0.3200000	0.1488602	0.2806390	0.1334614	0.0000000	0.0000000
7000.6209600	7000.0338101	6999.8782813	2.5601254	-0.3200000	0.1486257	0.2823190	0.1324930	0.0000000	0.0000000
7000.6209600	7000.0338101	6999.8782813	2.5401114	-0.3200000	0.1437856	0.2788286	0.1323395	0.0000000	0.0000000
7000.6209600	7000.0338101	6999.8782813	2.5200974	-0.3200000	0.1511284	0.2808713	0.1331674	0.0000000	0.0000000
7000.6209600	7000.0338101	6999.8782813	2.5000834	-0.3200000	0.1488812	0.2818403	0.1321675	0.0000000	0.0000000
7000.6209600	7000.0338101	6999.8782813	2.4800694	-0.3200000	0.1465302	0.2807042	0.1320618	0.0000000	0.0000000
7000.6209600	7000.0338101	6999.8782813	2.4600554	-0.3200000	0.1328795	0.2773286	0.1260450	0.0000000	0.0000000
7000.6209600	7000.0338101	6999.8782813	2.4400414	-0.3200000	0.1402866	0.2806917	0.1292419	0.0000000	0.0000000
7000.6209600	7000.0338101	6999.8782813	2.4200274	-0.3200000	0.1518040	0.2804042	0.1321185	0.0000000	0.0000000
7000.6209600	7000.0338101	6999.8782813	2.4000133	-0.3200000	0.1328030	0.2768549	0.1263258	0.0000000	0.0000000
7000.6209600	7000.0338101	6999.8782813	2.3799993	-0.3200000	0.1528002	0.2799888	0.1323961	0.0000000	0.0000000
7000.6209600	7000.0338101	6999.8782813	2.3599853	-0.3200000	0.1557607	0.2813102	0.1337444	0.0000000	0.0000000
7000.6209600	7000.0338101	6999.8782813	2.3399713	-0.3200000	0.1478437	0.2796333	0.1317805	0.0000000	0.0000000
7000.6209600	7000.0338101	6999.8782813	2.3199573	-0.3200000	0.1446003	0.2830322	0.1286516	0.0000000	0.0000000
7000.6209600	7000.0338101	6999.8782813	2.2999433	-0.3200000	0.1463866	0.2786591	0.1305911	0.0000000	0.0000000
7000.6209600	7000.0338101	6999.8782813	2.2799293	-0.3200000	0.1542288	0.2805226	0.1322981	0.0000000	0.0000000
7000.6209600	7000.0338101	6999.8782813	2.2599153	-0.3200000	0.1441790	0.2793937	0.1285636	0.0000000	0.0000000
7000.6209600	7000.0338101	6999.8782813	2.2399013	-0.3200000	0.1506885	0.2820984	0.1321831	0.0000000	0.0000000
7000.6209600	7000.0338101	6999.8782813	2.2198873	-0.3200000	0.1571752	0.2827468	0.1344689	0.0000000	0.0000000
7000.6209600	7000.0338101	6999.8782813	2.1998732	-0.3200000	0.1479443	0.2784594	0.1315621	0.0000000	0.0000000
7000.6209600	7000.0338101	6999.8782813	2.1798592	-0.3200000	0.1457424	0.2801770	0.1292340	0.0000000	0.0000000
7000.6209600	7000.0338101	6999.8782813	2.1598452	-0.3200000	0.1518704	0.2798402	0.1334219	0.0000000	0.0000000
7000.6209600	7000.0338101	6999.8782813	2.1401648	-0.3200000	0.1510422	0.2823882	0.1331721	0.0000000	0.0000000
7000.6209600	7000.0338101	6999.8782813	2.1201508	-0.3200000	0.1540741	0.2802723	0.1330717	0.0000000	0.0000000
7000.6209600	7000.0338101	6999.8782813	2.1001368	-0.3200000	0.1562598	0.2791400	0.1347858	0.0000000	0.0000000
7000.6209600	7000.0338101	6999.8782813	2.0801228	-0.3200000	0.1592494	0.2803673	0.1318953	0.0000000	0.0000000
7000.6209600	7000.0338101	6999.8782813	2.0601087	-0.3200000	0.1492502	0.2812985	0.1343301	0.0000000	0.0000000
7000.6209600	7000.0338101	6999.8782813	2.0400947	-0.3200000	0.1548722	0.2811708	0.1325951	0.0000000	0.0000000
7000.6209600	7000.0338101	6999.8782813	2.0200807	-0.3200000	0.1501429	0.2828297	0.1295067	0.0000000	0.0000000
7000.6209600	7000.0338101	6999.8782813	2.0000667	-0.3200000	0.1484623	0.2810051	0.1295260	0.0000000	0.0000000
7000.6209600	7000.0338101	6999.8782813	1.9800527	-0.3200000	0.1490918	0.2816792	0.1305583	0.0000000	0.0000000
7000.6209600	7000.0338101	6999.8782813	1.9600387	-0.3200000	0.1420894	0.2795885	0.1288716	0.0000000	0.0000000
7000.6209600	7000.0338101	6999.8782813	1.9400247	-0.3200000	0.1528811	0.2800652	0.1325690	0.0000000	0.0000000
7000.6209600	7000.0338101	6999.8782813	1.9200107	-0.3200000	0.1650516	0.2807598	0.1355684	0.0000000	0.0000000
7000.6209600	7000.0338101	6999.8782813	1.8999967	-0.3200000	0.1535355	0.2811163	0.1289623	0.0000000	0.0000000
7000.6209600	7000.0338101	6999.8782813	1.8799827	-0.3200000	0.1413123	0.2781836	0.1290022	0.0000000	0.0000000
7000.6209600	7000.0338101	6999.8782813	1.8599686	-0.3200000	0.1444286	0.2819260	0.1313132	0.0000000	0.0000000
7000.6209600	7000.0338101	6999.8782813	1.8399546	-0.3200000	0.1541340	0.2804738	0.1322706	0.0000000	0.0000000
7000.6209600	7000.0338101	6999.8782813	1.8199406	-0.3200000	0.1686667	0.2832991	0.1340890	0.0000000	0.0000000
7000.6209600	7000.0338101	6999.8782813	1.7999266	-0.3200000	0.1702301	0.2806991	0.1358024	0.0000000	0.0000000
7000.6209600	7000.0338101	6999.8782813	1.7799126	-0.3200000	0.1526875	0.2811161	0.1331218	0.0000000	0.0000000
7000.6209600	7000.0338101	6999.8782813	1.7598986	-0.3200000	0.1405919	0.2783951	0.1292849	0.0000000	0.0000000
7000.6209600	7000.0338101	6999.8782813	1.7398846	-0.3200000	0.1352657	0.2805637	0.1264962	0.0000000	0.0000000
7000.6209600	7000.0338101	6999.8782813	1.7198706	-0.3200000	0.1608010	0.2808918	0.1284037	0.0000000	0.0000000
7000.6209600	7000.0338101	6999.8782813	1.6998566	-0.3200000	0.1673171	0.2830199	0.1315259	0.0000000	0.0000000
7000.6209600	7000.0338101	6999.8782813	1.6798426	-0.3200000	0.1566569	0.2811290	0.1333466	0.0000000	0.0000000
7000.6209600	7000.0338101	6999.8782813	1.6601621	-0.3200000	0.1468466	0.2791173	0.1316764	0.0000000	0.0000000
7000.6209600	7000.0338101	6999.8782813	1.6401481	-0.3200000	0.1377075	0.2804838	0.1290775	0.0000000	0.0000000
7000.6209600	7000.0338101	6999.8782813	1.6201341	-0.3200000	0.1672003	0.2823132	0.1314716	0.0000000	0.0000000
7000.6209600	7000.0338101	6999.8782813	1.6001201	-0.3200000	0.1706433	0.2808271	0.1314709	0.0000000	0.0000000
7000.6209600	7000.0338101	6999.8782813	1.5801061	-0.3200000	0.1648193	0.2807819	0.1314380	0.0000000	0.0000000
7000.6209600	7000.0338101	6999.8782813	1.5600921	-0.3200000	0.1476869	0.2777291	0.1318815	0.0000000	0.0000000
7000.6209600	7000.0338101	6999.8782813	1.5400781	-0.3200000	0.1520619	0.2837269	0.1337321	0.0000000	0.0000000
7000.6209600	7000.0338101	6999.8782813	1.5200640	-0.3200000	0.1743101	0.2809265	0.1323281	0.0000000	0.0000000
7000.6209600	7000.0338101	6999.8782813	1.5000500	-0.3200000	0.1768206	0.2830962	0.1326638	0.0000000	0.0000000
7000.6209600	7000.0338101	6999.8782813	1.4800360	-0.3200000	0.1737876	0.2840333	0.1305382	0.0000000	0.0000000
7000.6209600	7000.0338101	6999.8782813	1.4600220	-0.3200000	0.1611781	0.2807314	0.1332996	0.0000000	0.0000000
7000.6209600	7000.0338101	6999.8782813	1.4400080	-0.3200000	0.1552529	0.2819111	0.1335002	0.0000000	0.0000000
7000.6209600	7000.0338101	6999.8782813	1.4199940	-0.3200000	0.1628179	0.2812791	0.1327223	0.0000000	0.0000000
7000.6209600	7000.0338101	6999.8782813	1.3999800	-0.3200000	0.1708179	0.2814520	0.1308048	0.0000000	0.0000000
7000.6209600	7000.0338101	6999.8782813	1.3799660	-0.3200000	0.1803325	0.2828744	0.1299705	0.0000000	0.0000000
7000.6209600	7000.0338101	6999.8782813	1.3599520	-0.3200000	0.1627632	0.2785781	0.1318486	0.0000000	0.0000000
7000.6209600	7000.0338101	6999.8782813	1.3399380	-0.3200000	0.1529136	0.2835125	0.1306738	0.0000000	0.0000000
7000.6209600	7000.0338101	6999.8782813	1.3199239	-0.3200000	0.1559351	0.2799943	0.1277151	0.0000000	0.0000000
7000.6209600	7000.0338101	6999.8782813	1.2999099	-0.3200000	0.1748118	0.2840383	0.1295820	0.0000000	0.0000000
7000.6209600	7000.0338101	6999.8782813	1.2798959	-0.3200000	0.1931010	0.2790062	0.1281632	0.0000000	0.0000000
7000.6209600	7000.0338101	6999.8782813	1.2598819	-0.3200000	0.1765551	0.2814528	0.1335294	0.0000000	0.0000000
7000.6209600	7000.0338101	6999.8782813	1.2398679	-0.3200000	0.1622585	0.2802000	0.1324989	0.0000000	0.0000000
7000.6209600	7000.0338101	6999.8782813	1.2198539	-0.3200000	0.1700586	0.2785319	0.1295197	0.0000000	0.0000000
7000.6209600	7000.0338101	6999.8782813	1.1998399	-0.3200000	0.1776190	0.2767933	0.1267434	0.0000000	0.0000000
7000.6209600	7000.0338101	6999.8782813	1.1801594	-0.3200000	0.2070476	0.2776322	0.1292190	0.0000000	0.0000000
7000.6209600	7000.0338101	6999.8782813	1.1601454	-0.3200000	0.1889030	0.2766317	0.1295532	0.0000000	0.0000000
7000.6209600	7000.0338101	6999.8782813	1.1401314	-0.3200000	0.1591598	0.2795631	0.1268174	0.0000000	0.0000000
7000.6209600	7000.0338101	6999.8782813	1.1201174	-0.3200000	0.1833204	0.2817559	0.1316597	0.0000000	0.0000000
7000.6209600	7000.0338101	6999.8782813	1.1001034	-0.3200000	0.2075629	0.2796053	0.1317625	0.0000000	0.0000000
7000.6209600	7000.0338101	6999.8782813	1.0800894	-0.3200000	0.2200547	0.2784739	0.1281118	0.0000000	0.0000000
7000.6209600	7000.0338101	6999.8782813	1.0600754	-0.3200000	0.1799275	0.2806908	0.1278766	0.0000000	0.0000000
7000.6209600	7000.0338101	6999.8782813	1.0400614	-0.3200000	0.1766178	0.2826436	0.1330366	0.0000000	0.0000000
7000.6209600	7000.0338101	6999.8782813	1.0200474	-0.3200000	0.2064172	0.2792828	0.1280631	0.0000000	0.0000000
7000.6209600	7000.0338101	6999.8782813	1.0000334	-0.3200000	0.2208718	0.2781542	0.1293618	0.0000000	0.0000000
7000.6209600	7000.0338101	6999.8782813	0.9800193	-0.3200000	0.2330187	0.2807524	0.1275779	0.0000000	0.0000000
7000.6209600	7000.0338101	6999.8782813	0.9600053	-0.3200000	0.1851730	0.2783207	0.1268210	0.0000000	0.0000000
7000.6209600	7000.0338101	6999.8782813	0.9399913	-0.3200000	0.1801014	0.2777084	0.1313810	0.0000000	0.0000000
7000.6209600	7000.0338101	6999.8782813	0.9199773	-0.3200000	0.2434211	0.2792499	0.1341494	0.0000000	0.0000000
7000.6209600	7000.0338101	6999.8782813	0.8999633	-0.3200000	0.2586815	0.2796891	0.1341970	0.0000000	0.0000000
7000.6209600	7000.0338101	6999.8782813	0.8799493	-0.3200000	0.2261228	0.2795452	0.1250837	0.0000000	0.0000000
7000.6209600	7000.0338101	6999.8782813	0.8599353	-0.3200000	0.1914410	0.2800045	0.1279648	0.0000000	0.0000000
7000.6209600	7000.0338101	6999.8782813	0.8399213	-0.3200000	0.1872385	0.2812031	0.1304496	0.0000000	0.0000000
7000.6209600	7000.0338101	6999.8782813	0.8199073	-0.3200000	0.2428101	0.2790791	0.1272628	0.0000000	0.0000000
7000.6209600	7000.0338101	6999.8782813	0.7998933	-0.3200000	0.2806644	0.2788958	0.1304874	0.0000000	0.0000000
7000.6209600	7000.0338101	6999.8782813	0.7798792	-0.3200000	0.2517354	0.2821562	0.1315348	0.0000000	0.0000000
7000.6209600	7000.0338101	6999.8782813	0.7598652	-0.3200000	0.2156891	0.2812662	0.1312299	0.0000000	0.0000000
7000.6209600	7000.0338101	6999.8782813	0.7398512	-0.3200000	0.1921621	0.2824779	0.1278912	0.0000000	0.0000000
7000.6209600	7000.0338101	6999.8782813	0.7198372	-0.3200000	0.2778330	0.2771749	0.1292654	0.0000000	0.0000000
7000.6209600	7000.0338101	6999.8782813	0.7001568	-0.3200000	0.2852887	0.2753684	0.1294004	0.0000000	0.0000000
7000.6209600	7000.0338101	6999.8782813	0.6801428	-0.3200000	0.2764821	0.2805275	0.1304937	0.0000000	0.0000000
7000.6209600	7000.0338101	6999.8782813	0.6601288	-0.3200000	0.1734949	0.2775094	0.1250027	0.0000000	0.0000000
7000.6209600	7000.0338101	6999.8782813	0.6401147	-0.3200000	0.2019126	0.2798330	0.1269480	0.0000000	0.0000000
7000.6209600	7000.0338101	6999.8782813	0.6201007	-0.3200000	0.3127614	0.2794321	0.1343960	0.0000000	0.0000000
7000.6209600	7000.0338101	6999.8782813	0.6000867	-0.3200000	0.2937496	0.2814104	0.1286393	0.0000000	0.0000000
7000.6209600	7000.0338101	6999.8782813	0.5800727	-0.3200000	0.2761663	0.2785386	0.1270009	0.0000000	0.0000000
7000.6209600	7000.0338101	6999.8782813	0.5600587	-0.3200000	0.2122559	0.2790560	0.1276571	0.0000000	0.0000000
7000.6209600	7000.0338101	6999.8782813	0.5400447	-0.3200000	0.1896797	0.2776608	0.1230657	0.0000000	0.0000000
7000.6209600	7000.0338101	6999.8782813	0.5200307	-0.3200000	0.2852695	0.2812629	0.1288583	0.0000000	0.0000000
7000.6209600	7000.0338101	6999.8782813	0.5000167	-0.3200000	0.3179794	0.2791901	0.1277314	0.0000000	0.0000000
7000.6209600	7000.0338101	6999.8782813	0.4800027	-0.3200000	0.2900297	0.2819332	0.1299387	0.0000000	0.0000000
7000.6209600	7000.0338101	6999.8782813	0.4599887	-0.3200000	0.2209330	0.2778845	0.1288223	0.0000000	0.0000000
7000.6209600	7000.0338101	6999.8782813	0.4399746	-0.3200000	0.2359729	0.2801553	0.1304685	0.0000000	0.0000000
7000.6209600	7000.0338101	6999.8782813	0.4199606	-0.3200000	0.3338015	0.2798735	0.1317399	0.0000000	0.0000000
7000.6209600	7000.0338101	6999.8782813	0.3999466	-0.3200000	0.3233193	0.2797998	0.1267335	0.0000000	0.0000000
7000.6209600	7000.0338101	6999.8782813	0.3799326	-0.3200000	0.2750529	0.2800054	0.1247981	0.0000000	0.0000000
7000.6209600	7000.0338101	6999.8782813	0.3599186	-0.3200000	0.2342593	0.2782838	0.1281226	0.0000000	0.0000000
7000.6209600	7000.0338101	6999.8782813	0.3399046	-0.3200000	0.2224875	0.2791929	0.1221768	0.0000000	0.0000000
7000.6209600	7000.0338101	6999.8782813	0.3198906	-0.3200000	0.3557205	0.2813699	0.1316216	0.0000000	0.0000000
7000.6209600	7000.0338101	6999.8782813	0.2998766	-0.3200000	0.3418821	0.2787802	0.1287650	0.0000000	0.0000000
7000.6209600	7000.0338101	6999.8782813	0.2798626	-0.3200000	0.2624283	0.2789332	0.1259906	0.0000000	0.0000000
7000.6209600	7000.0338101	6999.8782813	0.2598486	-0.3200000	0.2489104	0.2804790	0.1277915	0.0000000	0.0000000
7000.6209600	7000.0338101	6999.8782813	0.2398346	-0.3200000	0.2642947	0.2807484	0.1267340	0.0000000	0.0000000
7000.6209600	7000.0338101	6999.8782813	0.2201541	-0.3200000	0.3699972	0.2793903	0.1308081	0.0000000	0.0000000
7000.6209600	7000.0338101	6999.8782813	0.2001401	-0.3200000	0.3960129	0.2797334	0.1344689	0.0000000	0.0000000
7000.6209600	7000.0338101	6999.8782813	0.1801261	-0.3200000	0.3131184	0.2774524	0.1313523	0.0000000	0.0000000
7000.6209600	7000.0338101	6999.8782813	0.1601121	-0.3200000	0.2589052	0.2803989	0.1283208	0.0000000	0.0000000
7000.6209600	7000.0338101	6999.8782813	0.1400981	-0.3200000	0.2953533	0.2789871	0.1291149	0.0000000	0.0000000
7000.6209600	7000.0338101	6999.8782813	0.1200841	-0.3200000	0.3623436	0.2793088	0.1248175	0.0000000	0.0000000
7000.6209600	7000.0338101	6999.8782813	0.1000700	-0.3200000	0.3399642	0.2779633	0.1242814	0.0000000	0.0000000
7000.6209600	7000.0338101	6999.8782813	0.0800560	-0.3200000	0.3075524	0.2768325	0.1242079	0.0000000	0.0000000
7000.6209600	7000.0338101	6999.8782813	0.0600420	-0.3200000	0.2880400	0.2807948	0.1292119	0.0000000	0.0000000
7000.6209600	7000.0338101	6999.8782813	0.0400280	-0.3200000	0.2839738	0.2796154	0.1277045	0.0000000	0.0000000
7000.6209600	7000.0338101	6999.8782813	0.0200140	-0.3200000	0.3820535	0.2781830	0.1293370	0.0000000	0.0000000
7000.6209600	7000.0338101	6999.8782813	0.0000000	-0.3200000	0.3610601	0.2786799	0.1246055	0.0000000	0.0000000
