7000.6209600	7000.0338101	6999.8782813	3.0001001	-0.1400981	0.1946713	0.2766523	0.1234333	0.0000000	-0.1400000
7000.6209600	7000.0338101	6999.8782813	2.9800861	-0.1400000	0.1982441	0.2770142	0.1222427	0.0000000	0.0000000
7000.6209600	7000.0338101	6999.8782813	2.9600721	-0.1400000	0.1954985	0.2800505	0.1244965	0.0000000	0.0000000
7000.6209600	7000.0338101	6999.8782813	2.9400580	-0.1400000	0.1987665	0.2800356	0.1233400	0.0000000	0.0000000
7000.6209600	7000.0338101	6999.8782813	2.9200440	-0.1400000	0.1867871	0.2789244	0.1228212	0.0000000	0.0000000
7000.6209600	7000.0338101	6999.8782813	2.9000300	-0.1400000	0.1876190	0.2772861	0.1228966	0.0000000	0.0000000
7000.6209600	7000.0338101	6999.8782813	2.8800160	-0.1400000	0.2039646	0.2779591	0.1240334	0.0000000	0.0000000
7000.6209600	7000.0338101	6999.8782813	2.8600020	-0.1400000	0.2004407	0.2790632	0.1252156	0.0000000	0.0000000
7000.6209600	7000.0338101	6999.8782813	2.8399880	-0.1400000	0.1932864	0.2808909	0.1215959	0.0000000	0.0000000
7000.6209600	7000.0338101	6999.8782813	2.8199740	-0.1400000	0.1860225	0.2815161	0.1254509	0.0000000	0.0000000
7000.6209600	7000.0338101	6999.8782813	2.7999600	-0.1400000	0.1915544	0.2796682	0.1220000	0.0000000	0.0000000
7000.6209600	7000.0338101	6999.8782813	2.7799460	-0.1400000	0.2075605	0.2789218	0.1220267	0.0000000	0.0000000
7000.6209600	7000.0338101	6999.8782813	2.7599320	-0.1400000	0.1963644	0.2791029	0.1228466	0.0000000	0.0000000
7000.6209600	7000.0338101	6999.8782813	2.7399179	-0.1400000	0.1916567	0.2784209	0.1226492	0.0000000	0.0000000
7000.6209600	7000.0338101	6999.8782813	2.7199039	-0.1400000	0.1860593	0.2791689	0.1228994	0.0000000	0.0000000
7000.6209600	7000.0338101	6999.8782813	2.6998899	-0.1400000	0.1881089	0.2768585	0.1217653	0.0000000	0.0000000
7000.6209600	7000.0338101	6999.8782813	2.6798759	-0.1400000	0.2064031	0.2791057	0.1239043	0.0000000	0.0000000
7000.6209600	7000.0338101	6999.8782813	2.6598619	-0.1400000	0.2107593	0.2785970	0.1277830	0.0000000	0.0000000
7000.6209600	7000.0338101	6999.8782813	2.6398479	-0.1400000	0.1919857	0.2803973	0.1227991	0.0000000	0.0000000
7000.6209600	7000.0338101	6999.8782813	2.6198339	-0.1400000	0.1937701	0.2829755	0.1251926	0.0000000	0.0000000
7000.6209600	7000.0338101	6999.8782813	2.6001534	-0.1400000	0.1820422	0.2778799	0.1226940	0.0000000	0.0000000
7000.6209600	7000.0338101	6999.8782813	2.5801394	-0.1400000	0.1998480	0.2781813	0.1234319	0.0000000	0.0000000
7000.6209600	7000.0338101	6999.8782813	2.5601254	-0.1400000	0.1994436	0.2787286	0.1248293	0.0000000	0.0000000
7000.6209600	7000.0338101	6999.8782813	2.5401114	-0.1400000	0.1860770	0.2775939	0.1216754	0.0000000	0.0000000
7000.6209600	7000.0338101	6999.8782813	2.5200974	-0.1400000	0.1799617	0.2772190	0.1212048	0.0000000	0.0000000
7000.6209600	7000.0338101	6999.8782813	2.5000834	-0.1400000	0.1938501	0.2804120	0.1268173	0.0000000	0.0000000
7000.6209600	7000.0338101	6999.8782813	2.4800694	-0.1400000	0.2096656	0.2777649	0.1257181	0.0000000	0.0000000
7000.6209600	7000.0338101	6999.8782813	2.4600554	-0.1400000	0.2153575	0.2796818	0.1251462	0.0000000	0.0000000
7000.6209600	7000.0338101	6999.8782813	2.4400414	-0.1400000	0.1983058	0.2803441	0.1210941	0.0000000	0.0000000
7000.6209600	7000.0338101	6999.8782813	2.4200274	-0.1400000	0.1805664	0.2781660	0.1193733	0.0000000	0.0000000
7000.6209600	7000.0338101	6999.8782813	2.4000133	-0.1400000	0.1891393	0.2772921	0.1203035	0.0000000	0.0000000
7000.6209600	7000.0338101	6999.8782813	2.3799993	-0.1400000	0.1952673	0.2764008	0.1213694	0.0000000	0.0000000
7000.6209600	7000.0338101	6999.8782813	2.3599853	-0.1400000	0.1940958	0.2783147	0.1218832	0.0000000	0.0000000
7000.6209600	7000.0338101	6999.8782813	2.3399713	-0.1400000	0.2009521	0.2782289	0.1263652	0.0000000	0.0000000
7000.6209600	7000.0338101	6999.8782813	2.3199573	-0.1400000	0.1887844	0.2806952	0.1216893	0.0000000	0.0000000
7000.6209600	7000.0338101	6999.8782813	2.2999433	-0.1400000	0.1878319	0.2791067	0.1192249	0.0000000	0.0000000
7000.6209600	7000.0338101	6999.8782813	2.2799293	-0.1400000	0.1931309	0.2787323	0.1216011	0.0000000	0.0000000
7000.6209600	7000.0338101	6999.8782813	2.2599153	-0.1400000	0.1998812	0.2779324	0.1220857	0.0000000	0.0000000
7000.6209600	7000.0338101	6999.8782813	2.2399013	-0.1400000	0.2108510	0.2805754	0.1246277	0.0000000	0.0000000
7000.6209600	7000.0338101	6999.8782813	2.2198873	-0.1400000	0.2017831	0.2779417	0.1244584	0.0000000	0.0000000
7000.6209600	7000.0338101	6999.8782813	2.1998732	-0.1400000	0.1982448	0.2787780	0.1194008	0.0000000	0.0000000
7000.6209600	7000.0338101	6999.8782813	2.1798592	-0.1400000	0.2137299	0.2803062	0.1280018	0.0000000	0.0000000
7000.6209600	7000.0338101	6999.8782813	2.1598452	-0.1400000	0.2062969	0.2792086	0.1252932	0.0000000	0.0000000
7000.6209600	7000.0338101	6999.8782813	2.1401648	-0.1400000	0.1909242	0.2777092	0.1201864	0.0000000	0.0000000
7000.6209600	7000.0338101	6999.8782813	2.1201508	-0.1400000	0.2199613	0.2814873	0.1333762	0.0000000	0.0000000
7000.6209600	7000.0338101	6999.8782813	2.1001368	-0.1400000	0.2027935	0.2787104	0.1260592	0.0000000	0.0000000
7000.6209600	7000.0338101	6999.8782813	2.0801228	-0.1400000	0.2035522	0.2779932	0.1245068	0.0000000	0.0000000
7000.6209600	7000.0338101	6999.8782813	2.0601087	-0.1400000	0.2070492	0.2783956	0.1289736	0.0000000	0.0000000
7000.6209600	7000.0338101	6999.8782813	2.0400947	-0.1400000	0.1895789	0.2784656	0.1237229	0.0000000	0.0000000
7000.6209600	7000.0338101	6999.8782813	2.0200807	-0.1400000	0.2000515	0.2777655	0.1246320	0.0000000	0.0000000
7000.6209600	7000.0338101	6999.8782813	2.0000667	-0.1400000	0.2098873	0.2811176	0.1249850	0.0000000	0.0000000
7000.6209600	7000.0338101	6999.8782813	1.9800527	-0.1400000	0.2096318	0.2818992	0.1248510	0.0000000	0.0000000
7000.6209600	7000.0338101	6999.8782813	1.9600387	-0.1400000	0.2039316	0.2785228	0.1230250	0.0000000	0.0000000
7000.6209600	7000.0338101	6999.8782813	1.9400247	-0.1400000	0.2004674	0.2794370	0.1253945	0.0000000	0.0000000
7000.6209600	7000.0338101	6999.8782813	1.9200107	-0.1400000	0.2179056	0.2792007	0.1281259	0.0000000	0.0000000
7000.6209600	7000.0338101	6999.8782813	1.8999967	-0.1400000	0.2239141	0.2790925	0.1257858	0.0000000	0.0000000
7000.6209600	7000.0338101	6999.8782813	1.8799827	-0.1400000	0.2144833	0.2793734	0.1229847	0.0000000	0.0000000
7000.6209600	7000.0338101	6999.8782813	1.8599686	-0.1400000	0.2096239	0.2833245	0.1289414	0.0000000	0.0000000
7000.6209600	7000.0338101	6999.8782813	1.8399546	-0.1400000	0.1881792	0.2761267	0.1221569	0.0000000	0.0000000
7000.6209600	7000.0338101	6999.8782813	1.8199406	-0.1400000	0.2151300	0.2767697	0.1279878	0.0000000	0.0000000
7000.6209600	7000.0338101	6999.8782813	1.7999266	-0.1400000	0.2158135	0.2779169	0.1274750	0.0000000	0.0000000
7000.6209600	7000.0338101	6999.8782813	1.7799126	-0.1400000	0.2232196	0.2801079	0.1271295	0.0000000	0.0000000
7000.6209600	7000.0338101	6999.8782813	1.7598986	-0.1400000	0.1978037	0.2776921	0.1257897	0.0000000	0.0000000
7000.6209600	7000.0338101	6999.8782813	1.7398846	-0.1400000	0.1899348	0.2775286	0.1261770	0.0000000	0.0000000
7000.6209600	7000.0338101	6999.8782813	1.7198706	-0.1400000	0.2001025	0.2770820	0.1276035	0.0000000	0.0000000
7000.6209600	7000.0338101	6999.8782813	1.6998566	-0.1400000	0.2183169	0.2792444	0.1245891	0.0000000	0.0000000
7000.6209600	7000.0338101	6999.8782813	1.6798426	-0.1400000	0.2352957	0.2807452	0.1293633	0.0000000	0.0000000
7000.6209600	7000.0338101	6999.8782813	1.6601621	-0.1400000	0.2311896	0.2802520	0.1261025	0.0000000	0.0000000
7000.6209600	7000.0338101	6999.8782813	1.6401481	-0.1400000	0.1996842	0.2836343	0.1262377	0.0000000	0.0000000
7000.6209600	7000.0338101	6999.8782813	1.6201341	-0.1400000	0.1914874	0.2789712	0.1213337	0.0000000	0.0000000
7000.6209600	7000.0338101	6999.8782813	1.6001201	-0.1400000	0.2191545	0.2782072	0.1255569	0.0000000	0.0000000
7000.6209600	7000.0338101	6999.8782813	1.5801061	-0.1400000	0.2372886	0.2793312	0.1250077	0.0000000	0.0000000
7000.6209600	7000.0338101	6999.8782813	1.5600921	-0.1400000	0.2214718	0.2781871	0.1252145	0.0000000	0.0000000
7000.6209600	7000.0338101	6999.8782813	1.5400781	-0.1400000	0.2070096	0.2810579	0.1249362	0.0000000	0.0000000
7000.6209600	7000.0338101	6999.8782813	1.5200640	-0.1400000	0.1968595	0.2817356	0.1276014	0.0000000	0.0000000
7000.6209600	7000.0338101	6999.8782813	1.5000500	-0.1400000	0.2156265	0.2795476	0.1292769	0.0000000	0.0000000
7000.6209600	7000.0338101	6999.8782813	1.4800360	-0.1400000	0.2507681	0.2802803	0.1279114	0.0000000	0.0000000
7000.6209600	7000.0338101	6999.8782813	1.4600220	-0.1400000	0.2485372	0.2796952	0.1250576	0.0000000	0.0000000
7000.6209600	7000.0338101	6999.8782813	1.4400080	-0.1400000	0.2361141	0.2831731	0.1302878	0.0000000	0.0000000
7000.6209600	7000.0338101	6999.8782813	1.4199940	-0.1400000	0.2030874	0.2839657	0.1293004	0.0000000	0.0000000
7000.6209600	7000.0338101	6999.8782813	1.3999800	-0.1400000	0.2014524	0.2794232	0.1239598	0.0000000	0.0000000
7000.6209600	7000.0338101	6999.8782813	1.3799660	-0.1400000	0.2616373	0.2806791	0.1315839	0.0000000	0.0000000
7000.6209600	7000.0338101	6999.8782813	1.3599520	-0.1400000	0.2617169	0.2810245	0.1263646	0.0000000	0.0000000
7000.6209600	7000.0338101	6999.8782813	1.3399380	-0.1400000	0.2626592	0.2798541	0.1266426	0.0000000	0.0000000
7000.6209600	7000.0338101	6999.8782813	1.3199239	-0.1400000	0.1971929	0.2830691	0.1258519	0.0000000	0.0000000
7000.6209600	7000.0338101	6999.8782813	1.2999099	-0.1400000	0.2117904	0.2776234	0.1283209	0.0000000	0.0000000
7000.6209600	7000.0338101	6999.8782813	1.2798959	-0.1400000	0.2324702	0.2787970	0.1227598	0.0000000	0.0000000
7000.6209600	7000.0338101	6999.8782813	1.2598819	-0.1400000	0.2726633	0.2789797	0.1268744	0.0000000	0.0000000
7000.6209600	7000.0338101	6999.8782813	1.2398679	-0.1400000	0.2460753	0.2812968	0.1249939	0.0000000	0.0000000
7000.6209600	7000.0338101	6999.8782813	1.2198539	-0.1400000	0.2018495	0.2799618	0.1271393	0.0000000	0.0000000
7000.6209600	7000.0338101	6999.8782813	1.1998399	-0.1400000	0.2105940	0.2756364	0.1267155	0.0000000	0.0000000
7000.6209600	7000.0338101	6999.8782813	1.1801594	-0.1400000	0.2427090	0.2754059	0.1240791	0.0000000	0.0000000
7000.6209600	7000.0338101	6999.8782813	1.1601454	-0.1400000	0.2785367	0.2784955	0.1251089	0.0000000	0.0000000
7000.6209600	7000.0338101	6999.8782813	1.1401314	-0.1400000	0.2705824	0.2763405	0.1264154	0.0000000	0.0000000
7000.6209600	7000.0338101	6999.8782813	1.1201174	-0.1400000	0.2161274	0.2758938	0.1282495	0.0000000	0.0000000
7000.6209600	7000.0338101	6999.8782813	1.1001034	-0.1400000	0.2172832	0.2784537	0.1234338	0.0000000	0.0000000
7000.6209600	7000.0338101	6999.8782813	1.0800894	-0.1400000	0.2715046	0.2757932	0.1256609	0.0000000	0.0000000
7000.6209600	7000.0338101	6999.8782813	1.0600754	-0.1400000	0.2903699	0.2769388	0.1256687	0.0000000	0.0000000
7000.6209600	7000.0338101	6999.8782813	1.0400614	-0.1400000	0.2861697	0.2802195	0.1272377	0.0000000	0.0000000
7000.6209600	7000.0338101	6999.8782813	1.0200474	-0.1400000	0.2466371	0.2795909	0.1305938	0.0000000	0.0000000
7000.6209600	7000.0338101	6999.8782813	1.0000334	-0.1400000	0.2415989	0.2791526	0.1282957	0.0000000	0.0000000
7000.6209600	7000.0338101	6999.8782813	0.9800193	-0.1400000	0.2743900	0.2802303	0.1202682	0.0000000	0.0000000
7000.6209600	7000.0338101	6999.8782813	0.9600053	-0.1400000	0.2983527	0.2786947	0.1286509	0.0000000	0.0000000
7000.6209600	7000.0338101	6999.8782813	0.9399913	-0.1400000	0.2583557	0.2790629	0.1254135	0.0000000	0.0000000
7000.6209600	7000.0338101	6999.8782813	0.9199773	-0.1400000	0.2330571	0.2785118	0.1231757	0.0000000	0.0000000
7000.6209600	7000.0338101	6999.8782813	0.8999633	-0.1400000	0.2395691	0.2790024	0.1238302	0.0000000	0.0000000
7000.6209600	7000.0338101	6999.8782813	0.8799493	-0.1400000	0.2898484	0.2773784	0.1182349	0.0000000	0.0000000
7000.6209600	7000.0338101	6999.8782813	0.8599353	-0.1400000	0.2798154	0.2764050	0.1225155	0.0000000	0.0000000
7000.6209600	7000.0338101	6999.8782813	0.8399213	-0.1400000	0.2632020	0.2761844	0.1235826	0.0000000	0.0000000
7000.6209600	7000.0338101	6999.8782813	0.8199073	-0.1400000	0.2418035	0.2752052	0.1261013	0.0000000	0.0000000
7000.6209600	7000.0338101	6999.8782813	0.7998933	-0.1400000	0.2663849	0.2772253	0.1216338	0.0000000	0.0000000
7000.6209600	7000.0338101	6999.8782813	0.7798792	-0.1400000	0.2884229	0.2755536	0.1199314	0.0000000	0.0000000
7000.6209600	7000.0338101	6999.8782813	0.7598652	-0.1400000	0.2927291	0.2825634	0.1284611	0.0000000	0.0000000
7000.6209600	7000.0338101	6999.8782813	0.7398512	-0.1400000	0.2400649	0.2768855	0.1226139	0.0000000	0.0000000
7000.6209600	7000.0338101	6999.8782813	0.7198372	-0.1400000	0.2791398	0.2789229	0.1266289	0.0000000	0.0000000
7000.6209600	7000.0338101	6999.8782813	0.7001568	-0.1400000	0.2756466	0.2787045	0.1218765	0.0000000	0.0000000
7000.6209600	7000.0338101	6999.8782813	0.6801428	-0.1400000	0.3267970	0.2786063	0.1271453	0.0000000	0.0000000
7000.6209600	7000.0338101	6999.8782813	0.6601288	-0.1400000	0.2961919	0.2792278	0.1246984	0.0000000	0.0000000
7000.6209600	7000.0338101	6999.8782813	0.6401147	-0.1400000	0.2352023	0.2795792	0.1202004	0.0000000	0.0000000
7000.6209600	7000.0338101	6999.8782813	0.6201007	-0.1400000	0.2710323	0.2796293	0.1242329	0.0000000	0.0000000
7000.6209600	7000.0338101	6999.8782813	0.6000867	-0.1400000	0.2729155	0.2759343	0.1224403	0.0000000	0.0000000
7000.6209600	7000.0338101	6999.8782813	0.5800727	-0.1400000	0.3317290	0.2798271	0.1235015	0.0000000	0.0000000
7000.6209600	7000.0338101	6999.8782813	0.5600587	-0.1400000	0.3003149	0.2797482	0.1273878	0.0000000	0.0000000
7000.6209600	7000.0338101	6999.8782813	0.5400447	-0.1400000	0.2680199	0.2813424	0.1277894	0.0000000	0.0000000
7000.6209600	7000.0338101	6999.8782813	0.5200307	-0.1400000	0.3083451	0.2836664	0.1288639	0.0000000	0.0000000
7000.6209600	7000.0338101	6999.8782813	0.5000167	-0.1400000	0.3365774	0.2822628	0.1320162	0.0000000	0.0000000
7000.6209600	7000.0338101	6999.8782813	0.4800027	-0.1400000	0.3355079	0.2781027	0.1281448	0.0000000	0.0000000
7000.6209600	7000.0338101	6999.8782813	0.4599887	-0.1400000	0.2758571	0.2823618	0.1274053	0.0000000	0.0000000
7000.6209600	7000.0338101	6999.8782813	0.4399746	-0.1400000	0.2727622	0.2829937	0.1288993	0.0000000	0.0000000
7000.6209600	7000.0338101	6999.8782813	0.4199606	-0.1400000	0.3236180	0.2783353	0.1296851	0.0000000	0.0000000
7000.6209600	7000.0338101	6999.8782813	0.3999466	-0.1400000	0.3101221	0.2780079	0.1293215	0.0000000	0.0000000
7000.6209600	7000.0338101	6999.8782813	0.3799326	-0.1400000	0.3348224	0.2803663	0.1260764	0.0000000	0.0000000
7000.6209600	7000.0338101	6999.8782813	0.3599186	-0.1400000	0.2487471	0.2791565	0.1231844	0.0000000	0.0000000
7000.6209600	7000.0338101	6999.8782813	0.3399046	-0.1400000	0.2720559	0.2804943	0.1296713	0.0000000	0.0000000
7000.6209600	7000.0338101	6999.8782813	0.3198906	-0.1400000	0.3496748	0.2807281	0.1322612	0.0000000	0.0000000
7000.6209600	7000.0338101	6999.8782813	0.2998766	-0.1400000	0.3570916	0.2813004	0.1332330	0.0000000	0.0000000
7000.6209600	7000.0338101	6999.8782813	0.2798626	-0.1400000	0.3676819	0.2851791	0.1318351	0.0000000	0.0000000
7000.6209600	7000.0338101	6999.8782813	0.2598486	-0.1400000	0.2782853	0.2845009	0.1317446	0.0000000	0.0000000
7000.6209600	7000.0338101	6999.8782813	0.2398346	-0.1400000	0.2558784	0.2811115	0.1283895	0.0000000	0.0000000
7000.6209600	7000.0338101	6999.8782813	0.2201541	-0.1400000	0.3755175	0.2831117	0.1311580	0.0000000	0.0000000
7000.6209600	7000.0338101	6999.8782813	0.2001401	-0.1400000	0.3782294	0.2815336	0.1295024	0.0000000	0.0000000
7000.6209600	7000.0338101	6999.8782813	0.1801261	-0.1400000	0.3384109	0.2812805	0.1290087	0.0000000	0.0000000
7000.6209600	7000.0338101	6999.8782813	0.1601121	-0.1400000	0.2760265	0.2814702	0.1289749	0.0000000	0.0000000
7000.6209600	7000.0338101	6999.8782813	0.1400981	-0.1400000	0.2848540	0.2827672	0.1312653	0.0000000	0.0000000
7000.6209600	7000.0338101	6999.8782813	0.1200841	-0.1400000	0.3633241	0.2802050	0.1307979	0.0000000	0.0000000
7000.6209600	7000.0338101	6999.8782813	0.1000700	-0.1400000	0.4046923	0.2831630	0.1331565	0.0000000	0.0000000
7000.6209600	7000.0338101	6999.8782813	0.0800560	-0.1400000	0.3840123	0.2825260	0.1318024	0.0000000	0.0000000
7000.6209600	7000.0338101	6999.8782813	0.0600420	-0.1400000	0.2784913	0.2810404	0.1286326	0.0000000	0.0000000
7000.6209600	7000.0338101	6999.8782813	0.0400280	-0.1400000	0.2759484	0.2852734	0.1309905	0.0000000	0.0000000
7000.6209600	7000.0338101	6999.8782813	0.0200140	-0.1400000	0.3470088	0.2811560	0.1276128	0.0000000	0.0000000
7000.6209600	7000.0338101	6999.8782813	0.0000000	-0.1400000	0.4090015	0.2834796	0.1341528	0.0000000	0.0000000
