7000.6209600	7000.0338101	6999.8782813	3.0001001	-0.4199606	0.1195895	0.2798280	0.1272555	0.0000000	-0.4200000
7000.6209600	7000.0338101	6999.8782813	2.9800861	-0.4200000	0.1039242	0.2785013	0.1197755	0.0000000	0.0000000
7000.6209600	7000.0338101	6999.8782813	2.9600721	-0.4200000	0.1173955	0.2825074	0.1282141	0.0000000	0.0000000
7000.6209600	7000.0338101	6999.8782813	2.9400580	-0.4200000	0.1170203	0.2783898	0.1248019	0.0000000	0.0000000
7000.6209600	7000.0338101	6999.8782813	2.9200440	-0.4200000	0.1163650	0.2790406	0.1284227	0.0000000	0.0000000
7000.6209600	7000.0338101	6999.8782813	2.9000300	-0.4200000	0.1120525	0.2793159	0.1196002	0.0000000	0.0000000
7000.6209600	7000.0338101	6999.8782813	2.8800160	-0.4200000	0.1088252	0.2792727	0.1184796	0.0000000	0.0000000
7000.6209600	7000.0338101	6999.8782813	2.8600020	-0.4200000	0.1180221	0.2805002	0.1258976	0.0000000	0.0000000
7000.6209600	7000.0338101	6999.8782813	2.8399880	-0.4200000	0.1162147	0.2795225	0.1232439	0.0000000	0.0000000
7000.6209600	7000.0338101	6999.8782813	2.8199740	-0.4200000	0.1128425	0.2806603	0.1238708	0.0000000	0.0000000
7000.6209600	7000.0338101	6999.8782813	2.7999600	-0.4200000	0.1155586	0.2783344	0.1244314	0.0000000	0.0000000
7000.6209600	7000.0338101	6999.8782813	2.7799460	-0.4200000	0.1194788	0.2795332	0.1236163	0.0000000	0.0000000
7000.6209600	7000.0338101	6999.8782813	2.7599320	-0.4200000	0.1191497	0.2804170	0.1250190	0.0000000	0.0000000
7000.6209600	7000.0338101	6999.8782813	2.7399179	-0.4200000	0.1089714	0.2814463	0.1218114	0.0000000	0.0000000
7000.6209600	7000.0338101	6999.8782813	2.7199039	-0.4200000	0.1114719	0.2792048	0.1233865	0.0000000	0.0000000
7000.6209600	7000.0338101	6999.8782813	2.6998899	-0.4200000	0.1166703	0.2782661	0.1241080	0.0000000	0.0000000
7000.6209600	7000.0338101	6999.8782813	2.6798759	-0.4200000	0.1151483	0.2822091	0.1251514	0.0000000	0.0000000
7000.6209600	7000.0338101	6999.8782813	2.6598619	-0.4200000	0.1234064	0.2793505	0.1280853	0.0000000	0.0000000
7000.6209600	7000.0338101	6999.8782813	2.6398479	-0.4200000	0.1227865	0.2805334	0.1258112	0.0000000	0.0000000
7000.6209600	7000.0338101	6999.8782813	2.6198339	-0.4200000	0.1186708	0.2802416	0.1232954	0.0000000	0.0000000
7000.6209600	7000.0338101	6999.8782813	2.6001534	-0.4200000	0.1166090	0.2793961	0.1206952	0.0000000	0.0000000
7000.6209600	7000.0338101	6999.8782813	2.5801394	-0.4200000	0.1184113	0.2771492	0.1260393	0.0000000	0.0000000
7000.6209600	7000.0338101	6999.8782813	2.5601254	-0.4200000	0.1120618	0.2789972	0.1205745	0.0000000	0.0000000
7000.6209600	7000.0338101	6999.8782813	2.5401114	-0.4200000	0.1064482	0.2823418	0.1236976	0.0000000	0.0000000
7000.6209600	7000.0338101	6999.8782813	2.5200974	-0.4200000	0.1178074	0.2792091	0.1237197	0.0000000	0.0000000
7000.6209600	7000.0338101	6999.8782813	2.5000834	-0.4200000	0.1268250	0.2758916	0.1282423	0.0000000	0.0000000
7000.6209600	7000.0338101	6999.8782813	2.4800694	-0.4200000	0.1212964	0.2793228	0.1229823	0.0000000	0.0000000
7000.6209600	7000.0338101	6999.8782813	2.4600554	-0.4200000	0.1164626	0.2798052	0.1221632	0.0000000	0.0000000
7000.6209600	7000.0338101	6999.8782813	2.4400414	-0.4200000	0.1141597	0.2775708	0.1208844	0.0000000	0.0000000
7000.6209600	7000.0338101	6999.8782813	2.4200274	-0.4200000	0.1251326	0.2817805	0.1244143	0.0000000	0.0000000
7000.6209600	7000.0338101	6999.8782813	2.4000133	-0.4200000	0.1191033	0.2801949	0.1237542	0.0000000	0.0000000
7000.6209600	7000.0338101	6999.8782813	2.3799993	-0.4200000	0.1244379	0.2816368	0.1278109	0.0000000	0.0000000
7000.6209600	7000.0338101	6999.8782813	2.3599853	-0.4200000	0.1176937	0.2803048	0.1224259	0.0000000	0.0000000
7000.6209600	7000.0338101	6999.8782813	2.3399713	-0.4200000	0.1210277	0.2799347	0.1216423	0.0000000	0.0000000
7000.6209600	7000.0338101	6999.8782813	2.3199573	-0.4200000	0.1203431	0.2809827	0.1247349	0.0000000	0.0000000
7000.6209600	7000.0338101	6999.8782813	2.2999433	-0.4200000	0.1149777	0.2802998	0.1241775	0.0000000	0.0000000
7000.6209600	7000.0338101	6999.8782813	2.2799293	-0.4200000	0.1184661	0.2794478	0.1232562	0.0000000	0.0000000
7000.6209600	7000.0338101	6999.8782813	2.2599153	-0.4200000	0.1206277	0.2811653	0.1231936	0.0000000	0.0000000
7000.6209600	7000.0338101	6999.8782813	2.2399013	-0.4200000	0.1138322	0.2800833	0.1196877	0.0000000	0.0000000
7000.6209600	7000.0338101	6999.8782813	2.2198873	-0.4200000	0.1165341	0.2805037	0.1212749	0.0000000	0.0000000
7000.6209600	7000.0338101	6999.8782813	2.1998732	-0.4200000	0.1218011	0.2797728	0.1222614	0.0000000	0.0000000
7000.6209600	7000.0338101	6999.8782813	2.1798592	-0.4200000	0.1111508	0.2793737	0.1208394	0.0000000	0.0000000
7000.6209600	7000.0338101	6999.8782813	2.1598452	-0.4200000	0.1136737	0.2815438	0.1246152	0.0000000	0.0000000
7000.6209600	7000.0338101	6999.8782813	2.1401648	-0.4200000	0.1169167	0.2792213	0.1233506	0.0000000	0.0000000
7000.6209600	7000.0338101	6999.8782813	2.1201508	-0.4200000	0.1227112	0.2772280	0.1251232	0.0000000	0.0000000
7000.6209600	7000.0338101	6999.8782813	2.1001368	-0.4200000	0.1193732	0.2783671	0.1247886	0.0000000	0.0000000
7000.6209600	7000.0338101	6999.8782813	2.0801228	-0.4200000	0.1150128	0.2823734	0.1218505	0.0000000	0.0000000
7000.6209600	7000.0338101	6999.8782813	2.0601087	-0.4200000	0.1261775	0.2779250	0.1252968	0.0000000	0.0000000
7000.6209600	7000.0338101	6999.8782813	2.0400947	-0.4200000	0.1187335	0.2806000	0.1227781	0.0000000	0.0000000
7000.6209600	7000.0338101	6999.8782813	2.0200807	-0.4200000	0.1156605	0.2808770	0.1203885	0.0000000	0.0000000
7000.6209600	7000.0338101	6999.8782813	2.0000667	-0.4200000	0.1263600	0.2819263	0.1244135	0.0000000	0.0000000
7000.6209600	7000.0338101	6999.8782813	1.9800527	-0.4200000	0.1207888	0.2811482	0.1227727	0.0000000	0.0000000
7000.6209600	7000.0338101	6999.8782813	1.9600387	-0.4200000	0.1055548	0.2783853	0.1225433	0.0000000	0.0000000
7000.6209600	7000.0338101	6999.8782813	1.9400247	-0.4200000	0.1199430	0.2812479	0.1254900	0.0000000	0.0000000
7000.6209600	7000.0338101	6999.8782813	1.9200107	-0.4200000	0.1325719	0.2820016	0.1276781	0.0000000	0.0000000
7000.6209600	7000.0338101	6999.8782813	1.8999967	-0.4200000	0.1247595	0.2791831	0.1203047	0.0000000	0.0000000
7000.6209600	7000.0338101	6999.8782813	1.8799827	-0.4200000	0.1269241	0.2781531	0.1276984	0.0000000	0.0000000
7000.6209600	7000.0338101	6999.8782813	1.8599686	-0.4200000	0.1210068	0.2813153	0.1245685	0.0000000	0.0000000
7000.6209600	7000.0338101	6999.8782813	1.8399546	-0.4200000	0.1218176	0.2787927	0.1256346	0.0000000	0.0000000
7000.6209600	7000.0338101	6999.8782813	1.8199406	-0.4200000	0.1354226	0.2829281	0.1294669	0.0000000	0.0000000
7000.6209600	7000.0338101	6999.8782813	1.7999266	-0.4200000	0.1318329	0.2795724	0.1226198	0.0000000	0.0000000
7000.6209600	7000.0338101	6999.8782813	1.7799126	-0.4200000	0.1288987	0.2783768	0.1282487	0.0000000	0.0000000
7000.6209600	7000.0338101	6999.8782813	1.7598986	-0.4200000	0.1131111	0.2776117	0.1278806	0.0000000	0.0000000
7000.6209600	7000.0338101	6999.8782813	1.7398846	-0.4200000	0.1190933	0.2797605	0.1225665	0.0000000	0.0000000
7000.6209600	7000.0338101	6999.8782813	1.7198706	-0.4200000	0.1420229	0.2785157	0.1260132	0.0000000	0.0000000
7000.6209600	7000.0338101	6999.8782813	1.6998566	-0.4200000	0.1261405	0.2785363	0.1204337	0.0000000	0.0000000
7000.6209600	7000.0338101	6999.8782813	1.6798426	-0.4200000	0.1210360	0.2755848	0.1272383	0.0000000	0.0000000
7000.6209600	7000.0338101	6999.8782813	1.6601621	-0.4200000	0.1163472	0.2798751	0.1254248	0.0000000	0.0000000
7000.6209600	7000.0338101	6999.8782813	1.6401481	-0.4200000	0.1149604	0.2807495	0.1251532	0.0000000	0.0000000
7000.6209600	7000.0338101	6999.8782813	1.6201341	-0.4200000	0.1290276	0.2812062	0.1227178	0.0000000	0.0000000
7000.6209600	7000.0338101	6999.8782813	1.6001201	-0.4200000	0.1324313	0.2800723	0.1239880	0.0000000	0.0000000
7000.6209600	7000.0338101	6999.8782813	1.5801061	-0.4200000	0.1338137	0.2798593	0.1242411	0.0000000	0.0000000
7000.6209600	7000.0338101	6999.8782813	1.5600921	-0.4200000	0.1255996	0.2801106	0.1265889	0.0000000	0.0000000
7000.6209600	7000.0338101	6999.8782813	1.5400781	-0.4200000	0.1206495	0.2814645	0.1251006	0.0000000	0.0000000
7000.6209600	7000.0338101	6999.8782813	1.5200640	-0.4200000	0.1224988	0.2801924	0.1223209	0.0000000	0.0000000
7000.6209600	7000.0338101	6999.8782813	1.5000500	-0.4200000	0.1258693	0.2816270	0.1204761	0.0000000	0.0000000
7000.6209600	7000.0338101	6999.8782813	1.4800360	-0.4200000	0.1482120	0.2805332	0.1277511	0.0000000	0.0000000
7000.6209600	7000.0338101	6999.8782813	1.4600220	-0.4200000	0.1254526	0.2810719	0.1265494	0.0000000	0.0000000
7000.6209600	7000.0338101	6999.8782813	1.4400080	-0.4200000	0.1067736	0.2804429	0.1210663	0.0000000	0.0000000
7000.6209600	7000.0338101	6999.8782813	1.4199940	-0.4200000	0.1106603	0.2820533	0.1248512	0.0000000	0.0000000
7000.6209600	7000.0338101	6999.8782813	1.3999800	-0.4200000	0.1299346	0.2812678	0.1280933	0.0000000	0.0000000
7000.6209600	7000.0338101	6999.8782813	1.3799660	-0.4200000	0.1534883	0.2807611	0.1283829	0.0000000	0.0000000
7000.6209600	7000.0338101	6999.8782813	1.3599520	-0.4200000	0.1310293	0.2797251	0.1242815	0.0000000	0.0000000
7000.6209600	7000.0338101	6999.8782813	1.3399380	-0.4200000	0.1180753	0.2808848	0.1236265	0.0000000	0.0000000
7000.6209600	7000.0338101	6999.8782813	1.3199239	-0.4200000	0.1170265	0.2786770	0.1210432	0.0000000	0.0000000
7000.6209600	7000.0338101	6999.8782813	1.2999099	-0.4200000	0.1224840	0.2794584	0.1199213	0.0000000	0.0000000
7000.6209600	7000.0338101	6999.8782813	1.2798959	-0.4200000	0.1593018	0.2805607	0.1252114	0.0000000	0.0000000
7000.6209600	7000.0338101	6999.8782813	1.2598819	-0.4200000	0.1444260	0.2799917	0.1244642	0.0000000	0.0000000
7000.6209600	7000.0338101	6999.8782813	1.2398679	-0.4200000	0.1320908	0.2804825	0.1234235	0.0000000	0.0000000
7000.6209600	7000.0338101	6999.8782813	1.2198539	-0.4200000	0.1336398	0.2805803	0.1220245	0.0000000	0.0000000
7000.6209600	7000.0338101	6999.8782813	1.1998399	-0.4200000	0.1350944	0.2782554	0.1191764	0.0000000	0.0000000
7000.6209600	7000.0338101	6999.8782813	1.1801594	-0.4200000	0.1613501	0.2791102	0.1206996	0.0000000	0.0000000
7000.6209600	7000.0338101	6999.8782813	1.1601454	-0.4200000	0.1593347	0.2824095	0.1268959	0.0000000	0.0000000
7000.6209600	7000.0338101	6999.8782813	1.1401314	-0.4200000	0.1455037	0.2812054	0.1254369	0.0000000	0.0000000
7000.6209600	7000.0338101	6999.8782813	1.1201174	-0.4200000	0.1416368	0.2783022	0.1223970	0.0000000	0.0000000
7000.6209600	7000.0338101	6999.8782813	1.1001034	-0.4200000	0.1405961	0.2784768	0.1207018	0.0000000	0.0000000
7000.6209600	7000.0338101	6999.8782813	1.0800894	-0.4200000	0.1597594	0.2789307	0.1180028	0.0000000	0.0000000
7000.6209600	7000.0338101	6999.8782813	1.0600754	-0.4200000	0.1470906	0.2781658	0.1194407	0.0000000	0.0000000
7000.6209600	7000.0338101	6999.8782813	1.0400614	-0.4200000	0.1324552	0.2772467	0.1173872	0.0000000	0.0000000
7000.6209600	7000.0338101	6999.8782813	1.0200474	-0.4200000	0.1446633	0.2777969	0.1211016	0.0000000	0.0000000
7000.6209600	7000.0338101	6999.8782813	1.0000334	-0.4200000	0.1510032	0.2779441	0.1171002	0.0000000	0.0000000
7000.6209600	7000.0338101	6999.8782813	0.9800193	-0.4200000	0.1950126	0.2778260	0.1245721	0.0000000	0.0000000
7000.6209600	7000.0338101	6999.8782813	0.9600053	-0.4200000	0.1480999	0.2746243	0.1238174	0.0000000	0.0000000
7000.6209600	7000.0338101	6999.8782813	0.9399913	-0.4200000	0.1303569	0.2760325	0.1223604	0.0000000	0.0000000
7000.6209600	7000.0338101	6999.8782813	0.9199773	-0.4200000	0.1716174	0.2763690	0.1262620	0.0000000	0.0000000
7000.6209600	7000.0338101	6999.8782813	0.8999633	-0.4200000	0.1871879	0.2821112	0.1251202	0.0000000	0.0000000
7000.6209600	7000.0338101	6999.8782813	0.8799493	-0.4200000	0.2062476	0.2770698	0.1242794	0.0000000	0.0000000
7000.6209600	7000.0338101	6999.8782813	0.8599353	-0.4200000	0.1577407	0.2765328	0.1231080	0.0000000	0.0000000
7000.6209600	7000.0338101	6999.8782813	0.8399213	-0.4200000	0.1585813	0.2815872	0.1248562	0.0000000	0.0000000
7000.6209600	7000.0338101	6999.8782813	0.8199073	-0.4200000	0.2177693	0.2793866	0.1258228	0.0000000	0.0000000
7000.6209600	7000.0338101	6999.8782813	0.7998933	-0.4200000	0.2223258	0.2798059	0.1215081	0.0000000	0.0000000
7000.6209600	7000.0338101	6999.8782813	0.7798792	-0.4200000	0.1945475	0.2791139	0.1188787	0.0000000	0.0000000
7000.6209600	7000.0338101	6999.8782813	0.7598652	-0.4200000	0.1653070	0.2824440	0.1234517	0.0000000	0.0000000
7000.6209600	7000.0338101	6999.8782813	0.7398512	-0.4200000	0.1576523	0.2773555	0.1223342	0.0000000	0.0000000
7000.6209600	7000.0338101	6999.8782813	0.7198372	-0.4200000	0.2264658	0.2762181	0.1224736	0.0000000	0.0000000
7000.6209600	7000.0338101	6999.8782813	0.7001568	-0.4200000	0.2311898	0.2779728	0.1231121	0.0000000	0.0000000
7000.6209600	7000.0338101	6999.8782813	0.6801428	-0.4200000	0.2412800	0.2808314	0.1229886	0.0000000	0.0000000
7000.6209600	7000.0338101	6999.8782813	0.6601288	-0.4200000	0.1964886	0.2809788	0.1230249	0.0000000	0.0000000
7000.6209600	7000.0338101	6999.8782813	0.6401147	-0.4200000	0.1447313	0.2796930	0.1165626	0.0000000	0.0000000
7000.6209600	7000.0338101	6999.8782813	0.6201007	-0.4200000	0.2248575	0.2816282	0.1216262	0.0000000	0.0000000
7000.6209600	7000.0338101	6999.8782813	0.6000867	-0.4200000	0.2490031	0.2780648	0.1198170	0.0000000	0.0000000
7000.6209600	7000.0338101	6999.8782813	0.5800727	-0.4200000	0.2464055	0.2773774	0.1224155	0.0000000	0.0000000
7000.6209600	7000.0338101	6999.8782813	0.5600587	-0.4200000	0.1907064	0.2792603	0.1210887	0.0000000	0.0000000
7000.6209600	7000.0338101	6999.8782813	0.5400447	-0.4200000	0.1745435	0.2791808	0.1211548	0.0000000	0.0000000
7000.6209600	7000.0338101	6999.8782813	0.5200307	-0.4200000	0.2377257	0.2791383	0.1172092	0.0000000	0.0000000
7000.6209600	7000.0338101	6999.8782813	0.5000167	-0.4200000	0.2542472	0.2778167	0.1192994	0.0000000	0.0000000
7000.6209600	7000.0338101	6999.8782813	0.4800027	-0.4200000	0.2458120	0.2760996	0.1237314	0.0000000	0.0000000
7000.6209600	7000.0338101	6999.8782813	0.4599887	-0.4200000	0.2163905	0.2780753	0.1245117	0.0000000	0.0000000
7000.6209600	7000.0338101	6999.8782813	0.4399746	-0.4200000	0.2153192	0.2795115	0.1231558	0.0000000	0.0000000
7000.6209600	7000.0338101	6999.8782813	0.4199606	-0.4200000	0.2860625	0.2761013	0.1270675	0.0000000	0.0000000
7000.6209600	7000.0338101	6999.8782813	0.3999466	-0.4200000	0.2960859	0.2758119	0.1259047	0.0000000	0.0000000
7000.6209600	7000.0338101	6999.8782813	0.3799326	-0.4200000	0.2730515	0.2785204	0.1259941	0.0000000	0.0000000
7000.6209600	7000.0338101	6999.8782813	0.3599186	-0.4200000	0.2234679	0.2781859	0.1268613	0.0000000	0.0000000
7000.6209600	7000.0338101	6999.8782813	0.3399046	-0.4200000	0.2333475	0.2779509	0.1291887	0.0000000	0.0000000
7000.6209600	7000.0338101	6999.8782813	0.3198906	-0.4200000	0.3178071	0.2799489	0.1224633	0.0000000	0.0000000
7000.6209600	7000.0338101	6999.8782813	0.2998766	-0.4200000	0.3450793	0.2800399	0.1261497	0.0000000	0.0000000
7000.6209600	7000.0338101	6999.8782813	0.2798626	-0.4200000	0.2652920	0.2811909	0.1219271	0.0000000	0.0000000
7000.6209600	7000.0338101	6999.8782813	0.2598486	-0.4200000	0.2120253	0.2769102	0.1213619	0.0000000	0.0000000
7000.6209600	7000.0338101	6999.8782813	0.2398346	-0.4200000	0.2529200	0.2787098	0.1218964	0.0000000	0.0000000
7000.6209600	7000.0338101	6999.8782813	0.2201541	-0.4200000	0.3362144	0.2798297	0.1234686	0.0000000	0.0000000
7000.6209600	7000.0338101	6999.8782813	0.2001401	-0.4200000	0.3207665	0.2749645	0.1269216	0.0000000	0.0000000
7000.6209600	7000.0338101	6999.8782813	0.1801261	-0.4200000	0.2811034	0.2781752	0.1194601	0.0000000	0.0000000
7000.6209600	7000.0338101	6999.8782813	0.1601121	-0.4200000	0.2400667	0.2778993	0.1232242	0.0000000	0.0000000
7000.6209600	7000.0338101	6999.8782813	0.1400981	-0.4200000	0.2495947	0.2774341	0.1247245	0.0000000	0.0000000
7000.6209600	7000.0338101	6999.8782813	0.1200841	-0.4200000	0.3508811	0.2781749	0.1218906	0.0000000	0.0000000
7000.6209600	7000.0338101	6999.8782813	0.1000700	-0.4200000	0.3627432	0.2782040	0.1261055	0.0000000	0.0000000
7000.6209600	7000.0338101	6999.8782813	0.0800560	-0.4200000	0.3134490	0.2809960	0.1260012	0.0000000	0.0000000
7000.6209600	7000.0338101	6999.8782813	0.0600420	-0.4200000	0.1994182	0.2780193	0.1130284	0.0000000	0.0000000
7000.6209600	7000.0338101	6999.8782813	0.0400280	-0.4200000	0.2503739	0.2807947	0.1214679	0.0000000	0.0000000
7000.6209600	7000.0338101	6999.8782813	0.0200140	-0.4200000	0.3712346	0.2793641	0.1271638	0.0000000	0.0000000
7000.6209600	7000.0338101	6999.8782813	0.0000000	-0.4200000	0.3286871	0.2775752	0.1201693	0.0000000	0.0000000
