7000.6209600	7000.0338101	6999.8782813	3.0001001	0.7198372	0.1905562	0.2770682	0.1364495	0.0000000	0.7200000
7000.6209600	7000.0338101	6999.8782813	2.9800861	0.7200000	0.1730490	0.2799066	0.1289269	0.0000000	0.0000000
7000.6209600	7000.0338101	6999.8782813	2.9600721	0.7200000	0.1675336	0.2785337	0.1265598	0.0000000	0.0000000
7000.6209600	7000.0338101	6999.8782813	2.9400580	0.7200000	0.1899709	0.2795516	0.1307318	0.0000000	0.0000000
7000.6209600	7000.0338101	6999.8782813	2.9200440	0.7200000	0.1957294	0.2803044	0.1331670	0.0000000	0.0000000
7000.6209600	7000.0338101	6999.8782813	2.9000300	0.7200000	0.1842914	0.2792511	0.1338309	0.0000000	0.0000000
7000.6209600	7000.0338101	6999.8782813	2.8800160	0.7200000	0.1883640	0.2805094	0.1335098	0.0000000	0.0000000
7000.6209600	7000.0338101	6999.8782813	2.8600020	0.7200000	0.1802565	0.2790936	0.1340205	0.0000000	0.0000000
7000.6209600	7000.0338101	6999.8782813	2.8399880	0.7200000	0.1932899	0.2783982	0.1346909	0.0000000	0.0000000
7000.6209600	7000.0338101	6999.8782813	2.8199740	0.7200000	0.1861169	0.2807233	0.1321379	0.0000000	0.0000000
7000.6209600	7000.0338101	6999.8782813	2.7999600	0.7200000	0.2008223	0.2844209	0.1375466	0.0000000	0.0000000
7000.6209600	7000.0338101	6999.8782813	2.7799460	0.7200000	0.1838149	0.2768243	0.1324412	0.0000000	0.0000000
7000.6209600	7000.0338101	6999.8782813	2.7599320	0.7200000	0.1989233	0.2772942	0.1352804	0.0000000	0.0000000
7000.6209600	7000.0338101	6999.8782813	2.7399179	0.7200000	0.1890917	0.2815403	0.1301885	0.0000000	0.0000000
7000.6209600	7000.0338101	6999.8782813	2.7199039	0.7200000	0.1835977	0.2783284	0.1346897	0.0000000	0.0000000
7000.6209600	7000.0338101	6999.8782813	2.6998899	0.7200000	0.1753088	0.2790876	0.1312405	0.0000000	0.0000000
7000.6209600	7000.0338101	6999.8782813	2.6798759	0.7200000	0.1871239	0.2817651	0.1338931	0.0000000	0.0000000
7000.6209600	7000.0338101	6999.8782813	2.6598619	0.7200000	0.1821385	0.2800574	0.1297651	0.0000000	0.0000000
7000.6209600	7000.0338101	6999.8782813	2.6398479	0.7200000	0.2029867	0.2806736	0.1356770	0.0000000	0.0000000
7000.6209600	7000.0338101	6999.8782813	2.6198339	0.7200000	0.1947507	0.2810521	0.1325801	0.0000000	0.0000000
7000.6209600	7000.0338101	6999.8782813	2.6001534	0.7200000	0.1880774	0.2779901	0.1325503	0.0000000	0.0000000
7000.6209600	7000.0338101	6999.8782813	2.5801394	0.7200000	0.1781425	0.2806082	0.1317786	0.0000000	0.0000000
7000.6209600	7000.0338101	6999.8782813	2.5601254	0.7200000	0.1870537	0.2822330	0.1305817	0.0000000	0.0000000
7000.6209600	7000.0338101	6999.8782813	2.5401114	0.7200000	0.1887437	0.2771324	0.1336974	0.0000000	0.0000000
7000.6209600	7000.0338101	6999.8782813	2.5200974	0.7200000	0.1716071	0.2772452	0.1308347	0.0000000	0.0000000
7000.6209600	7000.0338101	6999.8782813	2.5000834	0.7200000	0.1774703	0.2773323	0.1294935	0.0000000	0.0000000
7000.6209600	7000.0338101	6999.8782813	2.4800694	0.7200000	0.1873146	0.2788860	0.1307133	0.0000000	0.0000000
7000.6209600	7000.0338101	6999.8782813	2.4600554	0.7200000	0.1846068	0.2809336	0.1277557	0.0000000	0.0000000
7000.6209600	7000.0338101	6999.8782813	2.4400414	0.7200000	0.1860281	0.2782123	0.1322610	0.0000000	0.0000000
7000.6209600	7000.0338101	6999.8782813	2.4200274	0.7200000	0.1865565	0.2802892	0.1318757	0.0000000	0.0000000
7000.6209600	7000.0338101	6999.8782813	2.4000133	0.7200000	0.1801926	0.2763967	0.1330604	0.0000000	0.0000000
7000.6209600	7000.0338101	6999.8782813	2.3799993	0.7200000	0.1815828	0.2776757	0.1311583	0.0000000	0.0000000
7000.6209600	7000.0338101	6999.8782813	2.3599853	0.7200000	0.1846980	0.2793951	0.1290336	0.0000000	0.0000000
7000.6209600	7000.0338101	6999.8782813	2.3399713	0.7200000	0.1771281	0.2758491	0.1327456	0.0000000	0.0000000
7000.6209600	7000.0338101	6999.8782813	2.3199573	0.7200000	0.1671537	0.2778451	0.1288845	0.0000000	0.0000000
7000.6209600	7000.0338101	6999.8782813	2.2999433	0.7200000	0.1742271	0.2792418	0.1260902	0.0000000	0.0000000
7000.6209600	7000.0338101	6999.8782813	2.2799293	0.7200000	0.1897310	0.2756547	0.1367394	0.0000000	0.0000000
7000.6209600	7000.0338101	6999.8782813	2.2599153	0.7200000	0.1958456	0.2786219	0.1344784	0.0000000	0.0000000
7000.6209600	7000.0338101	6999.8782813	2.2399013	0.7200000	0.1744468	0.2769598	0.1329315	0.0000000	0.0000000
7000.6209600	7000.0338101	6999.8782813	2.2198873	0.7200000	0.1832595	0.2814078	0.1291598	0.0000000	0.0000000
7000.6209600	7000.0338101	6999.8782813	2.1998732	0.7200000	0.1981147	0.2809446	0.1331859	0.0000000	0.0000000
7000.6209600	7000.0338101	6999.8782813	2.1798592	0.7200000	0.1859554	0.2821396	0.1289148	0.0000000	0.0000000
7000.6209600	7000.0338101	6999.8782813	2.1598452	0.7200000	0.1853256	0.2789702	0.1284940	0.0000000	0.0000000
7000.6209600	7000.0338101	6999.8782813	2.1401648	0.7200000	0.1914758	0.2789623	0.1305081	0.0000000	0.0000000
7000.6209600	7000.0338101	6999.8782813	2.1201508	0.7200000	0.1970276	0.2784686	0.1337401	0.0000000	0.0000000
7000.6209600	7000.0338101	6999.8782813	2.1001368	0.7200000	0.1865110	0.2798665	0.1288453	0.0000000	0.0000000
7000.6209600	7000.0338101	6999.8782813	2.0801228	0.7200000	0.1794661	0.2772490	0.1302794	0.0000000	0.0000000
7000.6209600	7000.0338101	6999.8782813	2.0601087	0.7200000	0.1993893	0.2770669	0.1340037	0.0000000	0.0000000
7000.6209600	7000.0338101	6999.8782813	2.0400947	0.7200000	0.1991117	0.2794633	0.1287468	0.0000000	0.0000000
7000.6209600	7000.0338101	6999.8782813	2.0200807	0.7200000	0.1758124	0.2774767	0.1310692	0.0000000	0.0000000
7000.6209600	7000.0338101	6999.8782813	2.0000667	0.7200000	0.1810205	0.2761184	0.1346017	0.0000000	0.0000000
7000.6209600	7000.0338101	6999.8782813	1.9800527	0.7200000	0.1953232	0.2775554	0.1333070	0.0000000	0.0000000
7000.6209600	7000.0338101	6999.8782813	1.9600387	0.7200000	0.1971631	0.2755115	0.1329502	0.0000000	0.0000000
7000.6209600	7000.0338101	6999.8782813	1.9400247	0.7200000	0.2000110	0.2767939	0.1335004	0.0000000	0.0000000
7000.6209600	7000.0338101	6999.8782813	1.9200107	0.7200000	0.1819752	0.2734777	0.1361870	0.0000000	0.0000000
7000.6209600	7000.0338101	6999.8782813	1.8999967	0.7200000	0.1802955	0.2754404	0.1357986	0.0000000	0.0000000
7000.6209600	7000.0338101	6999.8782813	1.8799827	0.7200000	0.2004778	0.2747086	0.1387946	0.0000000	0.0000000
7000.6209600	7000.0338101	6999.8782813	1.8599686	0.7200000	0.1891252	0.2767170	0.1308293	0.0000000	0.0000000
7000.6209600	7000.0338101	6999.8782813	1.8399546	0.7200000	0.2012885	0.2786337	0.1330566	0.0000000	0.0000000
7000.6209600	7000.0338101	6999.8782813	1.8199406	0.7200000	0.1828251	0.2784166	0.1358951	0.0000000	0.0000000
7000.6209600	7000.0338101	6999.8782813	1.7999266	0.7200000	0.1707474	0.2805948	0.1270292	0.0000000	0.0000000
7000.6209600	7000.0338101	6999.8782813	1.7799126	0.7200000	0.1816187	0.2792831	0.1287233	0.0000000	0.0000000
7000.6209600	7000.0338101	6999.8782813	1.7598986	0.7200000	0.2138090	0.2787629	0.1344911	0.0000000	0.0000000
7000.6209600	7000.0338101	6999.8782813	1.7398846	0.7200000	0.1964430	0.2771970	0.1342311	0.0000000	0.0000000
7000.6209600	7000.0338101	6999.8782813	1.7198706	0.7200000	0.1689552	0.2791326	0.1301399	0.0000000	0.0000000
7000.6209600	7000.0338101	6999.8782813	1.6998566	0.7200000	0.1754849	0.2775859	0.1357983	0.0000000	0.0000000
7000.6209600	7000.0338101	6999.8782813	1.6798426	0.7200000	0.1720447	0.2774047	0.1297614	0.0000000	0.0000000
7000.6209600	7000.0338101	6999.8782813	1.6601621	0.7200000	0.1986843	0.2813993	0.1283600	0.0000000	0.0000000
7000.6209600	7000.0338101	6999.8782813	1.6401481	0.7200000	0.2076134	0.2753906	0.1366447	0.0000000	0.0000000
7000.6209600	7000.0338101	6999.8782813	1.6201341	0.7200000	0.1777520	0.2768136	0.1347814	0.0000000	0.0000000
7000.6209600	7000.0338101	6999.8782813	1.6001201	0.7200000	0.1722140	0.2749352	0.1342744	0.0000000	0.0000000
7000.6209600	7000.0338101	6999.8782813	1.5801061	0.7200000	0.1758197	0.2780742	0.1333324	0.0000000	0.0000000
7000.6209600	7000.0338101	6999.8782813	1.5600921	0.7200000	0.2049225	0.2793831	0.1307242	0.0000000	0.0000000
7000.6209600	7000.0338101	6999.8782813	1.5400781	0.7200000	0.2173589	0.2783816	0.1345961	0.0000000	0.0000000
7000.6209600	7000.0338101	6999.8782813	1.5200640	0.7200000	0.1791934	0.2793981	0.1258832	0.0000000	0.0000000
7000.6209600	7000.0338101	6999.8782813	1.5000500	0.7200000	0.1659147	0.2788005	0.1269551	0.0000000	0.0000000
7000.6209600	7000.0338101	6999.8782813	1.4800360	0.7200000	0.1610791	0.2787533	0.1261462	0.0000000	0.0000000
7000.6209600	7000.0338101	6999.8782813	1.4600220	0.7200000	0.1935872	0.2794910	0.1295314	0.0000000	0.0000000
7000.6209600	7000.0338101	6999.8782813	1.4400080	0.7200000	0.2147594	0.2775698	0.1306909	0.0000000	0.0000000
7000.6209600	7000.0338101	6999.8782813	1.4199940	0.7200000	0.1897281	0.2803063	0.1281211	0.0000000	0.0000000
7000.6209600	7000.0338101	6999.8782813	1.3999800	0.7200000	0.1749620	0.2812200	0.1263634	0.0000000	0.0000000
7000.6209600	7000.0338101	6999.8782813	1.3799660	0.7200000	0.1765415	0.2804237	0.1327288	0.0000000	0.0000000
7000.6209600	7000.0338101	6999.8782813	1.3599520	0.7200000	0.1907948	0.2781637	0.1280555	0.0000000	0.0000000
7000.6209600	7000.0338101	6999.8782813	1.3399380	0.7200000	0.1977421	0.2784618	0.1271302	0.0000000	0.0000000
7000.6209600	7000.0338101	6999.8782813	1.3199239	0.7200000	0.2085739	0.2785272	0.1345223	0.0000000	0.0000000
7000.6209600	7000.0338101	6999.8782813	1.2999099	0.7200000	0.1857538	0.2796965	0.1261377	0.0000000	0.0000000
7000.6209600	7000.0338101	6999.8782813	1.2798959	0.7200000	0.1619696	0.2818723	0.1274860	0.0000000	0.0000000
7000.6209600	7000.0338101	6999.8782813	1.2598819	0.7200000	0.1834473	0.2819277	0.1278225	0.0000000	0.0000000
7000.6209600	7000.0338101	6999.8782813	1.2398679	0.7200000	0.2064565	0.2777075	0.1287266	0.0000000	0.0000000
7000.6209600	7000.0338101	6999.8782813	1.2198539	0.7200000	0.2029403	0.2750685	0.1317035	0.0000000	0.0000000
7000.6209600	7000.0338101	6999.8782813	1.1998399	0.7200000	0.2058173	0.2832957	0.1329373	0.0000000	0.0000000
7000.6209600	7000.0338101	6999.8782813	1.1801594	0.7200000	0.1700142	0.2786372	0.1338419	0.0000000	0.0000000
7000.6209600	7000.0338101	6999.8782813	1.1601454	0.7200000	0.2111049	0.2810817	0.1353242	0.0000000	0.0000000
7000.6209600	7000.0338101	6999.8782813	1.1401314	0.7200000	0.1939551	0.2790404	0.1244349	0.0000000	0.0000000
7000.6209600	7000.0338101	6999.8782813	1.1201174	0.7200000	0.2005138	0.2795946	0.1282310	0.0000000	0.0000000
7000.6209600	7000.0338101	6999.8782813	1.1001034	0.7200000	0.2201154	0.2797239	0.1359623	0.0000000	0.0000000
7000.6209600	7000.0338101	6999.8782813	1.0800894	0.7200000	0.1727170	0.2786791	0.1315950	0.0000000	0.0000000
7000.6209600	7000.0338101	6999.8782813	1.0600754	0.7200000	0.2185548	0.2821254	0.1358638	0.0000000	0.0000000
7000.6209600	7000.0338101	6999.8782813	1.0400614	0.7200000	0.2214292	0.2814221	0.1296576	0.0000000	0.0000000
7000.6209600	7000.0338101	6999.8782813	1.0200474	0.7200000	0.1831526	0.2811373	0.1268689	0.0000000	0.0000000
7000.6209600	7000.0338101	6999.8782813	1.0000334	0.7200000	0.1665923	0.2775929	0.1280553	0.0000000	0.0000000
7000.6209600	7000.0338101	6999.8782813	0.9800193	0.7200000	0.1681239	0.2759552	0.1320054	0.0000000	0.0000000
7000.6209600	7000.0338101	6999.8782813	0.9600053	0.7200000	0.2167732	0.2784910	0.1298802	0.0000000	0.0000000
7000.6209600	7000.0338101	6999.8782813	0.9399913	0.7200000	0.2264562	0.2782758	0.1300630	0.0000000	0.0000000
7000.6209600	7000.0338101	6999.8782813	0.9199773	0.7200000	0.1665288	0.2770887	0.1276597	0.0000000	0.0000000
7000.6209600	7000.0338101	6999.8782813	0.8999633	0.7200000	0.1602570	0.2792671	0.1271749	0.0000000	0.0000000
7000.6209600	7000.0338101	6999.8782813	0.8799493	0.7200000	0.1759457	0.2768510	0.1323372	0.0000000	0.0000000
7000.6209600	7000.0338101	6999.8782813	0.8599353	0.7200000	0.2278086	0.2834528	0.1323160	0.0000000	0.0000000
7000.6209600	7000.0338101	6999.8782813	0.8399213	0.7200000	0.2371342	0.2814458	0.1321064	0.0000000	0.0000000
7000.6209600	7000.0338101	6999.8782813	0.8199073	0.7200000	0.1816917	0.2809142	0.1327186	0.0000000	0.0000000
7000.6209600	7000.0338101	6999.8782813	0.7998933	0.7200000	0.1558708	0.2815320	0.1297078	0.0000000	0.0000000
7000.6209600	7000.0338101	6999.8782813	0.7798792	0.7200000	0.1796685	0.2776252	0.1295393	0.0000000	0.0000000
7000.6209600	7000.0338101	6999.8782813	0.7598652	0.7200000	0.2245975	0.2771368	0.1314846	0.0000000	0.0000000
7000.6209600	7000.0338101	6999.8782813	0.7398512	0.7200000	0.2354995	0.2779182	0.1379147	0.0000000	0.0000000
7000.6209600	7000.0338101	6999.8782813	0.7198372	0.7200000	0.1635157	0.2778569	0.1353470	0.0000000	0.0000000
7000.6209600	7000.0338101	6999.8782813	0.7001568	0.7200000	0.1565150	0.2805488	0.1317013	0.0000000	0.0000000
7000.6209600	7000.0338101	6999.8782813	0.6801428	0.7200000	0.1547373	0.2802368	0.1315382	0.0000000	0.0000000
7000.6209600	7000.0338101	6999.8782813	0.6601288	0.7200000	0.2048313	0.2785928	0.1329020	0.0000000	0.0000000
7000.6209600	7000.0338101	6999.8782813	0.6401147	0.7200000	0.2056656	0.2813175	0.1272731	0.0000000	0.0000000
7000.6209600	7000.0338101	6999.8782813	0.6201007	0.7200000	0.1374722	0.2787050	0.1273616	0.0000000	0.0000000
7000.6209600	7000.0338101	6999.8782813	0.6000867	0.7200000	0.1453191	0.2793533	0.1312123	0.0000000	0.0000000
7000.6209600	7000.0338101	6999.8782813	0.5800727	0.7200000	0.1606072	0.2802593	0.1300339	0.0000000	0.0000000
7000.6209600	7000.0338101	6999.8782813	0.5600587	0.7200000	0.2120752	0.2794092	0.1335679	0.0000000	0.0000000
7000.6209600	7000.0338101	6999.8782813	0.5400447	0.7200000	0.2196007	0.2768650	0.1375490	0.0000000	0.0000000
7000.6209600	7000.0338101	6999.8782813	0.5200307	0.7200000	0.1416632	0.2784973	0.1324507	0.0000000	0.0000000
7000.6209600	7000.0338101	6999.8782813	0.5000167	0.7200000	0.1300869	0.2774257	0.1321439	0.0000000	0.0000000
7000.6209600	7000.0338101	6999.8782813	0.4800027	0.7200000	0.1750089	0.2817369	0.1355905	0.0000000	0.0000000
7000.6209600	7000.0338101	6999.8782813	0.4599887	0.7200000	0.1981172	0.2797762	0.1335106	0.0000000	0.0000000
7000.6209600	7000.0338101	6999.8782813	0.4399746	0.7200000	0.1894620	0.2794092	0.1319076	0.0000000	0.0000000
7000.6209600	7000.0338101	6999.8782813	0.4199606	0.7200000	0.1239753	0.2795204	0.1363091	0.0000000	0.0000000
7000.6209600	7000.0338101	6999.8782813	0.3999466	0.7200000	0.1186749	0.2791108	0.1319443	0.0000000	0.0000000
7000.6209600	7000.0338101	6999.8782813	0.3799326	0.7200000	0.1414015	0.2810873	0.1290759	0.0000000	0.0000000
7000.6209600	7000.0338101	6999.8782813	0.3599186	0.7200000	0.1587312	0.2783945	0.1263678	0.0000000	0.0000000
7000.6209600	7000.0338101	6999.8782813	0.3399046	0.7200000	0.1518643	0.2785504	0.1243468	0.0000000	0.0000000
7000.6209600	7000.0338101	6999.8782813	0.3198906	0.7200000	0.1089684	0.2805177	0.1329525	0.0000000	0.0000000
7000.6209600	7000.0338101	6999.8782813	0.3000000	0.7200000	0.1067911	0.2806725	0.1320583	0.0000000	0.0000000
7000.6209600	7000.0338101	6999.8782813	0.2798626	0.7200000	0.1265753	0.2811667	0.1314738	0.0000000	0.0000000
7000.6209600	7000.0338101	6999.8782813	0.2598486	0.7200000	0.1736381	0.2796034	0.1346191	0.0000000	0.0000000
7000.6209600	7000.0338101	6999.8782813	0.2398346	0.7200000	0.1351770	0.2794965	0.1353671	0.0000000	0.0000000
7000.6209600	7000.0338101	6999.8782813	0.2201541	0.7200000	0.0837848	0.2790839	0.1333126	0.0000000	0.0000000
7000.6209600	7000.0338101	6999.8782813	0.2001401	0.7200000	0.0921964	0.2787133	0.1316545	0.0000000	0.0000000
7000.6209600	7000.0338101	6999.8782813	0.1801261	0.7200000	0.1265363	0.2772610	0.1323905	0.0000000	0.0000000
7000.6209600	7000.0338101	6999.8782813	0.1601121	0.7200000	0.1428276	0.2732571	0.1352628	0.0000000	0.0000000
7000.6209600	7000.0338101	6999.8782813	0.1400981	0.7200000	0.1263923	0.2818522	0.1289808	0.0000000	0.0000000
7000.6209600	7000.0338101	6999.8782813	0.1200841	0.7200000	0.0738275	0.2802377	0.1290715	0.0000000	0.0000000
7000.6209600	7000.0338101	6999.8782813	0.1000700	0.7200000	0.0818098	0.2818625	0.1304249	0.0000000	0.0000000
7000.6209600	7000.0338101	6999.8782813	0.0800560	0.7200000	0.1147117	0.2839645	0.1320951	0.0000000	0.0000000
7000.6209600	7000.0338101	6999.8782813	0.0600420	0.7200000	0.1321416	0.2829351	0.1294419	0.0000000	0.0000000
7000.6209600	7000.0338101	6999.8782813	0.0400280	0.7200000	0.1171471	0.2809602	0.1280892	0.0000000	0.0000000
7000.6209600	7000.0338101	6999.8782813	0.0200140	0.7200000	0.0580155	0.2820255	0.1306655	0.0000000	0.0000000
7000.6209600	7000.0338101	6999.8782813	0.0000000	0.7200000	0.0699435	0.2808191	0.1335210	0.0000000	0.0000000
