7000.6209600	7000.0338101	6999.8782813	3.0001001	-0.6201007	0.0627644	0.2752152	0.1263665	0.0000000	-0.6200000
7000.6209600	7000.0338101	6999.8782813	2.9800861	-0.6200000	0.0593981	0.2775712	0.1198701	0.0000000	0.0000000
7000.6209600	7000.0338101	6999.8782813	2.9600721	-0.6200000	0.0598619	0.2771213	0.1236704	0.0000000	0.0000000
7000.6209600	7000.0338101	6999.8782813	2.9400580	-0.6200000	0.0646720	0.2808292	0.1272031	0.0000000	0.0000000
7000.6209600	7000.0338101	6999.8782813	2.9200440	-0.6200000	0.0599518	0.2748361	0.1195913	0.0000000	0.0000000
7000.6209600	7000.0338101	6999.8782813	2.9000300	-0.6200000	0.0590465	0.2743989	0.1186768	0.0000000	0.0000000
7000.6209600	7000.0338101	6999.8782813	2.8800160	-0.6200000	0.0602985	0.2777791	0.1182813	0.0000000	0.0000000
7000.6209600	7000.0338101	6999.8782813	2.8600020	-0.6200000	0.0613633	0.2761071	0.1213389	0.0000000	0.0000000
7000.6209600	7000.0338101	6999.8782813	2.8399880	-0.6200000	0.0645107	0.2776589	0.1214609	0.0000000	0.0000000
7000.6209600	7000.0338101	6999.8782813	2.8199740	-0.6200000	0.0573860	0.2776695	0.1177745	0.0000000	0.0000000
7000.6209600	7000.0338101	6999.8782813	2.7999600	-0.6200000	0.0565765	0.2763455	0.1170177	0.0000000	0.0000000
7000.6209600	7000.0338101	6999.8782813	2.7799460	-0.6200000	0.0622771	0.2763112	0.1202683	0.0000000	0.0000000
7000.6209600	7000.0338101	6999.8782813	2.7599320	-0.6200000	0.0580048	0.2768740	0.1176658	0.0000000	0.0000000
7000.6209600	7000.0338101	6999.8782813	2.7399179	-0.6200000	0.0597991	0.2763037	0.1189205	0.0000000	0.0000000
7000.6209600	7000.0338101	6999.8782813	2.7199039	-0.6200000	0.0621560	0.2798617	0.1277113	0.0000000	0.0000000
7000.6209600	7000.0338101	6999.8782813	2.6998899	-0.6200000	0.0623893	0.2774999	0.1182900	0.0000000	0.0000000
7000.6209600	7000.0338101	6999.8782813	2.6798759	-0.6200000	0.0654507	0.2780111	0.1221816	0.0000000	0.0000000
7000.6209600	7000.0338101	6999.8782813	2.6598619	-0.6200000	0.0585533	0.2771479	0.1182302	0.0000000	0.0000000
7000.6209600	7000.0338101	6999.8782813	2.6398479	-0.6200000	0.0621100	0.2765862	0.1189946	0.0000000	0.0000000
7000.6209600	7000.0338101	6999.8782813	2.6198339	-0.6200000	0.0590861	0.2766283	0.1179497	0.0000000	0.0000000
7000.6209600	7000.0338101	6999.8782813	2.6001534	-0.6200000	0.0619186	0.2807656	0.1244087	0.0000000	0.0000000
7000.6209600	7000.0338101	6999.8782813	2.5801394	-0.6200000	0.0660563	0.2791082	0.1221926	0.0000000	0.0000000
7000.6209600	7000.0338101	6999.8782813	2.5601254	-0.6200000	0.0650668	0.2767738	0.1244589	0.0000000	0.0000000
7000.6209600	7000.0338101	6999.8782813	2.5401114	-0.6200000	0.0581862	0.2768484	0.1166664	0.0000000	0.0000000
7000.6209600	7000.0338101	6999.8782813	2.5200974	-0.6200000	0.0614227	0.2779847	0.1187905	0.0000000	0.0000000
7000.6209600	7000.0338101	6999.8782813	2.5000834	-0.6200000	0.0581829	0.2759689	0.1172013	0.0000000	0.0000000
7000.6209600	7000.0338101	6999.8782813	2.4800694	-0.6200000	0.0631304	0.2781646	0.1202605	0.0000000	0.0000000
7000.6209600	7000.0338101	6999.8782813	2.4600554	-0.6200000	0.0627990	0.2755040	0.1188921	0.0000000	0.0000000
7000.6209600	7000.0338101	6999.8782813	2.4400414	-0.6200000	0.0609019	0.2768392	0.1172213	0.0000000	0.0000000
7000.6209600	7000.0338101	6999.8782813	2.4200274	-0.6200000	0.0645245	0.2786292	0.1196248	0.0000000	0.0000000
7000.6209600	7000.0338101	6999.8782813	2.4000133	-0.6200000	0.0647654	0.2783649	0.1213557	0.0000000	0.0000000
7000.6209600	7000.0338101	6999.8782813	2.3799993	-0.6200000	0.0520536	0.2764045	0.1141968	0.0000000	0.0000000
7000.6209600	7000.0338101	6999.8782813	2.3599853	-0.6200000	0.0573771	0.2728739	0.1197388	0.0000000	0.0000000
7000.6209600	7000.0338101	6999.8782813	2.3399713	-0.6200000	0.0635948	0.2764685	0.1207961	0.0000000	0.0000000
7000.6209600	7000.0338101	6999.8782813	2.3199573	-0.6200000	0.0625851	0.2756455	0.1213805	0.0000000	0.0000000
7000.6209600	7000.0338101	6999.8782813	2.2999433	-0.6200000	0.0598882	0.2751752	0.1167805	0.0000000	0.0000000
7000.6209600	7000.0338101	6999.8782813	2.2799293	-0.6200000	0.0569000	0.2798796	0.1199264	0.0000000	0.0000000
7000.6209600	7000.0338101	6999.8782813	2.2599153	-0.6200000	0.0616201	0.2782444	0.1214835	0.0000000	0.0000000
7000.6209600	7000.0338101	6999.8782813	2.2399013	-0.6200000	0.0652726	0.2742174	0.1212013	0.0000000	0.0000000
7000.6209600	7000.0338101	6999.8782813	2.2198873	-0.6200000	0.0660540	0.2779600	0.1215133	0.0000000	0.0000000
7000.6209600	7000.0338101	6999.8782813	2.1998732	-0.6200000	0.0643507	0.2769221	0.1209756	0.0000000	0.0000000
7000.6209600	7000.0338101	6999.8782813	2.1798592	-0.6200000	0.0638929	0.2769054	0.1216804	0.0000000	0.0000000
7000.6209600	7000.0338101	6999.8782813	2.1598452	-0.6200000	0.0557606	0.2783851	0.1213829	0.0000000	0.0000000
7000.6209600	7000.0338101	6999.8782813	2.1401648	-0.6200000	0.0597054	0.2784642	0.1203749	0.0000000	0.0000000
7000.6209600	7000.0338101	6999.8782813	2.1201508	-0.6200000	0.0641577	0.2775856	0.1208567	0.0000000	0.0000000
7000.6209600	7000.0338101	6999.8782813	2.1001368	-0.6200000	0.0652667	0.2767062	0.1182041	0.0000000	0.0000000
7000.6209600	7000.0338101	6999.8782813	2.0801228	-0.6200000	0.0600869	0.2785327	0.1195829	0.0000000	0.0000000
7000.6209600	7000.0338101	6999.8782813	2.0601087	-0.6200000	0.0592435	0.2766965	0.1218601	0.0000000	0.0000000
7000.6209600	7000.0338101	6999.8782813	2.0400947	-0.6200000	0.0616510	0.2767196	0.1205499	0.0000000	0.0000000
7000.6209600	7000.0338101	6999.8782813	2.0200807	-0.6200000	0.0643630	0.2771837	0.1197133	0.0000000	0.0000000
7000.6209600	7000.0338101	6999.8782813	2.0000667	-0.6200000	0.0653270	0.2765453	0.1205774	0.0000000	0.0000000
7000.6209600	7000.0338101	6999.8782813	1.9800527	-0.6200000	0.0577877	0.2791282	0.1179741	0.0000000	0.0000000
7000.6209600	7000.0338101	6999.8782813	1.9600387	-0.6200000	0.0604392	0.2747383	0.1198206	0.0000000	0.0000000
7000.6209600	7000.0338101	6999.8782813	1.9400247	-0.6200000	0.0590576	0.2766349	0.1191984	0.0000000	0.0000000
7000.6209600	7000.0338101	6999.8782813	1.9200107	-0.6200000	0.0645248	0.2772467	0.1200386	0.0000000	0.0000000
7000.6209600	7000.0338101	6999.8782813	1.8999967	-0.6200000	0.0597645	0.2758875	0.1162527	0.0000000	0.0000000
7000.6209600	7000.0338101	6999.8782813	1.8799827	-0.6200000	0.0618339	0.2772780	0.1201757	0.0000000	0.0000000
7000.6209600	7000.0338101	6999.8782813	1.8599686	-0.6200000	0.0562904	0.2805094	0.1212070	0.0000000	0.0000000
7000.6209600	7000.0338101	6999.8782813	1.8399546	-0.6200000	0.0597190	0.2770370	0.1195979	0.0000000	0.0000000
7000.6209600	7000.0338101	6999.8782813	1.8199406	-0.6200000	0.0633179	0.2733164	0.1200088	0.0000000	0.0000000
7000.6209600	7000.0338101	6999.8782813	1.7999266	-0.6200000	0.0627926	0.2767599	0.1188613	0.0000000	0.0000000
7000.6209600	7000.0338101	6999.8782813	1.7799126	-0.6200000	0.0600276	0.2794690	0.1211646	0.0000000	0.0000000
7000.6209600	7000.0338101	6999.8782813	1.7598986	-0.6200000	0.0605823	0.2803632	0.1238148	0.0000000	0.0000000
7000.6209600	7000.0338101	6999.8782813	1.7398846	-0.6200000	0.0564789	0.2791062	0.1151173	0.0000000	0.0000000
7000.6209600	7000.0338101	6999.8782813	1.7198706	-0.6200000	0.0647887	0.2803182	0.1163290	0.0000000	0.0000000
7000.6209600	7000.0338101	6999.8782813	1.6998566	-0.6200000	0.0710057	0.2767432	0.1199614	0.0000000	0.0000000
7000.6209600	7000.0338101	6999.8782813	1.6798426	-0.6200000	0.0575110	0.2779629	0.1191162	0.0000000	0.0000000
7000.6209600	7000.0338101	6999.8782813	1.6601621	-0.6200000	0.0535604	0.2782795	0.1192415	0.0000000	0.0000000
7000.6209600	7000.0338101	6999.8782813	1.6401481	-0.6200000	0.0584816	0.2775842	0.1209651	0.0000000	0.0000000
7000.6209600	7000.0338101	6999.8782813	1.6201341	-0.6200000	0.0655583	0.2796824	0.1245546	0.0000000	0.0000000
7000.6209600	7000.0338101	6999.8782813	1.6001201	-0.6200000	0.0747666	0.2795806	0.1224501	0.0000000	0.0000000
7000.6209600	7000.0338101	6999.8782813	1.5801061	-0.6200000	0.0665455	0.2782058	0.1238718	0.0000000	0.0000000
7000.6209600	7000.0338101	6999.8782813	1.5600921	-0.6200000	0.0593528	0.2789319	0.1223853	0.0000000	0.0000000
7000.6209600	7000.0338101	6999.8782813	1.5400781	-0.6200000	0.0540708	0.2770051	0.1179745	0.0000000	0.0000000
7000.6209600	7000.0338101	6999.8782813	1.5200640	-0.6200000	0.0694799	0.2784471	0.1165583	0.0000000	0.0000000
7000.6209600	7000.0338101	6999.8782813	1.5000500	-0.6200000	0.0701504	0.2792168	0.1210050	0.0000000	0.0000000
7000.6209600	7000.0338101	6999.8782813	1.4800360	-0.6200000	0.0692621	0.2806165	0.1249241	0.0000000	0.0000000
7000.6209600	7000.0338101	6999.8782813	1.4600220	-0.6200000	0.0624965	0.2770138	0.1264044	0.0000000	0.0000000
7000.6209600	7000.0338101	6999.8782813	1.4400080	-0.6200000	0.0601642	0.2774088	0.1235520	0.0000000	0.0000000
7000.6209600	7000.0338101	6999.8782813	1.4199940	-0.6200000	0.0742473	0.2775406	0.1197725	0.0000000	0.0000000
7000.6209600	7000.0338101	6999.8782813	1.3999800	-0.6200000	0.0768912	0.2795944	0.1225347	0.0000000	0.0000000
7000.6209600	7000.0338101	6999.8782813	1.3799660	-0.6200000	0.0678477	0.2775588	0.1167278	0.0000000	0.0000000
7000.6209600	7000.0338101	6999.8782813	1.3599520	-0.6200000	0.0620046	0.2780674	0.1198572	0.0000000	0.0000000
7000.6209600	7000.0338101	6999.8782813	1.3399380	-0.6200000	0.0519474	0.2757400	0.1174863	0.0000000	0.0000000
7000.6209600	7000.0338101	6999.8782813	1.3199239	-0.6200000	0.0780123	0.2781399	0.1232120	0.0000000	0.0000000
7000.6209600	7000.0338101	6999.8782813	1.2999099	-0.6200000	0.0823361	0.2756569	0.1264114	0.0000000	0.0000000
7000.6209600	7000.0338101	6999.8782813	1.2798959	-0.6200000	0.0710747	0.2781138	0.1216925	0.0000000	0.0000000
7000.6209600	7000.0338101	6999.8782813	1.2598819	-0.6200000	0.0618639	0.2790804	0.1211573	0.0000000	0.0000000
7000.6209600	7000.0338101	6999.8782813	1.2398679	-0.6200000	0.0585104	0.2732684	0.1200280	0.0000000	0.0000000
7000.6209600	7000.0338101	6999.8782813	1.2198539	-0.6200000	0.0788779	0.2762488	0.1208004	0.0000000	0.0000000
7000.6209600	7000.0338101	6999.8782813	1.1998399	-0.6200000	0.0802932	0.2774199	0.1166949	0.0000000	0.0000000
7000.6209600	7000.0338101	6999.8782813	1.1801594	-0.6200000	0.0815337	0.2763225	0.1203759	0.0000000	0.0000000
7000.6209600	7000.0338101	6999.8782813	1.1601454	-0.6200000	0.0579875	0.2766255	0.1161483	0.0000000	0.0000000
7000.6209600	7000.0338101	6999.8782813	1.1401314	-0.6200000	0.0588809	0.2777643	0.1194928	0.0000000	0.0000000
7000.6209600	7000.0338101	6999.8782813	1.1201174	-0.6200000	0.0748488	0.2736755	0.1181984	0.0000000	0.0000000
7000.6209600	7000.0338101	6999.8782813	1.1001034	-0.6200000	0.0891149	0.2763009	0.1205529	0.0000000	0.0000000
7000.6209600	7000.0338101	6999.8782813	1.0800894	-0.6200000	0.0903920	0.2764418	0.1209669	0.0000000	0.0000000
7000.6209600	7000.0338101	6999.8782813	1.0600754	-0.6200000	0.0705726	0.2767455	0.1220970	0.0000000	0.0000000
7000.6209600	7000.0338101	6999.8782813	1.0400614	-0.6200000	0.0635811	0.2783334	0.1245684	0.0000000	0.0000000
7000.6209600	7000.0338101	6999.8782813	1.0200474	-0.6200000	0.0910433	0.2775153	0.1202954	0.0000000	0.0000000
7000.6209600	7000.0338101	6999.8782813	1.0000334	-0.6200000	0.1018781	0.2768102	0.1217947	0.0000000	0.0000000
7000.6209600	7000.0338101	6999.8782813	0.9800193	-0.6200000	0.0993668	0.2765055	0.1210447	0.0000000	0.0000000
7000.6209600	7000.0338101	6999.8782813	0.9600053	-0.6200000	0.0702030	0.2790117	0.1207974	0.0000000	0.0000000
7000.6209600	7000.0338101	6999.8782813	0.9399913	-0.6200000	0.0652720	0.2784943	0.1198192	0.0000000	0.0000000
7000.6209600	7000.0338101	6999.8782813	0.9199773	-0.6200000	0.1024136	0.2767189	0.1171997	0.0000000	0.0000000
7000.6209600	7000.0338101	6999.8782813	0.8999633	-0.6200000	0.1097108	0.2756088	0.1167419	0.0000000	0.0000000
7000.6209600	7000.0338101	6999.8782813	0.8799493	-0.6200000	0.1067517	0.2761606	0.1227848	0.0000000	0.0000000
7000.6209600	7000.0338101	6999.8782813	0.8599353	-0.6200000	0.0787311	0.2781266	0.1228530	0.0000000	0.0000000
7000.6209600	7000.0338101	6999.8782813	0.8399213	-0.6200000	0.0836505	0.2767948	0.1190940	0.0000000	0.0000000
7000.6209600	7000.0338101	6999.8782813	0.8199073	-0.6200000	0.1289458	0.2798846	0.1241188	0.0000000	0.0000000
7000.6209600	7000.0338101	6999.8782813	0.7998933	-0.6200000	0.1337511	0.2759196	0.1203212	0.0000000	0.0000000
7000.6209600	7000.0338101	6999.8782813	0.7798792	-0.6200000	0.0945839	0.2740659	0.1171823	0.0000000	0.0000000
7000.6209600	7000.0338101	6999.8782813	0.7598652	-0.6200000	0.0833928	0.2774445	0.1182791	0.0000000	0.0000000
7000.6209600	7000.0338101	6999.8782813	0.7398512	-0.6200000	0.0992075	0.2785791	0.1231523	0.0000000	0.0000000
7000.6209600	7000.0338101	6999.8782813	0.7198372	-0.6200000	0.1496401	0.2791896	0.1243448	0.0000000	0.0000000
7000.6209600	7000.0338101	6999.8782813	0.7001568	-0.6200000	0.1553428	0.2789714	0.1218774	0.0000000	0.0000000
7000.6209600	7000.0338101	6999.8782813	0.6801428	-0.6200000	0.1302416	0.2758292	0.1219666	0.0000000	0.0000000
7000.6209600	7000.0338101	6999.8782813	0.6601288	-0.6200000	0.1005151	0.2777335	0.1204740	0.0000000	0.0000000
7000.6209600	7000.0338101	6999.8782813	0.6401147	-0.6200000	0.1098021	0.2760211	0.1196146	0.0000000	0.0000000
7000.6209600	7000.0338101	6999.8782813	0.6201007	-0.6200000	0.1603461	0.2787029	0.1201835	0.0000000	0.0000000
7000.6209600	7000.0338101	6999.8782813	0.6000867	-0.6200000	0.1699518	0.2757554	0.1248921	0.0000000	0.0000000
7000.6209600	7000.0338101	6999.8782813	0.5800727	-0.6200000	0.1370231	0.2767200	0.1209863	0.0000000	0.0000000
7000.6209600	7000.0338101	6999.8782813	0.5600587	-0.6200000	0.1146089	0.2778770	0.1195746	0.0000000	0.0000000
7000.6209600	7000.0338101	6999.8782813	0.5400447	-0.6200000	0.1348339	0.2793186	0.1223444	0.0000000	0.0000000
7000.6209600	7000.0338101	6999.8782813	0.5200307	-0.6200000	0.1883126	0.2749628	0.1206016	0.0000000	0.0000000
7000.6209600	7000.0338101	6999.8782813	0.5000167	-0.6200000	0.1869308	0.2768258	0.1165316	0.0000000	0.0000000
7000.6209600	7000.0338101	6999.8782813	0.4800027	-0.6200000	0.1404906	0.2765773	0.1166523	0.0000000	0.0000000
7000.6209600	7000.0338101	6999.8782813	0.4599887	-0.6200000	0.1445380	0.2792240	0.1242358	0.0000000	0.0000000
7000.6209600	7000.0338101	6999.8782813	0.4399746	-0.6200000	0.1502283	0.2751213	0.1200411	0.0000000	0.0000000
7000.6209600	7000.0338101	6999.8782813	0.4199606	-0.6200000	0.2211582	0.2737799	0.1234299	0.0000000	0.0000000
7000.6209600	7000.0338101	6999.8782813	0.3999466	-0.6200000	0.2000386	0.2762510	0.1167236	0.0000000	0.0000000
7000.6209600	7000.0338101	6999.8782813	0.3799326	-0.6200000	0.1563643	0.2763304	0.1163062	0.0000000	0.0000000
7000.6209600	7000.0338101	6999.8782813	0.3599186	-0.6200000	0.1412205	0.2752554	0.1203187	0.0000000	0.0000000
7000.6209600	7000.0338101	6999.8782813	0.3399046	-0.6200000	0.1774429	0.2748358	0.1251918	0.0000000	0.0000000
7000.6209600	7000.0338101	6999.8782813	0.3198906	-0.6200000	0.2359956	0.2756217	0.1212463	0.0000000	0.0000000
7000.6209600	7000.0338101	6999.8782813	0.2998766	-0.6200000	0.2268812	0.2753119	0.1212390	0.0000000	0.0000000
7000.6209600	7000.0338101	6999.8782813	0.2798626	-0.6200000	0.1867418	0.2741533	0.1285870	0.0000000	0.0000000
7000.6209600	7000.0338101	6999.8782813	0.2598486	-0.6200000	0.1744662	0.2753984	0.1188835	0.0000000	0.0000000
7000.6209600	7000.0338101	6999.8782813	0.2398346	-0.6200000	0.2090330	0.2762257	0.1212614	0.0000000	0.0000000
7000.6209600	7000.0338101	6999.8782813	0.2201541	-0.6200000	0.2644139	0.2786444	0.1226664	0.0000000	0.0000000
7000.6209600	7000.0338101	6999.8782813	0.2001401	-0.6200000	0.2422098	0.2759541	0.1186165	0.0000000	0.0000000
7000.6209600	7000.0338101	6999.8782813	0.1801261	-0.6200000	0.1961431	0.2759397	0.1171677	0.0000000	0.0000000
7000.6209600	7000.0338101	6999.8782813	0.1601121	-0.6200000	0.1760583	0.2748287	0.1191439	0.0000000	0.0000000
7000.6209600	7000.0338101	6999.8782813	0.1400981	-0.6200000	0.2009501	0.2768799	0.1162343	0.0000000	0.0000000
7000.6209600	7000.0338101	6999.8782813	0.1200841	-0.6200000	0.2507279	0.2757976	0.1178630	0.0000000	0.0000000
7000.6209600	7000.0338101	6999.8782813	0.1000700	-0.6200000	0.2659017	0.2756123	0.1240795	0.0000000	0.0000000
7000.6209600	7000.0338101	6999.8782813	0.0800560	-0.6200000	0.2316694	0.2758461	0.1222600	0.0000000	0.0000000
7000.6209600	7000.0338101	6999.8782813	0.0600420	-0.6200000	0.2312574	0.2770449	0.1230579	0.0000000	0.0000000
7000.6209600	7000.0338101	6999.8782813	0.0400280	-0.6200000	0.2306193	0.2761735	0.1192156	0.0000000	0.0000000
7000.6209600	7000.0338101	6999.8782813	0.0200140	-0.6200000	0.2886459	0.2773895	0.1185248	0.0000000	0.0000000
7000.6209600	7000.0338101	6999.8782813	0.0000000	-0.6200000	0.2868212	0.2748341	0.1177916	0.0000000	0.0000000
