7000.6209600	7000.0338101	6999.8782813	3.0001001	-0.1801261	0.1731833	0.2801803	0.1256356	0.0000000	-0.1800000
7000.6209600	7000.0338101	6999.8782813	2.9800861	-0.1800000	0.1790746	0.2791987	0.1259604	0.0000000	0.0000000
7000.6209600	7000.0338101	6999.8782813	2.9600721	-0.1800000	0.1722697	0.2779222	0.1236436	0.0000000	0.0000000
7000.6209600	7000.0338101	6999.8782813	2.9400580	-0.1800000	0.1749204	0.2782294	0.1234921	0.0000000	0.0000000
7000.6209600	7000.0338101	6999.8782813	2.9200440	-0.1800000	0.1713433	0.2785229	0.1201675	0.0000000	0.0000000
7000.6209600	7000.0338101	6999.8782813	2.9000300	-0.1800000	0.1864387	0.2795364	0.1246732	0.0000000	0.0000000
7000.6209600	7000.0338101	6999.8782813	2.8800160	-0.1800000	0.1775623	0.2790457	0.1274451	0.0000000	0.0000000
7000.6209600	7000.0338101	6999.8782813	2.8600020	-0.1800000	0.1778915	0.2791591	0.1250692	0.0000000	0.0000000
7000.6209600	7000.0338101	6999.8782813	2.8399880	-0.1800000	0.1804514	0.2797415	0.1262719	0.0000000	0.0000000
7000.6209600	7000.0338101	6999.8782813	2.8199740	-0.1800000	0.1794276	0.2777959	0.1234318	0.0000000	0.0000000
7000.6209600	7000.0338101	6999.8782813	2.7999600	-0.1800000	0.1838217	0.2787773	0.1254088	0.0000000	0.0000000
7000.6209600	7000.0338101	6999.8782813	2.7799460	-0.1800000	0.1803043	0.2797654	0.1242714	0.0000000	0.0000000
7000.6209600	7000.0338101	6999.8782813	2.7599320	-0.1800000	0.1769320	0.2790602	0.1227208	0.0000000	0.0000000
7000.6209600	7000.0338101	6999.8782813	2.7399179	-0.1800000	0.1783759	0.2782845	0.1241932	0.0000000	0.0000000
7000.6209600	7000.0338101	6999.8782813	2.7199039	-0.1800000	0.1859171	0.2790826	0.1235105	0.0000000	0.0000000
7000.6209600	7000.0338101	6999.8782813	2.6998899	-0.1800000	0.1876395	0.2795520	0.1248801	0.0000000	0.0000000
7000.6209600	7000.0338101	6999.8782813	2.6798759	-0.1800000	0.1820725	0.2790345	0.1258494	0.0000000	0.0000000
7000.6209600	7000.0338101	6999.8782813	2.6598619	-0.1800000	0.1808297	0.2796584	0.1258176	0.0000000	0.0000000
7000.6209600	7000.0338101	6999.8782813	2.6398479	-0.1800000	0.1860266	0.2781511	0.1256665	0.0000000	0.0000000
7000.6209600	7000.0338101	6999.8782813	2.6198339	-0.1800000	0.1818563	0.2776578	0.1247881	0.0000000	0.0000000
7000.6209600	7000.0338101	6999.8782813	2.6001534	-0.1800000	0.1769414	0.2806431	0.1227301	0.0000000	0.0000000
7000.6209600	7000.0338101	6999.8782813	2.5801394	-0.1800000	0.1824762	0.2803905	0.1261575	0.0000000	0.0000000
7000.6209600	7000.0338101	6999.8782813	2.5601254	-0.1800000	0.1916320	0.2815980	0.1284453	0.0000000	0.0000000
7000.6209600	7000.0338101	6999.8782813	2.5401114	-0.1800000	0.1900111	0.2794440	0.1276403	0.0000000	0.0000000
7000.6209600	7000.0338101	6999.8782813	2.5200974	-0.1800000	0.1864637	0.2784825	0.1268054	0.0000000	0.0000000
7000.6209600	7000.0338101	6999.8782813	2.5000834	-0.1800000	0.1836078	0.2787086	0.1256952	0.0000000	0.0000000
7000.6209600	7000.0338101	6999.8782813	2.4800694	-0.1800000	0.1764036	0.2786351	0.1237985	0.0000000	0.0000000
7000.6209600	7000.0338101	6999.8782813	2.4600554	-0.1800000	0.1801118	0.2789642	0.1225098	0.0000000	0.0000000
7000.6209600	7000.0338101	6999.8782813	2.4400414	-0.1800000	0.1898740	0.2795956	0.1262329	0.0000000	0.0000000
7000.6209600	7000.0338101	6999.8782813	2.4200274	-0.1800000	0.1811643	0.2782242	0.1236859	0.0000000	0.0000000
7000.6209600	7000.0338101	6999.8782813	2.4000133	-0.1800000	0.1807250	0.2784370	0.1244237	0.0000000	0.0000000
7000.6209600	7000.0338101	6999.8782813	2.3799993	-0.1800000	0.1833118	0.2791490	0.1224659	0.0000000	0.0000000
7000.6209600	7000.0338101	6999.8782813	2.3599853	-0.1800000	0.1791130	0.2780492	0.1232136	0.0000000	0.0000000
7000.6209600	7000.0338101	6999.8782813	2.3399713	-0.1800000	0.1825182	0.2791011	0.1225951	0.0000000	0.0000000
7000.6209600	7000.0338101	6999.8782813	2.3199573	-0.1800000	0.1812065	0.2799263	0.1229926	0.0000000	0.0000000
7000.6209600	7000.0338101	6999.8782813	2.2999433	-0.1800000	0.1782366	0.2779105	0.1241968	0.0000000	0.0000000
7000.6209600	7000.0338101	6999.8782813	2.2799293	-0.1800000	0.1826638	0.2792992	0.1235886	0.0000000	0.0000000
7000.6209600	7000.0338101	6999.8782813	2.2599153	-0.1800000	0.1986637	0.2780498	0.1298486	0.0000000	0.0000000
7000.6209600	7000.0338101	6999.8782813	2.2399013	-0.1800000	0.1878760	0.2786014	0.1249172	0.0000000	0.0000000
7000.6209600	7000.0338101	6999.8782813	2.2198873	-0.1800000	0.1842183	0.2782242	0.1207278	0.0000000	0.0000000
7000.6209600	7000.0338101	6999.8782813	2.1998732	-0.1800000	0.1769426	0.2793564	0.1221194	0.0000000	0.0000000
7000.6209600	7000.0338101	6999.8782813	2.1798592	-0.1800000	0.1889629	0.2795005	0.1262351	0.0000000	0.0000000
7000.6209600	7000.0338101	6999.8782813	2.1598452	-0.1800000	0.1917848	0.2795546	0.1262219	0.0000000	0.0000000
7000.6209600	7000.0338101	6999.8782813	2.1401648	-0.1800000	0.1934081	0.2794539	0.1251064	0.0000000	0.0000000
7000.6209600	7000.0338101	6999.8782813	2.1201508	-0.1800000	0.2021504	0.2814777	0.1292997	0.0000000	0.0000000
7000.6209600	7000.0338101	6999.8782813	2.1001368	-0.1800000	0.1856326	0.2799419	0.1247208	0.0000000	0.0000000
7000.6209600	7000.0338101	6999.8782813	2.0801228	-0.1800000	0.1908550	0.2786093	0.1251808	0.0000000	0.0000000
7000.6209600	7000.0338101	6999.8782813	2.0601087	-0.1800000	0.1902074	0.2771953	0.1227036	0.0000000	0.0000000
7000.6209600	7000.0338101	6999.8782813	2.0400947	-0.1800000	0.1967789	0.2772946	0.1236941	0.0000000	0.0000000
7000.6209600	7000.0338101	6999.8782813	2.0200807	-0.1800000	0.1880273	0.2785232	0.1219318	0.0000000	0.0000000
7000.6209600	7000.0338101	6999.8782813	2.0000667	-0.1800000	0.1729786	0.2776033	0.1215250	0.0000000	0.0000000
7000.6209600	7000.0338101	6999.8782813	1.9800527	-0.1800000	0.1882490	0.2763564	0.1230447	0.0000000	0.0000000
7000.6209600	7000.0338101	6999.8782813	1.9600387	-0.1800000	0.1943195	0.2783918	0.1256779	0.0000000	0.0000000
7000.6209600	7000.0338101	6999.8782813	1.9400247	-0.1800000	0.1979781	0.2782444	0.1233361	0.0000000	0.0000000
7000.6209600	7000.0338101	6999.8782813	1.9200107	-0.1800000	0.1929315	0.2780793	0.1236923	0.0000000	0.0000000
7000.6209600	7000.0338101	6999.8782813	1.8999967	-0.1800000	0.2045785	0.2792249	0.1276765	0.0000000	0.0000000
7000.6209600	7000.0338101	6999.8782813	1.8799827	-0.1800000	0.1899556	0.2790757	0.1233712	0.0000000	0.0000000
7000.6209600	7000.0338101	6999.8782813	1.8599686	-0.1800000	0.2029468	0.2779037	0.1265023	0.0000000	0.0000000
7000.6209600	7000.0338101	6999.8782813	1.8399546	-0.1800000	0.2059897	0.2795511	0.1247402	0.0000000	0.0000000
7000.6209600	7000.0338101	6999.8782813	1.8199406	-0.1800000	0.1933362	0.2782230	0.1227266	0.0000000	0.0000000
7000.6209600	7000.0338101	6999.8782813	1.7999266	-0.1800000	0.1688411	0.2761174	0.1193376	0.0000000	0.0000000
7000.6209600	7000.0338101	6999.8782813	1.7799126	-0.1800000	0.1846887	0.2790625	0.1260425	0.0000000	0.0000000
7000.6209600	7000.0338101	6999.8782813	1.7598986	-0.1800000	0.2067517	0.2782053	0.1266390	0.0000000	0.0000000
7000.6209600	7000.0338101	6999.8782813	1.7398846	-0.1800000	0.2154100	0.2791500	0.1284449	0.0000000	0.0000000
7000.6209600	7000.0338101	6999.8782813	1.7198706	-0.1800000	0.1895170	0.2785341	0.1237856	0.0000000	0.0000000
7000.6209600	7000.0338101	6999.8782813	1.6998566	-0.1800000	0.1911049	0.2791946	0.1222186	0.0000000	0.0000000
7000.6209600	7000.0338101	6999.8782813	1.6798426	-0.1800000	0.1822445	0.2776801	0.1236514	0.0000000	0.0000000
7000.6209600	7000.0338101	6999.8782813	1.6601621	-0.1800000	0.2056252	0.2803405	0.1261647	0.0000000	0.0000000
7000.6209600	7000.0338101	6999.8782813	1.6401481	-0.1800000	0.2016978	0.2772721	0.1246189	0.0000000	0.0000000
7000.6209600	7000.0338101	6999.8782813	1.6201341	-0.1800000	0.2136696	0.2795542	0.1278223	0.0000000	0.0000000
7000.6209600	7000.0338101	6999.8782813	1.6001201	-0.1800000	0.1938192	0.2790386	0.1228899	0.0000000	0.0000000
7000.6209600	7000.0338101	6999.8782813	1.5801061	-0.1800000	0.1887765	0.2802162	0.1251831	0.0000000	0.0000000
7000.6209600	7000.0338101	6999.8782813	1.5600921	-0.1800000	0.1839325	0.2770825	0.1242024	0.0000000	0.0000000
7000.6209600	7000.0338101	6999.8782813	1.5400781	-0.1800000	0.2090419	0.2811782	0.1250321	0.0000000	0.0000000
7000.6209600	7000.0338101	6999.8782813	1.5200640	-0.1800000	0.2130674	0.2785637	0.1230680	0.0000000	0.0000000
7000.6209600	7000.0338101	6999.8782813	1.5000500	-0.1800000	0.2179294	0.2816321	0.1268579	0.0000000	0.0000000
7000.6209600	7000.0338101	6999.8782813	1.4800360	-0.1800000	0.1915042	0.2782212	0.1249347	0.0000000	0.0000000
7000.6209600	7000.0338101	6999.8782813	1.4600220	-0.1800000	0.1920198	0.2782344	0.1231085	0.0000000	0.0000000
7000.6209600	7000.0338101	6999.8782813	1.4400080	-0.1800000	0.1972898	0.2766204	0.1229907	0.0000000	0.0000000
7000.6209600	7000.0338101	6999.8782813	1.4199940	-0.1800000	0.2239331	0.2782865	0.1210807	0.0000000	0.0000000
7000.6209600	7000.0338101	6999.8782813	1.3999800	-0.1800000	0.2114608	0.2776499	0.1227228	0.0000000	0.0000000
7000.6209600	7000.0338101	6999.8782813	1.3799660	-0.1800000	0.1959645	0.2765159	0.1216963	0.0000000	0.0000000
7000.6209600	7000.0338101	6999.8782813	1.3599520	-0.1800000	0.1878442	0.2766177	0.1227667	0.0000000	0.0000000
7000.6209600	7000.0338101	6999.8782813	1.3399380	-0.1800000	0.1976248	0.2779305	0.1239548	0.0000000	0.0000000
7000.6209600	7000.0338101	6999.8782813	1.3199239	-0.1800000	0.2431815	0.2780166	0.1250239	0.0000000	0.0000000
7000.6209600	7000.0338101	6999.8782813	1.2999099	-0.1800000	0.2258044	0.2787092	0.1207441	0.0000000	0.0000000
7000.6209600	7000.0338101	6999.8782813	1.2798959	-0.1800000	0.1950002	0.2785724	0.1218422	0.0000000	0.0000000
7000.6209600	7000.0338101	6999.8782813	1.2598819	-0.1800000	0.1986570	0.2788489	0.1240269	0.0000000	0.0000000
7000.6209600	7000.0338101	6999.8782813	1.2398679	-0.1800000	0.2081453	0.2791914	0.1237037	0.0000000	0.0000000
7000.6209600	7000.0338101	6999.8782813	1.2198539	-0.1800000	0.2516022	0.2791095	0.1234994	0.0000000	0.0000000
7000.6209600	7000.0338101	6999.8782813	1.1998399	-0.1800000	0.2400355	0.2790616	0.1238538	0.0000000	0.0000000
7000.6209600	7000.0338101	6999.8782813	1.1801594	-0.1800000	0.2137939	0.2803452	0.1244354	0.0000000	0.0000000
7000.6209600	7000.0338101	6999.8782813	1.1601454	-0.1800000	0.1997043	0.2789373	0.1237725	0.0000000	0.0000000
7000.6209600	7000.0338101	6999.8782813	1.1401314	-0.1800000	0.2094285	0.2788910	0.1248275	0.0000000	0.0000000
7000.6209600	7000.0338101	6999.8782813	1.1201174	-0.1800000	0.2605098	0.2778289	0.1235754	0.0000000	0.0000000
7000.6209600	7000.0338101	6999.8782813	1.1001034	-0.1800000	0.2741270	0.2800024	0.1270414	0.0000000	0.0000000
7000.6209600	7000.0338101	6999.8782813	1.0800894	-0.1800000	0.2220098	0.2805460	0.1266523	0.0000000	0.0000000
7000.6209600	7000.0338101	6999.8782813	1.0600754	-0.1800000	0.2147156	0.2801497	0.1244631	0.0000000	0.0000000
7000.6209600	7000.0338101	6999.8782813	1.0400614	-0.1800000	0.2301250	0.2782123	0.1229999	0.0000000	0.0000000
7000.6209600	7000.0338101	6999.8782813	1.0200474	-0.1800000	0.2705631	0.2771732	0.1239409	0.0000000	0.0000000
7000.6209600	7000.0338101	6999.8782813	1.0000334	-0.1800000	0.2586868	0.2771327	0.1233674	0.0000000	0.0000000
7000.6209600	7000.0338101	6999.8782813	0.9800193	-0.1800000	0.1930886	0.2777931	0.1200364	0.0000000	0.0000000
7000.6209600	7000.0338101	6999.8782813	0.9600053	-0.1800000	0.2203170	0.2804630	0.1241057	0.0000000	0.0000000
7000.6209600	7000.0338101	6999.8782813	0.9399913	-0.1800000	0.2513126	0.2772672	0.1232454	0.0000000	0.0000000
7000.6209600	7000.0338101	6999.8782813	0.9199773	-0.1800000	0.2978308	0.2763490	0.1249658	0.0000000	0.0000000
7000.6209600	7000.0338101	6999.8782813	0.8999633	-0.1800000	0.2695726	0.2782627	0.1237905	0.0000000	0.0000000
7000.6209600	7000.0338101	6999.8782813	0.8799493	-0.1800000	0.2109817	0.2782463	0.1237224	0.0000000	0.0000000
7000.6209600	7000.0338101	6999.8782813	0.8599353	-0.1800000	0.2529896	0.2765807	0.1257167	0.0000000	0.0000000
7000.6209600	7000.0338101	6999.8782813	0.8399213	-0.1800000	0.2938845	0.2817301	0.1293428	0.0000000	0.0000000
7000.6209600	7000.0338101	6999.8782813	0.8199073	-0.1800000	0.2710931	0.2775834	0.1252668	0.0000000	0.0000000
7000.6209600	7000.0338101	6999.8782813	0.7998933	-0.1800000	0.2809507	0.2792632	0.1279598	0.0000000	0.0000000
7000.6209600	7000.0338101	6999.8782813	0.7798792	-0.1800000	0.2361968	0.2799382	0.1273862	0.0000000	0.0000000
7000.6209600	7000.0338101	6999.8782813	0.7598652	-0.1800000	0.2924562	0.2758733	0.1277490	0.0000000	0.0000000
7000.6209600	7000.0338101	6999.8782813	0.7398512	-0.1800000	0.3180406	0.2808706	0.1292803	0.0000000	0.0000000
7000.6209600	7000.0338101	6999.8782813	0.7198372	-0.1800000	0.2664918	0.2756920	0.1229194	0.0000000	0.0000000
7000.6209600	7000.0338101	6999.8782813	0.7001568	-0.1800000	0.2561920	0.2762643	0.1217428	0.0000000	0.0000000
7000.6209600	7000.0338101	6999.8782813	0.6801428	-0.1800000	0.2528315	0.2796798	0.1265760	0.0000000	0.0000000
7000.6209600	7000.0338101	6999.8782813	0.6601288	-0.1800000	0.2726826	0.2778754	0.1232708	0.0000000	0.0000000
7000.6209600	7000.0338101	6999.8782813	0.6401147	-0.1800000	0.3046594	0.2817896	0.1285039	0.0000000	0.0000000
7000.6209600	7000.0338101	6999.8782813	0.6201007	-0.1800000	0.3010078	0.2807250	0.1237073	0.0000000	0.0000000
7000.6209600	7000.0338101	6999.8782813	0.6000867	-0.1800000	0.2727577	0.2789794	0.1237861	0.0000000	0.0000000
7000.6209600	7000.0338101	6999.8782813	0.5800727	-0.1800000	0.2564055	0.2793794	0.1261057	0.0000000	0.0000000
7000.6209600	7000.0338101	6999.8782813	0.5600587	-0.1800000	0.2959152	0.2773448	0.1236970	0.0000000	0.0000000
7000.6209600	7000.0338101	6999.8782813	0.5400447	-0.1800000	0.2997714	0.2775643	0.1203804	0.0000000	0.0000000
7000.6209600	7000.0338101	6999.8782813	0.5200307	-0.1800000	0.3172523	0.2797821	0.1253140	0.0000000	0.0000000
7000.6209600	7000.0338101	6999.8782813	0.5000167	-0.1800000	0.2613434	0.2784729	0.1233982	0.0000000	0.0000000
7000.6209600	7000.0338101	6999.8782813	0.4800027	-0.1800000	0.2556743	0.2786536	0.1230297	0.0000000	0.0000000
7000.6209600	7000.0338101	6999.8782813	0.4599887	-0.1800000	0.3007260	0.2769136	0.1225291	0.0000000	0.0000000
7000.6209600	7000.0338101	6999.8782813	0.4399746	-0.1800000	0.3245773	0.2777141	0.1217428	0.0000000	0.0000000
7000.6209600	7000.0338101	6999.8782813	0.4199606	-0.1800000	0.2914403	0.2798232	0.1244308	0.0000000	0.0000000
7000.6209600	7000.0338101	6999.8782813	0.3999466	-0.1800000	0.2674158	0.2778213	0.1236716	0.0000000	0.0000000
7000.6209600	7000.0338101	6999.8782813	0.3799326	-0.1800000	0.2604209	0.2764907	0.1223458	0.0000000	0.0000000
7000.6209600	7000.0338101	6999.8782813	0.3599186	-0.1800000	0.3543110	0.2801406	0.1268743	0.0000000	0.0000000
7000.6209600	7000.0338101	6999.8782813	0.3399046	-0.1800000	0.3384457	0.2779143	0.1242283	0.0000000	0.0000000
7000.6209600	7000.0338101	6999.8782813	0.3198906	-0.1800000	0.2652399	0.2787993	0.1237081	0.0000000	0.0000000
7000.6209600	7000.0338101	6999.8782813	0.2998766	-0.1800000	0.2739303	0.2788901	0.1245280	0.0000000	0.0000000
7000.6209600	7000.0338101	6999.8782813	0.2798626	-0.1800000	0.2768571	0.2784646	0.1254404	0.0000000	0.0000000
7000.6209600	7000.0338101	6999.8782813	0.2598486	-0.1800000	0.3669331	0.2785316	0.1252804	0.0000000	0.0000000
7000.6209600	7000.0338101	6999.8782813	0.2398346	-0.1800000	0.3854380	0.2796976	0.1258872	0.0000000	0.0000000
7000.6209600	7000.0338101	6999.8782813	0.2201541	-0.1800000	0.2763630	0.2775450	0.1227340	0.0000000	0.0000000
7000.6209600	7000.0338101	6999.8782813	0.2001401	-0.1800000	0.2773668	0.2799712	0.1251173	0.0000000	0.0000000
7000.6209600	7000.0338101	6999.8782813	0.1801261	-0.1800000	0.2907533	0.2795167	0.1242705	0.0000000	0.0000000
7000.6209600	7000.0338101	6999.8782813	0.1601121	-0.1800000	0.3679392	0.2773312	0.1238466	0.0000000	0.0000000
7000.6209600	7000.0338101	6999.8782813	0.1400981	-0.1800000	0.3650438	0.2747689	0.1213613	0.0000000	0.0000000
7000.6209600	7000.0338101	6999.8782813	0.1200841	-0.1800000	0.2913181	0.2765563	0.1243180	0.0000000	0.0000000
7000.6209600	7000.0338101	6999.8782813	0.1000700	-0.1800000	0.2924272	0.2801467	0.1273689	0.0000000	0.0000000
7000.6209600	7000.0338101	6999.8782813	0.0800560	-0.1800000	0.3020529	0.2785009	0.1251808	0.0000000	0.0000000
7000.6209600	7000.0338101	6999.8782813	0.0600420	-0.1800000	0.3457505	0.2744729	0.1233333	0.0000000	0.0000000
7000.6209600	7000.0338101	6999.8782813	0.0400280	-0.1800000	0.3742806	0.2769789	0.1218947	0.0000000	0.0000000
7000.6209600	7000.0338101	6999.8782813	0.0200140	-0.1800000	0.3062723	0.2773882	0.1216667	0.0000000	0.0000000
7000.6209600	7000.0338101	6999.8782813	0.0000000	-0.1800000	0.2910216	0.2775680	0.1226136	0.0000000	0.0000000
