7000.6209600	7000.0338101	6999.8782813	3.0001001	-0.0800560	0.2106674	0.2778108	0.1247635	0.0000000	-0.0800000
7000.6209600	7000.0338101	6999.8782813	2.9800861	-0.0800000	0.2037488	0.2778368	0.1212869	0.0000000	0.0000000
7000.6209600	7000.0338101	6999.8782813	2.9600721	-0.0800000	0.2155453	0.2797996	0.1241010	0.0000000	0.0000000
7000.6209600	7000.0338101	6999.8782813	2.9400580	-0.0800000	0.2087675	0.2771050	0.1243705	0.0000000	0.0000000
7000.6209600	7000.0338101	6999.8782813	2.9200440	-0.0800000	0.2087999	0.2760179	0.1219615	0.0000000	0.0000000
7000.6209600	7000.0338101	6999.8782813	2.9000300	-0.0800000	0.2011888	0.2784728	0.1225428	0.0000000	0.0000000
7000.6209600	7000.0338101	6999.8782813	2.8800160	-0.0800000	0.1982529	0.2779742	0.1213522	0.0000000	0.0000000
7000.6209600	7000.0338101	6999.8782813	2.8600020	-0.0800000	0.2021581	0.2769414	0.1204409	0.0000000	0.0000000
7000.6209600	7000.0338101	6999.8782813	2.8399880	-0.0800000	0.2112540	0.2781262	0.1220220	0.0000000	0.0000000
7000.6209600	7000.0338101	6999.8782813	2.8199740	-0.0800000	0.2172213	0.2792297	0.1218212	0.0000000	0.0000000
7000.6209600	7000.0338101	6999.8782813	2.7999600	-0.0800000	0.2231978	0.2793569	0.1237500	0.0000000	0.0000000
7000.6209600	7000.0338101	6999.8782813	2.7799460	-0.0800000	0.2244380	0.2785376	0.1261954	0.0000000	0.0000000
7000.6209600	7000.0338101	6999.8782813	2.7599320	-0.0800000	0.2106069	0.2753011	0.1285260	0.0000000	0.0000000
7000.6209600	7000.0338101	6999.8782813	2.7399179	-0.0800000	0.2191537	0.2789270	0.1262888	0.0000000	0.0000000
7000.6209600	7000.0338101	6999.8782813	2.7199039	-0.0800000	0.2126249	0.2766533	0.1219034	0.0000000	0.0000000
7000.6209600	7000.0338101	6999.8782813	2.6998899	-0.0800000	0.2285536	0.2776716	0.1271322	0.0000000	0.0000000
7000.6209600	7000.0338101	6999.8782813	2.6798759	-0.0800000	0.2246509	0.2774330	0.1254509	0.0000000	0.0000000
7000.6209600	7000.0338101	6999.8782813	2.6598619	-0.0800000	0.2235243	0.2788712	0.1283867	0.0000000	0.0000000
7000.6209600	7000.0338101	6999.8782813	2.6398479	-0.0800000	0.2225732	0.2801116	0.1298414	0.0000000	0.0000000
7000.6209600	7000.0338101	6999.8782813	2.6198339	-0.0800000	0.1975758	0.2790321	0.1197501	0.0000000	0.0000000
7000.6209600	7000.0338101	6999.8782813	2.6001534	-0.0800000	0.2199009	0.2818593	0.1246809	0.0000000	0.0000000
7000.6209600	7000.0338101	6999.8782813	2.5801394	-0.0800000	0.2171633	0.2774943	0.1243055	0.0000000	0.0000000
7000.6209600	7000.0338101	6999.8782813	2.5601254	-0.0800000	0.2225172	0.2805349	0.1249535	0.0000000	0.0000000
7000.6209600	7000.0338101	6999.8782813	2.5401114	-0.0800000	0.2155632	0.2789620	0.1255558	0.0000000	0.0000000
7000.6209600	7000.0338101	6999.8782813	2.5200974	-0.0800000	0.2242704	0.2811198	0.1251619	0.0000000	0.0000000
7000.6209600	7000.0338101	6999.8782813	2.5000834	-0.0800000	0.2208262	0.2790765	0.1253760	0.0000000	0.0000000
7000.6209600	7000.0338101	6999.8782813	2.4800694	-0.0800000	0.2130691	0.2755114	0.1227887	0.0000000	0.0000000
7000.6209600	7000.0338101	6999.8782813	2.4600554	-0.0800000	0.2277397	0.2795323	0.1260819	0.0000000	0.0000000
7000.6209600	7000.0338101	6999.8782813	2.4400414	-0.0800000	0.2236846	0.2785801	0.1204899	0.0000000	0.0000000
7000.6209600	7000.0338101	6999.8782813	2.4200274	-0.0800000	0.2087153	0.2761173	0.1203157	0.0000000	0.0000000
7000.6209600	7000.0338101	6999.8782813	2.4000133	-0.0800000	0.2060945	0.2812681	0.1236815	0.0000000	0.0000000
7000.6209600	7000.0338101	6999.8782813	2.3799993	-0.0800000	0.2071882	0.2757014	0.1214473	0.0000000	0.0000000
7000.6209600	7000.0338101	6999.8782813	2.3599853	-0.0800000	0.2303015	0.2775100	0.1239655	0.0000000	0.0000000
7000.6209600	7000.0338101	6999.8782813	2.3399713	-0.0800000	0.2168000	0.2768654	0.1215842	0.0000000	0.0000000
7000.6209600	7000.0338101	6999.8782813	2.3199573	-0.0800000	0.2160624	0.2775703	0.1241777	0.0000000	0.0000000
7000.6209600	7000.0338101	6999.8782813	2.2999433	-0.0800000	0.2048110	0.2776957	0.1179401	0.0000000	0.0000000
7000.6209600	7000.0338101	6999.8782813	2.2799293	-0.0800000	0.2134666	0.2755914	0.1216384	0.0000000	0.0000000
7000.6209600	7000.0338101	6999.8782813	2.2599153	-0.0800000	0.2172722	0.2787606	0.1227740	0.0000000	0.0000000
7000.6209600	7000.0338101	6999.8782813	2.2399013	-0.0800000	0.2222046	0.2784568	0.1237659	0.0000000	0.0000000
7000.6209600	7000.0338101	6999.8782813	2.2198873	-0.0800000	0.2063679	0.2785432	0.1196660	0.0000000	0.0000000
7000.6209600	7000.0338101	6999.8782813	2.1998732	-0.0800000	0.2034818	0.2797516	0.1228583	0.0000000	0.0000000
7000.6209600	7000.0338101	6999.8782813	2.1798592	-0.0800000	0.2321029	0.2815428	0.1287518	0.0000000	0.0000000
7000.6209600	7000.0338101	6999.8782813	2.1598452	-0.0800000	0.2207312	0.2757473	0.1224991	0.0000000	0.0000000
7000.6209600	7000.0338101	6999.8782813	2.1401648	-0.0800000	0.2227134	0.2773358	0.1207100	0.0000000	0.0000000
7000.6209600	7000.0338101	6999.8782813	2.1201508	-0.0800000	0.2195171	0.2771873	0.1225115	0.0000000	0.0000000
7000.6209600	7000.0338101	6999.8782813	2.1001368	-0.0800000	0.2176785	0.2757783	0.1211143	0.0000000	0.0000000
7000.6209600	7000.0338101	6999.8782813	2.0801228	-0.0800000	0.2131145	0.2764532	0.1198403	0.0000000	0.0000000
7000.6209600	7000.0338101	6999.8782813	2.0601087	-0.0800000	0.2348628	0.2823973	0.1303650	0.0000000	0.0000000
7000.6209600	7000.0338101	6999.8782813	2.0400947	-0.0800000	0.2375005	0.2786174	0.1264515	0.0000000	0.0000000
7000.6209600	7000.0338101	6999.8782813	2.0200807	-0.0800000	0.2278556	0.2766809	0.1230952	0.0000000	0.0000000
7000.6209600	7000.0338101	6999.8782813	2.0000667	-0.0800000	0.2304215	0.2783729	0.1225189	0.0000000	0.0000000
7000.6209600	7000.0338101	6999.8782813	1.9800527	-0.0800000	0.2112101	0.2772192	0.1196892	0.0000000	0.0000000
7000.6209600	7000.0338101	6999.8782813	1.9600387	-0.0800000	0.2333042	0.2838286	0.1282715	0.0000000	0.0000000
7000.6209600	7000.0338101	6999.8782813	1.9400247	-0.0800000	0.2347966	0.2778890	0.1249163	0.0000000	0.0000000
7000.6209600	7000.0338101	6999.8782813	1.9200107	-0.0800000	0.2242606	0.2779833	0.1250481	0.0000000	0.0000000
7000.6209600	7000.0338101	6999.8782813	1.8999967	-0.0800000	0.2255205	0.2795966	0.1233501	0.0000000	0.0000000
7000.6209600	7000.0338101	6999.8782813	1.8799827	-0.0800000	0.2228431	0.2789675	0.1238419	0.0000000	0.0000000
7000.6209600	7000.0338101	6999.8782813	1.8599686	-0.0800000	0.2340128	0.2786399	0.1249615	0.0000000	0.0000000
7000.6209600	7000.0338101	6999.8782813	1.8399546	-0.0800000	0.2305569	0.2796530	0.1208925	0.0000000	0.0000000
7000.6209600	7000.0338101	6999.8782813	1.8199406	-0.0800000	0.2110283	0.2797150	0.1225686	0.0000000	0.0000000
7000.6209600	7000.0338101	6999.8782813	1.7999266	-0.0800000	0.2169437	0.2802589	0.1219985	0.0000000	0.0000000
7000.6209600	7000.0338101	6999.8782813	1.7799126	-0.0800000	0.2274562	0.2801443	0.1244767	0.0000000	0.0000000
7000.6209600	7000.0338101	6999.8782813	1.7598986	-0.0800000	0.2261918	0.2772394	0.1187122	0.0000000	0.0000000
7000.6209600	7000.0338101	6999.8782813	1.7398846	-0.0800000	0.2370024	0.2754886	0.1217318	0.0000000	0.0000000
7000.6209600	7000.0338101	6999.8782813	1.7198706	-0.0800000	0.2147943	0.2804525	0.1248346	0.0000000	0.0000000
7000.6209600	7000.0338101	6999.8782813	1.6998566	-0.0800000	0.2188965	0.2762683	0.1231033	0.0000000	0.0000000
7000.6209600	7000.0338101	6999.8782813	1.6798426	-0.0800000	0.2175491	0.2766837	0.1233403	0.0000000	0.0000000
7000.6209600	7000.0338101	6999.8782813	1.6601621	-0.0800000	0.2267612	0.2757684	0.1236680	0.0000000	0.0000000
7000.6209600	7000.0338101	6999.8782813	1.6401481	-0.0800000	0.2329310	0.2781843	0.1196361	0.0000000	0.0000000
7000.6209600	7000.0338101	6999.8782813	1.6201341	-0.0800000	0.2417640	0.2788026	0.1221962	0.0000000	0.0000000
7000.6209600	7000.0338101	6999.8782813	1.6001201	-0.0800000	0.2424670	0.2789557	0.1268875	0.0000000	0.0000000
7000.6209600	7000.0338101	6999.8782813	1.5801061	-0.0800000	0.2215687	0.2790459	0.1246715	0.0000000	0.0000000
7000.6209600	7000.0338101	6999.8782813	1.5600921	-0.0800000	0.2367450	0.2776450	0.1254585	0.0000000	0.0000000
7000.6209600	7000.0338101	6999.8782813	1.5400781	-0.0800000	0.2562504	0.2800448	0.1254226	0.0000000	0.0000000
7000.6209600	7000.0338101	6999.8782813	1.5200640	-0.0800000	0.2342111	0.2770127	0.1254098	0.0000000	0.0000000
7000.6209600	7000.0338101	6999.8782813	1.5000500	-0.0800000	0.2294476	0.2776908	0.1224658	0.0000000	0.0000000
7000.6209600	7000.0338101	6999.8782813	1.4800360	-0.0800000	0.2007441	0.2772653	0.1195293	0.0000000	0.0000000
7000.6209600	7000.0338101	6999.8782813	1.4600220	-0.0800000	0.2298008	0.2781906	0.1251880	0.0000000	0.0000000
7000.6209600	7000.0338101	6999.8782813	1.4400080	-0.0800000	0.2342045	0.2773866	0.1221665	0.0000000	0.0000000
7000.6209600	7000.0338101	6999.8782813	1.4199940	-0.0800000	0.2625331	0.2804255	0.1214480	0.0000000	0.0000000
7000.6209600	7000.0338101	6999.8782813	1.3999800	-0.0800000	0.2541141	0.2746129	0.1287538	0.0000000	0.0000000
7000.6209600	7000.0338101	6999.8782813	1.3799660	-0.0800000	0.2326763	0.2755587	0.1272393	0.0000000	0.0000000
7000.6209600	7000.0338101	6999.8782813	1.3599520	-0.0800000	0.2208494	0.2805649	0.1251648	0.0000000	0.0000000
7000.6209600	7000.0338101	6999.8782813	1.3399380	-0.0800000	0.2546320	0.2790017	0.1248348	0.0000000	0.0000000
7000.6209600	7000.0338101	6999.8782813	1.3199239	-0.0800000	0.2808135	0.2762329	0.1210238	0.0000000	0.0000000
7000.6209600	7000.0338101	6999.8782813	1.2999099	-0.0800000	0.2696312	0.2772594	0.1273647	0.0000000	0.0000000
7000.6209600	7000.0338101	6999.8782813	1.2798959	-0.0800000	0.2222467	0.2776940	0.1257250	0.0000000	0.0000000
7000.6209600	7000.0338101	6999.8782813	1.2598819	-0.0800000	0.2259335	0.2774746	0.1215892	0.0000000	0.0000000
7000.6209600	7000.0338101	6999.8782813	1.2398679	-0.0800000	0.2590293	0.2759464	0.1249795	0.0000000	0.0000000
7000.6209600	7000.0338101	6999.8782813	1.2198539	-0.0800000	0.2920667	0.2764260	0.1221194	0.0000000	0.0000000
7000.6209600	7000.0338101	6999.8782813	1.1998399	-0.0800000	0.2944113	0.2773474	0.1256035	0.0000000	0.0000000
7000.6209600	7000.0338101	6999.8782813	1.1801594	-0.0800000	0.2243427	0.2770100	0.1206750	0.0000000	0.0000000
7000.6209600	7000.0338101	6999.8782813	1.1601454	-0.0800000	0.2309272	0.2799553	0.1221656	0.0000000	0.0000000
7000.6209600	7000.0338101	6999.8782813	1.1401314	-0.0800000	0.2379969	0.2754153	0.1190247	0.0000000	0.0000000
7000.6209600	7000.0338101	6999.8782813	1.1201174	-0.0800000	0.2797052	0.2759164	0.1201808	0.0000000	0.0000000
7000.6209600	7000.0338101	6999.8782813	1.1001034	-0.0800000	0.2852279	0.2784200	0.1226948	0.0000000	0.0000000
7000.6209600	7000.0338101	6999.8782813	1.0800894	-0.0800000	0.2417406	0.2773672	0.1225037	0.0000000	0.0000000
7000.6209600	7000.0338101	6999.8782813	1.0600754	-0.0800000	0.2547438	0.2790699	0.1232517	0.0000000	0.0000000
7000.6209600	7000.0338101	6999.8782813	1.0400614	-0.0800000	0.2549673	0.2782297	0.1208473	0.0000000	0.0000000
7000.6209600	7000.0338101	6999.8782813	1.0200474	-0.0800000	0.2967593	0.2780049	0.1208191	0.0000000	0.0000000
7000.6209600	7000.0338101	6999.8782813	1.0000334	-0.0800000	0.2726997	0.2778062	0.1192024	0.0000000	0.0000000
7000.6209600	7000.0338101	6999.8782813	0.9800193	-0.0800000	0.2434801	0.2790334	0.1205481	0.0000000	0.0000000
7000.6209600	7000.0338101	6999.8782813	0.9600053	-0.0800000	0.2822770	0.2816866	0.1285782	0.0000000	0.0000000
7000.6209600	7000.0338101	6999.8782813	0.9399913	-0.0800000	0.2757330	0.2805736	0.1221169	0.0000000	0.0000000
7000.6209600	7000.0338101	6999.8782813	0.9199773	-0.0800000	0.2944102	0.2774449	0.1233639	0.0000000	0.0000000
7000.6209600	7000.0338101	6999.8782813	0.8999633	-0.0800000	0.2437080	0.2797275	0.1195969	0.0000000	0.0000000
7000.6209600	7000.0338101	6999.8782813	0.8799493	-0.0800000	0.2158965	0.2795443	0.1188783	0.0000000	0.0000000
7000.6209600	7000.0338101	6999.8782813	0.8599353	-0.0800000	0.2989021	0.2785778	0.1232052	0.0000000	0.0000000
7000.6209600	7000.0338101	6999.8782813	0.8399213	-0.0800000	0.3229829	0.2753181	0.1294281	0.0000000	0.0000000
7000.6209600	7000.0338101	6999.8782813	0.8199073	-0.0800000	0.2691268	0.2774395	0.1190262	0.0000000	0.0000000
7000.6209600	7000.0338101	6999.8782813	0.7998933	-0.0800000	0.2728683	0.2773525	0.1250172	0.0000000	0.0000000
7000.6209600	7000.0338101	6999.8782813	0.7798792	-0.0800000	0.2376003	0.2792375	0.1210629	0.0000000	0.0000000
7000.6209600	7000.0338101	6999.8782813	0.7598652	-0.0800000	0.2844503	0.2765121	0.1198301	0.0000000	0.0000000
7000.6209600	7000.0338101	6999.8782813	0.7398512	-0.0800000	0.3386680	0.2773505	0.1250830	0.0000000	0.0000000
7000.6209600	7000.0338101	6999.8782813	0.7198372	-0.0800000	0.2778364	0.2758536	0.1235444	0.0000000	0.0000000
7000.6209600	7000.0338101	6999.8782813	0.7001568	-0.0800000	0.2624141	0.2781262	0.1208402	0.0000000	0.0000000
7000.6209600	7000.0338101	6999.8782813	0.6801428	-0.0800000	0.2416331	0.2782500	0.1207855	0.0000000	0.0000000
7000.6209600	7000.0338101	6999.8782813	0.6601288	-0.0800000	0.3164407	0.2758579	0.1232896	0.0000000	0.0000000
7000.6209600	7000.0338101	6999.8782813	0.6401147	-0.0800000	0.3384434	0.2792430	0.1224246	0.0000000	0.0000000
7000.6209600	7000.0338101	6999.8782813	0.6201007	-0.0800000	0.2876960	0.2772382	0.1244694	0.0000000	0.0000000
7000.6209600	7000.0338101	6999.8782813	0.6000867	-0.0800000	0.2750807	0.2770487	0.1307208	0.0000000	0.0000000
7000.6209600	7000.0338101	6999.8782813	0.5800727	-0.0800000	0.2396936	0.2767549	0.1237699	0.0000000	0.0000000
7000.6209600	7000.0338101	6999.8782813	0.5600587	-0.0800000	0.3400146	0.2780441	0.1267104	0.0000000	0.0000000
7000.6209600	7000.0338101	6999.8782813	0.5400447	-0.0800000	0.3580549	0.2782523	0.1271497	0.0000000	0.0000000
7000.6209600	7000.0338101	6999.8782813	0.5200307	-0.0800000	0.2762620	0.2792618	0.1226776	0.0000000	0.0000000
7000.6209600	7000.0338101	6999.8782813	0.5000167	-0.0800000	0.2727457	0.2777941	0.1275388	0.0000000	0.0000000
7000.6209600	7000.0338101	6999.8782813	0.4800027	-0.0800000	0.2689949	0.2755747	0.1294445	0.0000000	0.0000000
7000.6209600	7000.0338101	6999.8782813	0.4599887	-0.0800000	0.3317623	0.2758221	0.1277737	0.0000000	0.0000000
7000.6209600	7000.0338101	6999.8782813	0.4399746	-0.0800000	0.3671647	0.2774103	0.1260729	0.0000000	0.0000000
7000.6209600	7000.0338101	6999.8782813	0.4199606	-0.0800000	0.2665565	0.2803350	0.1249675	0.0000000	0.0000000
7000.6209600	7000.0338101	6999.8782813	0.3999466	-0.0800000	0.2680110	0.2817334	0.1270033	0.0000000	0.0000000
7000.6209600	7000.0338101	6999.8782813	0.3799326	-0.0800000	0.2796449	0.2797687	0.1258616	0.0000000	0.0000000
7000.6209600	7000.0338101	6999.8782813	0.3599186	-0.0800000	0.3437512	0.2793705	0.1240161	0.0000000	0.0000000
7000.6209600	7000.0338101	6999.8782813	0.3399046	-0.0800000	0.3383439	0.2796918	0.1234435	0.0000000	0.0000000
7000.6209600	7000.0338101	6999.8782813	0.3198906	-0.0800000	0.2236884	0.2797498	0.1217903	0.0000000	0.0000000
7000.6209600	7000.0338101	6999.8782813	0.2998766	-0.0800000	0.2599098	0.2814148	0.1260120	0.0000000	0.0000000
7000.6209600	7000.0338101	6999.8782813	0.2798626	-0.0800000	0.3139299	0.2792462	0.1266558	0.0000000	0.0000000
7000.6209600	7000.0338101	6999.8782813	0.2598486	-0.0800000	0.3878755	0.2806456	0.1303751	0.0000000	0.0000000
7000.6209600	7000.0338101	6999.8782813	0.2398346	-0.0800000	0.3466099	0.2787207	0.1243104	0.0000000	0.0000000
7000.6209600	7000.0338101	6999.8782813	0.2201541	-0.0800000	0.2467053	0.2800205	0.1219681	0.0000000	0.0000000
7000.6209600	7000.0338101	6999.8782813	0.2001401	-0.0800000	0.2551584	0.2839028	0.1266971	0.0000000	0.0000000
7000.6209600	7000.0338101	6999.8782813	0.1801261	-0.0800000	0.3009285	0.2778550	0.1292671	0.0000000	0.0000000
7000.6209600	7000.0338101	6999.8782813	0.1601121	-0.0800000	0.3814492	0.2799050	0.1287566	0.0000000	0.0000000
7000.6209600	7000.0338101	6999.8782813	0.1400981	-0.0800000	0.3744749	0.2800500	0.1259954	0.0000000	0.0000000
7000.6209600	7000.0338101	6999.8782813	0.1200841	-0.0800000	0.2593781	0.2785220	0.1266733	0.0000000	0.0000000
7000.6209600	7000.0338101	6999.8782813	0.1000700	-0.0800000	0.2555215	0.2815051	0.1255197	0.0000000	0.0000000
7000.6209600	7000.0338101	6999.8782813	0.0800560	-0.0800000	0.3242311	0.2844218	0.1293062	0.0000000	0.0000000
7000.6209600	7000.0338101	6999.8782813	0.0600420	-0.0800000	0.3501653	0.2785391	0.1239128	0.0000000	0.0000000
7000.6209600	7000.0338101	6999.8782813	0.0400280	-0.0800000	0.3816423	0.2807830	0.1266445	0.0000000	0.0000000
7000.6209600	7000.0338101	6999.8782813	0.0200140	-0.0800000	0.2749998	0.2816747	0.1308004	0.0000000	0.0000000
7000.6209600	7000.0338101	6999.8782813	0.0000000	-0.0800000	0.2426685	0.2808529	0.1270085	0.0000000	0.0000000
