7000.6209600	7000.0338101	6999.8782813	3.0001001	-0.9600053	0.0109542	0.2723920	0.1241421	0.0000000	-0.9600000
7000.6209600	7000.0338101	6999.8782813	2.9800861	-0.9600000	0.0105137	0.2741915	0.1139443	0.0000000	0.0000000
7000.6209600	7000.0338101	6999.8782813	2.9600721	-0.9600000	0.0110013	0.2744464	0.1150620	0.0000000	0.0000000
7000.6209600	7000.0338101	6999.8782813	2.9400580	-0.9600000	0.0104463	0.2705906	0.1207244	0.0000000	0.0000000
7000.6209600	7000.0338101	6999.8782813	2.9200440	-0.9600000	0.0078578	0.2718409	0.1145635	0.0000000	0.0000000
7000.6209600	7000.0338101	6999.8782813	2.9000300	-0.9600000	0.0104545	0.2738821	0.1196005	0.0000000	0.0000000
7000.6209600	7000.0338101	6999.8782813	2.8800160	-0.9600000	0.0113010	0.2701434	0.1238544	0.0000000	0.0000000
7000.6209600	7000.0338101	6999.8782813	2.8600020	-0.9600000	0.0105403	0.2728823	0.1189490	0.0000000	0.0000000
7000.6209600	7000.0338101	6999.8782813	2.8399880	-0.9600000	0.0104172	0.2713141	0.1226123	0.0000000	0.0000000
7000.6209600	7000.0338101	6999.8782813	2.8199740	-0.9600000	0.0087692	0.2717584	0.1150977	0.0000000	0.0000000
7000.6209600	7000.0338101	6999.8782813	2.7999600	-0.9600000	0.0067373	0.2720082	0.1095569	0.0000000	0.0000000
7000.6209600	7000.0338101	6999.8782813	2.7799460	-0.9600000	0.0092565	0.2712321	0.1126927	0.0000000	0.0000000
7000.6209600	7000.0338101	6999.8782813	2.7599320	-0.9600000	0.0100420	0.2718230	0.1111527	0.0000000	0.0000000
7000.6209600	7000.0338101	6999.8782813	2.7399179	-0.9600000	0.0115729	0.2711431	0.1192003	0.0000000	0.0000000
7000.6209600	7000.0338101	6999.8782813	2.7199039	-0.9600000	0.0084645	0.2698175	0.1172164	0.0000000	0.0000000
7000.6209600	7000.0338101	6999.8782813	2.6998899	-0.9600000	0.0066572	0.2715852	0.1099221	0.0000000	0.0000000
7000.6209600	7000.0338101	6999.8782813	2.6798759	-0.9600000	0.0107228	0.2685846	0.1180667	0.0000000	0.0000000
7000.6209600	7000.0338101	6999.8782813	2.6598619	-0.9600000	0.0109984	0.2688657	0.1220225	0.0000000	0.0000000
7000.6209600	7000.0338101	6999.8782813	2.6398479	-0.9600000	0.0110664	0.2700389	0.1183055	0.0000000	0.0000000
7000.6209600	7000.0338101	6999.8782813	2.6198339	-0.9600000	0.0098729	0.2719463	0.1145854	0.0000000	0.0000000
7000.6209600	7000.0338101	6999.8782813	2.6001534	-0.9600000	0.0082445	0.2723309	0.1132385	0.0000000	0.0000000
7000.6209600	7000.0338101	6999.8782813	2.5801394	-0.9600000	0.0067964	0.2710881	0.1103833	0.0000000	0.0000000
7000.6209600	7000.0338101	6999.8782813	2.5601254	-0.9600000	0.0110645	0.2711808	0.1198904	0.0000000	0.0000000
7000.6209600	7000.0338101	6999.8782813	2.5401114	-0.9600000	0.0110094	0.2706405	0.1223744	0.0000000	0.0000000
7000.6209600	7000.0338101	6999.8782813	2.5200974	-0.9600000	0.0114873	0.2695956	0.1239830	0.0000000	0.0000000
7000.6209600	7000.0338101	6999.8782813	2.5000834	-0.9600000	0.0102383	0.2705598	0.1222277	0.0000000	0.0000000
7000.6209600	7000.0338101	6999.8782813	2.4800694	-0.9600000	0.0097562	0.2721661	0.1151509	0.0000000	0.0000000
7000.6209600	7000.0338101	6999.8782813	2.4600554	-0.9600000	0.0085720	0.2708666	0.1169886	0.0000000	0.0000000
7000.6209600	7000.0338101	6999.8782813	2.4400414	-0.9600000	0.0072712	0.2712277	0.1111444	0.0000000	0.0000000
7000.6209600	7000.0338101	6999.8782813	2.4200274	-0.9600000	0.0109926	0.2733586	0.1226498	0.0000000	0.0000000
7000.6209600	7000.0338101	6999.8782813	2.4000133	-0.9600000	0.0092363	0.2717233	0.1133049	0.0000000	0.0000000
7000.6209600	7000.0338101	6999.8782813	2.3799993	-0.9600000	0.0109502	0.2707102	0.1182161	0.0000000	0.0000000
7000.6209600	7000.0338101	6999.8782813	2.3599853	-0.9600000	0.0095369	0.2709392	0.1186958	0.0000000	0.0000000
7000.6209600	7000.0338101	6999.8782813	2.3399713	-0.9600000	0.0078486	0.2714166	0.1130356	0.0000000	0.0000000
7000.6209600	7000.0338101	6999.8782813	2.3199573	-0.9600000	0.0104720	0.2729908	0.1162599	0.0000000	0.0000000
7000.6209600	7000.0338101	6999.8782813	2.2999433	-0.9600000	0.0085592	0.2733179	0.1135544	0.0000000	0.0000000
7000.6209600	7000.0338101	6999.8782813	2.2799293	-0.9600000	0.0081001	0.2740806	0.1100244	0.0000000	0.0000000
7000.6209600	7000.0338101	6999.8782813	2.2599153	-0.9600000	0.0114055	0.2689424	0.1213394	0.0000000	0.0000000
7000.6209600	7000.0338101	6999.8782813	2.2399013	-0.9600000	0.0108541	0.2739528	0.1146135	0.0000000	0.0000000
7000.6209600	7000.0338101	6999.8782813	2.2198873	-0.9600000	0.0140554	0.2703456	0.1273250	0.0000000	0.0000000
7000.6209600	7000.0338101	6999.8782813	2.1998732	-0.9600000	0.0095641	0.2727516	0.1145350	0.0000000	0.0000000
7000.6209600	7000.0338101	6999.8782813	2.1798592	-0.9600000	0.0082386	0.2723864	0.1112760	0.0000000	0.0000000
7000.6209600	7000.0338101	6999.8782813	2.1598452	-0.9600000	0.0108911	0.2705837	0.1209034	0.0000000	0.0000000
7000.6209600	7000.0338101	6999.8782813	2.1401648	-0.9600000	0.0100735	0.2703291	0.1195416	0.0000000	0.0000000
7000.6209600	7000.0338101	6999.8782813	2.1201508	-0.9600000	0.0098877	0.2701219	0.1203712	0.0000000	0.0000000
7000.6209600	7000.0338101	6999.8782813	2.1001368	-0.9600000	0.0120087	0.2716578	0.1276234	0.0000000	0.0000000
7000.6209600	7000.0338101	6999.8782813	2.0801228	-0.9600000	0.0120763	0.2709576	0.1258253	0.0000000	0.0000000
7000.6209600	7000.0338101	6999.8782813	2.0601087	-0.9600000	0.0120597	0.2721539	0.1253042	0.0000000	0.0000000
7000.6209600	7000.0338101	6999.8782813	2.0400947	-0.9600000	0.0142732	0.2697570	0.1260184	0.0000000	0.0000000
7000.6209600	7000.0338101	6999.8782813	2.0200807	-0.9600000	0.0109675	0.2702825	0.1197865	0.0000000	0.0000000
7000.6209600	7000.0338101	6999.8782813	2.0000667	-0.9600000	0.0109010	0.2718177	0.1216426	0.0000000	0.0000000
7000.6209600	7000.0338101	6999.8782813	1.9800527	-0.9600000	0.0133009	0.2716431	0.1255902	0.0000000	0.0000000
7000.6209600	7000.0338101	6999.8782813	1.9600387	-0.9600000	0.0149569	0.2704755	0.1256331	0.0000000	0.0000000
7000.6209600	7000.0338101	6999.8782813	1.9400247	-0.9600000	0.0134309	0.2719325	0.1222954	0.0000000	0.0000000
7000.6209600	7000.0338101	6999.8782813	1.9200107	-0.9600000	0.0092667	0.2715441	0.1167523	0.0000000	0.0000000
7000.6209600	7000.0338101	6999.8782813	1.8999967	-0.9600000	0.0103771	0.2719670	0.1207252	0.0000000	0.0000000
7000.6209600	7000.0338101	6999.8782813	1.8799827	-0.9600000	0.0138568	0.2728188	0.1234005	0.0000000	0.0000000
7000.6209600	7000.0338101	6999.8782813	1.8599686	-0.9600000	0.0113975	0.2707052	0.1196342	0.0000000	0.0000000
7000.6209600	7000.0338101	6999.8782813	1.8399546	-0.9600000	0.0121608	0.2712684	0.1230499	0.0000000	0.0000000
7000.6209600	7000.0338101	6999.8782813	1.8199406	-0.9600000	0.0105459	0.2727747	0.1262866	0.0000000	0.0000000
7000.6209600	7000.0338101	6999.8782813	1.7999266	-0.9600000	0.0090806	0.2724003	0.1185404	0.0000000	0.0000000
7000.6209600	7000.0338101	6999.8782813	1.7799126	-0.9600000	0.0124993	0.2735771	0.1178073	0.0000000	0.0000000
7000.6209600	7000.0338101	6999.8782813	1.7598986	-0.9600000	0.0164408	0.2707158	0.1267557	0.0000000	0.0000000
7000.6209600	7000.0338101	6999.8782813	1.7398846	-0.9600000	0.0154060	0.2719757	0.1305219	0.0000000	0.0000000
7000.6209600	7000.0338101	6999.8782813	1.7198706	-0.9600000	0.0099578	0.2717152	0.1246632	0.0000000	0.0000000
7000.6209600	7000.0338101	6999.8782813	1.6998566	-0.9600000	0.0078046	0.2728080	0.1149294	0.0000000	0.0000000
7000.6209600	7000.0338101	6999.8782813	1.6798426	-0.9600000	0.0140299	0.2723221	0.1201824	0.0000000	0.0000000
7000.6209600	7000.0338101	6999.8782813	1.6601621	-0.9600000	0.0199681	0.2727966	0.1266757	0.0000000	0.0000000
7000.6209600	7000.0338101	6999.8782813	1.6401481	-0.9600000	0.0136442	0.2727601	0.1199642	0.0000000	0.0000000
7000.6209600	7000.0338101	6999.8782813	1.6201341	-0.9600000	0.0101681	0.2699645	0.1265692	0.0000000	0.0000000
7000.6209600	7000.0338101	6999.8782813	1.6001201	-0.9600000	0.0066483	0.2751711	0.1155602	0.0000000	0.0000000
7000.6209600	7000.0338101	6999.8782813	1.5801061	-0.9600000	0.0112549	0.2768152	0.1144890	0.0000000	0.0000000
7000.6209600	7000.0338101	6999.8782813	1.5600921	-0.9600000	0.0146262	0.2763267	0.1145388	0.0000000	0.0000000
7000.6209600	7000.0338101	6999.8782813	1.5400781	-0.9600000	0.0175516	0.2715502	0.1226052	0.0000000	0.0000000
7000.6209600	7000.0338101	6999.8782813	1.5200640	-0.9600000	0.0076428	0.2714519	0.1151278	0.0000000	0.0000000
7000.6209600	7000.0338101	6999.8782813	1.5000500	-0.9600000	0.0094797	0.2727557	0.1268650	0.0000000	0.0000000
7000.6209600	7000.0338101	6999.8782813	1.4800360	-0.9600000	0.0098949	0.2721343	0.1239000	0.0000000	0.0000000
7000.6209600	7000.0338101	6999.8782813	1.4600220	-0.9600000	0.0146881	0.2728667	0.1177921	0.0000000	0.0000000
7000.6209600	7000.0338101	6999.8782813	1.4400080	-0.9600000	0.0169131	0.2743805	0.1179720	0.0000000	0.0000000
7000.6209600	7000.0338101	6999.8782813	1.4199940	-0.9600000	0.0094003	0.2743389	0.1221263	0.0000000	0.0000000
7000.6209600	7000.0338101	6999.8782813	1.3999800	-0.9600000	0.0068615	0.2743262	0.1124370	0.0000000	0.0000000
7000.6209600	7000.0338101	6999.8782813	1.3799660	-0.9600000	0.0088990	0.2722661	0.1149435	0.0000000	0.0000000
7000.6209600	7000.0338101	6999.8782813	1.3599520	-0.9600000	0.0158578	0.2732881	0.1221470	0.0000000	0.0000000
7000.6209600	7000.0338101	6999.8782813	1.3399380	-0.9600000	0.0176387	0.2726309	0.1197815	0.0000000	0.0000000
7000.6209600	7000.0338101	6999.8782813	1.3199239	-0.9600000	0.0106782	0.2720402	0.1218362	0.0000000	0.0000000
7000.6209600	7000.0338101	6999.8782813	1.2999099	-0.9600000	0.0076127	0.2705177	0.1172739	0.0000000	0.0000000
7000.6209600	7000.0338101	6999.8782813	1.2798959	-0.9600000	0.0059581	0.2750001	0.1134232	0.0000000	0.0000000
7000.6209600	7000.0338101	6999.8782813	1.2598819	-0.9600000	0.0149064	0.2704150	0.1186156	0.0000000	0.0000000
7000.6209600	7000.0338101	6999.8782813	1.2398679	-0.9600000	0.0118876	0.2762395	0.1041322	0.0000000	0.0000000
7000.6209600	7000.0338101	6999.8782813	1.2198539	-0.9600000	0.0087733	0.2702443	0.1166526	0.0000000	0.0000000
7000.6209600	7000.0338101	6999.8782813	1.1998399	-0.9600000	0.0046469	0.2728739	0.1128429	0.0000000	0.0000000
7000.6209600	7000.0338101	6999.8782813	1.1801594	-0.9600000	0.0061140	0.2746259	0.1223096	0.0000000	0.0000000
7000.6209600	7000.0338101	6999.8782813	1.1601454	-0.9600000	0.0149053	0.2700898	0.1239749	0.0000000	0.0000000
7000.6209600	7000.0338101	6999.8782813	1.1401314	-0.9600000	0.0205741	0.2723616	0.1218525	0.0000000	0.0000000
7000.6209600	7000.0338101	6999.8782813	1.1201174	-0.9600000	0.0101156	0.2741298	0.1164244	0.0000000	0.0000000
7000.6209600	7000.0338101	6999.8782813	1.1001034	-0.9600000	0.0107430	0.2724229	0.1244893	0.0000000	0.0000000
7000.6209600	7000.0338101	6999.8782813	1.0800894	-0.9600000	0.0049515	0.2733367	0.1112551	0.0000000	0.0000000
7000.6209600	7000.0338101	6999.8782813	1.0600754	-0.9600000	0.0182714	0.2723719	0.1222689	0.0000000	0.0000000
7000.6209600	7000.0338101	6999.8782813	1.0400614	-0.9600000	0.0217859	0.2732460	0.1201051	0.0000000	0.0000000
7000.6209600	7000.0338101	6999.8782813	1.0200474	-0.9600000	0.0110636	0.2722987	0.1155950	0.0000000	0.0000000
7000.6209600	7000.0338101	6999.8782813	1.0000334	-0.9600000	0.0066158	0.2777228	0.1172556	0.0000000	0.0000000
7000.6209600	7000.0338101	6999.8782813	0.9800193	-0.9600000	0.0095920	0.2752102	0.1174039	0.0000000	0.0000000
7000.6209600	7000.0338101	6999.8782813	0.9600053	-0.9600000	0.0221857	0.2739897	0.1200176	0.0000000	0.0000000
7000.6209600	7000.0338101	6999.8782813	0.9399913	-0.9600000	0.0292635	0.2733477	0.1251107	0.0000000	0.0000000
7000.6209600	7000.0338101	6999.8782813	0.9199773	-0.9600000	0.0086943	0.2725813	0.1216439	0.0000000	0.0000000
7000.6209600	7000.0338101	6999.8782813	0.8999633	-0.9600000	0.0059982	0.2764323	0.1160813	0.0000000	0.0000000
7000.6209600	7000.0338101	6999.8782813	0.8799493	-0.9600000	0.0124612	0.2721090	0.1214507	0.0000000	0.0000000
7000.6209600	7000.0338101	6999.8782813	0.8599353	-0.9600000	0.0301188	0.2712004	0.1235085	0.0000000	0.0000000
7000.6209600	7000.0338101	6999.8782813	0.8399213	-0.9600000	0.0291866	0.2729629	0.1239746	0.0000000	0.0000000
7000.6209600	7000.0338101	6999.8782813	0.8199073	-0.9600000	0.0058344	0.2764845	0.1125967	0.0000000	0.0000000
7000.6209600	7000.0338101	6999.8782813	0.7998933	-0.9600000	0.0088990	0.2708451	0.1247637	0.0000000	0.0000000
7000.6209600	7000.0338101	6999.8782813	0.7798792	-0.9600000	0.0241703	0.2737585	0.1151494	0.0000000	0.0000000
7000.6209600	7000.0338101	6999.8782813	0.7598652	-0.9600000	0.0327233	0.2729127	0.1216349	0.0000000	0.0000000
7000.6209600	7000.0338101	6999.8782813	0.7398512	-0.9600000	0.0244321	0.2720840	0.1160934	0.0000000	0.0000000
7000.6209600	7000.0338101	6999.8782813	0.7198372	-0.9600000	0.0071654	0.2743948	0.1127739	0.0000000	0.0000000
7000.6209600	7000.0338101	6999.8782813	0.7001568	-0.9600000	0.0088630	0.2700834	0.1183776	0.0000000	0.0000000
7000.6209600	7000.0338101	6999.8782813	0.6801428	-0.9600000	0.0202004	0.2755253	0.1137506	0.0000000	0.0000000
7000.6209600	7000.0338101	6999.8782813	0.6601288	-0.9600000	0.0418059	0.2753231	0.1153457	0.0000000	0.0000000
7000.6209600	7000.0338101	6999.8782813	0.6401147	-0.9600000	0.0393990	0.2738821	0.1200126	0.0000000	0.0000000
7000.6209600	7000.0338101	6999.8782813	0.6201007	-0.9600000	0.0147660	0.2757451	0.1171486	0.0000000	0.0000000
7000.6209600	7000.0338101	6999.8782813	0.6000867	-0.9600000	0.0119061	0.2744805	0.1119364	0.0000000	0.0000000
7000.6209600	7000.0338101	6999.8782813	0.5800727	-0.9600000	0.0251152	0.2740380	0.1098501	0.0000000	0.0000000
7000.6209600	7000.0338101	6999.8782813	0.5600587	-0.9600000	0.0456221	0.2752616	0.1137841	0.0000000	0.0000000
7000.6209600	7000.0338101	6999.8782813	0.5400447	-0.9600000	0.0484630	0.2738376	0.1192349	0.0000000	0.0000000
7000.6209600	7000.0338101	6999.8782813	0.5200307	-0.9600000	0.0248130	0.2727876	0.1210737	0.0000000	0.0000000
7000.6209600	7000.0338101	6999.8782813	0.5000167	-0.9600000	0.0186409	0.2746761	0.1121733	0.0000000	0.0000000
7000.6209600	7000.0338101	6999.8782813	0.4800027	-0.9600000	0.0487943	0.2710592	0.1233026	0.0000000	0.0000000
7000.6209600	7000.0338101	6999.8782813	0.4599887	-0.9600000	0.0595278	0.2732526	0.1132062	0.0000000	0.0000000
7000.6209600	7000.0338101	6999.8782813	0.4399746	-0.9600000	0.0603304	0.2736135	0.1196826	0.0000000	0.0000000
7000.6209600	7000.0338101	6999.8782813	0.4199606	-0.9600000	0.0258451	0.2761373	0.1159514	0.0000000	0.0000000
7000.6209600	7000.0338101	6999.8782813	0.3999466	-0.9600000	0.0265441	0.2735468	0.1165665	0.0000000	0.0000000
7000.6209600	7000.0338101	6999.8782813	0.3799326	-0.9600000	0.0621886	0.2748109	0.1143152	0.0000000	0.0000000
7000.6209600	7000.0338101	6999.8782813	0.3599186	-0.9600000	0.0797373	0.2751656	0.1165725	0.0000000	0.0000000
7000.6209600	7000.0338101	6999.8782813	0.3399046	-0.9600000	0.0688018	0.2739761	0.1199602	0.0000000	0.0000000
7000.6209600	7000.0338101	6999.8782813	0.3198906	-0.9600000	0.0334849	0.2747054	0.1118279	0.0000000	0.0000000
7000.6209600	7000.0338101	6999.8782813	0.2998766	-0.9600000	0.0506011	0.2724572	0.1186156	0.0000000	0.0000000
7000.6209600	7000.0338101	6999.8782813	0.2798626	-0.9600000	0.0737358	0.2726128	0.1163353	0.0000000	0.0000000
7000.6209600	7000.0338101	6999.8782813	0.2598486	-0.9600000	0.0818187	0.2721973	0.1147833	0.0000000	0.0000000
7000.6209600	7000.0338101	6999.8782813	0.2398346	-0.9600000	0.0717592	0.2724600	0.1117576	0.0000000	0.0000000
7000.6209600	7000.0338101	6999.8782813	0.2201541	-0.9600000	0.0593870	0.2726031	0.1221329	0.0000000	0.0000000
7000.6209600	7000.0338101	6999.8782813	0.2001401	-0.9600000	0.0599441	0.2692815	0.1191995	0.0000000	0.0000000
7000.6209600	7000.0338101	6999.8782813	0.1801261	-0.9600000	0.1125338	0.2726943	0.1221484	0.0000000	0.0000000
7000.6209600	7000.0338101	6999.8782813	0.1601121	-0.9600000	0.1161326	0.2723694	0.1236986	0.0000000	0.0000000
7000.6209600	7000.0338101	6999.8782813	0.1400981	-0.9600000	0.0932267	0.2720765	0.1142003	0.0000000	0.0000000
7000.6209600	7000.0338101	6999.8782813	0.1200841	-0.9600000	0.0681982	0.2735264	0.1136594	0.0000000	0.0000000
7000.6209600	7000.0338101	6999.8782813	0.1000700	-0.9600000	0.0746326	0.2722446	0.1178066	0.0000000	0.0000000
7000.6209600	7000.0338101	6999.8782813	0.0800560	-0.9600000	0.1114846	0.2733920	0.1136436	0.0000000	0.0000000
7000.6209600	7000.0338101	6999.8782813	0.0600420	-0.9600000	0.1231021	0.2703020	0.1209059	0.0000000	0.0000000
7000.6209600	7000.0338101	6999.8782813	0.0400280	-0.9600000	0.1024288	0.2740459	0.1112559	0.0000000	0.0000000
7000.6209600	7000.0338101	6999.8782813	0.0200140	-0.9600000	0.0873883	0.2714985	0.1214386	0.0000000	0.0000000
7000.6209600	7000.0338101	6999.8782813	0.0000000	-0.9600000	0.0902345	0.2723655	0.1127870	0.0000000	0.0000000
