7000.6209600	7000.0338101	6999.8782813	3.0001001	-0.2798626	0.1543628	0.2775176	0.1258229	0.0000000	-0.2800000
7000.6209600	7000.0338101	6999.8782813	2.9800861	-0.2800000	0.1546715	0.2781951	0.1241249	0.0000000	0.0000000
7000.6209600	7000.0338101	6999.8782813	2.9600721	-0.2800000	0.1524438	0.2800092	0.1193217	0.0000000	0.0000000
7000.6209600	7000.0338101	6999.8782813	2.9400580	-0.2800000	0.1577629	0.2785398	0.1217001	0.0000000	0.0000000
7000.6209600	7000.0338101	6999.8782813	2.9200440	-0.2800000	0.1590996	0.2759823	0.1271793	0.0000000	0.0000000
7000.6209600	7000.0338101	6999.8782813	2.9000300	-0.2800000	0.1680657	0.2802036	0.1265774	0.0000000	0.0000000
7000.6209600	7000.0338101	6999.8782813	2.8800160	-0.2800000	0.1616490	0.2794564	0.1268920	0.0000000	0.0000000
7000.6209600	7000.0338101	6999.8782813	2.8600020	-0.2800000	0.1513163	0.2752671	0.1278248	0.0000000	0.0000000
7000.6209600	7000.0338101	6999.8782813	2.8399880	-0.2800000	0.1640985	0.2768708	0.1289038	0.0000000	0.0000000
7000.6209600	7000.0338101	6999.8782813	2.8199740	-0.2800000	0.1560967	0.2773773	0.1211749	0.0000000	0.0000000
7000.6209600	7000.0338101	6999.8782813	2.7999600	-0.2800000	0.1451608	0.2792786	0.1186711	0.0000000	0.0000000
7000.6209600	7000.0338101	6999.8782813	2.7799460	-0.2800000	0.1603987	0.2814240	0.1248805	0.0000000	0.0000000
7000.6209600	7000.0338101	6999.8782813	2.7599320	-0.2800000	0.1525095	0.2819963	0.1233960	0.0000000	0.0000000
7000.6209600	7000.0338101	6999.8782813	2.7399179	-0.2800000	0.1538264	0.2783138	0.1245033	0.0000000	0.0000000
7000.6209600	7000.0338101	6999.8782813	2.7199039	-0.2800000	0.1350002	0.2796106	0.1180315	0.0000000	0.0000000
7000.6209600	7000.0338101	6999.8782813	2.6998899	-0.2800000	0.1339677	0.2766566	0.1222266	0.0000000	0.0000000
7000.6209600	7000.0338101	6999.8782813	2.6798759	-0.2800000	0.1402908	0.2772493	0.1231208	0.0000000	0.0000000
7000.6209600	7000.0338101	6999.8782813	2.6598619	-0.2800000	0.1587834	0.2788058	0.1190880	0.0000000	0.0000000
7000.6209600	7000.0338101	6999.8782813	2.6398479	-0.2800000	0.1524561	0.2768435	0.1211641	0.0000000	0.0000000
7000.6209600	7000.0338101	6999.8782813	2.6198339	-0.2800000	0.1558126	0.2790911	0.1236115	0.0000000	0.0000000
7000.6209600	7000.0338101	6999.8782813	2.6001534	-0.2800000	0.1549725	0.2797535	0.1231180	0.0000000	0.0000000
7000.6209600	7000.0338101	6999.8782813	2.5801394	-0.2800000	0.1545441	0.2821791	0.1266600	0.0000000	0.0000000
7000.6209600	7000.0338101	6999.8782813	2.5601254	-0.2800000	0.1618247	0.2814603	0.1281122	0.0000000	0.0000000
7000.6209600	7000.0338101	6999.8782813	2.5401114	-0.2800000	0.1578837	0.2768877	0.1255389	0.0000000	0.0000000
7000.6209600	7000.0338101	6999.8782813	2.5200974	-0.2800000	0.1531409	0.2780471	0.1232306	0.0000000	0.0000000
7000.6209600	7000.0338101	6999.8782813	2.5000834	-0.2800000	0.1611952	0.2773873	0.1226908	0.0000000	0.0000000
7000.6209600	7000.0338101	6999.8782813	2.4800694	-0.2800000	0.1635400	0.2798340	0.1253014	0.0000000	0.0000000
7000.6209600	7000.0338101	6999.8782813	2.4600554	-0.2800000	0.1496110	0.2805144	0.1239608	0.0000000	0.0000000
7000.6209600	7000.0338101	6999.8782813	2.4400414	-0.2800000	0.1577078	0.2827070	0.1249846	0.0000000	0.0000000
7000.6209600	7000.0338101	6999.8782813	2.4200274	-0.2800000	0.1643855	0.2791387	0.1231937	0.0000000	0.0000000
7000.6209600	7000.0338101	6999.8782813	2.4000133	-0.2800000	0.1535046	0.2762753	0.1215414	0.0000000	0.0000000
7000.6209600	7000.0338101	6999.8782813	2.3799993	-0.2800000	0.1626029	0.2778501	0.1236632	0.0000000	0.0000000
7000.6209600	7000.0338101	6999.8782813	2.3599853	-0.2800000	0.1622051	0.2784393	0.1256227	0.0000000	0.0000000
7000.6209600	7000.0338101	6999.8782813	2.3399713	-0.2800000	0.1471509	0.2758352	0.1255402	0.0000000	0.0000000
7000.6209600	7000.0338101	6999.8782813	2.3199573	-0.2800000	0.1525543	0.2819368	0.1251871	0.0000000	0.0000000
7000.6209600	7000.0338101	6999.8782813	2.2999433	-0.2800000	0.1623875	0.2761342	0.1234315	0.0000000	0.0000000
7000.6209600	7000.0338101	6999.8782813	2.2799293	-0.2800000	0.1612177	0.2775448	0.1288094	0.0000000	0.0000000
7000.6209600	7000.0338101	6999.8782813	2.2599153	-0.2800000	0.1683539	0.2785654	0.1246825	0.0000000	0.0000000
7000.6209600	7000.0338101	6999.8782813	2.2399013	-0.2800000	0.1668180	0.2811022	0.1265378	0.0000000	0.0000000
7000.6209600	7000.0338101	6999.8782813	2.2198873	-0.2800000	0.1624098	0.2795562	0.1236263	0.0000000	0.0000000
7000.6209600	7000.0338101	6999.8782813	2.1998732	-0.2800000	0.1411428	0.2803887	0.1191381	0.0000000	0.0000000
7000.6209600	7000.0338101	6999.8782813	2.1798592	-0.2800000	0.1608058	0.2823298	0.1276223	0.0000000	0.0000000
7000.6209600	7000.0338101	6999.8782813	2.1598452	-0.2800000	0.1570436	0.2779048	0.1216497	0.0000000	0.0000000
7000.6209600	7000.0338101	6999.8782813	2.1401648	-0.2800000	0.1634905	0.2801760	0.1228551	0.0000000	0.0000000
7000.6209600	7000.0338101	6999.8782813	2.1201508	-0.2800000	0.1550177	0.2804595	0.1246648	0.0000000	0.0000000
7000.6209600	7000.0338101	6999.8782813	2.1001368	-0.2800000	0.1633373	0.2828988	0.1292168	0.0000000	0.0000000
7000.6209600	7000.0338101	6999.8782813	2.0801228	-0.2800000	0.1683053	0.2836083	0.1304805	0.0000000	0.0000000
7000.6209600	7000.0338101	6999.8782813	2.0601087	-0.2800000	0.1598076	0.2802273	0.1231056	0.0000000	0.0000000
7000.6209600	7000.0338101	6999.8782813	2.0400947	-0.2800000	0.1675061	0.2803407	0.1269421	0.0000000	0.0000000
7000.6209600	7000.0338101	6999.8782813	2.0200807	-0.2800000	0.1537610	0.2794458	0.1226796	0.0000000	0.0000000
7000.6209600	7000.0338101	6999.8782813	2.0000667	-0.2800000	0.1613367	0.2792909	0.1257704	0.0000000	0.0000000
7000.6209600	7000.0338101	6999.8782813	1.9800527	-0.2800000	0.1534856	0.2809899	0.1238193	0.0000000	0.0000000
7000.6209600	7000.0338101	6999.8782813	1.9600387	-0.2800000	0.1538037	0.2795753	0.1213762	0.0000000	0.0000000
7000.6209600	7000.0338101	6999.8782813	1.9400247	-0.2800000	0.1625918	0.2760748	0.1241298	0.0000000	0.0000000
7000.6209600	7000.0338101	6999.8782813	1.9200107	-0.2800000	0.1555991	0.2795914	0.1230227	0.0000000	0.0000000
7000.6209600	7000.0338101	6999.8782813	1.8999967	-0.2800000	0.1585881	0.2794688	0.1238020	0.0000000	0.0000000
7000.6209600	7000.0338101	6999.8782813	1.8799827	-0.2800000	0.1494790	0.2775190	0.1221190	0.0000000	0.0000000
7000.6209600	7000.0338101	6999.8782813	1.8599686	-0.2800000	0.1668761	0.2802068	0.1258126	0.0000000	0.0000000
7000.6209600	7000.0338101	6999.8782813	1.8399546	-0.2800000	0.1663016	0.2778328	0.1229535	0.0000000	0.0000000
7000.6209600	7000.0338101	6999.8782813	1.8199406	-0.2800000	0.1592483	0.2789259	0.1236285	0.0000000	0.0000000
7000.6209600	7000.0338101	6999.8782813	1.7999266	-0.2800000	0.1599034	0.2778469	0.1236316	0.0000000	0.0000000
7000.6209600	7000.0338101	6999.8782813	1.7799126	-0.2800000	0.1603206	0.2784014	0.1231888	0.0000000	0.0000000
7000.6209600	7000.0338101	6999.8782813	1.7598986	-0.2800000	0.1716760	0.2791582	0.1218068	0.0000000	0.0000000
7000.6209600	7000.0338101	6999.8782813	1.7398846	-0.2800000	0.1677950	0.2775912	0.1265035	0.0000000	0.0000000
7000.6209600	7000.0338101	6999.8782813	1.7198706	-0.2800000	0.1493158	0.2770005	0.1220857	0.0000000	0.0000000
7000.6209600	7000.0338101	6999.8782813	1.6998566	-0.2800000	0.1507235	0.2800890	0.1265946	0.0000000	0.0000000
7000.6209600	7000.0338101	6999.8782813	1.6798426	-0.2800000	0.1563440	0.2760936	0.1238878	0.0000000	0.0000000
7000.6209600	7000.0338101	6999.8782813	1.6601621	-0.2800000	0.1678344	0.2798689	0.1227219	0.0000000	0.0000000
7000.6209600	7000.0338101	6999.8782813	1.6401481	-0.2800000	0.1818295	0.2792992	0.1265245	0.0000000	0.0000000
7000.6209600	7000.0338101	6999.8782813	1.6201341	-0.2800000	0.1760398	0.2805956	0.1265264	0.0000000	0.0000000
7000.6209600	7000.0338101	6999.8782813	1.6001201	-0.2800000	0.1595487	0.2819166	0.1269883	0.0000000	0.0000000
7000.6209600	7000.0338101	6999.8782813	1.5801061	-0.2800000	0.1497957	0.2803529	0.1235469	0.0000000	0.0000000
7000.6209600	7000.0338101	6999.8782813	1.5600921	-0.2800000	0.1647985	0.2787852	0.1210005	0.0000000	0.0000000
7000.6209600	7000.0338101	6999.8782813	1.5400781	-0.2800000	0.1810602	0.2799977	0.1224421	0.0000000	0.0000000
7000.6209600	7000.0338101	6999.8782813	1.5200640	-0.2800000	0.1696063	0.2786140	0.1216831	0.0000000	0.0000000
7000.6209600	7000.0338101	6999.8782813	1.5000500	-0.2800000	0.1636864	0.2801290	0.1262838	0.0000000	0.0000000
7000.6209600	7000.0338101	6999.8782813	1.4800360	-0.2800000	0.1527048	0.2781808	0.1262119	0.0000000	0.0000000
7000.6209600	7000.0338101	6999.8782813	1.4600220	-0.2800000	0.1669631	0.2761289	0.1231787	0.0000000	0.0000000
7000.6209600	7000.0338101	6999.8782813	1.4400080	-0.2800000	0.1862968	0.2791965	0.1270018	0.0000000	0.0000000
7000.6209600	7000.0338101	6999.8782813	1.4199940	-0.2800000	0.1897910	0.2795867	0.1270300	0.0000000	0.0000000
7000.6209600	7000.0338101	6999.8782813	1.3999800	-0.2800000	0.1881857	0.2829410	0.1294399	0.0000000	0.0000000
7000.6209600	7000.0338101	6999.8782813	1.3799660	-0.2800000	0.1493467	0.2793337	0.1274991	0.0000000	0.0000000
7000.6209600	7000.0338101	6999.8782813	1.3599520	-0.2800000	0.1523636	0.2784159	0.1214871	0.0000000	0.0000000
7000.6209600	7000.0338101	6999.8782813	1.3399380	-0.2800000	0.1904860	0.2823907	0.1277393	0.0000000	0.0000000
7000.6209600	7000.0338101	6999.8782813	1.3199239	-0.2800000	0.1869042	0.2772749	0.1222312	0.0000000	0.0000000
7000.6209600	7000.0338101	6999.8782813	1.2999099	-0.2800000	0.1805251	0.2760936	0.1229028	0.0000000	0.0000000
7000.6209600	7000.0338101	6999.8782813	1.2798959	-0.2800000	0.1558431	0.2766112	0.1210957	0.0000000	0.0000000
7000.6209600	7000.0338101	6999.8782813	1.2598819	-0.2800000	0.1702963	0.2784115	0.1219104	0.0000000	0.0000000
7000.6209600	7000.0338101	6999.8782813	1.2398679	-0.2800000	0.2091538	0.2782832	0.1239202	0.0000000	0.0000000
7000.6209600	7000.0338101	6999.8782813	1.2198539	-0.2800000	0.2052507	0.2789357	0.1264857	0.0000000	0.0000000
7000.6209600	7000.0338101	6999.8782813	1.1998399	-0.2800000	0.1834901	0.2795953	0.1224666	0.0000000	0.0000000
7000.6209600	7000.0338101	6999.8782813	1.1801594	-0.2800000	0.1744900	0.2770066	0.1295779	0.0000000	0.0000000
7000.6209600	7000.0338101	6999.8782813	1.1601454	-0.2800000	0.1796489	0.2764768	0.1292432	0.0000000	0.0000000
7000.6209600	7000.0338101	6999.8782813	1.1401314	-0.2800000	0.1956609	0.2759064	0.1282369	0.0000000	0.0000000
7000.6209600	7000.0338101	6999.8782813	1.1201174	-0.2800000	0.2072156	0.2755433	0.1267097	0.0000000	0.0000000
7000.6209600	7000.0338101	6999.8782813	1.1001034	-0.2800000	0.2033506	0.2748514	0.1257925	0.0000000	0.0000000
7000.6209600	7000.0338101	6999.8782813	1.0800894	-0.2800000	0.1838944	0.2767573	0.1305754	0.0000000	0.0000000
7000.6209600	7000.0338101	6999.8782813	1.0600754	-0.2800000	0.1958601	0.2780393	0.1221407	0.0000000	0.0000000
7000.6209600	7000.0338101	6999.8782813	1.0400614	-0.2800000	0.2303645	0.2771929	0.1240212	0.0000000	0.0000000
7000.6209600	7000.0338101	6999.8782813	1.0200474	-0.2800000	0.2494460	0.2796960	0.1269730	0.0000000	0.0000000
7000.6209600	7000.0338101	6999.8782813	1.0000334	-0.2800000	0.2026659	0.2783752	0.1224194	0.0000000	0.0000000
7000.6209600	7000.0338101	6999.8782813	0.9800193	-0.2800000	0.1656862	0.2768121	0.1218685	0.0000000	0.0000000
7000.6209600	7000.0338101	6999.8782813	0.9600053	-0.2800000	0.2163491	0.2780902	0.1225667	0.0000000	0.0000000
7000.6209600	7000.0338101	6999.8782813	0.9399913	-0.2800000	0.2517474	0.2788264	0.1268466	0.0000000	0.0000000
7000.6209600	7000.0338101	6999.8782813	0.9199773	-0.2800000	0.2161910	0.2829998	0.1245000	0.0000000	0.0000000
7000.6209600	7000.0338101	6999.8782813	0.8999633	-0.2800000	0.2069514	0.2811428	0.1257800	0.0000000	0.0000000
7000.6209600	7000.0338101	6999.8782813	0.8799493	-0.2800000	0.1906456	0.2791298	0.1221918	0.0000000	0.0000000
7000.6209600	7000.0338101	6999.8782813	0.8599353	-0.2800000	0.2598300	0.2795669	0.1230907	0.0000000	0.0000000
7000.6209600	7000.0338101	6999.8782813	0.8399213	-0.2800000	0.2596492	0.2793352	0.1204658	0.0000000	0.0000000
7000.6209600	7000.0338101	6999.8782813	0.8199073	-0.2800000	0.2336768	0.2789314	0.1278683	0.0000000	0.0000000
7000.6209600	7000.0338101	6999.8782813	0.7998933	-0.2800000	0.1885327	0.2769708	0.1238734	0.0000000	0.0000000
7000.6209600	7000.0338101	6999.8782813	0.7798792	-0.2800000	0.1958619	0.2772936	0.1248329	0.0000000	0.0000000
7000.6209600	7000.0338101	6999.8782813	0.7598652	-0.2800000	0.2793744	0.2808696	0.1275865	0.0000000	0.0000000
7000.6209600	7000.0338101	6999.8782813	0.7398512	-0.2800000	0.2521226	0.2742286	0.1210293	0.0000000	0.0000000
7000.6209600	7000.0338101	6999.8782813	0.7198372	-0.2800000	0.2093477	0.2809578	0.1222399	0.0000000	0.0000000
7000.6209600	7000.0338101	6999.8782813	0.7001568	-0.2800000	0.2177227	0.2795355	0.1251727	0.0000000	0.0000000
7000.6209600	7000.0338101	6999.8782813	0.6801428	-0.2800000	0.2113165	0.2786752	0.1227775	0.0000000	0.0000000
7000.6209600	7000.0338101	6999.8782813	0.6601288	-0.2800000	0.2875416	0.2800535	0.1218254	0.0000000	0.0000000
7000.6209600	7000.0338101	6999.8782813	0.6401147	-0.2800000	0.3012573	0.2774951	0.1254684	0.0000000	0.0000000
7000.6209600	7000.0338101	6999.8782813	0.6201007	-0.2800000	0.2054337	0.2811664	0.1246173	0.0000000	0.0000000
7000.6209600	7000.0338101	6999.8782813	0.6000867	-0.2800000	0.2216812	0.2794176	0.1266279	0.0000000	0.0000000
7000.6209600	7000.0338101	6999.8782813	0.5800727	-0.2800000	0.2268300	0.2813367	0.1253949	0.0000000	0.0000000
7000.6209600	7000.0338101	6999.8782813	0.5600587	-0.2800000	0.3072527	0.2799104	0.1239628	0.0000000	0.0000000
7000.6209600	7000.0338101	6999.8782813	0.5400447	-0.2800000	0.2845455	0.2787474	0.1203434	0.0000000	0.0000000
7000.6209600	7000.0338101	6999.8782813	0.5200307	-0.2800000	0.2471628	0.2787897	0.1233989	0.0000000	0.0000000
7000.6209600	7000.0338101	6999.8782813	0.5000167	-0.2800000	0.2366233	0.2802598	0.1234976	0.0000000	0.0000000
7000.6209600	7000.0338101	6999.8782813	0.4800027	-0.2800000	0.2291240	0.2807472	0.1226041	0.0000000	0.0000000
7000.6209600	7000.0338101	6999.8782813	0.4599887	-0.2800000	0.3307885	0.2811111	0.1272671	0.0000000	0.0000000
7000.6209600	7000.0338101	6999.8782813	0.4399746	-0.2800000	0.3514070	0.2782120	0.1276378	0.0000000	0.0000000
7000.6209600	7000.0338101	6999.8782813	0.4199606	-0.2800000	0.2550422	0.2767002	0.1255898	0.0000000	0.0000000
7000.6209600	7000.0338101	6999.8782813	0.3999466	-0.2800000	0.2011722	0.2794369	0.1201517	0.0000000	0.0000000
7000.6209600	7000.0338101	6999.8782813	0.3799326	-0.2800000	0.2362206	0.2807987	0.1244631	0.0000000	0.0000000
7000.6209600	7000.0338101	6999.8782813	0.3599186	-0.2800000	0.3301873	0.2784865	0.1254664	0.0000000	0.0000000
7000.6209600	7000.0338101	6999.8782813	0.3399046	-0.2800000	0.3594822	0.2809354	0.1297179	0.0000000	0.0000000
7000.6209600	7000.0338101	6999.8782813	0.3198906	-0.2800000	0.2525625	0.2813662	0.1264830	0.0000000	0.0000000
7000.6209600	7000.0338101	6999.8782813	0.2998766	-0.2800000	0.2288934	0.2803544	0.1222015	0.0000000	0.0000000
7000.6209600	7000.0338101	6999.8782813	0.2798626	-0.2800000	0.2865293	0.2776357	0.1226411	0.0000000	0.0000000
7000.6209600	7000.0338101	6999.8782813	0.2598486	-0.2800000	0.3191934	0.2764247	0.1227375	0.0000000	0.0000000
7000.6209600	7000.0338101	6999.8782813	0.2398346	-0.2800000	0.3405151	0.2797681	0.1218209	0.0000000	0.0000000
7000.6209600	7000.0338101	6999.8782813	0.2201541	-0.2800000	0.2580884	0.2806167	0.1234465	0.0000000	0.0000000
7000.6209600	7000.0338101	6999.8782813	0.2001401	-0.2800000	0.2386936	0.2812527	0.1216423	0.0000000	0.0000000
7000.6209600	7000.0338101	6999.8782813	0.1801261	-0.2800000	0.2798990	0.2816852	0.1239177	0.0000000	0.0000000
7000.6209600	7000.0338101	6999.8782813	0.1601121	-0.2800000	0.3657622	0.2819154	0.1233540	0.0000000	0.0000000
7000.6209600	7000.0338101	6999.8782813	0.1400981	-0.2800000	0.3523103	0.2777651	0.1233904	0.0000000	0.0000000
7000.6209600	7000.0338101	6999.8782813	0.1200841	-0.2800000	0.2721208	0.2784104	0.1239249	0.0000000	0.0000000
7000.6209600	7000.0338101	6999.8782813	0.1000700	-0.2800000	0.2777021	0.2801677	0.1236033	0.0000000	0.0000000
7000.6209600	7000.0338101	6999.8782813	0.0800560	-0.2800000	0.3201034	0.2814932	0.1252148	0.0000000	0.0000000
7000.6209600	7000.0338101	6999.8782813	0.0600420	-0.2800000	0.3664667	0.2791139	0.1224395	0.0000000	0.0000000
7000.6209600	7000.0338101	6999.8782813	0.0400280	-0.2800000	0.3765844	0.2807926	0.1227614	0.0000000	0.0000000
7000.6209600	7000.0338101	6999.8782813	0.0200140	-0.2800000	0.2702891	0.2794650	0.1229923	0.0000000	0.0000000
7000.6209600	7000.0338101	6999.8782813	0.0000000	-0.2800000	0.2707363	0.2790946	0.1256416	0.0000000	0.0000000
