7000.6209600	7000.0338101	6999.8782813	3.0001001	0.6000867	0.2138130	0.2821207	0.1342679	0.0000000	0.6000000
7000.6209600	7000.0338101	6999.8782813	2.9800861	0.6000000	0.2227206	0.2817285	0.1349453	0.0000000	0.0000000
7000.6209600	7000.0338101	6999.8782813	2.9600721	0.6000000	0.2299569	0.2830648	0.1360199	0.0000000	0.0000000
7000.6209600	7000.0338101	6999.8782813	2.9400580	0.6000000	0.2170382	0.2824364	0.1316102	0.0000000	0.0000000
7000.6209600	7000.0338101	6999.8782813	2.9200440	0.6000000	0.2232704	0.2820563	0.1329697	0.0000000	0.0000000
7000.6209600	7000.0338101	6999.8782813	2.9000300	0.6000000	0.2150150	0.2796910	0.1309410	0.0000000	0.0000000
7000.6209600	7000.0338101	6999.8782813	2.8800160	0.6000000	0.2122614	0.2814998	0.1321525	0.0000000	0.0000000
7000.6209600	7000.0338101	6999.8782813	2.8600020	0.6000000	0.2193602	0.2824528	0.1345546	0.0000000	0.0000000
7000.6209600	7000.0338101	6999.8782813	2.8399880	0.6000000	0.2183247	0.2804941	0.1302013	0.0000000	0.0000000
7000.6209600	7000.0338101	6999.8782813	2.8199740	0.6000000	0.2171720	0.2801545	0.1303639	0.0000000	0.0000000
7000.6209600	7000.0338101	6999.8782813	2.7999600	0.6000000	0.2154861	0.2799780	0.1310968	0.0000000	0.0000000
7000.6209600	7000.0338101	6999.8782813	2.7799460	0.6000000	0.2160986	0.2811865	0.1312179	0.0000000	0.0000000
7000.6209600	7000.0338101	6999.8782813	2.7599320	0.6000000	0.2166835	0.2809242	0.1320258	0.0000000	0.0000000
7000.6209600	7000.0338101	6999.8782813	2.7399179	0.6000000	0.2258389	0.2812076	0.1337972	0.0000000	0.0000000
7000.6209600	7000.0338101	6999.8782813	2.7199039	0.6000000	0.2310420	0.2816302	0.1350590	0.0000000	0.0000000
7000.6209600	7000.0338101	6999.8782813	2.6998899	0.6000000	0.2179011	0.2782782	0.1311145	0.0000000	0.0000000
7000.6209600	7000.0338101	6999.8782813	2.6798759	0.6000000	0.2133777	0.2796084	0.1328160	0.0000000	0.0000000
7000.6209600	7000.0338101	6999.8782813	2.6598619	0.6000000	0.2063932	0.2801543	0.1296167	0.0000000	0.0000000
7000.6209600	7000.0338101	6999.8782813	2.6398479	0.6000000	0.2341920	0.2816089	0.1367570	0.0000000	0.0000000
7000.6209600	7000.0338101	6999.8782813	2.6198339	0.6000000	0.2369010	0.2822148	0.1363765	0.0000000	0.0000000
7000.6209600	7000.0338101	6999.8782813	2.6001534	0.6000000	0.2337948	0.2811725	0.1360013	0.0000000	0.0000000
7000.6209600	7000.0338101	6999.8782813	2.5801394	0.6000000	0.2327712	0.2807338	0.1342482	0.0000000	0.0000000
7000.6209600	7000.0338101	6999.8782813	2.5601254	0.6000000	0.2312249	0.2799182	0.1362855	0.0000000	0.0000000
7000.6209600	7000.0338101	6999.8782813	2.5401114	0.6000000	0.2181910	0.2796083	0.1327335	0.0000000	0.0000000
7000.6209600	7000.0338101	6999.8782813	2.5200974	0.6000000	0.2208046	0.2796694	0.1305596	0.0000000	0.0000000
7000.6209600	7000.0338101	6999.8782813	2.5000834	0.6000000	0.2336833	0.2810037	0.1338696	0.0000000	0.0000000
7000.6209600	7000.0338101	6999.8782813	2.4800694	0.6000000	0.2214109	0.2791825	0.1313149	0.0000000	0.0000000
7000.6209600	7000.0338101	6999.8782813	2.4600554	0.6000000	0.2302048	0.2808538	0.1308989	0.0000000	0.0000000
7000.6209600	7000.0338101	6999.8782813	2.4400414	0.6000000	0.2298635	0.2814182	0.1308964	0.0000000	0.0000000
7000.6209600	7000.0338101	6999.8782813	2.4200274	0.6000000	0.2369684	0.2814633	0.1339761	0.0000000	0.0000000
7000.6209600	7000.0338101	6999.8782813	2.4000133	0.6000000	0.2247921	0.2807604	0.1307202	0.0000000	0.0000000
7000.6209600	7000.0338101	6999.8782813	2.3799993	0.6000000	0.2292083	0.2810201	0.1332875	0.0000000	0.0000000
7000.6209600	7000.0338101	6999.8782813	2.3599853	0.6000000	0.2277273	0.2790674	0.1316644	0.0000000	0.0000000
7000.6209600	7000.0338101	6999.8782813	2.3399713	0.6000000	0.2307704	0.2794225	0.1326611	0.0000000	0.0000000
7000.6209600	7000.0338101	6999.8782813	2.3199573	0.6000000	0.2460778	0.2825828	0.1352396	0.0000000	0.0000000
7000.6209600	7000.0338101	6999.8782813	2.2999433	0.6000000	0.2458788	0.2821317	0.1377278	0.0000000	0.0000000
7000.6209600	7000.0338101	6999.8782813	2.2799293	0.6000000	0.2223081	0.2784874	0.1285637	0.0000000	0.0000000
7000.6209600	7000.0338101	6999.8782813	2.2599153	0.6000000	0.2167584	0.2786908	0.1286261	0.0000000	0.0000000
7000.6209600	7000.0338101	6999.8782813	2.2399013	0.6000000	0.2336610	0.2805980	0.1348434	0.0000000	0.0000000
7000.6209600	7000.0338101	6999.8782813	2.2198873	0.6000000	0.2313468	0.2801492	0.1337183	0.0000000	0.0000000
7000.6209600	7000.0338101	6999.8782813	2.1998732	0.6000000	0.2336613	0.2791398	0.1325521	0.0000000	0.0000000
7000.6209600	7000.0338101	6999.8782813	2.1798592	0.6000000	0.2227050	0.2782794	0.1310767	0.0000000	0.0000000
7000.6209600	7000.0338101	6999.8782813	2.1598452	0.6000000	0.2298640	0.2789799	0.1318618	0.0000000	0.0000000
7000.6209600	7000.0338101	6999.8782813	2.1401648	0.6000000	0.2229445	0.2782349	0.1306195	0.0000000	0.0000000
7000.6209600	7000.0338101	6999.8782813	2.1201508	0.6000000	0.2334310	0.2814801	0.1317198	0.0000000	0.0000000
7000.6209600	7000.0338101	6999.8782813	2.1001368	0.6000000	0.2405408	0.2803695	0.1337314	0.0000000	0.0000000
7000.6209600	7000.0338101	6999.8782813	2.0801228	0.6000000	0.2151689	0.2799191	0.1286506	0.0000000	0.0000000
7000.6209600	7000.0338101	6999.8782813	2.0601087	0.6000000	0.2075210	0.2764136	0.1273026	0.0000000	0.0000000
7000.6209600	7000.0338101	6999.8782813	2.0400947	0.6000000	0.2305681	0.2772742	0.1318036	0.0000000	0.0000000
7000.6209600	7000.0338101	6999.8782813	2.0200807	0.6000000	0.2255415	0.2785361	0.1307550	0.0000000	0.0000000
7000.6209600	7000.0338101	6999.8782813	2.0000667	0.6000000	0.2439646	0.2810835	0.1342196	0.0000000	0.0000000
7000.6209600	7000.0338101	6999.8782813	1.9800527	0.6000000	0.2285894	0.2795361	0.1317570	0.0000000	0.0000000
7000.6209600	7000.0338101	6999.8782813	1.9600387	0.6000000	0.2125200	0.2778248	0.1265245	0.0000000	0.0000000
7000.6209600	7000.0338101	6999.8782813	1.9400247	0.6000000	0.2242628	0.2790366	0.1303870	0.0000000	0.0000000
7000.6209600	7000.0338101	6999.8782813	1.9200107	0.6000000	0.2330951	0.2797291	0.1308284	0.0000000	0.0000000
7000.6209600	7000.0338101	6999.8782813	1.8999967	0.6000000	0.2518646	0.2783944	0.1383243	0.0000000	0.0000000
7000.6209600	7000.0338101	6999.8782813	1.8799827	0.6000000	0.2168237	0.2781796	0.1306515	0.0000000	0.0000000
7000.6209600	7000.0338101	6999.8782813	1.8599686	0.6000000	0.2288478	0.2802471	0.1318896	0.0000000	0.0000000
7000.6209600	7000.0338101	6999.8782813	1.8399546	0.6000000	0.2400194	0.2796261	0.1320884	0.0000000	0.0000000
7000.6209600	7000.0338101	6999.8782813	1.8199406	0.6000000	0.2463624	0.2814962	0.1318778	0.0000000	0.0000000
7000.6209600	7000.0338101	6999.8782813	1.7999266	0.6000000	0.2362405	0.2792241	0.1307260	0.0000000	0.0000000
7000.6209600	7000.0338101	6999.8782813	1.7799126	0.6000000	0.2310149	0.2812184	0.1336683	0.0000000	0.0000000
7000.6209600	7000.0338101	6999.8782813	1.7598986	0.6000000	0.2250992	0.2814736	0.1329890	0.0000000	0.0000000
7000.6209600	7000.0338101	6999.8782813	1.7398846	0.6000000	0.2323967	0.2817024	0.1281670	0.0000000	0.0000000
7000.6209600	7000.0338101	6999.8782813	1.7198706	0.6000000	0.2485713	0.2795366	0.1312338	0.0000000	0.0000000
7000.6209600	7000.0338101	6999.8782813	1.6998566	0.6000000	0.2448569	0.2792317	0.1333776	0.0000000	0.0000000
7000.6209600	7000.0338101	6999.8782813	1.6798426	0.6000000	0.2194926	0.2813164	0.1310487	0.0000000	0.0000000
7000.6209600	7000.0338101	6999.8782813	1.6601621	0.6000000	0.2239972	0.2790833	0.1345525	0.0000000	0.0000000
7000.6209600	7000.0338101	6999.8782813	1.6401481	0.6000000	0.2247751	0.2781000	0.1301246	0.0000000	0.0000000
7000.6209600	7000.0338101	6999.8782813	1.6201341	0.6000000	0.2506439	0.2801964	0.1306676	0.0000000	0.0000000
7000.6209600	7000.0338101	6999.8782813	1.6001201	0.6000000	0.2454298	0.2795385	0.1300148	0.0000000	0.0000000
7000.6209600	7000.0338101	6999.8782813	1.5801061	0.6000000	0.2300175	0.2808829	0.1332239	0.0000000	0.0000000
7000.6209600	7000.0338101	6999.8782813	1.5600921	0.6000000	0.2199156	0.2799016	0.1328068	0.0000000	0.0000000
7000.6209600	7000.0338101	6999.8782813	1.5400781	0.6000000	0.2137371	0.2805131	0.1301506	0.0000000	0.0000000
7000.6209600	7000.0338101	6999.8782813	1.5200640	0.6000000	0.2447540	0.2778756	0.1287178	0.0000000	0.0000000
7000.6209600	7000.0338101	6999.8782813	1.5000500	0.6000000	0.2568647	0.2782928	0.1330934	0.0000000	0.0000000
7000.6209600	7000.0338101	6999.8782813	1.4800360	0.6000000	0.2417786	0.2795703	0.1315170	0.0000000	0.0000000
7000.6209600	7000.0338101	6999.8782813	1.4600220	0.6000000	0.2220298	0.2818566	0.1310258	0.0000000	0.0000000
7000.6209600	7000.0338101	6999.8782813	1.4400080	0.6000000	0.2314438	0.2826206	0.1345811	0.0000000	0.0000000
7000.6209600	7000.0338101	6999.8782813	1.4199940	0.6000000	0.2567059	0.2799923	0.1313926	0.0000000	0.0000000
7000.6209600	7000.0338101	6999.8782813	1.3999800	0.6000000	0.2581355	0.2803440	0.1316497	0.0000000	0.0000000
7000.6209600	7000.0338101	6999.8782813	1.3799660	0.6000000	0.2356119	0.2792841	0.1301792	0.0000000	0.0000000
7000.6209600	7000.0338101	6999.8782813	1.3599520	0.6000000	0.2171874	0.2818644	0.1338563	0.0000000	0.0000000
7000.6209600	7000.0338101	6999.8782813	1.3399380	0.6000000	0.2252643	0.2826062	0.1332180	0.0000000	0.0000000
7000.6209600	7000.0338101	6999.8782813	1.3199239	0.6000000	0.2545079	0.2785403	0.1312916	0.0000000	0.0000000
7000.6209600	7000.0338101	6999.8782813	1.2999099	0.6000000	0.2676327	0.2800238	0.1334330	0.0000000	0.0000000
7000.6209600	7000.0338101	6999.8782813	1.2798959	0.6000000	0.2542631	0.2816960	0.1310510	0.0000000	0.0000000
7000.6209600	7000.0338101	6999.8782813	1.2598819	0.6000000	0.2286764	0.2793311	0.1334607	0.0000000	0.0000000
7000.6209600	7000.0338101	6999.8782813	1.2398679	0.6000000	0.2005518	0.2784767	0.1284332	0.0000000	0.0000000
7000.6209600	7000.0338101	6999.8782813	1.2198539	0.6000000	0.2664205	0.2808660	0.1291935	0.0000000	0.0000000
7000.6209600	7000.0338101	6999.8782813	1.1998399	0.6000000	0.2456832	0.2779574	0.1300792	0.0000000	0.0000000
7000.6209600	7000.0338101	6999.8782813	1.1801594	0.6000000	0.2560986	0.2805179	0.1289862	0.0000000	0.0000000
7000.6209600	7000.0338101	6999.8782813	1.1601454	0.6000000	0.2257108	0.2791074	0.1326604	0.0000000	0.0000000
7000.6209600	7000.0338101	6999.8782813	1.1401314	0.6000000	0.2373380	0.2838176	0.1357062	0.0000000	0.0000000
7000.6209600	7000.0338101	6999.8782813	1.1201174	0.6000000	0.2655084	0.2786351	0.1314414	0.0000000	0.0000000
7000.6209600	7000.0338101	6999.8782813	1.1001034	0.6000000	0.2479464	0.2763463	0.1277107	0.0000000	0.0000000
7000.6209600	7000.0338101	6999.8782813	1.0800894	0.6000000	0.2599939	0.2803721	0.1313457	0.0000000	0.0000000
7000.6209600	7000.0338101	6999.8782813	1.0600754	0.6000000	0.2160410	0.2797493	0.1301509	0.0000000	0.0000000
7000.6209600	7000.0338101	6999.8782813	1.0400614	0.6000000	0.2053871	0.2795325	0.1288981	0.0000000	0.0000000
7000.6209600	7000.0338101	6999.8782813	1.0200474	0.6000000	0.2734851	0.2782827	0.1299403	0.0000000	0.0000000
7000.6209600	7000.0338101	6999.8782813	1.0000334	0.6000000	0.2753135	0.2773041	0.1298977	0.0000000	0.0000000
7000.6209600	7000.0338101	6999.8782813	0.9800193	0.6000000	0.2345229	0.2793031	0.1287190	0.0000000	0.0000000
7000.6209600	7000.0338101	6999.8782813	0.9600053	0.6000000	0.2125410	0.2799320	0.1327100	0.0000000	0.0000000
7000.6209600	7000.0338101	6999.8782813	0.9399913	0.6000000	0.2114996	0.2793597	0.1314484	0.0000000	0.0000000
7000.6209600	7000.0338101	6999.8782813	0.9199773	0.6000000	0.2787456	0.2778427	0.1324264	0.0000000	0.0000000
7000.6209600	7000.0338101	6999.8782813	0.8999633	0.6000000	0.2811609	0.2788928	0.1307189	0.0000000	0.0000000
7000.6209600	7000.0338101	6999.8782813	0.8799493	0.6000000	0.2354757	0.2796389	0.1316951	0.0000000	0.0000000
7000.6209600	7000.0338101	6999.8782813	0.8599353	0.6000000	0.2040549	0.2810604	0.1303213	0.0000000	0.0000000
7000.6209600	7000.0338101	6999.8782813	0.8399213	0.6000000	0.2268606	0.2806184	0.1322310	0.0000000	0.0000000
7000.6209600	7000.0338101	6999.8782813	0.8199073	0.6000000	0.2775465	0.2792147	0.1296953	0.0000000	0.0000000
7000.6209600	7000.0338101	6999.8782813	0.7998933	0.6000000	0.2673662	0.2797251	0.1330084	0.0000000	0.0000000
7000.6209600	7000.0338101	6999.8782813	0.7798792	0.6000000	0.2140750	0.2803712	0.1322222	0.0000000	0.0000000
7000.6209600	7000.0338101	6999.8782813	0.7598652	0.6000000	0.2240292	0.2820851	0.1337759	0.0000000	0.0000000
7000.6209600	7000.0338101	6999.8782813	0.7398512	0.6000000	0.2364740	0.2813060	0.1325729	0.0000000	0.0000000
7000.6209600	7000.0338101	6999.8782813	0.7198372	0.6000000	0.2753263	0.2807928	0.1306528	0.0000000	0.0000000
7000.6209600	7000.0338101	6999.8782813	0.7001568	0.6000000	0.2719523	0.2773722	0.1295551	0.0000000	0.0000000
7000.6209600	7000.0338101	6999.8782813	0.6801428	0.6000000	0.2235933	0.2802485	0.1303307	0.0000000	0.0000000
7000.6209600	7000.0338101	6999.8782813	0.6601288	0.6000000	0.2107292	0.2806613	0.1326586	0.0000000	0.0000000
7000.6209600	7000.0338101	6999.8782813	0.6401147	0.6000000	0.2075441	0.2807476	0.1333569	0.0000000	0.0000000
7000.6209600	7000.0338101	6999.8782813	0.6201007	0.6000000	0.2747957	0.2794354	0.1294808	0.0000000	0.0000000
7000.6209600	7000.0338101	6999.8782813	0.6000867	0.6000000	0.2666382	0.2780480	0.1289907	0.0000000	0.0000000
7000.6209600	7000.0338101	6999.8782813	0.5800727	0.6000000	0.2024977	0.2784333	0.1280803	0.0000000	0.0000000
7000.6209600	7000.0338101	6999.8782813	0.5600587	0.6000000	0.2024445	0.2796006	0.1322660	0.0000000	0.0000000
7000.6209600	7000.0338101	6999.8782813	0.5400447	0.6000000	0.2199410	0.2826180	0.1343910	0.0000000	0.0000000
7000.6209600	7000.0338101	6999.8782813	0.5200307	0.6000000	0.2935254	0.2860227	0.1354738	0.0000000	0.0000000
7000.6209600	7000.0338101	6999.8782813	0.5000167	0.6000000	0.2678409	0.2828652	0.1340525	0.0000000	0.0000000
7000.6209600	7000.0338101	6999.8782813	0.4800027	0.6000000	0.2039154	0.2801123	0.1328798	0.0000000	0.0000000
7000.6209600	7000.0338101	6999.8782813	0.4599887	0.6000000	0.1775074	0.2796995	0.1296721	0.0000000	0.0000000
7000.6209600	7000.0338101	6999.8782813	0.4399746	0.6000000	0.2017332	0.2780181	0.1322504	0.0000000	0.0000000
7000.6209600	7000.0338101	6999.8782813	0.4199606	0.6000000	0.2524149	0.2788199	0.1335126	0.0000000	0.0000000
7000.6209600	7000.0338101	6999.8782813	0.3999466	0.6000000	0.2378892	0.2787919	0.1318306	0.0000000	0.0000000
7000.6209600	7000.0338101	6999.8782813	0.3799326	0.6000000	0.1631337	0.2795359	0.1299233	0.0000000	0.0000000
7000.6209600	7000.0338101	6999.8782813	0.3599186	0.6000000	0.1838770	0.2779410	0.1302808	0.0000000	0.0000000
7000.6209600	7000.0338101	6999.8782813	0.3399046	0.6000000	0.2063395	0.2783175	0.1302640	0.0000000	0.0000000
7000.6209600	7000.0338101	6999.8782813	0.3198906	0.6000000	0.2068982	0.2776760	0.1248994	0.0000000	0.0000000
7000.6209600	7000.0338101	6999.8782813	0.2998766	0.6000000	0.2030048	0.2785239	0.1301835	0.0000000	0.0000000
7000.6209600	7000.0338101	6999.8782813	0.2798626	0.6000000	0.1404299	0.2767396	0.1288450	0.0000000	0.0000000
7000.6209600	7000.0338101	6999.8782813	0.2598486	0.6000000	0.1633553	0.2779473	0.1276406	0.0000000	0.0000000
7000.6209600	7000.0338101	6999.8782813	0.2398346	0.6000000	0.1878853	0.2806631	0.1324698	0.0000000	0.0000000
7000.6209600	7000.0338101	6999.8782813	0.2201541	0.6000000	0.2036407	0.2805068	0.1326628	0.0000000	0.0000000
7000.6209600	7000.0338101	6999.8782813	0.2001401	0.6000000	0.1842847	0.2807494	0.1272147	0.0000000	0.0000000
7000.6209600	7000.0338101	6999.8782813	0.1801261	0.6000000	0.1309583	0.2781366	0.1284290	0.0000000	0.0000000
7000.6209600	7000.0338101	6999.8782813	0.1601121	0.6000000	0.1499575	0.2781766	0.1288326	0.0000000	0.0000000
7000.6209600	7000.0338101	6999.8782813	0.1400981	0.6000000	0.1779611	0.2811141	0.1349391	0.0000000	0.0000000
7000.6209600	7000.0338101	6999.8782813	0.1200841	0.6000000	0.1660975	0.2800490	0.1282949	0.0000000	0.0000000
7000.6209600	7000.0338101	6999.8782813	0.1000700	0.6000000	0.1665165	0.2837040	0.1344540	0.0000000	0.0000000
7000.6209600	7000.0338101	6999.8782813	0.0800560	0.6000000	0.1138619	0.2798066	0.1298446	0.0000000	0.0000000
7000.6209600	7000.0338101	6999.8782813	0.0600420	0.6000000	0.1478896	0.2791865	0.1324672	0.0000000	0.0000000
7000.6209600	7000.0338101	6999.8782813	0.0400280	0.6000000	0.1496232	0.2792034	0.1304618	0.0000000	0.0000000
7000.6209600	7000.0338101	6999.8782813	0.0200140	0.6000000	0.1522009	0.2767716	0.1318154	0.0000000	0.0000000
7000.6209600	7000.0338101	6999.8782813	0.0000000	0.6000000	0.1389482	0.2796882	0.1277401	0.0000000	0.0000000
