7000.6209600	7000.0338101	6999.8782813	3.0001001	-0.4399746	0.1076768	0.2770244	0.1200853	0.0000000	-0.4400000
7000.6209600	7000.0338101	6999.8782813	2.9800861	-0.4400000	0.1060277	0.2773901	0.1190912	0.0000000	0.0000000
7000.6209600	7000.0338101	6999.8782813	2.9600721	-0.4400000	0.1052345	0.2770808	0.1217682	0.0000000	0.0000000
7000.6209600	7000.0338101	6999.8782813	2.9400580	-0.4400000	0.1039426	0.2775148	0.1212959	0.0000000	0.0000000
7000.6209600	7000.0338101	6999.8782813	2.9200440	-0.4400000	0.1097291	0.2777677	0.1237910	0.0000000	0.0000000
7000.6209600	7000.0338101	6999.8782813	2.9000300	-0.4400000	0.1063293	0.2761664	0.1237681	0.0000000	0.0000000
7000.6209600	7000.0338101	6999.8782813	2.8800160	-0.4400000	0.1094032	0.2795699	0.1228900	0.0000000	0.0000000
7000.6209600	7000.0338101	6999.8782813	2.8600020	-0.4400000	0.1065035	0.2787931	0.1206593	0.0000000	0.0000000
7000.6209600	7000.0338101	6999.8782813	2.8399880	-0.4400000	0.0998322	0.2763618	0.1237852	0.0000000	0.0000000
7000.6209600	7000.0338101	6999.8782813	2.8199740	-0.4400000	0.0974097	0.2781023	0.1171399	0.0000000	0.0000000
7000.6209600	7000.0338101	6999.8782813	2.7999600	-0.4400000	0.0995477	0.2753373	0.1251663	0.0000000	0.0000000
7000.6209600	7000.0338101	6999.8782813	2.7799460	-0.4400000	0.1030896	0.2778361	0.1214214	0.0000000	0.0000000
7000.6209600	7000.0338101	6999.8782813	2.7599320	-0.4400000	0.1021467	0.2772616	0.1211462	0.0000000	0.0000000
7000.6209600	7000.0338101	6999.8782813	2.7399179	-0.4400000	0.1040114	0.2740275	0.1249006	0.0000000	0.0000000
7000.6209600	7000.0338101	6999.8782813	2.7199039	-0.4400000	0.1098892	0.2769136	0.1244326	0.0000000	0.0000000
7000.6209600	7000.0338101	6999.8782813	2.6998899	-0.4400000	0.1019724	0.2763997	0.1189683	0.0000000	0.0000000
7000.6209600	7000.0338101	6999.8782813	2.6798759	-0.4400000	0.1050398	0.2773093	0.1221069	0.0000000	0.0000000
7000.6209600	7000.0338101	6999.8782813	2.6598619	-0.4400000	0.1127379	0.2751720	0.1303578	0.0000000	0.0000000
7000.6209600	7000.0338101	6999.8782813	2.6398479	-0.4400000	0.1001228	0.2761794	0.1252520	0.0000000	0.0000000
7000.6209600	7000.0338101	6999.8782813	2.6198339	-0.4400000	0.1032563	0.2791852	0.1228558	0.0000000	0.0000000
7000.6209600	7000.0338101	6999.8782813	2.6001534	-0.4400000	0.1084663	0.2790167	0.1244857	0.0000000	0.0000000
7000.6209600	7000.0338101	6999.8782813	2.5801394	-0.4400000	0.1043557	0.2777255	0.1243359	0.0000000	0.0000000
7000.6209600	7000.0338101	6999.8782813	2.5601254	-0.4400000	0.1072242	0.2803728	0.1224127	0.0000000	0.0000000
7000.6209600	7000.0338101	6999.8782813	2.5401114	-0.4400000	0.1080739	0.2756278	0.1277025	0.0000000	0.0000000
7000.6209600	7000.0338101	6999.8782813	2.5200974	-0.4400000	0.1009043	0.2782399	0.1229067	0.0000000	0.0000000
7000.6209600	7000.0338101	6999.8782813	2.5000834	-0.4400000	0.1127920	0.2770460	0.1230498	0.0000000	0.0000000
7000.6209600	7000.0338101	6999.8782813	2.4800694	-0.4400000	0.1072444	0.2753221	0.1251775	0.0000000	0.0000000
7000.6209600	7000.0338101	6999.8782813	2.4600554	-0.4400000	0.0999177	0.2786769	0.1216725	0.0000000	0.0000000
7000.6209600	7000.0338101	6999.8782813	2.4400414	-0.4400000	0.1114114	0.2800273	0.1245537	0.0000000	0.0000000
7000.6209600	7000.0338101	6999.8782813	2.4200274	-0.4400000	0.1149564	0.2781575	0.1227024	0.0000000	0.0000000
7000.6209600	7000.0338101	6999.8782813	2.4000133	-0.4400000	0.1102296	0.2778826	0.1192672	0.0000000	0.0000000
7000.6209600	7000.0338101	6999.8782813	2.3799993	-0.4400000	0.1076404	0.2776891	0.1232599	0.0000000	0.0000000
7000.6209600	7000.0338101	6999.8782813	2.3599853	-0.4400000	0.0997373	0.2783651	0.1190083	0.0000000	0.0000000
7000.6209600	7000.0338101	6999.8782813	2.3399713	-0.4400000	0.1001426	0.2781672	0.1178308	0.0000000	0.0000000
7000.6209600	7000.0338101	6999.8782813	2.3199573	-0.4400000	0.1069545	0.2781002	0.1164226	0.0000000	0.0000000
7000.6209600	7000.0338101	6999.8782813	2.2999433	-0.4400000	0.1065100	0.2804598	0.1218239	0.0000000	0.0000000
7000.6209600	7000.0338101	6999.8782813	2.2799293	-0.4400000	0.1031184	0.2768907	0.1182555	0.0000000	0.0000000
7000.6209600	7000.0338101	6999.8782813	2.2599153	-0.4400000	0.1077939	0.2787216	0.1188446	0.0000000	0.0000000
7000.6209600	7000.0338101	6999.8782813	2.2399013	-0.4400000	0.1115121	0.2791753	0.1216403	0.0000000	0.0000000
7000.6209600	7000.0338101	6999.8782813	2.2198873	-0.4400000	0.1086089	0.2751301	0.1200585	0.0000000	0.0000000
7000.6209600	7000.0338101	6999.8782813	2.1998732	-0.4400000	0.1080665	0.2809718	0.1258976	0.0000000	0.0000000
7000.6209600	7000.0338101	6999.8782813	2.1798592	-0.4400000	0.1095060	0.2777512	0.1228333	0.0000000	0.0000000
7000.6209600	7000.0338101	6999.8782813	2.1598452	-0.4400000	0.1176831	0.2779080	0.1248518	0.0000000	0.0000000
7000.6209600	7000.0338101	6999.8782813	2.1401648	-0.4400000	0.1071494	0.2787581	0.1199418	0.0000000	0.0000000
7000.6209600	7000.0338101	6999.8782813	2.1201508	-0.4400000	0.1102590	0.2793322	0.1199725	0.0000000	0.0000000
7000.6209600	7000.0338101	6999.8782813	2.1001368	-0.4400000	0.1076908	0.2770363	0.1220034	0.0000000	0.0000000
7000.6209600	7000.0338101	6999.8782813	2.0801228	-0.4400000	0.1105669	0.2789738	0.1230602	0.0000000	0.0000000
7000.6209600	7000.0338101	6999.8782813	2.0601087	-0.4400000	0.1040199	0.2807881	0.1216211	0.0000000	0.0000000
7000.6209600	7000.0338101	6999.8782813	2.0400947	-0.4400000	0.1013367	0.2767980	0.1196442	0.0000000	0.0000000
7000.6209600	7000.0338101	6999.8782813	2.0200807	-0.4400000	0.1098816	0.2749526	0.1223262	0.0000000	0.0000000
7000.6209600	7000.0338101	6999.8782813	2.0000667	-0.4400000	0.1029324	0.2763389	0.1164280	0.0000000	0.0000000
7000.6209600	7000.0338101	6999.8782813	1.9800527	-0.4400000	0.1072594	0.2788000	0.1200112	0.0000000	0.0000000
7000.6209600	7000.0338101	6999.8782813	1.9600387	-0.4400000	0.1052410	0.2812386	0.1212899	0.0000000	0.0000000
7000.6209600	7000.0338101	6999.8782813	1.9400247	-0.4400000	0.1018496	0.2774120	0.1214125	0.0000000	0.0000000
7000.6209600	7000.0338101	6999.8782813	1.9200107	-0.4400000	0.1086982	0.2760134	0.1214326	0.0000000	0.0000000
7000.6209600	7000.0338101	6999.8782813	1.8999967	-0.4400000	0.1157528	0.2780118	0.1190515	0.0000000	0.0000000
7000.6209600	7000.0338101	6999.8782813	1.8799827	-0.4400000	0.1146583	0.2784106	0.1214573	0.0000000	0.0000000
7000.6209600	7000.0338101	6999.8782813	1.8599686	-0.4400000	0.1050721	0.2794325	0.1199563	0.0000000	0.0000000
7000.6209600	7000.0338101	6999.8782813	1.8399546	-0.4400000	0.1107522	0.2806884	0.1260597	0.0000000	0.0000000
7000.6209600	7000.0338101	6999.8782813	1.8199406	-0.4400000	0.1154136	0.2790698	0.1219376	0.0000000	0.0000000
7000.6209600	7000.0338101	6999.8782813	1.7999266	-0.4400000	0.1211078	0.2792858	0.1212319	0.0000000	0.0000000
7000.6209600	7000.0338101	6999.8782813	1.7799126	-0.4400000	0.1130646	0.2795029	0.1179952	0.0000000	0.0000000
7000.6209600	7000.0338101	6999.8782813	1.7598986	-0.4400000	0.1089073	0.2807444	0.1264552	0.0000000	0.0000000
7000.6209600	7000.0338101	6999.8782813	1.7398846	-0.4400000	0.1008926	0.2774604	0.1177063	0.0000000	0.0000000
7000.6209600	7000.0338101	6999.8782813	1.7198706	-0.4400000	0.1090441	0.2812329	0.1195201	0.0000000	0.0000000
7000.6209600	7000.0338101	6999.8782813	1.6998566	-0.4400000	0.1055914	0.2772388	0.1170216	0.0000000	0.0000000
7000.6209600	7000.0338101	6999.8782813	1.6798426	-0.4400000	0.1208419	0.2782693	0.1215936	0.0000000	0.0000000
7000.6209600	7000.0338101	6999.8782813	1.6601621	-0.4400000	0.1056201	0.2756359	0.1190149	0.0000000	0.0000000
7000.6209600	7000.0338101	6999.8782813	1.6401481	-0.4400000	0.1034983	0.2769010	0.1185906	0.0000000	0.0000000
7000.6209600	7000.0338101	6999.8782813	1.6201341	-0.4400000	0.1085295	0.2794885	0.1209946	0.0000000	0.0000000
7000.6209600	7000.0338101	6999.8782813	1.6001201	-0.4400000	0.1107323	0.2798737	0.1213000	0.0000000	0.0000000
7000.6209600	7000.0338101	6999.8782813	1.5801061	-0.4400000	0.1213663	0.2750861	0.1219510	0.0000000	0.0000000
7000.6209600	7000.0338101	6999.8782813	1.5600921	-0.4400000	0.1088369	0.2778350	0.1175043	0.0000000	0.0000000
7000.6209600	7000.0338101	6999.8782813	1.5400781	-0.4400000	0.1017253	0.2795448	0.1192386	0.0000000	0.0000000
7000.6209600	7000.0338101	6999.8782813	1.5200640	-0.4400000	0.1074886	0.2794497	0.1184502	0.0000000	0.0000000
7000.6209600	7000.0338101	6999.8782813	1.5000500	-0.4400000	0.1088490	0.2814811	0.1225338	0.0000000	0.0000000
7000.6209600	7000.0338101	6999.8782813	1.4800360	-0.4400000	0.1238813	0.2764777	0.1198374	0.0000000	0.0000000
7000.6209600	7000.0338101	6999.8782813	1.4600220	-0.4400000	0.1174089	0.2776793	0.1214222	0.0000000	0.0000000
7000.6209600	7000.0338101	6999.8782813	1.4400080	-0.4400000	0.1175619	0.2803927	0.1231083	0.0000000	0.0000000
7000.6209600	7000.0338101	6999.8782813	1.4199940	-0.4400000	0.1039254	0.2792539	0.1192257	0.0000000	0.0000000
7000.6209600	7000.0338101	6999.8782813	1.3999800	-0.4400000	0.1122466	0.2790507	0.1232397	0.0000000	0.0000000
7000.6209600	7000.0338101	6999.8782813	1.3799660	-0.4400000	0.1290448	0.2797660	0.1199144	0.0000000	0.0000000
7000.6209600	7000.0338101	6999.8782813	1.3599520	-0.4400000	0.1205244	0.2790931	0.1179932	0.0000000	0.0000000
7000.6209600	7000.0338101	6999.8782813	1.3399380	-0.4400000	0.1125779	0.2775303	0.1175178	0.0000000	0.0000000
7000.6209600	7000.0338101	6999.8782813	1.3199239	-0.4400000	0.1097529	0.2773766	0.1247917	0.0000000	0.0000000
7000.6209600	7000.0338101	6999.8782813	1.2999099	-0.4400000	0.1174811	0.2799606	0.1237471	0.0000000	0.0000000
7000.6209600	7000.0338101	6999.8782813	1.2798959	-0.4400000	0.1267434	0.2777362	0.1168374	0.0000000	0.0000000
7000.6209600	7000.0338101	6999.8782813	1.2598819	-0.4400000	0.1364242	0.2829465	0.1271714	0.0000000	0.0000000
7000.6209600	7000.0338101	6999.8782813	1.2398679	-0.4400000	0.1301105	0.2785985	0.1230413	0.0000000	0.0000000
7000.6209600	7000.0338101	6999.8782813	1.2198539	-0.4400000	0.1114056	0.2778708	0.1217744	0.0000000	0.0000000
7000.6209600	7000.0338101	6999.8782813	1.1998399	-0.4400000	0.1221654	0.2775415	0.1221469	0.0000000	0.0000000
7000.6209600	7000.0338101	6999.8782813	1.1801594	-0.4400000	0.1503682	0.2799368	0.1228568	0.0000000	0.0000000
7000.6209600	7000.0338101	6999.8782813	1.1601454	-0.4400000	0.1518528	0.2778093	0.1229313	0.0000000	0.0000000
7000.6209600	7000.0338101	6999.8782813	1.1401314	-0.4400000	0.1370000	0.2792722	0.1197539	0.0000000	0.0000000
7000.6209600	7000.0338101	6999.8782813	1.1201174	-0.4400000	0.1082216	0.2771764	0.1240479	0.0000000	0.0000000
7000.6209600	7000.0338101	6999.8782813	1.1001034	-0.4400000	0.1292527	0.2810428	0.1248910	0.0000000	0.0000000
7000.6209600	7000.0338101	6999.8782813	1.0800894	-0.4400000	0.1577327	0.2805630	0.1202300	0.0000000	0.0000000
7000.6209600	7000.0338101	6999.8782813	1.0600754	-0.4400000	0.1601964	0.2796608	0.1214688	0.0000000	0.0000000
7000.6209600	7000.0338101	6999.8782813	1.0400614	-0.4400000	0.1425978	0.2778478	0.1239276	0.0000000	0.0000000
7000.6209600	7000.0338101	6999.8782813	1.0200474	-0.4400000	0.1181564	0.2766405	0.1231420	0.0000000	0.0000000
7000.6209600	7000.0338101	6999.8782813	1.0000334	-0.4400000	0.1447120	0.2778483	0.1239905	0.0000000	0.0000000
7000.6209600	7000.0338101	6999.8782813	0.9800193	-0.4400000	0.1781720	0.2768333	0.1270459	0.0000000	0.0000000
7000.6209600	7000.0338101	6999.8782813	0.9600053	-0.4400000	0.1547179	0.2777258	0.1218835	0.0000000	0.0000000
7000.6209600	7000.0338101	6999.8782813	0.9399913	-0.4400000	0.1452203	0.2789868	0.1255181	0.0000000	0.0000000
7000.6209600	7000.0338101	6999.8782813	0.9199773	-0.4400000	0.1409413	0.2765583	0.1242822	0.0000000	0.0000000
7000.6209600	7000.0338101	6999.8782813	0.8999633	-0.4400000	0.1687998	0.2780536	0.1256763	0.0000000	0.0000000
7000.6209600	7000.0338101	6999.8782813	0.8799493	-0.4400000	0.1887251	0.2770447	0.1195615	0.0000000	0.0000000
7000.6209600	7000.0338101	6999.8782813	0.8599353	-0.4400000	0.1617104	0.2755338	0.1276323	0.0000000	0.0000000
7000.6209600	7000.0338101	6999.8782813	0.8399213	-0.4400000	0.1438828	0.2784642	0.1224963	0.0000000	0.0000000
7000.6209600	7000.0338101	6999.8782813	0.8199073	-0.4400000	0.1728157	0.2774397	0.1251085	0.0000000	0.0000000
7000.6209600	7000.0338101	6999.8782813	0.7998933	-0.4400000	0.1946136	0.2758368	0.1273529	0.0000000	0.0000000
7000.6209600	7000.0338101	6999.8782813	0.7798792	-0.4400000	0.2085380	0.2808103	0.1228290	0.0000000	0.0000000
7000.6209600	7000.0338101	6999.8782813	0.7598652	-0.4400000	0.1652556	0.2773868	0.1220685	0.0000000	0.0000000
7000.6209600	7000.0338101	6999.8782813	0.7398512	-0.4400000	0.1503069	0.2788276	0.1183660	0.0000000	0.0000000
7000.6209600	7000.0338101	6999.8782813	0.7198372	-0.4400000	0.2054613	0.2787871	0.1222393	0.0000000	0.0000000
7000.6209600	7000.0338101	6999.8782813	0.7001568	-0.4400000	0.2182118	0.2796389	0.1216840	0.0000000	0.0000000
7000.6209600	7000.0338101	6999.8782813	0.6801428	-0.4400000	0.2410183	0.2786274	0.1234908	0.0000000	0.0000000
7000.6209600	7000.0338101	6999.8782813	0.6601288	-0.4400000	0.1850769	0.2783904	0.1209161	0.0000000	0.0000000
7000.6209600	7000.0338101	6999.8782813	0.6401147	-0.4400000	0.1761987	0.2796581	0.1223970	0.0000000	0.0000000
7000.6209600	7000.0338101	6999.8782813	0.6201007	-0.4400000	0.2125345	0.2791735	0.1228685	0.0000000	0.0000000
7000.6209600	7000.0338101	6999.8782813	0.6000867	-0.4400000	0.2073756	0.2784683	0.1173040	0.0000000	0.0000000
7000.6209600	7000.0338101	6999.8782813	0.5800727	-0.4400000	0.2310549	0.2803490	0.1213247	0.0000000	0.0000000
7000.6209600	7000.0338101	6999.8782813	0.5600587	-0.4400000	0.1879371	0.2762969	0.1186000	0.0000000	0.0000000
7000.6209600	7000.0338101	6999.8782813	0.5400447	-0.4400000	0.1746635	0.2775295	0.1190681	0.0000000	0.0000000
7000.6209600	7000.0338101	6999.8782813	0.5200307	-0.4400000	0.2390403	0.2777211	0.1216166	0.0000000	0.0000000
7000.6209600	7000.0338101	6999.8782813	0.5000167	-0.4400000	0.2611274	0.2770731	0.1219745	0.0000000	0.0000000
7000.6209600	7000.0338101	6999.8782813	0.4800027	-0.4400000	0.2488047	0.2775630	0.1179260	0.0000000	0.0000000
7000.6209600	7000.0338101	6999.8782813	0.4599887	-0.4400000	0.2083019	0.2815889	0.1257366	0.0000000	0.0000000
7000.6209600	7000.0338101	6999.8782813	0.4399746	-0.4400000	0.1916523	0.2770424	0.1226731	0.0000000	0.0000000
7000.6209600	7000.0338101	6999.8782813	0.4199606	-0.4400000	0.2456826	0.2775010	0.1203501	0.0000000	0.0000000
7000.6209600	7000.0338101	6999.8782813	0.3999466	-0.4400000	0.2960420	0.2813514	0.1270782	0.0000000	0.0000000
7000.6209600	7000.0338101	6999.8782813	0.3799326	-0.4400000	0.2919321	0.2804689	0.1264198	0.0000000	0.0000000
7000.6209600	7000.0338101	6999.8782813	0.3599186	-0.4400000	0.2347601	0.2779283	0.1263538	0.0000000	0.0000000
7000.6209600	7000.0338101	6999.8782813	0.3399046	-0.4400000	0.2185496	0.2785103	0.1224036	0.0000000	0.0000000
7000.6209600	7000.0338101	6999.8782813	0.3198906	-0.4400000	0.2897982	0.2739547	0.1258628	0.0000000	0.0000000
7000.6209600	7000.0338101	6999.8782813	0.2998766	-0.4400000	0.2750718	0.2768788	0.1211593	0.0000000	0.0000000
7000.6209600	7000.0338101	6999.8782813	0.2798626	-0.4400000	0.2814700	0.2791338	0.1201217	0.0000000	0.0000000
7000.6209600	7000.0338101	6999.8782813	0.2598486	-0.4400000	0.2180336	0.2796215	0.1218663	0.0000000	0.0000000
7000.6209600	7000.0338101	6999.8782813	0.2398346	-0.4400000	0.2107019	0.2787166	0.1176617	0.0000000	0.0000000
7000.6209600	7000.0338101	6999.8782813	0.2201541	-0.4400000	0.2669794	0.2776775	0.1173365	0.0000000	0.0000000
7000.6209600	7000.0338101	6999.8782813	0.2001401	-0.4400000	0.3311411	0.2754293	0.1230243	0.0000000	0.0000000
7000.6209600	7000.0338101	6999.8782813	0.1801261	-0.4400000	0.3070685	0.2774841	0.1224589	0.0000000	0.0000000
7000.6209600	7000.0338101	6999.8782813	0.1601121	-0.4400000	0.2393496	0.2786351	0.1189952	0.0000000	0.0000000
7000.6209600	7000.0338101	6999.8782813	0.1400981	-0.4400000	0.2251930	0.2787395	0.1196963	0.0000000	0.0000000
7000.6209600	7000.0338101	6999.8782813	0.1200841	-0.4400000	0.3094530	0.2791978	0.1192373	0.0000000	0.0000000
7000.6209600	7000.0338101	6999.8782813	0.1000700	-0.4400000	0.3355966	0.2789336	0.1209647	0.0000000	0.0000000
7000.6209600	7000.0338101	6999.8782813	0.0800560	-0.4400000	0.3034762	0.2782108	0.1211099	0.0000000	0.0000000
7000.6209600	7000.0338101	6999.8782813	0.0600420	-0.4400000	0.2316390	0.2788456	0.1186470	0.0000000	0.0000000
7000.6209600	7000.0338101	6999.8782813	0.0400280	-0.4400000	0.2704012	0.2778666	0.1218254	0.0000000	0.0000000
7000.6209600	7000.0338101	6999.8782813	0.0200140	-0.4400000	0.3544108	0.2775452	0.1213079	0.0000000	0.0000000
7000.6209600	7000.0338101	6999.8782813	0.0000000	-0.4400000	0.3329042	0.2745052	0.1194838	0.0000000	0.0000000
