7000.6209600	7000.0338101	6999.8782813	3.0001001	-0.7001568	0.0390282	0.2769814	0.1126761	0.0000000	-0.7000000
7000.6209600	7000.0338101	6999.8782813	2.9800861	-0.7000000	0.0377346	0.2742212	0.1124290	0.0000000	0.0000000
7000.6209600	7000.0338101	6999.8782813	2.9600721	-0.7000000	0.0467419	0.2724021	0.1233792	0.0000000	0.0000000
7000.6209600	7000.0338101	6999.8782813	2.9400580	-0.7000000	0.0467736	0.2729767	0.1233584	0.0000000	0.0000000
7000.6209600	7000.0338101	6999.8782813	2.9200440	-0.7000000	0.0440042	0.2735614	0.1171130	0.0000000	0.0000000
7000.6209600	7000.0338101	6999.8782813	2.9000300	-0.7000000	0.0438689	0.2753198	0.1157510	0.0000000	0.0000000
7000.6209600	7000.0338101	6999.8782813	2.8800160	-0.7000000	0.0413606	0.2750004	0.1163356	0.0000000	0.0000000
7000.6209600	7000.0338101	6999.8782813	2.8600020	-0.7000000	0.0450077	0.2712303	0.1281097	0.0000000	0.0000000
7000.6209600	7000.0338101	6999.8782813	2.8399880	-0.7000000	0.0442871	0.2729734	0.1193346	0.0000000	0.0000000
7000.6209600	7000.0338101	6999.8782813	2.8199740	-0.7000000	0.0489147	0.2772122	0.1192318	0.0000000	0.0000000
7000.6209600	7000.0338101	6999.8782813	2.7999600	-0.7000000	0.0502687	0.2746945	0.1195417	0.0000000	0.0000000
7000.6209600	7000.0338101	6999.8782813	2.7799460	-0.7000000	0.0414735	0.2760480	0.1179303	0.0000000	0.0000000
7000.6209600	7000.0338101	6999.8782813	2.7599320	-0.7000000	0.0403540	0.2748524	0.1156206	0.0000000	0.0000000
7000.6209600	7000.0338101	6999.8782813	2.7399179	-0.7000000	0.0418839	0.2718575	0.1190753	0.0000000	0.0000000
7000.6209600	7000.0338101	6999.8782813	2.7199039	-0.7000000	0.0457108	0.2721353	0.1226019	0.0000000	0.0000000
7000.6209600	7000.0338101	6999.8782813	2.6998899	-0.7000000	0.0438656	0.2743894	0.1178241	0.0000000	0.0000000
7000.6209600	7000.0338101	6999.8782813	2.6798759	-0.7000000	0.0412089	0.2743219	0.1172009	0.0000000	0.0000000
7000.6209600	7000.0338101	6999.8782813	2.6598619	-0.7000000	0.0423306	0.2737267	0.1198361	0.0000000	0.0000000
7000.6209600	7000.0338101	6999.8782813	2.6398479	-0.7000000	0.0405845	0.2741621	0.1142134	0.0000000	0.0000000
7000.6209600	7000.0338101	6999.8782813	2.6198339	-0.7000000	0.0470947	0.2726541	0.1242399	0.0000000	0.0000000
7000.6209600	7000.0338101	6999.8782813	2.6001534	-0.7000000	0.0440605	0.2732067	0.1240510	0.0000000	0.0000000
7000.6209600	7000.0338101	6999.8782813	2.5801394	-0.7000000	0.0386190	0.2706713	0.1174075	0.0000000	0.0000000
7000.6209600	7000.0338101	6999.8782813	2.5601254	-0.7000000	0.0390173	0.2735120	0.1136096	0.0000000	0.0000000
7000.6209600	7000.0338101	6999.8782813	2.5401114	-0.7000000	0.0485516	0.2739565	0.1211250	0.0000000	0.0000000
7000.6209600	7000.0338101	6999.8782813	2.5200974	-0.7000000	0.0438545	0.2733313	0.1172742	0.0000000	0.0000000
7000.6209600	7000.0338101	6999.8782813	2.5000834	-0.7000000	0.0410874	0.2742480	0.1148105	0.0000000	0.0000000
7000.6209600	7000.0338101	6999.8782813	2.4800694	-0.7000000	0.0399038	0.2764751	0.1150605	0.0000000	0.0000000
7000.6209600	7000.0338101	6999.8782813	2.4600554	-0.7000000	0.0449725	0.2757903	0.1189749	0.0000000	0.0000000
7000.6209600	7000.0338101	6999.8782813	2.4400414	-0.7000000	0.0539227	0.2732434	0.1297871	0.0000000	0.0000000
7000.6209600	7000.0338101	6999.8782813	2.4200274	-0.7000000	0.0479971	0.2763064	0.1260309	0.0000000	0.0000000
7000.6209600	7000.0338101	6999.8782813	2.4000133	-0.7000000	0.0445159	0.2754502	0.1187551	0.0000000	0.0000000
7000.6209600	7000.0338101	6999.8782813	2.3799993	-0.7000000	0.0444052	0.2737661	0.1225435	0.0000000	0.0000000
7000.6209600	7000.0338101	6999.8782813	2.3599853	-0.7000000	0.0460953	0.2764573	0.1170859	0.0000000	0.0000000
7000.6209600	7000.0338101	6999.8782813	2.3399713	-0.7000000	0.0413657	0.2755282	0.1145691	0.0000000	0.0000000
7000.6209600	7000.0338101	6999.8782813	2.3199573	-0.7000000	0.0432681	0.2773849	0.1177927	0.0000000	0.0000000
7000.6209600	7000.0338101	6999.8782813	2.2999433	-0.7000000	0.0431106	0.2762993	0.1158586	0.0000000	0.0000000
7000.6209600	7000.0338101	6999.8782813	2.2799293	-0.7000000	0.0420392	0.2747222	0.1164834	0.0000000	0.0000000
7000.6209600	7000.0338101	6999.8782813	2.2599153	-0.7000000	0.0413352	0.2744949	0.1144470	0.0000000	0.0000000
7000.6209600	7000.0338101	6999.8782813	2.2399013	-0.7000000	0.0405358	0.2755198	0.1140150	0.0000000	0.0000000
7000.6209600	7000.0338101	6999.8782813	2.2198873	-0.7000000	0.0412759	0.2742535	0.1170579	0.0000000	0.0000000
7000.6209600	7000.0338101	6999.8782813	2.1998732	-0.7000000	0.0421008	0.2749307	0.1169171	0.0000000	0.0000000
7000.6209600	7000.0338101	6999.8782813	2.1798592	-0.7000000	0.0424404	0.2749443	0.1147048	0.0000000	0.0000000
7000.6209600	7000.0338101	6999.8782813	2.1598452	-0.7000000	0.0458291	0.2772310	0.1168214	0.0000000	0.0000000
7000.6209600	7000.0338101	6999.8782813	2.1401648	-0.7000000	0.0503896	0.2716918	0.1291769	0.0000000	0.0000000
7000.6209600	7000.0338101	6999.8782813	2.1201508	-0.7000000	0.0443473	0.2736740	0.1250490	0.0000000	0.0000000
7000.6209600	7000.0338101	6999.8782813	2.1001368	-0.7000000	0.0457557	0.2742573	0.1199650	0.0000000	0.0000000
7000.6209600	7000.0338101	6999.8782813	2.0801228	-0.7000000	0.0377717	0.2757537	0.1132079	0.0000000	0.0000000
7000.6209600	7000.0338101	6999.8782813	2.0601087	-0.7000000	0.0429384	0.2728363	0.1171598	0.0000000	0.0000000
7000.6209600	7000.0338101	6999.8782813	2.0400947	-0.7000000	0.0466843	0.2726129	0.1256875	0.0000000	0.0000000
7000.6209600	7000.0338101	6999.8782813	2.0200807	-0.7000000	0.0472407	0.2722755	0.1272162	0.0000000	0.0000000
7000.6209600	7000.0338101	6999.8782813	2.0000667	-0.7000000	0.0485137	0.2732140	0.1290812	0.0000000	0.0000000
7000.6209600	7000.0338101	6999.8782813	1.9800527	-0.7000000	0.0430767	0.2746896	0.1173014	0.0000000	0.0000000
7000.6209600	7000.0338101	6999.8782813	1.9600387	-0.7000000	0.0445090	0.2757455	0.1147885	0.0000000	0.0000000
7000.6209600	7000.0338101	6999.8782813	1.9400247	-0.7000000	0.0559814	0.2736597	0.1282017	0.0000000	0.0000000
7000.6209600	7000.0338101	6999.8782813	1.9200107	-0.7000000	0.0460524	0.2719231	0.1271700	0.0000000	0.0000000
7000.6209600	7000.0338101	6999.8782813	1.8999967	-0.7000000	0.0426522	0.2750126	0.1179202	0.0000000	0.0000000
7000.6209600	7000.0338101	6999.8782813	1.8799827	-0.7000000	0.0442249	0.2762249	0.1188530	0.0000000	0.0000000
7000.6209600	7000.0338101	6999.8782813	1.8599686	-0.7000000	0.0481049	0.2760762	0.1210751	0.0000000	0.0000000
7000.6209600	7000.0338101	6999.8782813	1.8399546	-0.7000000	0.0558375	0.2759033	0.1211035	0.0000000	0.0000000
7000.6209600	7000.0338101	6999.8782813	1.8199406	-0.7000000	0.0448644	0.2716752	0.1274249	0.0000000	0.0000000
7000.6209600	7000.0338101	6999.8782813	1.7999266	-0.7000000	0.0351469	0.2739178	0.1159868	0.0000000	0.0000000
7000.6209600	7000.0338101	6999.8782813	1.7799126	-0.7000000	0.0396719	0.2751123	0.1148096	0.0000000	0.0000000
7000.6209600	7000.0338101	6999.8782813	1.7598986	-0.7000000	0.0482703	0.2743492	0.1191079	0.0000000	0.0000000
7000.6209600	7000.0338101	6999.8782813	1.7398846	-0.7000000	0.0547603	0.2735693	0.1251182	0.0000000	0.0000000
7000.6209600	7000.0338101	6999.8782813	1.7198706	-0.7000000	0.0458815	0.2743318	0.1210454	0.0000000	0.0000000
7000.6209600	7000.0338101	6999.8782813	1.6998566	-0.7000000	0.0432438	0.2742886	0.1263533	0.0000000	0.0000000
7000.6209600	7000.0338101	6999.8782813	1.6798426	-0.7000000	0.0406704	0.2713359	0.1252845	0.0000000	0.0000000
7000.6209600	7000.0338101	6999.8782813	1.6601621	-0.7000000	0.0428282	0.2762067	0.1160222	0.0000000	0.0000000
7000.6209600	7000.0338101	6999.8782813	1.6401481	-0.7000000	0.0491783	0.2738516	0.1181503	0.0000000	0.0000000
7000.6209600	7000.0338101	6999.8782813	1.6201341	-0.7000000	0.0576602	0.2721111	0.1315636	0.0000000	0.0000000
7000.6209600	7000.0338101	6999.8782813	1.6001201	-0.7000000	0.0489927	0.2726866	0.1247733	0.0000000	0.0000000
7000.6209600	7000.0338101	6999.8782813	1.5801061	-0.7000000	0.0374147	0.2740028	0.1238505	0.0000000	0.0000000
7000.6209600	7000.0338101	6999.8782813	1.5600921	-0.7000000	0.0398301	0.2748960	0.1155084	0.0000000	0.0000000
7000.6209600	7000.0338101	6999.8782813	1.5400781	-0.7000000	0.0478822	0.2750315	0.1209543	0.0000000	0.0000000
7000.6209600	7000.0338101	6999.8782813	1.5200640	-0.7000000	0.0509883	0.2760464	0.1177335	0.0000000	0.0000000
7000.6209600	7000.0338101	6999.8782813	1.5000500	-0.7000000	0.0524858	0.2755060	0.1215233	0.0000000	0.0000000
7000.6209600	7000.0338101	6999.8782813	1.4800360	-0.7000000	0.0435728	0.2766569	0.1238059	0.0000000	0.0000000
7000.6209600	7000.0338101	6999.8782813	1.4600220	-0.7000000	0.0443082	0.2765803	0.1222888	0.0000000	0.0000000
7000.6209600	7000.0338101	6999.8782813	1.4400080	-0.7000000	0.0477086	0.2744388	0.1180546	0.0000000	0.0000000
7000.6209600	7000.0338101	6999.8782813	1.4199940	-0.7000000	0.0539072	0.2758992	0.1157959	0.0000000	0.0000000
7000.6209600	7000.0338101	6999.8782813	1.3999800	-0.7000000	0.0500510	0.2743723	0.1141094	0.0000000	0.0000000
7000.6209600	7000.0338101	6999.8782813	1.3799660	-0.7000000	0.0379663	0.2746405	0.1140896	0.0000000	0.0000000
7000.6209600	7000.0338101	6999.8782813	1.3599520	-0.7000000	0.0432467	0.2777820	0.1190629	0.0000000	0.0000000
7000.6209600	7000.0338101	6999.8782813	1.3399380	-0.7000000	0.0457529	0.2756382	0.1190626	0.0000000	0.0000000
7000.6209600	7000.0338101	6999.8782813	1.3199239	-0.7000000	0.0632424	0.2739855	0.1190876	0.0000000	0.0000000
7000.6209600	7000.0338101	6999.8782813	1.2999099	-0.7000000	0.0585750	0.2752319	0.1202297	0.0000000	0.0000000
7000.6209600	7000.0338101	6999.8782813	1.2798959	-0.7000000	0.0451185	0.2739885	0.1276603	0.0000000	0.0000000
7000.6209600	7000.0338101	6999.8782813	1.2598819	-0.7000000	0.0405533	0.2742605	0.1289331	0.0000000	0.0000000
7000.6209600	7000.0338101	6999.8782813	1.2398679	-0.7000000	0.0437885	0.2755583	0.1191813	0.0000000	0.0000000
7000.6209600	7000.0338101	6999.8782813	1.2198539	-0.7000000	0.0620409	0.2754778	0.1172395	0.0000000	0.0000000
7000.6209600	7000.0338101	6999.8782813	1.1998399	-0.7000000	0.0578231	0.2743514	0.1246320	0.0000000	0.0000000
7000.6209600	7000.0338101	6999.8782813	1.1801594	-0.7000000	0.0476017	0.2744844	0.1175498	0.0000000	0.0000000
7000.6209600	7000.0338101	6999.8782813	1.1601454	-0.7000000	0.0392064	0.2734335	0.1238998	0.0000000	0.0000000
7000.6209600	7000.0338101	6999.8782813	1.1401314	-0.7000000	0.0428385	0.2751816	0.1223345	0.0000000	0.0000000
7000.6209600	7000.0338101	6999.8782813	1.1201174	-0.7000000	0.0696635	0.2753306	0.1224683	0.0000000	0.0000000
7000.6209600	7000.0338101	6999.8782813	1.1001034	-0.7000000	0.0683928	0.2766263	0.1152804	0.0000000	0.0000000
7000.6209600	7000.0338101	6999.8782813	1.0800894	-0.7000000	0.0445604	0.2730300	0.1187274	0.0000000	0.0000000
7000.6209600	7000.0338101	6999.8782813	1.0600754	-0.7000000	0.0401333	0.2702035	0.1241572	0.0000000	0.0000000
7000.6209600	7000.0338101	6999.8782813	1.0400614	-0.7000000	0.0591261	0.2713701	0.1257294	0.0000000	0.0000000
7000.6209600	7000.0338101	6999.8782813	1.0200474	-0.7000000	0.0859783	0.2733236	0.1226484	0.0000000	0.0000000
7000.6209600	7000.0338101	6999.8782813	1.0000334	-0.7000000	0.0733954	0.2759545	0.1200365	0.0000000	0.0000000
7000.6209600	7000.0338101	6999.8782813	0.9800193	-0.7000000	0.0453091	0.2728217	0.1258436	0.0000000	0.0000000
7000.6209600	7000.0338101	6999.8782813	0.9600053	-0.7000000	0.0632677	0.2742772	0.1298378	0.0000000	0.0000000
7000.6209600	7000.0338101	6999.8782813	0.9399913	-0.7000000	0.0592201	0.2754413	0.1134884	0.0000000	0.0000000
7000.6209600	7000.0338101	6999.8782813	0.9199773	-0.7000000	0.0647289	0.2755875	0.1138818	0.0000000	0.0000000
7000.6209600	7000.0338101	6999.8782813	0.8999633	-0.7000000	0.0750283	0.2741687	0.1266246	0.0000000	0.0000000
7000.6209600	7000.0338101	6999.8782813	0.8799493	-0.7000000	0.0476105	0.2736462	0.1274041	0.0000000	0.0000000
7000.6209600	7000.0338101	6999.8782813	0.8599353	-0.7000000	0.0730210	0.2736265	0.1272642	0.0000000	0.0000000
7000.6209600	7000.0338101	6999.8782813	0.8399213	-0.7000000	0.0910808	0.2743282	0.1272302	0.0000000	0.0000000
7000.6209600	7000.0338101	6999.8782813	0.8199073	-0.7000000	0.0845569	0.2741136	0.1267004	0.0000000	0.0000000
7000.6209600	7000.0338101	6999.8782813	0.7998933	-0.7000000	0.0773560	0.2753365	0.1209159	0.0000000	0.0000000
7000.6209600	7000.0338101	6999.8782813	0.7798792	-0.7000000	0.0641227	0.2727729	0.1233882	0.0000000	0.0000000
7000.6209600	7000.0338101	6999.8782813	0.7598652	-0.7000000	0.0889894	0.2747250	0.1216781	0.0000000	0.0000000
7000.6209600	7000.0338101	6999.8782813	0.7398512	-0.7000000	0.1094551	0.2737697	0.1244772	0.0000000	0.0000000
7000.6209600	7000.0338101	6999.8782813	0.7198372	-0.7000000	0.0922307	0.2755160	0.1244651	0.0000000	0.0000000
7000.6209600	7000.0338101	6999.8782813	0.7001568	-0.7000000	0.0851423	0.2753564	0.1171729	0.0000000	0.0000000
7000.6209600	7000.0338101	6999.8782813	0.6801428	-0.7000000	0.0606011	0.2747500	0.1170937	0.0000000	0.0000000
7000.6209600	7000.0338101	6999.8782813	0.6601288	-0.7000000	0.0850715	0.2757937	0.1157321	0.0000000	0.0000000
7000.6209600	7000.0338101	6999.8782813	0.6401147	-0.7000000	0.1166147	0.2748641	0.1176769	0.0000000	0.0000000
7000.6209600	7000.0338101	6999.8782813	0.6201007	-0.7000000	0.1219502	0.2746287	0.1227391	0.0000000	0.0000000
7000.6209600	7000.0338101	6999.8782813	0.6000867	-0.7000000	0.1132904	0.2721069	0.1262611	0.0000000	0.0000000
7000.6209600	7000.0338101	6999.8782813	0.5800727	-0.7000000	0.0879058	0.2760295	0.1236023	0.0000000	0.0000000
7000.6209600	7000.0338101	6999.8782813	0.5600587	-0.7000000	0.1143872	0.2755614	0.1191272	0.0000000	0.0000000
7000.6209600	7000.0338101	6999.8782813	0.5400447	-0.7000000	0.1233420	0.2755560	0.1172213	0.0000000	0.0000000
7000.6209600	7000.0338101	6999.8782813	0.5200307	-0.7000000	0.1139955	0.2761171	0.1213690	0.0000000	0.0000000
7000.6209600	7000.0338101	6999.8782813	0.5000167	-0.7000000	0.1133494	0.2751580	0.1184260	0.0000000	0.0000000
7000.6209600	7000.0338101	6999.8782813	0.4800027	-0.7000000	0.1042770	0.2710479	0.1290834	0.0000000	0.0000000
7000.6209600	7000.0338101	6999.8782813	0.4599887	-0.7000000	0.1513535	0.2741085	0.1289307	0.0000000	0.0000000
7000.6209600	7000.0338101	6999.8782813	0.4399746	-0.7000000	0.1604781	0.2755789	0.1245184	0.0000000	0.0000000
7000.6209600	7000.0338101	6999.8782813	0.4199606	-0.7000000	0.1285565	0.2748867	0.1224274	0.0000000	0.0000000
7000.6209600	7000.0338101	6999.8782813	0.3999466	-0.7000000	0.1320193	0.2759479	0.1204995	0.0000000	0.0000000
7000.6209600	7000.0338101	6999.8782813	0.3799326	-0.7000000	0.1258947	0.2770574	0.1191588	0.0000000	0.0000000
7000.6209600	7000.0338101	6999.8782813	0.3599186	-0.7000000	0.1809137	0.2749191	0.1176663	0.0000000	0.0000000
7000.6209600	7000.0338101	6999.8782813	0.3399046	-0.7000000	0.2055308	0.2742133	0.1251194	0.0000000	0.0000000
7000.6209600	7000.0338101	6999.8782813	0.3198906	-0.7000000	0.1560344	0.2721302	0.1272572	0.0000000	0.0000000
7000.6209600	7000.0338101	6999.8782813	0.2998766	-0.7000000	0.1469060	0.2749260	0.1207023	0.0000000	0.0000000
7000.6209600	7000.0338101	6999.8782813	0.2798626	-0.7000000	0.1400520	0.2764960	0.1173239	0.0000000	0.0000000
7000.6209600	7000.0338101	6999.8782813	0.2598486	-0.7000000	0.2003407	0.2749154	0.1221024	0.0000000	0.0000000
7000.6209600	7000.0338101	6999.8782813	0.2398346	-0.7000000	0.2328563	0.2735162	0.1291136	0.0000000	0.0000000
7000.6209600	7000.0338101	6999.8782813	0.2201541	-0.7000000	0.1232438	0.2756635	0.1128665	0.0000000	0.0000000
7000.6209600	7000.0338101	6999.8782813	0.2001401	-0.7000000	0.1516337	0.2753844	0.1197223	0.0000000	0.0000000
7000.6209600	7000.0338101	6999.8782813	0.1801261	-0.7000000	0.1433214	0.2726736	0.1189459	0.0000000	0.0000000
7000.6209600	7000.0338101	6999.8782813	0.1601121	-0.7000000	0.1955620	0.2718583	0.1235166	0.0000000	0.0000000
7000.6209600	7000.0338101	6999.8782813	0.1400981	-0.7000000	0.2187123	0.2765891	0.1152297	0.0000000	0.0000000
7000.6209600	7000.0338101	6999.8782813	0.1200841	-0.7000000	0.1609816	0.2741904	0.1140200	0.0000000	0.0000000
7000.6209600	7000.0338101	6999.8782813	0.1000700	-0.7000000	0.1671162	0.2758536	0.1172505	0.0000000	0.0000000
7000.6209600	7000.0338101	6999.8782813	0.0800560	-0.7000000	0.1727053	0.2721989	0.1220876	0.0000000	0.0000000
7000.6209600	7000.0338101	6999.8782813	0.0600420	-0.7000000	0.2511913	0.2739033	0.1224270	0.0000000	0.0000000
7000.6209600	7000.0338101	6999.8782813	0.0400280	-0.7000000	0.2695298	0.2766403	0.1229999	0.0000000	0.0000000
7000.6209600	7000.0338101	6999.8782813	0.0200140	-0.7000000	0.2010377	0.2766798	0.1181525	0.0000000	0.0000000
7000.6209600	7000.0338101	6999.8782813	0.0000000	-0.7000000	0.1920272	0.2759706	0.1200176	0.0000000	0.0000000
