7000.6209600	7000.0338101	6999.8782813	3.0001001	-0.3999466	0.1162546	0.2812241	0.1259716	0.0000000	-0.4000000
7000.6209600	7000.0338101	6999.8782813	2.9800861	-0.4000000	0.1204089	0.2788660	0.1237913	0.0000000	0.0000000
7000.6209600	7000.0338101	6999.8782813	2.9600721	-0.4000000	0.1180707	0.2779792	0.1236138	0.0000000	0.0000000
7000.6209600	7000.0338101	6999.8782813	2.9400580	-0.4000000	0.1227611	0.2795175	0.1248956	0.0000000	0.0000000
7000.6209600	7000.0338101	6999.8782813	2.9200440	-0.4000000	0.1222649	0.2780245	0.1218759	0.0000000	0.0000000
7000.6209600	7000.0338101	6999.8782813	2.9000300	-0.4000000	0.1266492	0.2812867	0.1268091	0.0000000	0.0000000
7000.6209600	7000.0338101	6999.8782813	2.8800160	-0.4000000	0.1140461	0.2824497	0.1222853	0.0000000	0.0000000
7000.6209600	7000.0338101	6999.8782813	2.8600020	-0.4000000	0.1228876	0.2813301	0.1282614	0.0000000	0.0000000
7000.6209600	7000.0338101	6999.8782813	2.8399880	-0.4000000	0.1199534	0.2784464	0.1217744	0.0000000	0.0000000
7000.6209600	7000.0338101	6999.8782813	2.8199740	-0.4000000	0.1175134	0.2765261	0.1199554	0.0000000	0.0000000
7000.6209600	7000.0338101	6999.8782813	2.7999600	-0.4000000	0.1250082	0.2807513	0.1251730	0.0000000	0.0000000
7000.6209600	7000.0338101	6999.8782813	2.7799460	-0.4000000	0.1226262	0.2817207	0.1261761	0.0000000	0.0000000
7000.6209600	7000.0338101	6999.8782813	2.7599320	-0.4000000	0.1186285	0.2774409	0.1223021	0.0000000	0.0000000
7000.6209600	7000.0338101	6999.8782813	2.7399179	-0.4000000	0.1235621	0.2791301	0.1232596	0.0000000	0.0000000
7000.6209600	7000.0338101	6999.8782813	2.7199039	-0.4000000	0.1188076	0.2797585	0.1237019	0.0000000	0.0000000
7000.6209600	7000.0338101	6999.8782813	2.6998899	-0.4000000	0.1241157	0.2797833	0.1248435	0.0000000	0.0000000
7000.6209600	7000.0338101	6999.8782813	2.6798759	-0.4000000	0.1181572	0.2783696	0.1202698	0.0000000	0.0000000
7000.6209600	7000.0338101	6999.8782813	2.6598619	-0.4000000	0.1158593	0.2776450	0.1208574	0.0000000	0.0000000
7000.6209600	7000.0338101	6999.8782813	2.6398479	-0.4000000	0.1222994	0.2818187	0.1234536	0.0000000	0.0000000
7000.6209600	7000.0338101	6999.8782813	2.6198339	-0.4000000	0.1181991	0.2820746	0.1240026	0.0000000	0.0000000
7000.6209600	7000.0338101	6999.8782813	2.6001534	-0.4000000	0.1249656	0.2800717	0.1247577	0.0000000	0.0000000
7000.6209600	7000.0338101	6999.8782813	2.5801394	-0.4000000	0.1239506	0.2787736	0.1231254	0.0000000	0.0000000
7000.6209600	7000.0338101	6999.8782813	2.5601254	-0.4000000	0.1208088	0.2791085	0.1214637	0.0000000	0.0000000
7000.6209600	7000.0338101	6999.8782813	2.5401114	-0.4000000	0.1209358	0.2811013	0.1229419	0.0000000	0.0000000
7000.6209600	7000.0338101	6999.8782813	2.5200974	-0.4000000	0.1244449	0.2858511	0.1248730	0.0000000	0.0000000
7000.6209600	7000.0338101	6999.8782813	2.5000834	-0.4000000	0.1264100	0.2804471	0.1271204	0.0000000	0.0000000
7000.6209600	7000.0338101	6999.8782813	2.4800694	-0.4000000	0.1148046	0.2775165	0.1200061	0.0000000	0.0000000
7000.6209600	7000.0338101	6999.8782813	2.4600554	-0.4000000	0.1257167	0.2791909	0.1217550	0.0000000	0.0000000
7000.6209600	7000.0338101	6999.8782813	2.4400414	-0.4000000	0.1217423	0.2775621	0.1199966	0.0000000	0.0000000
7000.6209600	7000.0338101	6999.8782813	2.4200274	-0.4000000	0.1182704	0.2790271	0.1197238	0.0000000	0.0000000
7000.6209600	7000.0338101	6999.8782813	2.4000133	-0.4000000	0.1198083	0.2778253	0.1203058	0.0000000	0.0000000
7000.6209600	7000.0338101	6999.8782813	2.3799993	-0.4000000	0.1195620	0.2800256	0.1255367	0.0000000	0.0000000
7000.6209600	7000.0338101	6999.8782813	2.3599853	-0.4000000	0.1243629	0.2779110	0.1217782	0.0000000	0.0000000
7000.6209600	7000.0338101	6999.8782813	2.3399713	-0.4000000	0.1285502	0.2768273	0.1270541	0.0000000	0.0000000
7000.6209600	7000.0338101	6999.8782813	2.3199573	-0.4000000	0.1109543	0.2772272	0.1181350	0.0000000	0.0000000
7000.6209600	7000.0338101	6999.8782813	2.2999433	-0.4000000	0.1183313	0.2800856	0.1207239	0.0000000	0.0000000
7000.6209600	7000.0338101	6999.8782813	2.2799293	-0.4000000	0.1162151	0.2802887	0.1196337	0.0000000	0.0000000
7000.6209600	7000.0338101	6999.8782813	2.2599153	-0.4000000	0.1202029	0.2799452	0.1175188	0.0000000	0.0000000
7000.6209600	7000.0338101	6999.8782813	2.2399013	-0.4000000	0.1193237	0.2786295	0.1215349	0.0000000	0.0000000
7000.6209600	7000.0338101	6999.8782813	2.2198873	-0.4000000	0.1241359	0.2773987	0.1232307	0.0000000	0.0000000
7000.6209600	7000.0338101	6999.8782813	2.1998732	-0.4000000	0.1252125	0.2789386	0.1236118	0.0000000	0.0000000
7000.6209600	7000.0338101	6999.8782813	2.1798592	-0.4000000	0.1175607	0.2760164	0.1224224	0.0000000	0.0000000
7000.6209600	7000.0338101	6999.8782813	2.1598452	-0.4000000	0.1216251	0.2808556	0.1223613	0.0000000	0.0000000
7000.6209600	7000.0338101	6999.8782813	2.1401648	-0.4000000	0.1276862	0.2790925	0.1237554	0.0000000	0.0000000
7000.6209600	7000.0338101	6999.8782813	2.1201508	-0.4000000	0.1243964	0.2770801	0.1205339	0.0000000	0.0000000
7000.6209600	7000.0338101	6999.8782813	2.1001368	-0.4000000	0.1317607	0.2792865	0.1260582	0.0000000	0.0000000
7000.6209600	7000.0338101	6999.8782813	2.0801228	-0.4000000	0.1170112	0.2765413	0.1194708	0.0000000	0.0000000
7000.6209600	7000.0338101	6999.8782813	2.0601087	-0.4000000	0.1273364	0.2769537	0.1251315	0.0000000	0.0000000
7000.6209600	7000.0338101	6999.8782813	2.0400947	-0.4000000	0.1261749	0.2791249	0.1245363	0.0000000	0.0000000
7000.6209600	7000.0338101	6999.8782813	2.0200807	-0.4000000	0.1265511	0.2778127	0.1261454	0.0000000	0.0000000
7000.6209600	7000.0338101	6999.8782813	2.0000667	-0.4000000	0.1269110	0.2784973	0.1272288	0.0000000	0.0000000
7000.6209600	7000.0338101	6999.8782813	1.9800527	-0.4000000	0.1239349	0.2795551	0.1234391	0.0000000	0.0000000
7000.6209600	7000.0338101	6999.8782813	1.9600387	-0.4000000	0.1277087	0.2788126	0.1226580	0.0000000	0.0000000
7000.6209600	7000.0338101	6999.8782813	1.9400247	-0.4000000	0.1321195	0.2789398	0.1228146	0.0000000	0.0000000
7000.6209600	7000.0338101	6999.8782813	1.9200107	-0.4000000	0.1366449	0.2791218	0.1276222	0.0000000	0.0000000
7000.6209600	7000.0338101	6999.8782813	1.8999967	-0.4000000	0.1314565	0.2788451	0.1229001	0.0000000	0.0000000
7000.6209600	7000.0338101	6999.8782813	1.8799827	-0.4000000	0.1177728	0.2790237	0.1239757	0.0000000	0.0000000
7000.6209600	7000.0338101	6999.8782813	1.8599686	-0.4000000	0.1223829	0.2806631	0.1212765	0.0000000	0.0000000
7000.6209600	7000.0338101	6999.8782813	1.8399546	-0.4000000	0.1256842	0.2789351	0.1238107	0.0000000	0.0000000
7000.6209600	7000.0338101	6999.8782813	1.8199406	-0.4000000	0.1222300	0.2803315	0.1200825	0.0000000	0.0000000
7000.6209600	7000.0338101	6999.8782813	1.7999266	-0.4000000	0.1135350	0.2763403	0.1219529	0.0000000	0.0000000
7000.6209600	7000.0338101	6999.8782813	1.7799126	-0.4000000	0.1135402	0.2761117	0.1255355	0.0000000	0.0000000
7000.6209600	7000.0338101	6999.8782813	1.7598986	-0.4000000	0.1229547	0.2782081	0.1245223	0.0000000	0.0000000
7000.6209600	7000.0338101	6999.8782813	1.7398846	-0.4000000	0.1406060	0.2775970	0.1244442	0.0000000	0.0000000
7000.6209600	7000.0338101	6999.8782813	1.7198706	-0.4000000	0.1260251	0.2760638	0.1259144	0.0000000	0.0000000
7000.6209600	7000.0338101	6999.8782813	1.6998566	-0.4000000	0.1148931	0.2785818	0.1210712	0.0000000	0.0000000
7000.6209600	7000.0338101	6999.8782813	1.6798426	-0.4000000	0.0999896	0.2767698	0.1169183	0.0000000	0.0000000
7000.6209600	7000.0338101	6999.8782813	1.6601621	-0.4000000	0.1118062	0.2761893	0.1197379	0.0000000	0.0000000
7000.6209600	7000.0338101	6999.8782813	1.6401481	-0.4000000	0.1330160	0.2816157	0.1261729	0.0000000	0.0000000
7000.6209600	7000.0338101	6999.8782813	1.6201341	-0.4000000	0.1513558	0.2803802	0.1249191	0.0000000	0.0000000
7000.6209600	7000.0338101	6999.8782813	1.6001201	-0.4000000	0.1307915	0.2771512	0.1198140	0.0000000	0.0000000
7000.6209600	7000.0338101	6999.8782813	1.5801061	-0.4000000	0.1182269	0.2817949	0.1259272	0.0000000	0.0000000
7000.6209600	7000.0338101	6999.8782813	1.5600921	-0.4000000	0.1262620	0.2792906	0.1241282	0.0000000	0.0000000
7000.6209600	7000.0338101	6999.8782813	1.5400781	-0.4000000	0.1314785	0.2772438	0.1244380	0.0000000	0.0000000
7000.6209600	7000.0338101	6999.8782813	1.5200640	-0.4000000	0.1443362	0.2806207	0.1240905	0.0000000	0.0000000
7000.6209600	7000.0338101	6999.8782813	1.5000500	-0.4000000	0.1476431	0.2802750	0.1265173	0.0000000	0.0000000
7000.6209600	7000.0338101	6999.8782813	1.4800360	-0.4000000	0.1301119	0.2805990	0.1300272	0.0000000	0.0000000
7000.6209600	7000.0338101	6999.8782813	1.4600220	-0.4000000	0.1217117	0.2812786	0.1283871	0.0000000	0.0000000
7000.6209600	7000.0338101	6999.8782813	1.4400080	-0.4000000	0.1159432	0.2792957	0.1206116	0.0000000	0.0000000
7000.6209600	7000.0338101	6999.8782813	1.4199940	-0.4000000	0.1498138	0.2813389	0.1257583	0.0000000	0.0000000
7000.6209600	7000.0338101	6999.8782813	1.3999800	-0.4000000	0.1477000	0.2794331	0.1214827	0.0000000	0.0000000
7000.6209600	7000.0338101	6999.8782813	1.3799660	-0.4000000	0.1329386	0.2785886	0.1216678	0.0000000	0.0000000
7000.6209600	7000.0338101	6999.8782813	1.3599520	-0.4000000	0.1091898	0.2762437	0.1187595	0.0000000	0.0000000
7000.6209600	7000.0338101	6999.8782813	1.3399380	-0.4000000	0.1099604	0.2781205	0.1172750	0.0000000	0.0000000
7000.6209600	7000.0338101	6999.8782813	1.3199239	-0.4000000	0.1451733	0.2769387	0.1196868	0.0000000	0.0000000
7000.6209600	7000.0338101	6999.8782813	1.2999099	-0.4000000	0.1490254	0.2769670	0.1244762	0.0000000	0.0000000
7000.6209600	7000.0338101	6999.8782813	1.2798959	-0.4000000	0.1327631	0.2778655	0.1217668	0.0000000	0.0000000
7000.6209600	7000.0338101	6999.8782813	1.2598819	-0.4000000	0.1151401	0.2782083	0.1198674	0.0000000	0.0000000
7000.6209600	7000.0338101	6999.8782813	1.2398679	-0.4000000	0.1224534	0.2792118	0.1234944	0.0000000	0.0000000
7000.6209600	7000.0338101	6999.8782813	1.2198539	-0.4000000	0.1550743	0.2780778	0.1216278	0.0000000	0.0000000
7000.6209600	7000.0338101	6999.8782813	1.1998399	-0.4000000	0.1534500	0.2770565	0.1187410	0.0000000	0.0000000
7000.6209600	7000.0338101	6999.8782813	1.1801594	-0.4000000	0.1379244	0.2782736	0.1190699	0.0000000	0.0000000
7000.6209600	7000.0338101	6999.8782813	1.1601454	-0.4000000	0.1229646	0.2779767	0.1186959	0.0000000	0.0000000
7000.6209600	7000.0338101	6999.8782813	1.1401314	-0.4000000	0.1323555	0.2802872	0.1214362	0.0000000	0.0000000
7000.6209600	7000.0338101	6999.8782813	1.1201174	-0.4000000	0.1798359	0.2781849	0.1221218	0.0000000	0.0000000
7000.6209600	7000.0338101	6999.8782813	1.1001034	-0.4000000	0.1663263	0.2760441	0.1193256	0.0000000	0.0000000
7000.6209600	7000.0338101	6999.8782813	1.0800894	-0.4000000	0.1552426	0.2784758	0.1213152	0.0000000	0.0000000
7000.6209600	7000.0338101	6999.8782813	1.0600754	-0.4000000	0.1291556	0.2779275	0.1235989	0.0000000	0.0000000
7000.6209600	7000.0338101	6999.8782813	1.0400614	-0.4000000	0.1465145	0.2786924	0.1228922	0.0000000	0.0000000
7000.6209600	7000.0338101	6999.8782813	1.0200474	-0.4000000	0.1822495	0.2777205	0.1239119	0.0000000	0.0000000
7000.6209600	7000.0338101	6999.8782813	1.0000334	-0.4000000	0.1897445	0.2796617	0.1221987	0.0000000	0.0000000
7000.6209600	7000.0338101	6999.8782813	0.9800193	-0.4000000	0.1540593	0.2788278	0.1209702	0.0000000	0.0000000
7000.6209600	7000.0338101	6999.8782813	0.9600053	-0.4000000	0.1528445	0.2803016	0.1259541	0.0000000	0.0000000
7000.6209600	7000.0338101	6999.8782813	0.9399913	-0.4000000	0.1565344	0.2799957	0.1214592	0.0000000	0.0000000
7000.6209600	7000.0338101	6999.8782813	0.9199773	-0.4000000	0.2138687	0.2815670	0.1256300	0.0000000	0.0000000
7000.6209600	7000.0338101	6999.8782813	0.8999633	-0.4000000	0.2211772	0.2799865	0.1257797	0.0000000	0.0000000
7000.6209600	7000.0338101	6999.8782813	0.8799493	-0.4000000	0.1704674	0.2794847	0.1269532	0.0000000	0.0000000
7000.6209600	7000.0338101	6999.8782813	0.8599353	-0.4000000	0.1663575	0.2802755	0.1243058	0.0000000	0.0000000
7000.6209600	7000.0338101	6999.8782813	0.8399213	-0.4000000	0.1948002	0.2810288	0.1272092	0.0000000	0.0000000
7000.6209600	7000.0338101	6999.8782813	0.8199073	-0.4000000	0.2174301	0.2787450	0.1212274	0.0000000	0.0000000
7000.6209600	7000.0338101	6999.8782813	0.7998933	-0.4000000	0.2282419	0.2804452	0.1271012	0.0000000	0.0000000
7000.6209600	7000.0338101	6999.8782813	0.7798792	-0.4000000	0.1837600	0.2800493	0.1284998	0.0000000	0.0000000
7000.6209600	7000.0338101	6999.8782813	0.7598652	-0.4000000	0.1918693	0.2804752	0.1282887	0.0000000	0.0000000
7000.6209600	7000.0338101	6999.8782813	0.7398512	-0.4000000	0.2340372	0.2825043	0.1284248	0.0000000	0.0000000
7000.6209600	7000.0338101	6999.8782813	0.7198372	-0.4000000	0.2501364	0.2806199	0.1252922	0.0000000	0.0000000
7000.6209600	7000.0338101	6999.8782813	0.7001568	-0.4000000	0.2331218	0.2808467	0.1245237	0.0000000	0.0000000
7000.6209600	7000.0338101	6999.8782813	0.6801428	-0.4000000	0.1854108	0.2778381	0.1238580	0.0000000	0.0000000
7000.6209600	7000.0338101	6999.8782813	0.6601288	-0.4000000	0.2027454	0.2773289	0.1230438	0.0000000	0.0000000
7000.6209600	7000.0338101	6999.8782813	0.6401147	-0.4000000	0.2012704	0.2788567	0.1216885	0.0000000	0.0000000
7000.6209600	7000.0338101	6999.8782813	0.6201007	-0.4000000	0.2559517	0.2775851	0.1224994	0.0000000	0.0000000
7000.6209600	7000.0338101	6999.8782813	0.6000867	-0.4000000	0.2454570	0.2797897	0.1243473	0.0000000	0.0000000
7000.6209600	7000.0338101	6999.8782813	0.5800727	-0.4000000	0.1944894	0.2770409	0.1245173	0.0000000	0.0000000
7000.6209600	7000.0338101	6999.8782813	0.5600587	-0.4000000	0.2214934	0.2789159	0.1254202	0.0000000	0.0000000
7000.6209600	7000.0338101	6999.8782813	0.5400447	-0.4000000	0.2455894	0.2804120	0.1276501	0.0000000	0.0000000
7000.6209600	7000.0338101	6999.8782813	0.5200307	-0.4000000	0.2780093	0.2803141	0.1246995	0.0000000	0.0000000
7000.6209600	7000.0338101	6999.8782813	0.5000167	-0.4000000	0.2718721	0.2790074	0.1249702	0.0000000	0.0000000
7000.6209600	7000.0338101	6999.8782813	0.4800027	-0.4000000	0.2011913	0.2804957	0.1254340	0.0000000	0.0000000
7000.6209600	7000.0338101	6999.8782813	0.4599887	-0.4000000	0.2470125	0.2817593	0.1290903	0.0000000	0.0000000
7000.6209600	7000.0338101	6999.8782813	0.4399746	-0.4000000	0.2750195	0.2777070	0.1288589	0.0000000	0.0000000
7000.6209600	7000.0338101	6999.8782813	0.4199606	-0.4000000	0.2799413	0.2789119	0.1256698	0.0000000	0.0000000
7000.6209600	7000.0338101	6999.8782813	0.3999466	-0.4000000	0.2725781	0.2813147	0.1226444	0.0000000	0.0000000
7000.6209600	7000.0338101	6999.8782813	0.3799326	-0.4000000	0.1952980	0.2801392	0.1177808	0.0000000	0.0000000
7000.6209600	7000.0338101	6999.8782813	0.3599186	-0.4000000	0.2502888	0.2798447	0.1229998	0.0000000	0.0000000
7000.6209600	7000.0338101	6999.8782813	0.3399046	-0.4000000	0.3005466	0.2794204	0.1272906	0.0000000	0.0000000
7000.6209600	7000.0338101	6999.8782813	0.3198906	-0.4000000	0.2992788	0.2830867	0.1278850	0.0000000	0.0000000
7000.6209600	7000.0338101	6999.8782813	0.2998766	-0.4000000	0.2715211	0.2810442	0.1236650	0.0000000	0.0000000
7000.6209600	7000.0338101	6999.8782813	0.2798626	-0.4000000	0.2269491	0.2791755	0.1243022	0.0000000	0.0000000
7000.6209600	7000.0338101	6999.8782813	0.2598486	-0.4000000	0.2939894	0.2805875	0.1273722	0.0000000	0.0000000
7000.6209600	7000.0338101	6999.8782813	0.2398346	-0.4000000	0.3382102	0.2797062	0.1289280	0.0000000	0.0000000
7000.6209600	7000.0338101	6999.8782813	0.2201541	-0.4000000	0.3374653	0.2815010	0.1299791	0.0000000	0.0000000
7000.6209600	7000.0338101	6999.8782813	0.2001401	-0.4000000	0.2903856	0.2787686	0.1267108	0.0000000	0.0000000
7000.6209600	7000.0338101	6999.8782813	0.1801261	-0.4000000	0.2533047	0.2777136	0.1266816	0.0000000	0.0000000
7000.6209600	7000.0338101	6999.8782813	0.1601121	-0.4000000	0.2766780	0.2755177	0.1261782	0.0000000	0.0000000
7000.6209600	7000.0338101	6999.8782813	0.1400981	-0.4000000	0.2906436	0.2801747	0.1195149	0.0000000	0.0000000
7000.6209600	7000.0338101	6999.8782813	0.1200841	-0.4000000	0.3052361	0.2798523	0.1244758	0.0000000	0.0000000
7000.6209600	7000.0338101	6999.8782813	0.1000700	-0.4000000	0.2941604	0.2800087	0.1233262	0.0000000	0.0000000
7000.6209600	7000.0338101	6999.8782813	0.0800560	-0.4000000	0.2422615	0.2784846	0.1214871	0.0000000	0.0000000
7000.6209600	7000.0338101	6999.8782813	0.0600420	-0.4000000	0.3337009	0.2799177	0.1254510	0.0000000	0.0000000
7000.6209600	7000.0338101	6999.8782813	0.0400280	-0.4000000	0.3671138	0.2825234	0.1277263	0.0000000	0.0000000
7000.6209600	7000.0338101	6999.8782813	0.0200140	-0.4000000	0.3442435	0.2815682	0.1269951	0.0000000	0.0000000
7000.6209600	7000.0338101	6999.8782813	0.0000000	-0.4000000	0.3485079	0.2803600	0.1278771	0.0000000	0.0000000
