7000.6209600	7000.0338101	6999.8782813	3.0001001	-0.9199773	0.0176309	0.2736168	0.1229380	0.0000000	-0.9200000
7000.6209600	7000.0338101	6999.8782813	2.9800861	-0.9200000	0.0130480	0.2742338	0.1197780	0.0000000	0.0000000
7000.6209600	7000.0338101	6999.8782813	2.9600721	-0.9200000	0.0134548	0.2746420	0.1161622	0.0000000	0.0000000
7000.6209600	7000.0338101	6999.8782813	2.9400580	-0.9200000	0.0130209	0.2720399	0.1159753	0.0000000	0.0000000
7000.6209600	7000.0338101	6999.8782813	2.9200440	-0.9200000	0.0144178	0.2721582	0.1174341	0.0000000	0.0000000
7000.6209600	7000.0338101	6999.8782813	2.9000300	-0.9200000	0.0144686	0.2731602	0.1139417	0.0000000	0.0000000
7000.6209600	7000.0338101	6999.8782813	2.8800160	-0.9200000	0.0157583	0.2728297	0.1168051	0.0000000	0.0000000
7000.6209600	7000.0338101	6999.8782813	2.8600020	-0.9200000	0.0167056	0.2710398	0.1274373	0.0000000	0.0000000
7000.6209600	7000.0338101	6999.8782813	2.8399880	-0.9200000	0.0142804	0.2710693	0.1247913	0.0000000	0.0000000
7000.6209600	7000.0338101	6999.8782813	2.8199740	-0.9200000	0.0149836	0.2718269	0.1217048	0.0000000	0.0000000
7000.6209600	7000.0338101	6999.8782813	2.7999600	-0.9200000	0.0124142	0.2748929	0.1135903	0.0000000	0.0000000
7000.6209600	7000.0338101	6999.8782813	2.7799460	-0.9200000	0.0162687	0.2743612	0.1223665	0.0000000	0.0000000
7000.6209600	7000.0338101	6999.8782813	2.7599320	-0.9200000	0.0143813	0.2756345	0.1173213	0.0000000	0.0000000
7000.6209600	7000.0338101	6999.8782813	2.7399179	-0.9200000	0.0165277	0.2717838	0.1283059	0.0000000	0.0000000
7000.6209600	7000.0338101	6999.8782813	2.7199039	-0.9200000	0.0185997	0.2725740	0.1286617	0.0000000	0.0000000
7000.6209600	7000.0338101	6999.8782813	2.6998899	-0.9200000	0.0170519	0.2745475	0.1240328	0.0000000	0.0000000
7000.6209600	7000.0338101	6999.8782813	2.6798759	-0.9200000	0.0179503	0.2727002	0.1286547	0.0000000	0.0000000
7000.6209600	7000.0338101	6999.8782813	2.6598619	-0.9200000	0.0129469	0.2748413	0.1183596	0.0000000	0.0000000
7000.6209600	7000.0338101	6999.8782813	2.6398479	-0.9200000	0.0160911	0.2747775	0.1203982	0.0000000	0.0000000
7000.6209600	7000.0338101	6999.8782813	2.6198339	-0.9200000	0.0150364	0.2750032	0.1175685	0.0000000	0.0000000
7000.6209600	7000.0338101	6999.8782813	2.6001534	-0.9200000	0.0184097	0.2737750	0.1233203	0.0000000	0.0000000
7000.6209600	7000.0338101	6999.8782813	2.5801394	-0.9200000	0.0153147	0.2732227	0.1165057	0.0000000	0.0000000
7000.6209600	7000.0338101	6999.8782813	2.5601254	-0.9200000	0.0138639	0.2743994	0.1159788	0.0000000	0.0000000
7000.6209600	7000.0338101	6999.8782813	2.5401114	-0.9200000	0.0158119	0.2718721	0.1239872	0.0000000	0.0000000
7000.6209600	7000.0338101	6999.8782813	2.5200974	-0.9200000	0.0154579	0.2725023	0.1244210	0.0000000	0.0000000
7000.6209600	7000.0338101	6999.8782813	2.5000834	-0.9200000	0.0165992	0.2726779	0.1242004	0.0000000	0.0000000
7000.6209600	7000.0338101	6999.8782813	2.4800694	-0.9200000	0.0114432	0.2748258	0.1143561	0.0000000	0.0000000
7000.6209600	7000.0338101	6999.8782813	2.4600554	-0.9200000	0.0158018	0.2717961	0.1258259	0.0000000	0.0000000
7000.6209600	7000.0338101	6999.8782813	2.4400414	-0.9200000	0.0164165	0.2723519	0.1209786	0.0000000	0.0000000
7000.6209600	7000.0338101	6999.8782813	2.4200274	-0.9200000	0.0163807	0.2725225	0.1251117	0.0000000	0.0000000
7000.6209600	7000.0338101	6999.8782813	2.4000133	-0.9200000	0.0136450	0.2752351	0.1139835	0.0000000	0.0000000
7000.6209600	7000.0338101	6999.8782813	2.3799993	-0.9200000	0.0145475	0.2715454	0.1172235	0.0000000	0.0000000
7000.6209600	7000.0338101	6999.8782813	2.3599853	-0.9200000	0.0169637	0.2713005	0.1246625	0.0000000	0.0000000
7000.6209600	7000.0338101	6999.8782813	2.3399713	-0.9200000	0.0174150	0.2728149	0.1201602	0.0000000	0.0000000
7000.6209600	7000.0338101	6999.8782813	2.3199573	-0.9200000	0.0176357	0.2727955	0.1268582	0.0000000	0.0000000
7000.6209600	7000.0338101	6999.8782813	2.2999433	-0.9200000	0.0154229	0.2723677	0.1242112	0.0000000	0.0000000
7000.6209600	7000.0338101	6999.8782813	2.2799293	-0.9200000	0.0165300	0.2728674	0.1246229	0.0000000	0.0000000
7000.6209600	7000.0338101	6999.8782813	2.2599153	-0.9200000	0.0160334	0.2729937	0.1189928	0.0000000	0.0000000
7000.6209600	7000.0338101	6999.8782813	2.2399013	-0.9200000	0.0169392	0.2734281	0.1186677	0.0000000	0.0000000
7000.6209600	7000.0338101	6999.8782813	2.2198873	-0.9200000	0.0160851	0.2740211	0.1244330	0.0000000	0.0000000
7000.6209600	7000.0338101	6999.8782813	2.1998732	-0.9200000	0.0189170	0.2738119	0.1245741	0.0000000	0.0000000
7000.6209600	7000.0338101	6999.8782813	2.1798592	-0.9200000	0.0162767	0.2718789	0.1272223	0.0000000	0.0000000
7000.6209600	7000.0338101	6999.8782813	2.1598452	-0.9200000	0.0139258	0.2725636	0.1230023	0.0000000	0.0000000
7000.6209600	7000.0338101	6999.8782813	2.1401648	-0.9200000	0.0164824	0.2739133	0.1183632	0.0000000	0.0000000
7000.6209600	7000.0338101	6999.8782813	2.1201508	-0.9200000	0.0172035	0.2712404	0.1267491	0.0000000	0.0000000
7000.6209600	7000.0338101	6999.8782813	2.1001368	-0.9200000	0.0171324	0.2717468	0.1258990	0.0000000	0.0000000
7000.6209600	7000.0338101	6999.8782813	2.0801228	-0.9200000	0.0160868	0.2733601	0.1205229	0.0000000	0.0000000
7000.6209600	7000.0338101	6999.8782813	2.0601087	-0.9200000	0.0164562	0.2721437	0.1267808	0.0000000	0.0000000
7000.6209600	7000.0338101	6999.8782813	2.0400947	-0.9200000	0.0145698	0.2747756	0.1223337	0.0000000	0.0000000
7000.6209600	7000.0338101	6999.8782813	2.0200807	-0.9200000	0.0168429	0.2731100	0.1213308	0.0000000	0.0000000
7000.6209600	7000.0338101	6999.8782813	2.0000667	-0.9200000	0.0189679	0.2731272	0.1242953	0.0000000	0.0000000
7000.6209600	7000.0338101	6999.8782813	1.9800527	-0.9200000	0.0159913	0.2728517	0.1276759	0.0000000	0.0000000
7000.6209600	7000.0338101	6999.8782813	1.9600387	-0.9200000	0.0154844	0.2750311	0.1244459	0.0000000	0.0000000
7000.6209600	7000.0338101	6999.8782813	1.9400247	-0.9200000	0.0128317	0.2755123	0.1166237	0.0000000	0.0000000
7000.6209600	7000.0338101	6999.8782813	1.9200107	-0.9200000	0.0158408	0.2746886	0.1146846	0.0000000	0.0000000
7000.6209600	7000.0338101	6999.8782813	1.8999967	-0.9200000	0.0176405	0.2730862	0.1196578	0.0000000	0.0000000
7000.6209600	7000.0338101	6999.8782813	1.8799827	-0.9200000	0.0147639	0.2712097	0.1271949	0.0000000	0.0000000
7000.6209600	7000.0338101	6999.8782813	1.8599686	-0.9200000	0.0147799	0.2727517	0.1261222	0.0000000	0.0000000
7000.6209600	7000.0338101	6999.8782813	1.8399546	-0.9200000	0.0138411	0.2750172	0.1231837	0.0000000	0.0000000
7000.6209600	7000.0338101	6999.8782813	1.8199406	-0.9200000	0.0178684	0.2750779	0.1176595	0.0000000	0.0000000
7000.6209600	7000.0338101	6999.8782813	1.7999266	-0.9200000	0.0180221	0.2732355	0.1158694	0.0000000	0.0000000
7000.6209600	7000.0338101	6999.8782813	1.7799126	-0.9200000	0.0161669	0.2728699	0.1247595	0.0000000	0.0000000
7000.6209600	7000.0338101	6999.8782813	1.7598986	-0.9200000	0.0170796	0.2705022	0.1289614	0.0000000	0.0000000
7000.6209600	7000.0338101	6999.8782813	1.7398846	-0.9200000	0.0124708	0.2742205	0.1123790	0.0000000	0.0000000
7000.6209600	7000.0338101	6999.8782813	1.7198706	-0.9200000	0.0207690	0.2706487	0.1237709	0.0000000	0.0000000
7000.6209600	7000.0338101	6999.8782813	1.6998566	-0.9200000	0.0196022	0.2721257	0.1271753	0.0000000	0.0000000
7000.6209600	7000.0338101	6999.8782813	1.6798426	-0.9200000	0.0138381	0.2747682	0.1148718	0.0000000	0.0000000
7000.6209600	7000.0338101	6999.8782813	1.6601621	-0.9200000	0.0096804	0.2741975	0.1133342	0.0000000	0.0000000
7000.6209600	7000.0338101	6999.8782813	1.6401481	-0.9200000	0.0125809	0.2756130	0.1172356	0.0000000	0.0000000
7000.6209600	7000.0338101	6999.8782813	1.6201341	-0.9200000	0.0187872	0.2746715	0.1223960	0.0000000	0.0000000
7000.6209600	7000.0338101	6999.8782813	1.6001201	-0.9200000	0.0198035	0.2718986	0.1195106	0.0000000	0.0000000
7000.6209600	7000.0338101	6999.8782813	1.5801061	-0.9200000	0.0143018	0.2741025	0.1146599	0.0000000	0.0000000
7000.6209600	7000.0338101	6999.8782813	1.5600921	-0.9200000	0.0106501	0.2762964	0.1149069	0.0000000	0.0000000
7000.6209600	7000.0338101	6999.8782813	1.5400781	-0.9200000	0.0093291	0.2760055	0.1162468	0.0000000	0.0000000
7000.6209600	7000.0338101	6999.8782813	1.5200640	-0.9200000	0.0176465	0.2775598	0.1156128	0.0000000	0.0000000
7000.6209600	7000.0338101	6999.8782813	1.5000500	-0.9200000	0.0142500	0.2737454	0.1111422	0.0000000	0.0000000
7000.6209600	7000.0338101	6999.8782813	1.4800360	-0.9200000	0.0180767	0.2750692	0.1129622	0.0000000	0.0000000
7000.6209600	7000.0338101	6999.8782813	1.4600220	-0.9200000	0.0104608	0.2753147	0.1136506	0.0000000	0.0000000
7000.6209600	7000.0338101	6999.8782813	1.4400080	-0.9200000	0.0092047	0.2734377	0.1199877	0.0000000	0.0000000
7000.6209600	7000.0338101	6999.8782813	1.4199940	-0.9200000	0.0163405	0.2730475	0.1167084	0.0000000	0.0000000
7000.6209600	7000.0338101	6999.8782813	1.3999800	-0.9200000	0.0203362	0.2715232	0.1193319	0.0000000	0.0000000
7000.6209600	7000.0338101	6999.8782813	1.3799660	-0.9200000	0.0202931	0.2704796	0.1235648	0.0000000	0.0000000
7000.6209600	7000.0338101	6999.8782813	1.3599520	-0.9200000	0.0110406	0.2717802	0.1232135	0.0000000	0.0000000
7000.6209600	7000.0338101	6999.8782813	1.3399380	-0.9200000	0.0087410	0.2736832	0.1132443	0.0000000	0.0000000
7000.6209600	7000.0338101	6999.8782813	1.3199239	-0.9200000	0.0184733	0.2722079	0.1258832	0.0000000	0.0000000
7000.6209600	7000.0338101	6999.8782813	1.2999099	-0.9200000	0.0219264	0.2732803	0.1230212	0.0000000	0.0000000
7000.6209600	7000.0338101	6999.8782813	1.2798959	-0.9200000	0.0211051	0.2772007	0.1162837	0.0000000	0.0000000
7000.6209600	7000.0338101	6999.8782813	1.2598819	-0.9200000	0.0129537	0.2752118	0.1202529	0.0000000	0.0000000
7000.6209600	7000.0338101	6999.8782813	1.2398679	-0.9200000	0.0102762	0.2759672	0.1264368	0.0000000	0.0000000
7000.6209600	7000.0338101	6999.8782813	1.2198539	-0.9200000	0.0132612	0.2749738	0.1116171	0.0000000	0.0000000
7000.6209600	7000.0338101	6999.8782813	1.1998399	-0.9200000	0.0264172	0.2730372	0.1278759	0.0000000	0.0000000
7000.6209600	7000.0338101	6999.8782813	1.1801594	-0.9200000	0.0226344	0.2739946	0.1178948	0.0000000	0.0000000
7000.6209600	7000.0338101	6999.8782813	1.1601454	-0.9200000	0.0146718	0.2720659	0.1217501	0.0000000	0.0000000
7000.6209600	7000.0338101	6999.8782813	1.1401314	-0.9200000	0.0090233	0.2738134	0.1183055	0.0000000	0.0000000
7000.6209600	7000.0338101	6999.8782813	1.1201174	-0.9200000	0.0186801	0.2739575	0.1205793	0.0000000	0.0000000
7000.6209600	7000.0338101	6999.8782813	1.1001034	-0.9200000	0.0198561	0.2741498	0.1174066	0.0000000	0.0000000
7000.6209600	7000.0338101	6999.8782813	1.0800894	-0.9200000	0.0228712	0.2757174	0.1146106	0.0000000	0.0000000
7000.6209600	7000.0338101	6999.8782813	1.0600754	-0.9200000	0.0154020	0.2726470	0.1260723	0.0000000	0.0000000
7000.6209600	7000.0338101	6999.8782813	1.0400614	-0.9200000	0.0061672	0.2751587	0.1164333	0.0000000	0.0000000
7000.6209600	7000.0338101	6999.8782813	1.0200474	-0.9200000	0.0198387	0.2755789	0.1144752	0.0000000	0.0000000
7000.6209600	7000.0338101	6999.8782813	1.0000334	-0.9200000	0.0328199	0.2723812	0.1244756	0.0000000	0.0000000
7000.6209600	7000.0338101	6999.8782813	0.9800193	-0.9200000	0.0237367	0.2751057	0.1197867	0.0000000	0.0000000
7000.6209600	7000.0338101	6999.8782813	0.9600053	-0.9200000	0.0106986	0.2731211	0.1148457	0.0000000	0.0000000
7000.6209600	7000.0338101	6999.8782813	0.9399913	-0.9200000	0.0069004	0.2726243	0.1213193	0.0000000	0.0000000
7000.6209600	7000.0338101	6999.8782813	0.9199773	-0.9200000	0.0262039	0.2730487	0.1164484	0.0000000	0.0000000
7000.6209600	7000.0338101	6999.8782813	0.8999633	-0.9200000	0.0293608	0.2735535	0.1127343	0.0000000	0.0000000
7000.6209600	7000.0338101	6999.8782813	0.8799493	-0.9200000	0.0278910	0.2769589	0.1153723	0.0000000	0.0000000
7000.6209600	7000.0338101	6999.8782813	0.8599353	-0.9200000	0.0086016	0.2755243	0.1139927	0.0000000	0.0000000
7000.6209600	7000.0338101	6999.8782813	0.8399213	-0.9200000	0.0099706	0.2745244	0.1159193	0.0000000	0.0000000
7000.6209600	7000.0338101	6999.8782813	0.8199073	-0.9200000	0.0319749	0.2747896	0.1113562	0.0000000	0.0000000
7000.6209600	7000.0338101	6999.8782813	0.8000000	-0.9200000	0.0416960	0.2725647	0.1249978	0.0000000	0.0000000
7000.6209600	7000.0338101	6999.8782813	0.7798792	-0.9200000	0.0268369	0.2731196	0.1231360	0.0000000	0.0000000
7000.6209600	7000.0338101	6999.8782813	0.7598652	-0.9200000	0.0071337	0.2730964	0.1132068	0.0000000	0.0000000
7000.6209600	7000.0338101	6999.8782813	0.7398512	-0.9200000	0.0139491	0.2756664	0.1127487	0.0000000	0.0000000
7000.6209600	7000.0338101	6999.8782813	0.7198372	-0.9200000	0.0432178	0.2732566	0.1171851	0.0000000	0.0000000
7000.6209600	7000.0338101	6999.8782813	0.7001568	-0.9200000	0.0448508	0.2733580	0.1232294	0.0000000	0.0000000
7000.6209600	7000.0338101	6999.8782813	0.6801428	-0.9200000	0.0283102	0.2702150	0.1138231	0.0000000	0.0000000
7000.6209600	7000.0338101	6999.8782813	0.6601288	-0.9200000	0.0137458	0.2741094	0.1095942	0.0000000	0.0000000
7000.6209600	7000.0338101	6999.8782813	0.6401147	-0.9200000	0.0201425	0.2732831	0.1155565	0.0000000	0.0000000
7000.6209600	7000.0338101	6999.8782813	0.6201007	-0.9200000	0.0564104	0.2720594	0.1213226	0.0000000	0.0000000
7000.6209600	7000.0338101	6999.8782813	0.6000867	-0.9200000	0.0531404	0.2758457	0.1137722	0.0000000	0.0000000
7000.6209600	7000.0338101	6999.8782813	0.5800727	-0.9200000	0.0441571	0.2717704	0.1231051	0.0000000	0.0000000
7000.6209600	7000.0338101	6999.8782813	0.5600587	-0.9200000	0.0235577	0.2744700	0.1193093	0.0000000	0.0000000
7000.6209600	7000.0338101	6999.8782813	0.5400447	-0.9200000	0.0269169	0.2702283	0.1225908	0.0000000	0.0000000
7000.6209600	7000.0338101	6999.8782813	0.5200307	-0.9200000	0.0584260	0.2714324	0.1201306	0.0000000	0.0000000
7000.6209600	7000.0338101	6999.8782813	0.5000167	-0.9200000	0.0643035	0.2719832	0.1177039	0.0000000	0.0000000
7000.6209600	7000.0338101	6999.8782813	0.4800027	-0.9200000	0.0514830	0.2714850	0.1224783	0.0000000	0.0000000
7000.6209600	7000.0338101	6999.8782813	0.4599887	-0.9200000	0.0365138	0.2712390	0.1213613	0.0000000	0.0000000
7000.6209600	7000.0338101	6999.8782813	0.4399746	-0.9200000	0.0396951	0.2728597	0.1223878	0.0000000	0.0000000
7000.6209600	7000.0338101	6999.8782813	0.4199606	-0.9200000	0.0885039	0.2711011	0.1263385	0.0000000	0.0000000
7000.6209600	7000.0338101	6999.8782813	0.3999466	-0.9200000	0.0821257	0.2743130	0.1151283	0.0000000	0.0000000
7000.6209600	7000.0338101	6999.8782813	0.3799326	-0.9200000	0.0595137	0.2700862	0.1234589	0.0000000	0.0000000
7000.6209600	7000.0338101	6999.8782813	0.3599186	-0.9200000	0.0348812	0.2754491	0.1123940	0.0000000	0.0000000
7000.6209600	7000.0338101	6999.8782813	0.3399046	-0.9200000	0.0560865	0.2751206	0.1196849	0.0000000	0.0000000
7000.6209600	7000.0338101	6999.8782813	0.3198906	-0.9200000	0.1082965	0.2717256	0.1262137	0.0000000	0.0000000
7000.6209600	7000.0338101	6999.8782813	0.2998766	-0.9200000	0.1094473	0.2741044	0.1264556	0.0000000	0.0000000
7000.6209600	7000.0338101	6999.8782813	0.2798626	-0.9200000	0.0561709	0.2741658	0.1118615	0.0000000	0.0000000
7000.6209600	7000.0338101	6999.8782813	0.2598486	-0.9200000	0.0558522	0.2764241	0.1105000	0.0000000	0.0000000
7000.6209600	7000.0338101	6999.8782813	0.2398346	-0.9200000	0.0763523	0.2717587	0.1238827	0.0000000	0.0000000
7000.6209600	7000.0338101	6999.8782813	0.2201541	-0.9200000	0.1215469	0.2711777	0.1229340	0.0000000	0.0000000
7000.6209600	7000.0338101	6999.8782813	0.2001401	-0.9200000	0.1269773	0.2734325	0.1202675	0.0000000	0.0000000
7000.6209600	7000.0338101	6999.8782813	0.1801261	-0.9200000	0.1159734	0.2685225	0.1285798	0.0000000	0.0000000
7000.6209600	7000.0338101	6999.8782813	0.1601121	-0.9200000	0.0786630	0.2747333	0.1142472	0.0000000	0.0000000
7000.6209600	7000.0338101	6999.8782813	0.1400981	-0.9200000	0.0822909	0.2739923	0.1174188	0.0000000	0.0000000
7000.6209600	7000.0338101	6999.8782813	0.1200841	-0.9200000	0.1502739	0.2745543	0.1188217	0.0000000	0.0000000
7000.6209600	7000.0338101	6999.8782813	0.1000700	-0.9200000	0.1289408	0.2748910	0.1144108	0.0000000	0.0000000
7000.6209600	7000.0338101	6999.8782813	0.0800560	-0.9200000	0.1035675	0.2744181	0.1134264	0.0000000	0.0000000
7000.6209600	7000.0338101	6999.8782813	0.0600420	-0.9200000	0.0969030	0.2740388	0.1195111	0.0000000	0.0000000
7000.6209600	7000.0338101	6999.8782813	0.0400280	-0.9200000	0.0929751	0.2718704	0.1117985	0.0000000	0.0000000
7000.6209600	7000.0338101	6999.8782813	0.0200140	-0.9200000	0.1554565	0.2755203	0.1124626	0.0000000	0.0000000
7000.6209600	7000.0338101	6999.8782813	0.0000000	-0.9200000	0.1637769	0.2744636	0.1185687	0.0000000	0.0000000
