7000.6209600	7000.0338101	6999.8782813	3.0001001	-0.2398346	0.1744562	0.2814003	0.1287416	0.0000000	-0.2400000
7000.6209600	7000.0338101	6999.8782813	2.9800861	-0.2400000	0.1725781	0.2787563	0.1253634	0.0000000	0.0000000
7000.6209600	7000.0338101	6999.8782813	2.9600721	-0.2400000	0.1632227	0.2793025	0.1239803	0.0000000	0.0000000
7000.6209600	7000.0338101	6999.8782813	2.9400580	-0.2400000	0.1603264	0.2761564	0.1222574	0.0000000	0.0000000
7000.6209600	7000.0338101	6999.8782813	2.9200440	-0.2400000	0.1758179	0.2798390	0.1245946	0.0000000	0.0000000
7000.6209600	7000.0338101	6999.8782813	2.9000300	-0.2400000	0.1682603	0.2788860	0.1235414	0.0000000	0.0000000
7000.6209600	7000.0338101	6999.8782813	2.8800160	-0.2400000	0.1754076	0.2786144	0.1248599	0.0000000	0.0000000
7000.6209600	7000.0338101	6999.8782813	2.8600020	-0.2400000	0.1798247	0.2783293	0.1257063	0.0000000	0.0000000
7000.6209600	7000.0338101	6999.8782813	2.8399880	-0.2400000	0.1661219	0.2774409	0.1218549	0.0000000	0.0000000
7000.6209600	7000.0338101	6999.8782813	2.8199740	-0.2400000	0.1686040	0.2798721	0.1223992	0.0000000	0.0000000
7000.6209600	7000.0338101	6999.8782813	2.7999600	-0.2400000	0.1603551	0.2776871	0.1237825	0.0000000	0.0000000
7000.6209600	7000.0338101	6999.8782813	2.7799460	-0.2400000	0.1746228	0.2805585	0.1238262	0.0000000	0.0000000
7000.6209600	7000.0338101	6999.8782813	2.7599320	-0.2400000	0.1595435	0.2755630	0.1227688	0.0000000	0.0000000
7000.6209600	7000.0338101	6999.8782813	2.7399179	-0.2400000	0.1431080	0.2761488	0.1217354	0.0000000	0.0000000
7000.6209600	7000.0338101	6999.8782813	2.7199039	-0.2400000	0.1648529	0.2797949	0.1233462	0.0000000	0.0000000
7000.6209600	7000.0338101	6999.8782813	2.6998899	-0.2400000	0.1662378	0.2785325	0.1257233	0.0000000	0.0000000
7000.6209600	7000.0338101	6999.8782813	2.6798759	-0.2400000	0.1807815	0.2778458	0.1286085	0.0000000	0.0000000
7000.6209600	7000.0338101	6999.8782813	2.6598619	-0.2400000	0.1714340	0.2764559	0.1272538	0.0000000	0.0000000
7000.6209600	7000.0338101	6999.8782813	2.6398479	-0.2400000	0.1614209	0.2770959	0.1209619	0.0000000	0.0000000
7000.6209600	7000.0338101	6999.8782813	2.6198339	-0.2400000	0.1819183	0.2821278	0.1282225	0.0000000	0.0000000
7000.6209600	7000.0338101	6999.8782813	2.6001534	-0.2400000	0.1864150	0.2801146	0.1297506	0.0000000	0.0000000
7000.6209600	7000.0338101	6999.8782813	2.5801394	-0.2400000	0.1894766	0.2776844	0.1262318	0.0000000	0.0000000
7000.6209600	7000.0338101	6999.8782813	2.5601254	-0.2400000	0.1721262	0.2786226	0.1242152	0.0000000	0.0000000
7000.6209600	7000.0338101	6999.8782813	2.5401114	-0.2400000	0.1623984	0.2798534	0.1225482	0.0000000	0.0000000
7000.6209600	7000.0338101	6999.8782813	2.5200974	-0.2400000	0.1776443	0.2798225	0.1280420	0.0000000	0.0000000
7000.6209600	7000.0338101	6999.8782813	2.5000834	-0.2400000	0.1730415	0.2761472	0.1255155	0.0000000	0.0000000
7000.6209600	7000.0338101	6999.8782813	2.4800694	-0.2400000	0.1682112	0.2785717	0.1217208	0.0000000	0.0000000
7000.6209600	7000.0338101	6999.8782813	2.4600554	-0.2400000	0.1606342	0.2814647	0.1234595	0.0000000	0.0000000
7000.6209600	7000.0338101	6999.8782813	2.4400414	-0.2400000	0.1680284	0.2802828	0.1233784	0.0000000	0.0000000
7000.6209600	7000.0338101	6999.8782813	2.4200274	-0.2400000	0.1764590	0.2776604	0.1250519	0.0000000	0.0000000
7000.6209600	7000.0338101	6999.8782813	2.4000133	-0.2400000	0.1674347	0.2768397	0.1235636	0.0000000	0.0000000
7000.6209600	7000.0338101	6999.8782813	2.3799993	-0.2400000	0.1603336	0.2747228	0.1209513	0.0000000	0.0000000
7000.6209600	7000.0338101	6999.8782813	2.3599853	-0.2400000	0.1700758	0.2811626	0.1258973	0.0000000	0.0000000
7000.6209600	7000.0338101	6999.8782813	2.3399713	-0.2400000	0.1691995	0.2803342	0.1232159	0.0000000	0.0000000
7000.6209600	7000.0338101	6999.8782813	2.3199573	-0.2400000	0.1544794	0.2763944	0.1190061	0.0000000	0.0000000
7000.6209600	7000.0338101	6999.8782813	2.2999433	-0.2400000	0.1581547	0.2764685	0.1193354	0.0000000	0.0000000
7000.6209600	7000.0338101	6999.8782813	2.2799293	-0.2400000	0.1688000	0.2764471	0.1257904	0.0000000	0.0000000
7000.6209600	7000.0338101	6999.8782813	2.2599153	-0.2400000	0.1728927	0.2771212	0.1286261	0.0000000	0.0000000
7000.6209600	7000.0338101	6999.8782813	2.2399013	-0.2400000	0.1532472	0.2781348	0.1182502	0.0000000	0.0000000
7000.6209600	7000.0338101	6999.8782813	2.2198873	-0.2400000	0.1755515	0.2777764	0.1235629	0.0000000	0.0000000
7000.6209600	7000.0338101	6999.8782813	2.1998732	-0.2400000	0.1784086	0.2783248	0.1262119	0.0000000	0.0000000
7000.6209600	7000.0338101	6999.8782813	2.1798592	-0.2400000	0.1826694	0.2763624	0.1246273	0.0000000	0.0000000
7000.6209600	7000.0338101	6999.8782813	2.1598452	-0.2400000	0.1765684	0.2793483	0.1251691	0.0000000	0.0000000
7000.6209600	7000.0338101	6999.8782813	2.1401648	-0.2400000	0.1701411	0.2775795	0.1238955	0.0000000	0.0000000
7000.6209600	7000.0338101	6999.8782813	2.1201508	-0.2400000	0.1729874	0.2773383	0.1268081	0.0000000	0.0000000
7000.6209600	7000.0338101	6999.8782813	2.1001368	-0.2400000	0.1797327	0.2771368	0.1285585	0.0000000	0.0000000
7000.6209600	7000.0338101	6999.8782813	2.0801228	-0.2400000	0.1780952	0.2760232	0.1225305	0.0000000	0.0000000
7000.6209600	7000.0338101	6999.8782813	2.0601087	-0.2400000	0.1793485	0.2768226	0.1262855	0.0000000	0.0000000
7000.6209600	7000.0338101	6999.8782813	2.0400947	-0.2400000	0.1730692	0.2765166	0.1243400	0.0000000	0.0000000
7000.6209600	7000.0338101	6999.8782813	2.0200807	-0.2400000	0.1732126	0.2766469	0.1275282	0.0000000	0.0000000
7000.6209600	7000.0338101	6999.8782813	2.0000667	-0.2400000	0.1717164	0.2778074	0.1198483	0.0000000	0.0000000
7000.6209600	7000.0338101	6999.8782813	1.9800527	-0.2400000	0.1775662	0.2773027	0.1295430	0.0000000	0.0000000
7000.6209600	7000.0338101	6999.8782813	1.9600387	-0.2400000	0.1746086	0.2789081	0.1248638	0.0000000	0.0000000
7000.6209600	7000.0338101	6999.8782813	1.9400247	-0.2400000	0.1710118	0.2779965	0.1220460	0.0000000	0.0000000
7000.6209600	7000.0338101	6999.8782813	1.9200107	-0.2400000	0.1699885	0.2750093	0.1232063	0.0000000	0.0000000
7000.6209600	7000.0338101	6999.8782813	1.8999967	-0.2400000	0.1941594	0.2789191	0.1261985	0.0000000	0.0000000
7000.6209600	7000.0338101	6999.8782813	1.8799827	-0.2400000	0.1764803	0.2750677	0.1284131	0.0000000	0.0000000
7000.6209600	7000.0338101	6999.8782813	1.8599686	-0.2400000	0.1608455	0.2768207	0.1279718	0.0000000	0.0000000
7000.6209600	7000.0338101	6999.8782813	1.8399546	-0.2400000	0.1731228	0.2746360	0.1305392	0.0000000	0.0000000
7000.6209600	7000.0338101	6999.8782813	1.8199406	-0.2400000	0.1860710	0.2771320	0.1217961	0.0000000	0.0000000
7000.6209600	7000.0338101	6999.8782813	1.7999266	-0.2400000	0.1753521	0.2748903	0.1241450	0.0000000	0.0000000
7000.6209600	7000.0338101	6999.8782813	1.7799126	-0.2400000	0.1773191	0.2770891	0.1299648	0.0000000	0.0000000
7000.6209600	7000.0338101	6999.8782813	1.7598986	-0.2400000	0.1818809	0.2804269	0.1278116	0.0000000	0.0000000
7000.6209600	7000.0338101	6999.8782813	1.7398846	-0.2400000	0.1663282	0.2796396	0.1223826	0.0000000	0.0000000
7000.6209600	7000.0338101	6999.8782813	1.7198706	-0.2400000	0.1791241	0.2773197	0.1260256	0.0000000	0.0000000
7000.6209600	7000.0338101	6999.8782813	1.6998566	-0.2400000	0.1798236	0.2771178	0.1259219	0.0000000	0.0000000
7000.6209600	7000.0338101	6999.8782813	1.6798426	-0.2400000	0.1860242	0.2772408	0.1231168	0.0000000	0.0000000
7000.6209600	7000.0338101	6999.8782813	1.6601621	-0.2400000	0.1693566	0.2752618	0.1252054	0.0000000	0.0000000
7000.6209600	7000.0338101	6999.8782813	1.6401481	-0.2400000	0.1718837	0.2778462	0.1247603	0.0000000	0.0000000
7000.6209600	7000.0338101	6999.8782813	1.6201341	-0.2400000	0.1777783	0.2777606	0.1237506	0.0000000	0.0000000
7000.6209600	7000.0338101	6999.8782813	1.6001201	-0.2400000	0.1841646	0.2783145	0.1203131	0.0000000	0.0000000
7000.6209600	7000.0338101	6999.8782813	1.5801061	-0.2400000	0.1767563	0.2788977	0.1187549	0.0000000	0.0000000
7000.6209600	7000.0338101	6999.8782813	1.5600921	-0.2400000	0.1788679	0.2757095	0.1209210	0.0000000	0.0000000
7000.6209600	7000.0338101	6999.8782813	1.5400781	-0.2400000	0.1832612	0.2774402	0.1260762	0.0000000	0.0000000
7000.6209600	7000.0338101	6999.8782813	1.5200640	-0.2400000	0.1885190	0.2789615	0.1266622	0.0000000	0.0000000
7000.6209600	7000.0338101	6999.8782813	1.5000500	-0.2400000	0.1931438	0.2798610	0.1256631	0.0000000	0.0000000
7000.6209600	7000.0338101	6999.8782813	1.4800360	-0.2400000	0.2077618	0.2804525	0.1248430	0.0000000	0.0000000
7000.6209600	7000.0338101	6999.8782813	1.4600220	-0.2400000	0.1877920	0.2755608	0.1268162	0.0000000	0.0000000
7000.6209600	7000.0338101	6999.8782813	1.4400080	-0.2400000	0.1869630	0.2791023	0.1255952	0.0000000	0.0000000
7000.6209600	7000.0338101	6999.8782813	1.4199940	-0.2400000	0.1681796	0.2761923	0.1288519	0.0000000	0.0000000
7000.6209600	7000.0338101	6999.8782813	1.3999800	-0.2400000	0.1791460	0.2781777	0.1208752	0.0000000	0.0000000
7000.6209600	7000.0338101	6999.8782813	1.3799660	-0.2400000	0.1951218	0.2765233	0.1204969	0.0000000	0.0000000
7000.6209600	7000.0338101	6999.8782813	1.3599520	-0.2400000	0.1891471	0.2805605	0.1207268	0.0000000	0.0000000
7000.6209600	7000.0338101	6999.8782813	1.3399380	-0.2400000	0.1672212	0.2762384	0.1197927	0.0000000	0.0000000
7000.6209600	7000.0338101	6999.8782813	1.3199239	-0.2400000	0.1781626	0.2752585	0.1248453	0.0000000	0.0000000
7000.6209600	7000.0338101	6999.8782813	1.2999099	-0.2400000	0.1763712	0.2768933	0.1261844	0.0000000	0.0000000
7000.6209600	7000.0338101	6999.8782813	1.2798959	-0.2400000	0.2156063	0.2772690	0.1257136	0.0000000	0.0000000
7000.6209600	7000.0338101	6999.8782813	1.2598819	-0.2400000	0.2050356	0.2779771	0.1194250	0.0000000	0.0000000
7000.6209600	7000.0338101	6999.8782813	1.2398679	-0.2400000	0.1806899	0.2782080	0.1187797	0.0000000	0.0000000
7000.6209600	7000.0338101	6999.8782813	1.2198539	-0.2400000	0.1967312	0.2790566	0.1246786	0.0000000	0.0000000
7000.6209600	7000.0338101	6999.8782813	1.1998399	-0.2400000	0.2060020	0.2792321	0.1251490	0.0000000	0.0000000
7000.6209600	7000.0338101	6999.8782813	1.1801594	-0.2400000	0.2198118	0.2774568	0.1240824	0.0000000	0.0000000
7000.6209600	7000.0338101	6999.8782813	1.1601454	-0.2400000	0.2341409	0.2780681	0.1221394	0.0000000	0.0000000
7000.6209600	7000.0338101	6999.8782813	1.1401314	-0.2400000	0.2027657	0.2745873	0.1261425	0.0000000	0.0000000
7000.6209600	7000.0338101	6999.8782813	1.1201174	-0.2400000	0.1827471	0.2770128	0.1197568	0.0000000	0.0000000
7000.6209600	7000.0338101	6999.8782813	1.1001034	-0.2400000	0.1938284	0.2768003	0.1229777	0.0000000	0.0000000
7000.6209600	7000.0338101	6999.8782813	1.0800894	-0.2400000	0.2113352	0.2787498	0.1202679	0.0000000	0.0000000
7000.6209600	7000.0338101	6999.8782813	1.0600754	-0.2400000	0.2367086	0.2779084	0.1237169	0.0000000	0.0000000
7000.6209600	7000.0338101	6999.8782813	1.0400614	-0.2400000	0.2407883	0.2759784	0.1291219	0.0000000	0.0000000
7000.6209600	7000.0338101	6999.8782813	1.0200474	-0.2400000	0.2106213	0.2756870	0.1313937	0.0000000	0.0000000
7000.6209600	7000.0338101	6999.8782813	1.0000334	-0.2400000	0.2216780	0.2767411	0.1262969	0.0000000	0.0000000
7000.6209600	7000.0338101	6999.8782813	0.9800193	-0.2400000	0.2622393	0.2745757	0.1288331	0.0000000	0.0000000
7000.6209600	7000.0338101	6999.8782813	0.9600053	-0.2400000	0.2348849	0.2780745	0.1232540	0.0000000	0.0000000
7000.6209600	7000.0338101	6999.8782813	0.9399913	-0.2400000	0.2154303	0.2785842	0.1223337	0.0000000	0.0000000
7000.6209600	7000.0338101	6999.8782813	0.9199773	-0.2400000	0.2073851	0.2791453	0.1204976	0.0000000	0.0000000
7000.6209600	7000.0338101	6999.8782813	0.8999633	-0.2400000	0.2437347	0.2782551	0.1242328	0.0000000	0.0000000
7000.6209600	7000.0338101	6999.8782813	0.8799493	-0.2400000	0.2524126	0.2765137	0.1213781	0.0000000	0.0000000
7000.6209600	7000.0338101	6999.8782813	0.8599353	-0.2400000	0.2370822	0.2746830	0.1254050	0.0000000	0.0000000
7000.6209600	7000.0338101	6999.8782813	0.8399213	-0.2400000	0.2334430	0.2804587	0.1282882	0.0000000	0.0000000
7000.6209600	7000.0338101	6999.8782813	0.8199073	-0.2400000	0.2402406	0.2775527	0.1257363	0.0000000	0.0000000
7000.6209600	7000.0338101	6999.8782813	0.7998933	-0.2400000	0.2764595	0.2765742	0.1270149	0.0000000	0.0000000
7000.6209600	7000.0338101	6999.8782813	0.7798792	-0.2400000	0.2770135	0.2791136	0.1226792	0.0000000	0.0000000
7000.6209600	7000.0338101	6999.8782813	0.7598652	-0.2400000	0.2615331	0.2806329	0.1295225	0.0000000	0.0000000
7000.6209600	7000.0338101	6999.8782813	0.7398512	-0.2400000	0.2341135	0.2784680	0.1256299	0.0000000	0.0000000
7000.6209600	7000.0338101	6999.8782813	0.7198372	-0.2400000	0.2969832	0.2797048	0.1293761	0.0000000	0.0000000
7000.6209600	7000.0338101	6999.8782813	0.7001568	-0.2400000	0.2907548	0.2822026	0.1285516	0.0000000	0.0000000
7000.6209600	7000.0338101	6999.8782813	0.6801428	-0.2400000	0.2796802	0.2797725	0.1255048	0.0000000	0.0000000
7000.6209600	7000.0338101	6999.8782813	0.6601288	-0.2400000	0.2755710	0.2821404	0.1295837	0.0000000	0.0000000
7000.6209600	7000.0338101	6999.8782813	0.6401147	-0.2400000	0.2463125	0.2784714	0.1265022	0.0000000	0.0000000
7000.6209600	7000.0338101	6999.8782813	0.6201007	-0.2400000	0.2810217	0.2819764	0.1249559	0.0000000	0.0000000
7000.6209600	7000.0338101	6999.8782813	0.6000867	-0.2400000	0.2985051	0.2797362	0.1254366	0.0000000	0.0000000
7000.6209600	7000.0338101	6999.8782813	0.5800727	-0.2400000	0.2793035	0.2785833	0.1200172	0.0000000	0.0000000
7000.6209600	7000.0338101	6999.8782813	0.5600587	-0.2400000	0.2465065	0.2798177	0.1209999	0.0000000	0.0000000
7000.6209600	7000.0338101	6999.8782813	0.5400447	-0.2400000	0.2470448	0.2784237	0.1236122	0.0000000	0.0000000
7000.6209600	7000.0338101	6999.8782813	0.5200307	-0.2400000	0.2812639	0.2745948	0.1219662	0.0000000	0.0000000
7000.6209600	7000.0338101	6999.8782813	0.5000167	-0.2400000	0.2930371	0.2782112	0.1188390	0.0000000	0.0000000
7000.6209600	7000.0338101	6999.8782813	0.4800027	-0.2400000	0.3156709	0.2761823	0.1278899	0.0000000	0.0000000
7000.6209600	7000.0338101	6999.8782813	0.4599887	-0.2400000	0.2528047	0.2756085	0.1264498	0.0000000	0.0000000
7000.6209600	7000.0338101	6999.8782813	0.4399746	-0.2400000	0.2391672	0.2776285	0.1226334	0.0000000	0.0000000
7000.6209600	7000.0338101	6999.8782813	0.4199606	-0.2400000	0.3018632	0.2736783	0.1285692	0.0000000	0.0000000
7000.6209600	7000.0338101	6999.8782813	0.3999466	-0.2400000	0.3299100	0.2747887	0.1244226	0.0000000	0.0000000
7000.6209600	7000.0338101	6999.8782813	0.3799326	-0.2400000	0.3441099	0.2784222	0.1272198	0.0000000	0.0000000
7000.6209600	7000.0338101	6999.8782813	0.3599186	-0.2400000	0.2682941	0.2784148	0.1241652	0.0000000	0.0000000
7000.6209600	7000.0338101	6999.8782813	0.3399046	-0.2400000	0.2602517	0.2802681	0.1233713	0.0000000	0.0000000
7000.6209600	7000.0338101	6999.8782813	0.3198906	-0.2400000	0.3562885	0.2819746	0.1254092	0.0000000	0.0000000
7000.6209600	7000.0338101	6999.8782813	0.2998766	-0.2400000	0.3141936	0.2767617	0.1224976	0.0000000	0.0000000
7000.6209600	7000.0338101	6999.8782813	0.2798626	-0.2400000	0.3165244	0.2803312	0.1215533	0.0000000	0.0000000
7000.6209600	7000.0338101	6999.8782813	0.2598486	-0.2400000	0.2462726	0.2801323	0.1222706	0.0000000	0.0000000
7000.6209600	7000.0338101	6999.8782813	0.2398346	-0.2400000	0.2930134	0.2805427	0.1265372	0.0000000	0.0000000
7000.6209600	7000.0338101	6999.8782813	0.2201541	-0.2400000	0.3606182	0.2774486	0.1247631	0.0000000	0.0000000
7000.6209600	7000.0338101	6999.8782813	0.2001401	-0.2400000	0.3509429	0.2775289	0.1226843	0.0000000	0.0000000
7000.6209600	7000.0338101	6999.8782813	0.1801261	-0.2400000	0.3143379	0.2783350	0.1204080	0.0000000	0.0000000
7000.6209600	7000.0338101	6999.8782813	0.1601121	-0.2400000	0.2943408	0.2789565	0.1234429	0.0000000	0.0000000
7000.6209600	7000.0338101	6999.8782813	0.1400981	-0.2400000	0.2840771	0.2801797	0.1245276	0.0000000	0.0000000
7000.6209600	7000.0338101	6999.8782813	0.1200841	-0.2400000	0.3599897	0.2793566	0.1227258	0.0000000	0.0000000
7000.6209600	7000.0338101	6999.8782813	0.1000700	-0.2400000	0.3459740	0.2767565	0.1245548	0.0000000	0.0000000
7000.6209600	7000.0338101	6999.8782813	0.0800560	-0.2400000	0.3465576	0.2781573	0.1220532	0.0000000	0.0000000
7000.6209600	7000.0338101	6999.8782813	0.0600420	-0.2400000	0.2730463	0.2780996	0.1268899	0.0000000	0.0000000
7000.6209600	7000.0338101	6999.8782813	0.0400280	-0.2400000	0.2525380	0.2807743	0.1195173	0.0000000	0.0000000
7000.6209600	7000.0338101	6999.8782813	0.0200140	-0.2400000	0.3837870	0.2802700	0.1240607	0.0000000	0.0000000
7000.6209600	7000.0338101	6999.8782813	0.0000000	-0.2400000	0.3635009	0.2826196	0.1227069	0.0000000	0.0000000
