7000.6209600	7000.0338101	6999.8782813	1.0000334	-0.8599353	0.0282120	0.2629264	0.1307578	0.0000000	-0.8600000
7000.6209600	7000.0338101	6999.8782813	0.9800193	-0.8600000	0.0196272	0.2636896	0.1320498	0.0000000	0.0000000
7000.6209600	7000.0338101	6999.8782813	0.9600053	-0.8600000	0.0257745	0.2640466	0.1323230	0.0000000	0.0000000
7000.6209600	7000.0338101	6999.8782813	0.9399913	-0.8600000	0.0310417	0.2641360	0.1311917	0.0000000	0.0000000
7000.6209600	7000.0338101	6999.8782813	0.9199773	-0.8600000	0.0542810	0.2634696	0.1337831	0.0000000	0.0000000
7000.6209600	7000.0338101	6999.8782813	0.8999633	-0.8600000	0.0524784	0.2639879	0.1354868	0.0000000	0.0000000
7000.6209600	7000.0338101	6999.8782813	0.8799493	-0.8600000	0.0271125	0.2649653	0.1338771	0.0000000	0.0000000
7000.6209600	7000.0338101	6999.8782813	0.8599353	-0.8600000	0.0310271	0.2633564	0.1329948	0.0000000	0.0000000
7000.6209600	7000.0338101	6999.8782813	0.8399213	-0.8600000	0.0410476	0.2637772	0.1324606	0.0000000	0.0000000
7000.6209600	7000.0338101	6999.8782813	0.8199073	-0.8600000	0.0555698	0.2633567	0.1322151	0.0000000	0.0000000
7000.6209600	7000.0338101	6999.8782813	0.7998933	-0.8600000	0.0519707	0.2640559	0.1352394	0.0000000	0.0000000
7000.6209600	7000.0338101	6999.8782813	0.7798792	-0.8600000	0.0247748	0.2642045	0.1334008	0.0000000	0.0000000
7000.6209600	7000.0338101	6999.8782813	0.7598652	-0.8600000	0.0330027	0.2640535	0.1288346	0.0000000	0.0000000
7000.6209600	7000.0338101	6999.8782813	0.7398512	-0.8600000	0.0510651	0.2643907	0.1328707	0.0000000	0.0000000
7000.6209600	7000.0338101	6999.8782813	0.7198372	-0.8600000	0.0605243	0.2634159	0.1305051	0.0000000	0.0000000
7000.6209600	7000.0338101	6999.8782813	0.7001568	-0.8600000	0.0672067	0.2643602	0.1355236	0.0000000	0.0000000
7000.6209600	7000.0338101	6999.8782813	0.6801428	-0.8600000	0.0463951	0.2635895	0.1336886	0.0000000	0.0000000
7000.6209600	7000.0338101	6999.8782813	0.6601288	-0.8600000	0.0384631	0.2635208	0.1299917	0.0000000	0.0000000
7000.6209600	7000.0338101	6999.8782813	0.6401147	-0.8600000	0.0565272	0.2651615	0.1355018	0.0000000	0.0000000
7000.6209600	7000.0338101	6999.8782813	0.6201007	-0.8600000	0.0831206	0.2655321	0.1351910	0.0000000	0.0000000
7000.6209600	7000.0338101	6999.8782813	0.6000867	-0.8600000	0.0734879	0.2637993	0.1292299	0.0000000	0.0000000
7000.6209600	7000.0338101	6999.8782813	0.5800727	-0.8600000	0.0445994	0.2632302	0.1303645	0.0000000	0.0000000
7000.6209600	7000.0338101	6999.8782813	0.5600587	-0.8600000	0.0519106	0.2644272	0.1338373	0.0000000	0.0000000
7000.6209600	7000.0338101	6999.8782813	0.5400447	-0.8600000	0.0697078	0.2644387	0.1312791	0.0000000	0.0000000
7000.6209600	7000.0338101	6999.8782813	0.5200307	-0.8600000	0.0975131	0.2647671	0.1330546	0.0000000	0.0000000
7000.6209600	7000.0338101	6999.8782813	0.5000167	-0.8600000	0.0919907	0.2649993	0.1341998	0.0000000	0.0000000
7000.6209600	7000.0338101	6999.8782813	0.4800027	-0.8600000	0.0714911	0.2649618	0.1360670	0.0000000	0.0000000
7000.6209600	7000.0338101	6999.8782813	0.4599887	-0.8600000	0.0738037	0.2657903	0.1358899	0.0000000	0.0000000
7000.6209600	7000.0338101	6999.8782813	0.4399746	-0.8600000	0.0719103	0.2633538	0.1265227	0.0000000	0.0000000
7000.6209600	7000.0338101	6999.8782813	0.4199606	-0.8600000	0.1126680	0.2632225	0.1315988	0.0000000	0.0000000
7000.6209600	7000.0338101	6999.8782813	0.3999466	-0.8600000	0.1060588	0.2648569	0.1323754	0.0000000	0.0000000
7000.6209600	7000.0338101	6999.8782813	0.3799326	-0.8600000	0.0785135	0.2626060	0.1307678	0.0000000	0.0000000
7000.6209600	7000.0338101	6999.8782813	0.3599186	-0.8600000	0.0964280	0.2637898	0.1326855	0.0000000	0.0000000
7000.6209600	7000.0338101	6999.8782813	0.3399046	-0.8600000	0.1299426	0.2657886	0.1368999	0.0000000	0.0000000
7000.6209600	7000.0338101	6999.8782813	0.3198906	-0.8600000	0.1202649	0.2641864	0.1310151	0.0000000	0.0000000
7000.6209600	7000.0338101	6999.8782813	0.2998766	-0.8600000	0.1199612	0.2638826	0.1339037	0.0000000	0.0000000
7000.6209600	7000.0338101	6999.8782813	0.2798626	-0.8600000	0.0834701	0.2645364	0.1311312	0.0000000	0.0000000
7000.6209600	7000.0338101	6999.8782813	0.2598486	-0.8600000	0.1056844	0.2632506	0.1271570	0.0000000	0.0000000
7000.6209600	7000.0338101	6999.8782813	0.2398346	-0.8600000	0.1495227	0.2652969	0.1337230	0.0000000	0.0000000
7000.6209600	7000.0338101	6999.8782813	0.2201541	-0.8600000	0.1569901	0.2652332	0.1338854	0.0000000	0.0000000
7000.6209600	7000.0338101	6999.8782813	0.2001401	-0.8600000	0.1329552	0.2637955	0.1275792	0.0000000	0.0000000
7000.6209600	7000.0338101	6999.8782813	0.1801261	-0.8600000	0.1118123	0.2644307	0.1317489	0.0000000	0.0000000
7000.6209600	7000.0338101	6999.8782813	0.1601121	-0.8600000	0.1528516	0.2648890	0.1310018	0.0000000	0.0000000
7000.6209600	7000.0338101	6999.8782813	0.1400981	-0.8600000	0.1710687	0.2650964	0.1352775	0.0000000	0.0000000
7000.6209600	7000.0338101	6999.8782813	0.1200841	-0.8600000	0.1645767	0.2648563	0.1307335	0.0000000	0.0000000
7000.6209600	7000.0338101	6999.8782813	0.1000700	-0.8600000	0.1397832	0.2626777	0.1252852	0.0000000	0.0000000
7000.6209600	7000.0338101	6999.8782813	0.0800560	-0.8600000	0.1232911	0.2644626	0.1314641	0.0000000	0.0000000
7000.6209600	7000.0338101	6999.8782813	0.0600420	-0.8600000	0.1894655	0.2640037	0.1327251	0.0000000	0.0000000
7000.6209600	7000.0338101	6999.8782813	0.0400280	-0.8600000	0.2058098	0.2646735	0.1310802	0.0000000	0.0000000
7000.6209600	7000.0338101	6999.8782813	0.0200140	-0.8600000	0.1983577	0.2653560	0.1316527	0.0000000	0.0000000
7000.6209600	7000.0338101	6999.8782813	0.0000000	-0.8600000	0.1849449	0.2632004	0.1320336	0.0000000	0.0000000
7000.6209600	7000.0338101	6999.8782813	-0.0200140	-0.8600000	0.1552321	0.2637465	0.1329363	0.0000000	0.0000000
7000.6209600	7000.0338101	6999.8782813	-0.0400280	-0.8600000	0.1935204	0.2625555	0.1306959	0.0000000	0.0000000
7000.6209600	7000.0338101	6999.8782813	-0.0600420	-0.8600000	0.1935519	0.2631768	0.1300615	0.0000000	0.0000000
7000.6209600	7000.0338101	6999.8782813	-0.0800560	-0.8600000	0.2317238	0.2636833	0.1305248	0.0000000	0.0000000
7000.6209600	7000.0338101	6999.8782813	-0.1000700	-0.8600000	0.2184825	0.2641334	0.1299977	0.0000000	0.0000000
7000.6209600	7000.0338101	6999.8782813	-0.1200841	-0.8600000	0.1775043	0.2640182	0.1294144	0.0000000	0.0000000
7000.6209600	7000.0338101	6999.8782813	-0.1400981	-0.8600000	0.1862596	0.2638849	0.1291904	0.0000000	0.0000000
7000.6209600	7000.0338101	6999.8782813	-0.1601121	-0.8600000	0.2077635	0.2628123	0.1270604	0.0000000	0.0000000
7000.6209600	7000.0338101	6999.8782813	-0.1801261	-0.8600000	0.2861932	0.2643502	0.1353539	0.0000000	0.0000000
7000.6209600	7000.0338101	6999.8782813	-0.2001401	-0.8600000	0.2638284	0.2642961	0.1300264	0.0000000	0.0000000
7000.6209600	7000.0338101	6999.8782813	-0.2201541	-0.8600000	0.2453599	0.2642048	0.1310590	0.0000000	0.0000000
7000.6209600	7000.0338101	6999.8782813	-0.2398346	-0.8600000	0.1898890	0.2630082	0.1285577	0.0000000	0.0000000
7000.6209600	7000.0338101	6999.8782813	-0.2598486	-0.8600000	0.2090763	0.2627288	0.1338171	0.0000000	0.0000000
7000.6209600	7000.0338101	6999.8782813	-0.2798626	-0.8600000	0.2961134	0.2646865	0.1332456	0.0000000	0.0000000
7000.6209600	7000.0338101	6999.8782813	-0.2998766	-0.8600000	0.2806530	0.2626147	0.1263622	0.0000000	0.0000000
7000.6209600	7000.0338101	6999.8782813	-0.3198906	-0.8600000	0.3008259	0.2625483	0.1283029	0.0000000	0.0000000
7000.6209600	7000.0338101	6999.8782813	-0.3399046	-0.8600000	0.2718783	0.2636124	0.1354871	0.0000000	0.0000000
7000.6209600	7000.0338101	6999.8782813	-0.3599186	-0.8600000	0.2322642	0.2643186	0.1310522	0.0000000	0.0000000
7000.6209600	7000.0338101	6999.8782813	-0.3799326	-0.8600000	0.2657637	0.2642402	0.1321545	0.0000000	0.0000000
7000.6209600	7000.0338101	6999.8782813	-0.3999466	-0.8600000	0.3160212	0.2641311	0.1355890	0.0000000	0.0000000
7000.6209600	7000.0338101	6999.8782813	-0.4199606	-0.8600000	0.3621820	0.2655228	0.1343867	0.0000000	0.0000000
7000.6209600	7000.0338101	6999.8782813	-0.4399746	-0.8600000	0.3329648	0.2655648	0.1373179	0.0000000	0.0000000
7000.6209600	7000.0338101	6999.8782813	-0.4599887	-0.8600000	0.3166320	0.2656442	0.1365807	0.0000000	0.0000000
7000.6209600	7000.0338101	6999.8782813	-0.4800027	-0.8600000	0.2950295	0.2675010	0.1370291	0.0000000	0.0000000
7000.6209600	7000.0338101	6999.8782813	-0.5000167	-0.8600000	0.3113250	0.2657107	0.1327015	0.0000000	0.0000000
7000.6209600	7000.0338101	6999.8782813	-0.5200307	-0.8600000	0.3702367	0.2653965	0.1350842	0.0000000	0.0000000
7000.6209600	7000.0338101	6999.8782813	-0.5400447	-0.8600000	0.3607937	0.2634543	0.1351313	0.0000000	0.0000000
7000.6209600	7000.0338101	6999.8782813	-0.5600587	-0.8600000	0.3289961	0.2647789	0.1331969	0.0000000	0.0000000
7000.6209600	7000.0338101	6999.8782813	-0.5800727	-0.8600000	0.3360826	0.2648138	0.1351431	0.0000000	0.0000000
7000.6209600	7000.0338101	6999.8782813	-0.6000867	-0.8600000	0.3496445	0.2652646	0.1305453	0.0000000	0.0000000
7000.6209600	7000.0338101	6999.8782813	-0.6201007	-0.8600000	0.3841895	0.2653074	0.1290262	0.0000000	0.0000000
7000.6209600	7000.0338101	6999.8782813	-0.6401147	-0.8600000	0.3732234	0.2652454	0.1352983	0.0000000	0.0000000
7000.6209600	7000.0338101	6999.8782813	-0.6601288	-0.8600000	0.3258783	0.2661888	0.1360330	0.0000000	0.0000000
7000.6209600	7000.0338101	6999.8782813	-0.6801428	-0.8600000	0.3626689	0.2658584	0.1355753	0.0000000	0.0000000
7000.6209600	7000.0338101	6999.8782813	-0.7001568	-0.8600000	0.3838180	0.2652264	0.1320885	0.0000000	0.0000000
7000.6209600	7000.0338101	6999.8782813	-0.7198372	-0.8600000	0.4168557	0.2663365	0.1347109	0.0000000	0.0000000
7000.6209600	7000.0338101	6999.8782813	-0.7398512	-0.8600000	0.3409568	0.2648314	0.1325759	0.0000000	0.0000000
7000.6209600	7000.0338101	6999.8782813	-0.7598652	-0.8600000	0.3405239	0.2656581	0.1361534	0.0000000	0.0000000
7000.6209600	7000.0338101	6999.8782813	-0.7798792	-0.8600000	0.4013184	0.2658982	0.1367048	0.0000000	0.0000000
7000.6209600	7000.0338101	6999.8782813	-0.7998933	-0.8600000	0.4345879	0.2661238	0.1370316	0.0000000	0.0000000
7000.6209600	7000.0338101	6999.8782813	-0.8199073	-0.8600000	0.4395720	0.2665259	0.1373894	0.0000000	0.0000000
7000.6209600	7000.0338101	6999.8782813	-0.8399213	-0.8600000	0.3412633	0.2654968	0.1373263	0.0000000	0.0000000
7000.6209600	7000.0338101	6999.8782813	-0.8599353	-0.8600000	0.3120878	0.2647476	0.1338375	0.0000000	0.0000000
7000.6209600	7000.0338101	6999.8782813	-0.8799493	-0.8600000	0.4443475	0.2661199	0.1371211	0.0000000	0.0000000
7000.6209600	7000.0338101	6999.8782813	-0.8999633	-0.8600000	0.4388093	0.2671975	0.1382734	0.0000000	0.0000000
7000.6209600	7000.0338101	6999.8782813	-0.9199773	-0.8600000	0.4056023	0.2671401	0.1376262	0.0000000	0.0000000
7000.6209600	7000.0338101	6999.8782813	-0.9399913	-0.8600000	0.3265303	0.2656919	0.1364814	0.0000000	0.0000000
7000.6209600	7000.0338101	6999.8782813	-0.9600053	-0.8600000	0.3409257	0.2672699	0.1370972	0.0000000	0.0000000
7000.6209600	7000.0338101	6999.8782813	-0.9800193	-0.8600000	0.4448779	0.2688556	0.1387863	0.0000000	0.0000000
7000.6209600	7000.0338101	6999.8782813	-1.0000334	-0.8600000	0.4023789	0.2678142	0.1365254	0.0000000	0.0000000
