7000.6209600	7000.0338101	6999.8782813	1.0000334	-0.8199073	0.0300488	0.2624409	0.1311056	0.0000000	-0.8200000
7000.6209600	7000.0338101	6999.8782813	0.9800193	-0.8200000	0.0432151	0.2616296	0.1284321	0.0000000	0.0000000
7000.6209600	7000.0338101	6999.8782813	0.9600053	-0.8200000	0.0534103	0.2617716	0.1264652	0.0000000	0.0000000
7000.6209600	7000.0338101	6999.8782813	0.9399913	-0.8200000	0.0572017	0.2629056	0.1300082	0.0000000	0.0000000
7000.6209600	7000.0338101	6999.8782813	0.9199773	-0.8200000	0.0262806	0.2616499	0.1290702	0.0000000	0.0000000
7000.6209600	7000.0338101	6999.8782813	0.8999633	-0.8200000	0.0256694	0.2631431	0.1285599	0.0000000	0.0000000
7000.6209600	7000.0338101	6999.8782813	0.8799493	-0.8200000	0.0455454	0.2633364	0.1333573	0.0000000	0.0000000
7000.6209600	7000.0338101	6999.8782813	0.8599353	-0.8200000	0.0611229	0.2613202	0.1273630	0.0000000	0.0000000
7000.6209600	7000.0338101	6999.8782813	0.8399213	-0.8200000	0.0617781	0.2627737	0.1324177	0.0000000	0.0000000
7000.6209600	7000.0338101	6999.8782813	0.8199073	-0.8200000	0.0297146	0.2629777	0.1282886	0.0000000	0.0000000
7000.6209600	7000.0338101	6999.8782813	0.7998933	-0.8200000	0.0288066	0.2606681	0.1252836	0.0000000	0.0000000
7000.6209600	7000.0338101	6999.8782813	0.7798792	-0.8200000	0.0649940	0.2625471	0.1327161	0.0000000	0.0000000
7000.6209600	7000.0338101	6999.8782813	0.7598652	-0.8200000	0.0728923	0.2625510	0.1289705	0.0000000	0.0000000
7000.6209600	7000.0338101	6999.8782813	0.7398512	-0.8200000	0.0626281	0.2617386	0.1248977	0.0000000	0.0000000
7000.6209600	7000.0338101	6999.8782813	0.7198372	-0.8200000	0.0364973	0.2621528	0.1291804	0.0000000	0.0000000
7000.6209600	7000.0338101	6999.8782813	0.7001568	-0.8200000	0.0388990	0.2620009	0.1289091	0.0000000	0.0000000
7000.6209600	7000.0338101	6999.8782813	0.6801428	-0.8200000	0.0683945	0.2629556	0.1302803	0.0000000	0.0000000
7000.6209600	7000.0338101	6999.8782813	0.6601288	-0.8200000	0.0849319	0.2619270	0.1261617	0.0000000	0.0000000
7000.6209600	7000.0338101	6999.8782813	0.6401147	-0.8200000	0.0858304	0.2633992	0.1323009	0.0000000	0.0000000
7000.6209600	7000.0338101	6999.8782813	0.6201007	-0.8200000	0.0482164	0.2624402	0.1293568	0.0000000	0.0000000
7000.6209600	7000.0338101	6999.8782813	0.6000867	-0.8200000	0.0482144	0.2638698	0.1309747	0.0000000	0.0000000
7000.6209600	7000.0338101	6999.8782813	0.5800727	-0.8200000	0.0802073	0.2628920	0.1316688	0.0000000	0.0000000
7000.6209600	7000.0338101	6999.8782813	0.5600587	-0.8200000	0.1004883	0.2607227	0.1281375	0.0000000	0.0000000
7000.6209600	7000.0338101	6999.8782813	0.5400447	-0.8200000	0.1033723	0.2625050	0.1299050	0.0000000	0.0000000
7000.6209600	7000.0338101	6999.8782813	0.5200307	-0.8200000	0.0578854	0.2622766	0.1289006	0.0000000	0.0000000
7000.6209600	7000.0338101	6999.8782813	0.5000167	-0.8200000	0.0580336	0.2627457	0.1293312	0.0000000	0.0000000
7000.6209600	7000.0338101	6999.8782813	0.4800027	-0.8200000	0.0908748	0.2629255	0.1316267	0.0000000	0.0000000
7000.6209600	7000.0338101	6999.8782813	0.4599887	-0.8200000	0.1191445	0.2597107	0.1260092	0.0000000	0.0000000
7000.6209600	7000.0338101	6999.8782813	0.4399746	-0.8200000	0.1139351	0.2606010	0.1248047	0.0000000	0.0000000
7000.6209600	7000.0338101	6999.8782813	0.4199606	-0.8200000	0.0680212	0.2615956	0.1232737	0.0000000	0.0000000
7000.6209600	7000.0338101	6999.8782813	0.3999466	-0.8200000	0.0738613	0.2624575	0.1227545	0.0000000	0.0000000
7000.6209600	7000.0338101	6999.8782813	0.3799326	-0.8200000	0.1255032	0.2625521	0.1268184	0.0000000	0.0000000
7000.6209600	7000.0338101	6999.8782813	0.3599186	-0.8200000	0.1442601	0.2633357	0.1287502	0.0000000	0.0000000
7000.6209600	7000.0338101	6999.8782813	0.3399046	-0.8200000	0.1404774	0.2628961	0.1249231	0.0000000	0.0000000
7000.6209600	7000.0338101	6999.8782813	0.3198906	-0.8200000	0.0891600	0.2634054	0.1258418	0.0000000	0.0000000
7000.6209600	7000.0338101	6999.8782813	0.2998766	-0.8200000	0.1084215	0.2628781	0.1297063	0.0000000	0.0000000
7000.6209600	7000.0338101	6999.8782813	0.2798626	-0.8200000	0.1537404	0.2628046	0.1290024	0.0000000	0.0000000
7000.6209600	7000.0338101	6999.8782813	0.2598486	-0.8200000	0.1669213	0.2637400	0.1300925	0.0000000	0.0000000
7000.6209600	7000.0338101	6999.8782813	0.2398346	-0.8200000	0.1481381	0.2625745	0.1305343	0.0000000	0.0000000
7000.6209600	7000.0338101	6999.8782813	0.2201541	-0.8200000	0.1090154	0.2621565	0.1305465	0.0000000	0.0000000
7000.6209600	7000.0338101	6999.8782813	0.2001401	-0.8200000	0.1250074	0.2613510	0.1269559	0.0000000	0.0000000
7000.6209600	7000.0338101	6999.8782813	0.1801261	-0.8200000	0.1692627	0.2615635	0.1289875	0.0000000	0.0000000
7000.6209600	7000.0338101	6999.8782813	0.1601121	-0.8200000	0.1852242	0.2624823	0.1281927	0.0000000	0.0000000
7000.6209600	7000.0338101	6999.8782813	0.1400981	-0.8200000	0.1856785	0.2621944	0.1275947	0.0000000	0.0000000
7000.6209600	7000.0338101	6999.8782813	0.1200841	-0.8200000	0.1362593	0.2634644	0.1299656	0.0000000	0.0000000
7000.6209600	7000.0338101	6999.8782813	0.1000700	-0.8200000	0.1525681	0.2630579	0.1268282	0.0000000	0.0000000
7000.6209600	7000.0338101	6999.8782813	0.0800560	-0.8200000	0.2076389	0.2623779	0.1280187	0.0000000	0.0000000
7000.6209600	7000.0338101	6999.8782813	0.0600420	-0.8200000	0.2115768	0.2637000	0.1288384	0.0000000	0.0000000
7000.6209600	7000.0338101	6999.8782813	0.0400280	-0.8200000	0.1971849	0.2629835	0.1270037	0.0000000	0.0000000
7000.6209600	7000.0338101	6999.8782813	0.0200140	-0.8200000	0.1627227	0.2635930	0.1336481	0.0000000	0.0000000
7000.6209600	7000.0338101	6999.8782813	0.0000000	-0.8200000	0.1936976	0.2642736	0.1360106	0.0000000	0.0000000
7000.6209600	7000.0338101	6999.8782813	-0.0200140	-0.8200000	0.2410043	0.2636455	0.1337419	0.0000000	0.0000000
7000.6209600	7000.0338101	6999.8782813	-0.0400280	-0.8200000	0.2695439	0.2635365	0.1364950	0.0000000	0.0000000
7000.6209600	7000.0338101	6999.8782813	-0.0600420	-0.8200000	0.2566760	0.2651710	0.1363173	0.0000000	0.0000000
7000.6209600	7000.0338101	6999.8782813	-0.0800560	-0.8200000	0.1775042	0.2645908	0.1332708	0.0000000	0.0000000
7000.6209600	7000.0338101	6999.8782813	-0.1000700	-0.8200000	0.1937924	0.2645769	0.1341134	0.0000000	0.0000000
7000.6209600	7000.0338101	6999.8782813	-0.1200841	-0.8200000	0.2273667	0.2621953	0.1303959	0.0000000	0.0000000
7000.6209600	7000.0338101	6999.8782813	-0.1400981	-0.8200000	0.2867932	0.2637777	0.1333778	0.0000000	0.0000000
7000.6209600	7000.0338101	6999.8782813	-0.1601121	-0.8200000	0.2817101	0.2636265	0.1355844	0.0000000	0.0000000
7000.6209600	7000.0338101	6999.8782813	-0.1801261	-0.8200000	0.2228562	0.2638519	0.1359341	0.0000000	0.0000000
7000.6209600	7000.0338101	6999.8782813	-0.2001401	-0.8200000	0.2063092	0.2643442	0.1341277	0.0000000	0.0000000
7000.6209600	7000.0338101	6999.8782813	-0.2201541	-0.8200000	0.2294069	0.2638644	0.1345255	0.0000000	0.0000000
7000.6209600	7000.0338101	6999.8782813	-0.2398346	-0.8200000	0.2916053	0.2650272	0.1359611	0.0000000	0.0000000
7000.6209600	7000.0338101	6999.8782813	-0.2598486	-0.8200000	0.3037960	0.2638896	0.1351512	0.0000000	0.0000000
7000.6209600	7000.0338101	6999.8782813	-0.2798626	-0.8200000	0.2806926	0.2624951	0.1297026	0.0000000	0.0000000
7000.6209600	7000.0338101	6999.8782813	-0.2998766	-0.8200000	0.2715972	0.2625833	0.1308796	0.0000000	0.0000000
7000.6209600	7000.0338101	6999.8782813	-0.3198906	-0.8200000	0.2585338	0.2635117	0.1351360	0.0000000	0.0000000
7000.6209600	7000.0338101	6999.8782813	-0.3399046	-0.8200000	0.2520557	0.2625232	0.1298522	0.0000000	0.0000000
7000.6209600	7000.0338101	6999.8782813	-0.3599186	-0.8200000	0.2883967	0.2653521	0.1357878	0.0000000	0.0000000
7000.6209600	7000.0338101	6999.8782813	-0.3799326	-0.8200000	0.3580991	0.2652141	0.1386132	0.0000000	0.0000000
7000.6209600	7000.0338101	6999.8782813	-0.3999466	-0.8200000	0.3522213	0.2648593	0.1360940	0.0000000	0.0000000
7000.6209600	7000.0338101	6999.8782813	-0.4199606	-0.8200000	0.3084142	0.2635868	0.1350510	0.0000000	0.0000000
7000.6209600	7000.0338101	6999.8782813	-0.4399746	-0.8200000	0.2731521	0.2642675	0.1347823	0.0000000	0.0000000
7000.6209600	7000.0338101	6999.8782813	-0.4599887	-0.8200000	0.2760125	0.2622211	0.1334805	0.0000000	0.0000000
7000.6209600	7000.0338101	6999.8782813	-0.4800027	-0.8200000	0.3786262	0.2635809	0.1362278	0.0000000	0.0000000
7000.6209600	7000.0338101	6999.8782813	-0.5000167	-0.8200000	0.3772438	0.2648777	0.1373046	0.0000000	0.0000000
7000.6209600	7000.0338101	6999.8782813	-0.5200307	-0.8200000	0.3370217	0.2652959	0.1354219	0.0000000	0.0000000
7000.6209600	7000.0338101	6999.8782813	-0.5400447	-0.8200000	0.2954376	0.2636553	0.1350139	0.0000000	0.0000000
7000.6209600	7000.0338101	6999.8782813	-0.5600587	-0.8200000	0.3072889	0.2631619	0.1336788	0.0000000	0.0000000
7000.6209600	7000.0338101	6999.8782813	-0.5800727	-0.8200000	0.3977081	0.2631071	0.1335131	0.0000000	0.0000000
7000.6209600	7000.0338101	6999.8782813	-0.6000867	-0.8200000	0.4165419	0.2644049	0.1365913	0.0000000	0.0000000
7000.6209600	7000.0338101	6999.8782813	-0.6201007	-0.8200000	0.3557594	0.2655510	0.1378112	0.0000000	0.0000000
7000.6209600	7000.0338101	6999.8782813	-0.6401147	-0.8200000	0.3216836	0.2640863	0.1350817	0.0000000	0.0000000
7000.6209600	7000.0338101	6999.8782813	-0.6601288	-0.8200000	0.3386364	0.2643918	0.1355441	0.0000000	0.0000000
7000.6209600	7000.0338101	6999.8782813	-0.6801428	-0.8200000	0.4254048	0.2650116	0.1357592	0.0000000	0.0000000
7000.6209600	7000.0338101	6999.8782813	-0.7001568	-0.8200000	0.3878757	0.2654829	0.1349370	0.0000000	0.0000000
7000.6209600	7000.0338101	6999.8782813	-0.7198372	-0.8200000	0.3520309	0.2645646	0.1355421	0.0000000	0.0000000
7000.6209600	7000.0338101	6999.8782813	-0.7398512	-0.8200000	0.3438616	0.2646879	0.1364877	0.0000000	0.0000000
7000.6209600	7000.0338101	6999.8782813	-0.7598652	-0.8200000	0.3755171	0.2644968	0.1361588	0.0000000	0.0000000
7000.6209600	7000.0338101	6999.8782813	-0.7798792	-0.8200000	0.4127538	0.2637837	0.1359792	0.0000000	0.0000000
7000.6209600	7000.0338101	6999.8782813	-0.7998933	-0.8200000	0.3740613	0.2649567	0.1365751	0.0000000	0.0000000
7000.6209600	7000.0338101	6999.8782813	-0.8199073	-0.8200000	0.3210499	0.2655837	0.1340793	0.0000000	0.0000000
7000.6209600	7000.0338101	6999.8782813	-0.8399213	-0.8200000	0.3698928	0.2642998	0.1322997	0.0000000	0.0000000
7000.6209600	7000.0338101	6999.8782813	-0.8599353	-0.8200000	0.3960156	0.2644060	0.1320740	0.0000000	0.0000000
7000.6209600	7000.0338101	6999.8782813	-0.8799493	-0.8200000	0.3677535	0.2631248	0.1310125	0.0000000	0.0000000
7000.6209600	7000.0338101	6999.8782813	-0.8999633	-0.8200000	0.3331490	0.2641677	0.1357166	0.0000000	0.0000000
7000.6209600	7000.0338101	6999.8782813	-0.9199773	-0.8200000	0.2972301	0.2647474	0.1330532	0.0000000	0.0000000
7000.6209600	7000.0338101	6999.8782813	-0.9399913	-0.8200000	0.3989684	0.2643625	0.1338010	0.0000000	0.0000000
7000.6209600	7000.0338101	6999.8782813	-0.9600053	-0.8200000	0.4032296	0.2625835	0.1322623	0.0000000	0.0000000
7000.6209600	7000.0338101	6999.8782813	-0.9800193	-0.8200000	0.3188381	0.2636677	0.1354978	0.0000000	0.0000000
7000.6209600	7000.0338101	6999.8782813	-1.0000334	-0.8200000	0.2931198	0.2635513	0.1317908	0.0000000	0.0000000
