7000.6209600	7000.0338101	6999.8782813	1.0000334	-0.1200841	0.2279594	0.2783612	0.1249340	0.0000000	-0.1200000
7000.6209600	7000.0338101	6999.8782813	0.9800193	-0.1200000	0.2710975	0.2774661	0.1276792	0.0000000	0.0000000
7000.6209600	7000.0338101	6999.8782813	0.9600053	-0.1200000	0.3236497	0.2765552	0.1303845	0.0000000	0.0000000
7000.6209600	7000.0338101	6999.8782813	0.9399913	-0.1200000	0.3338387	0.2777393	0.1300105	0.0000000	0.0000000
7000.6209600	7000.0338101	6999.8782813	0.9199773	-0.1200000	0.2574537	0.2770669	0.1302227	0.0000000	0.0000000
7000.6209600	7000.0338101	6999.8782813	0.8999633	-0.1200000	0.2331112	0.2781418	0.1246089	0.0000000	0.0000000
7000.6209600	7000.0338101	6999.8782813	0.8799493	-0.1200000	0.2695112	0.2771122	0.1295884	0.0000000	0.0000000
7000.6209600	7000.0338101	6999.8782813	0.8599353	-0.1200000	0.3479104	0.2772329	0.1314486	0.0000000	0.0000000
7000.6209600	7000.0338101	6999.8782813	0.8399213	-0.1200000	0.3426665	0.2768873	0.1311611	0.0000000	0.0000000
7000.6209600	7000.0338101	6999.8782813	0.8199073	-0.1200000	0.2601925	0.2763513	0.1330391	0.0000000	0.0000000
7000.6209600	7000.0338101	6999.8782813	0.7998933	-0.1200000	0.2366337	0.2776252	0.1226746	0.0000000	0.0000000
7000.6209600	7000.0338101	6999.8782813	0.7798792	-0.1200000	0.3017126	0.2784808	0.1256044	0.0000000	0.0000000
7000.6209600	7000.0338101	6999.8782813	0.7598652	-0.1200000	0.3568707	0.2796146	0.1243280	0.0000000	0.0000000
7000.6209600	7000.0338101	6999.8782813	0.7398512	-0.1200000	0.3532317	0.2766185	0.1281200	0.0000000	0.0000000
7000.6209600	7000.0338101	6999.8782813	0.7198372	-0.1200000	0.2447251	0.2753766	0.1318123	0.0000000	0.0000000
7000.6209600	7000.0338101	6999.8782813	0.7001568	-0.1200000	0.2695112	0.2742354	0.1270262	0.0000000	0.0000000
7000.6209600	7000.0338101	6999.8782813	0.6801428	-0.1200000	0.2725717	0.2763221	0.1304193	0.0000000	0.0000000
7000.6209600	7000.0338101	6999.8782813	0.6601288	-0.1200000	0.3285687	0.2752002	0.1264121	0.0000000	0.0000000
7000.6209600	7000.0338101	6999.8782813	0.6401147	-0.1200000	0.3673705	0.2758768	0.1285598	0.0000000	0.0000000
7000.6209600	7000.0338101	6999.8782813	0.6201007	-0.1200000	0.2782312	0.2753210	0.1322424	0.0000000	0.0000000
7000.6209600	7000.0338101	6999.8782813	0.6000867	-0.1200000	0.2585463	0.2744897	0.1328239	0.0000000	0.0000000
7000.6209600	7000.0338101	6999.8782813	0.5800727	-0.1200000	0.2881248	0.2766279	0.1247467	0.0000000	0.0000000
7000.6209600	7000.0338101	6999.8782813	0.5600587	-0.1200000	0.3669498	0.2771609	0.1241443	0.0000000	0.0000000
7000.6209600	7000.0338101	6999.8782813	0.5400447	-0.1200000	0.3813796	0.2746564	0.1311321	0.0000000	0.0000000
7000.6209600	7000.0338101	6999.8782813	0.5200307	-0.1200000	0.2655426	0.2746630	0.1316182	0.0000000	0.0000000
7000.6209600	7000.0338101	6999.8782813	0.5000167	-0.1200000	0.2396210	0.2750594	0.1299890	0.0000000	0.0000000
7000.6209600	7000.0338101	6999.8782813	0.4800027	-0.1200000	0.2866512	0.2762174	0.1312739	0.0000000	0.0000000
7000.6209600	7000.0338101	6999.8782813	0.4599887	-0.1200000	0.3754457	0.2763976	0.1283673	0.0000000	0.0000000
7000.6209600	7000.0338101	6999.8782813	0.4399746	-0.1200000	0.3840924	0.2753068	0.1267181	0.0000000	0.0000000
7000.6209600	7000.0338101	6999.8782813	0.4199606	-0.1200000	0.2690172	0.2741913	0.1276433	0.0000000	0.0000000
7000.6209600	7000.0338101	6999.8782813	0.3999466	-0.1200000	0.2584077	0.2750393	0.1323773	0.0000000	0.0000000
7000.6209600	7000.0338101	6999.8782813	0.3799326	-0.1200000	0.2923645	0.2753458	0.1277617	0.0000000	0.0000000
7000.6209600	7000.0338101	6999.8782813	0.3599186	-0.1200000	0.3921636	0.2767368	0.1277351	0.0000000	0.0000000
7000.6209600	7000.0338101	6999.8782813	0.3399046	-0.1200000	0.4056545	0.2764542	0.1303698	0.0000000	0.0000000
7000.6209600	7000.0338101	6999.8782813	0.3198906	-0.1200000	0.2803049	0.2759318	0.1299224	0.0000000	0.0000000
7000.6209600	7000.0338101	6999.8782813	0.2998766	-0.1200000	0.2725006	0.2762549	0.1307262	0.0000000	0.0000000
7000.6209600	7000.0338101	6999.8782813	0.2798626	-0.1200000	0.3335505	0.2766454	0.1281898	0.0000000	0.0000000
7000.6209600	7000.0338101	6999.8782813	0.2598486	-0.1200000	0.3958217	0.2761533	0.1258402	0.0000000	0.0000000
7000.6209600	7000.0338101	6999.8782813	0.2398346	-0.1200000	0.3821874	0.2767156	0.1234347	0.0000000	0.0000000
7000.6209600	7000.0338101	6999.8782813	0.2201541	-0.1200000	0.2944276	0.2752037	0.1322960	0.0000000	0.0000000
7000.6209600	7000.0338101	6999.8782813	0.2001401	-0.1200000	0.2640944	0.2755768	0.1283041	0.0000000	0.0000000
7000.6209600	7000.0338101	6999.8782813	0.1801261	-0.1200000	0.3305818	0.2764998	0.1292994	0.0000000	0.0000000
7000.6209600	7000.0338101	6999.8782813	0.1601121	-0.1200000	0.4032260	0.2751482	0.1277651	0.0000000	0.0000000
7000.6209600	7000.0338101	6999.8782813	0.1400981	-0.1200000	0.3996825	0.2765458	0.1272172	0.0000000	0.0000000
7000.6209600	7000.0338101	6999.8782813	0.1200841	-0.1200000	0.2872146	0.2753257	0.1300638	0.0000000	0.0000000
7000.6209600	7000.0338101	6999.8782813	0.1000700	-0.1200000	0.2754856	0.2741232	0.1298185	0.0000000	0.0000000
7000.6209600	7000.0338101	6999.8782813	0.0800560	-0.1200000	0.3312832	0.2746234	0.1324528	0.0000000	0.0000000
7000.6209600	7000.0338101	6999.8782813	0.0600420	-0.1200000	0.3865155	0.2754294	0.1285938	0.0000000	0.0000000
7000.6209600	7000.0338101	6999.8782813	0.0400280	-0.1200000	0.4013615	0.2749968	0.1294194	0.0000000	0.0000000
7000.6209600	7000.0338101	6999.8782813	0.0200140	-0.1200000	0.2803734	0.2763143	0.1265396	0.0000000	0.0000000
7000.6209600	7000.0338101	6999.8782813	0.0000000	-0.1200000	0.2974398	0.2751711	0.1268647	0.0000000	0.0000000
7000.6209600	7000.0338101	6999.8782813	-0.0200140	-0.1200000	0.3129492	0.2750902	0.1232413	0.0000000	0.0000000
7000.6209600	7000.0338101	6999.8782813	-0.0400280	-0.1200000	0.4177659	0.2743839	0.1297146	0.0000000	0.0000000
7000.6209600	7000.0338101	6999.8782813	-0.0600420	-0.1200000	0.4168931	0.2747540	0.1322292	0.0000000	0.0000000
7000.6209600	7000.0338101	6999.8782813	-0.0800560	-0.1200000	0.2840448	0.2752585	0.1290999	0.0000000	0.0000000
7000.6209600	7000.0338101	6999.8782813	-0.1000700	-0.1200000	0.2792584	0.2770343	0.1278418	0.0000000	0.0000000
7000.6209600	7000.0338101	6999.8782813	-0.1200841	-0.1200000	0.3069961	0.2765925	0.1274863	0.0000000	0.0000000
7000.6209600	7000.0338101	6999.8782813	-0.1400981	-0.1200000	0.3911149	0.2756757	0.1282335	0.0000000	0.0000000
7000.6209600	7000.0338101	6999.8782813	-0.1601121	-0.1200000	0.4076115	0.2749780	0.1274944	0.0000000	0.0000000
7000.6209600	7000.0338101	6999.8782813	-0.1801261	-0.1200000	0.3350664	0.2758118	0.1253052	0.0000000	0.0000000
7000.6209600	7000.0338101	6999.8782813	-0.2001401	-0.1200000	0.3098933	0.2749602	0.1277928	0.0000000	0.0000000
7000.6209600	7000.0338101	6999.8782813	-0.2201541	-0.1200000	0.2653344	0.2747438	0.1350757	0.0000000	0.0000000
7000.6209600	7000.0338101	6999.8782813	-0.2398346	-0.1200000	0.2805774	0.2736586	0.1324174	0.0000000	0.0000000
7000.6209600	7000.0338101	6999.8782813	-0.2598486	-0.1200000	0.3020857	0.2755356	0.1292206	0.0000000	0.0000000
7000.6209600	7000.0338101	6999.8782813	-0.2798626	-0.1200000	0.3544044	0.2723523	0.1293934	0.0000000	0.0000000
7000.6209600	7000.0338101	6999.8782813	-0.2998766	-0.1200000	0.3671162	0.2751764	0.1301104	0.0000000	0.0000000
7000.6209600	7000.0338101	6999.8782813	-0.3198906	-0.1200000	0.3142623	0.2741582	0.1307839	0.0000000	0.0000000
7000.6209600	7000.0338101	6999.8782813	-0.3399046	-0.1200000	0.2515570	0.2747870	0.1268243	0.0000000	0.0000000
7000.6209600	7000.0338101	6999.8782813	-0.3599186	-0.1200000	0.2446541	0.2756036	0.1247733	0.0000000	0.0000000
7000.6209600	7000.0338101	6999.8782813	-0.3799326	-0.1200000	0.3477031	0.2753699	0.1293424	0.0000000	0.0000000
7000.6209600	7000.0338101	6999.8782813	-0.3999466	-0.1200000	0.3448345	0.2741034	0.1321682	0.0000000	0.0000000
7000.6209600	7000.0338101	6999.8782813	-0.4199606	-0.1200000	0.3143156	0.2745598	0.1327258	0.0000000	0.0000000
7000.6209600	7000.0338101	6999.8782813	-0.4399746	-0.1200000	0.2098746	0.2751862	0.1278158	0.0000000	0.0000000
7000.6209600	7000.0338101	6999.8782813	-0.4599887	-0.1200000	0.2124432	0.2770853	0.1237362	0.0000000	0.0000000
7000.6209600	7000.0338101	6999.8782813	-0.4800027	-0.1200000	0.3022860	0.2758451	0.1227484	0.0000000	0.0000000
7000.6209600	7000.0338101	6999.8782813	-0.5000167	-0.1200000	0.2941941	0.2737377	0.1265441	0.0000000	0.0000000
7000.6209600	7000.0338101	6999.8782813	-0.5200307	-0.1200000	0.2748511	0.2724854	0.1289862	0.0000000	0.0000000
7000.6209600	7000.0338101	6999.8782813	-0.5400447	-0.1200000	0.1892233	0.2731031	0.1298141	0.0000000	0.0000000
7000.6209600	7000.0338101	6999.8782813	-0.5600587	-0.1200000	0.1678129	0.2736716	0.1298422	0.0000000	0.0000000
7000.6209600	7000.0338101	6999.8782813	-0.5800727	-0.1200000	0.2562296	0.2736798	0.1279725	0.0000000	0.0000000
7000.6209600	7000.0338101	6999.8782813	-0.6000867	-0.1200000	0.2603391	0.2741801	0.1264099	0.0000000	0.0000000
7000.6209600	7000.0338101	6999.8782813	-0.6201007	-0.1200000	0.2434187	0.2727664	0.1323108	0.0000000	0.0000000
7000.6209600	7000.0338101	6999.8782813	-0.6401147	-0.1200000	0.1494291	0.2725229	0.1310360	0.0000000	0.0000000
7000.6209600	7000.0338101	6999.8782813	-0.6601288	-0.1200000	0.1548625	0.2745940	0.1280187	0.0000000	0.0000000
7000.6209600	7000.0338101	6999.8782813	-0.6801428	-0.1200000	0.2387675	0.2764523	0.1226549	0.0000000	0.0000000
7000.6209600	7000.0338101	6999.8782813	-0.7001568	-0.1200000	0.2320929	0.2742440	0.1217596	0.0000000	0.0000000
7000.6209600	7000.0338101	6999.8782813	-0.7198372	-0.1200000	0.2166085	0.2735380	0.1330148	0.0000000	0.0000000
7000.6209600	7000.0338101	6999.8782813	-0.7398512	-0.1200000	0.1265673	0.2726813	0.1337841	0.0000000	0.0000000
7000.6209600	7000.0338101	6999.8782813	-0.7598652	-0.1200000	0.1299292	0.2730116	0.1334050	0.0000000	0.0000000
7000.6209600	7000.0338101	6999.8782813	-0.7798792	-0.1200000	0.2161444	0.2740607	0.1293944	0.0000000	0.0000000
7000.6209600	7000.0338101	6999.8782813	-0.7998933	-0.1200000	0.1959371	0.2776318	0.1215160	0.0000000	0.0000000
7000.6209600	7000.0338101	6999.8782813	-0.8199073	-0.1200000	0.1450229	0.2740220	0.1268163	0.0000000	0.0000000
7000.6209600	7000.0338101	6999.8782813	-0.8399213	-0.1200000	0.1085513	0.2732289	0.1310714	0.0000000	0.0000000
7000.6209600	7000.0338101	6999.8782813	-0.8599353	-0.1200000	0.1330768	0.2731260	0.1310927	0.0000000	0.0000000
7000.6209600	7000.0338101	6999.8782813	-0.8799493	-0.1200000	0.1723612	0.2764767	0.1269028	0.0000000	0.0000000
7000.6209600	7000.0338101	6999.8782813	-0.8999633	-0.1200000	0.1365518	0.2754919	0.1241791	0.0000000	0.0000000
7000.6209600	7000.0338101	6999.8782813	-0.9199773	-0.1200000	0.0997312	0.2730995	0.1328553	0.0000000	0.0000000
7000.6209600	7000.0338101	6999.8782813	-0.9399913	-0.1200000	0.1248553	0.2770424	0.1249277	0.0000000	0.0000000
7000.6209600	7000.0338101	6999.8782813	-0.9600053	-0.1200000	0.1441288	0.2735389	0.1294133	0.0000000	0.0000000
7000.6209600	7000.0338101	6999.8782813	-0.9800193	-0.1200000	0.1209760	0.2743467	0.1291162	0.0000000	0.0000000
7000.6209600	7000.0338101	6999.8782813	-1.0000334	-0.1200000	0.0867847	0.2730410	0.1306381	0.0000000	0.0000000
