7000.6209600	7000.0338101	6999.8782813	1.0000334	-0.6000867	0.1174716	0.2746685	0.1283140	0.0000000	-0.6000000
7000.6209600	7000.0338101	6999.8782813	0.9800193	-0.6000000	0.1006000	0.2741771	0.1285894	0.0000000	0.0000000
7000.6209600	7000.0338101	6999.8782813	0.9600053	-0.6000000	0.0754735	0.2728723	0.1285908	0.0000000	0.0000000
7000.6209600	7000.0338101	6999.8782813	0.9399913	-0.6000000	0.0781638	0.2740475	0.1290975	0.0000000	0.0000000
7000.6209600	7000.0338101	6999.8782813	0.9199773	-0.6000000	0.1258627	0.2748494	0.1306136	0.0000000	0.0000000
7000.6209600	7000.0338101	6999.8782813	0.8999633	-0.6000000	0.1349128	0.2740248	0.1310833	0.0000000	0.0000000
7000.6209600	7000.0338101	6999.8782813	0.8799493	-0.6000000	0.1177424	0.2732921	0.1274923	0.0000000	0.0000000
7000.6209600	7000.0338101	6999.8782813	0.8599353	-0.6000000	0.0854534	0.2730154	0.1287673	0.0000000	0.0000000
7000.6209600	7000.0338101	6999.8782813	0.8399213	-0.6000000	0.0825360	0.2733645	0.1294452	0.0000000	0.0000000
7000.6209600	7000.0338101	6999.8782813	0.8199073	-0.6000000	0.1458450	0.2736429	0.1285820	0.0000000	0.0000000
7000.6209600	7000.0338101	6999.8782813	0.7998933	-0.6000000	0.1536592	0.2729264	0.1294185	0.0000000	0.0000000
7000.6209600	7000.0338101	6999.8782813	0.7798792	-0.6000000	0.1277028	0.2722673	0.1298695	0.0000000	0.0000000
7000.6209600	7000.0338101	6999.8782813	0.7598652	-0.6000000	0.0952272	0.2735085	0.1284211	0.0000000	0.0000000
7000.6209600	7000.0338101	6999.8782813	0.7398512	-0.6000000	0.1010723	0.2743645	0.1275552	0.0000000	0.0000000
7000.6209600	7000.0338101	6999.8782813	0.7198372	-0.6000000	0.1753549	0.2739999	0.1294246	0.0000000	0.0000000
7000.6209600	7000.0338101	6999.8782813	0.7001568	-0.6000000	0.1734865	0.2737241	0.1302740	0.0000000	0.0000000
7000.6209600	7000.0338101	6999.8782813	0.6801428	-0.6000000	0.1596840	0.2725072	0.1300088	0.0000000	0.0000000
7000.6209600	7000.0338101	6999.8782813	0.6601288	-0.6000000	0.1133680	0.2729148	0.1288556	0.0000000	0.0000000
7000.6209600	7000.0338101	6999.8782813	0.6401147	-0.6000000	0.1123073	0.2724193	0.1295957	0.0000000	0.0000000
7000.6209600	7000.0338101	6999.8782813	0.6201007	-0.6000000	0.1871602	0.2712797	0.1305214	0.0000000	0.0000000
7000.6209600	7000.0338101	6999.8782813	0.6000867	-0.6000000	0.1944116	0.2714924	0.1326385	0.0000000	0.0000000
7000.6209600	7000.0338101	6999.8782813	0.5800727	-0.6000000	0.1669856	0.2715758	0.1299973	0.0000000	0.0000000
7000.6209600	7000.0338101	6999.8782813	0.5600587	-0.6000000	0.1261346	0.2738955	0.1294587	0.0000000	0.0000000
7000.6209600	7000.0338101	6999.8782813	0.5400447	-0.6000000	0.1254791	0.2719072	0.1280199	0.0000000	0.0000000
7000.6209600	7000.0338101	6999.8782813	0.5200307	-0.6000000	0.2015500	0.2729038	0.1281737	0.0000000	0.0000000
7000.6209600	7000.0338101	6999.8782813	0.5000167	-0.6000000	0.2252358	0.2726271	0.1299365	0.0000000	0.0000000
7000.6209600	7000.0338101	6999.8782813	0.4800027	-0.6000000	0.1889088	0.2731145	0.1322185	0.0000000	0.0000000
7000.6209600	7000.0338101	6999.8782813	0.4599887	-0.6000000	0.1413329	0.2728535	0.1310239	0.0000000	0.0000000
7000.6209600	7000.0338101	6999.8782813	0.4399746	-0.6000000	0.1364819	0.2719369	0.1292848	0.0000000	0.0000000
7000.6209600	7000.0338101	6999.8782813	0.4199606	-0.6000000	0.2279362	0.2706843	0.1290381	0.0000000	0.0000000
7000.6209600	7000.0338101	6999.8782813	0.3999466	-0.6000000	0.2400883	0.2721729	0.1290096	0.0000000	0.0000000
7000.6209600	7000.0338101	6999.8782813	0.3799326	-0.6000000	0.2074214	0.2720243	0.1306609	0.0000000	0.0000000
7000.6209600	7000.0338101	6999.8782813	0.3599186	-0.6000000	0.1572306	0.2710782	0.1307847	0.0000000	0.0000000
7000.6209600	7000.0338101	6999.8782813	0.3399046	-0.6000000	0.1520038	0.2707938	0.1315232	0.0000000	0.0000000
7000.6209600	7000.0338101	6999.8782813	0.3198906	-0.6000000	0.2586321	0.2710098	0.1299784	0.0000000	0.0000000
7000.6209600	7000.0338101	6999.8782813	0.2998766	-0.6000000	0.2661287	0.2711117	0.1296765	0.0000000	0.0000000
7000.6209600	7000.0338101	6999.8782813	0.2798626	-0.6000000	0.2233391	0.2707399	0.1289335	0.0000000	0.0000000
7000.6209600	7000.0338101	6999.8782813	0.2598486	-0.6000000	0.1759885	0.2719404	0.1294491	0.0000000	0.0000000
7000.6209600	7000.0338101	6999.8782813	0.2398346	-0.6000000	0.1950582	0.2708123	0.1315148	0.0000000	0.0000000
7000.6209600	7000.0338101	6999.8782813	0.2201541	-0.6000000	0.2870320	0.2701146	0.1318459	0.0000000	0.0000000
7000.6209600	7000.0338101	6999.8782813	0.2001401	-0.6000000	0.2779624	0.2715469	0.1322975	0.0000000	0.0000000
7000.6209600	7000.0338101	6999.8782813	0.1801261	-0.6000000	0.2520020	0.2707000	0.1302581	0.0000000	0.0000000
7000.6209600	7000.0338101	6999.8782813	0.1601121	-0.6000000	0.1873239	0.2704376	0.1299174	0.0000000	0.0000000
7000.6209600	7000.0338101	6999.8782813	0.1400981	-0.6000000	0.2114019	0.2709762	0.1305614	0.0000000	0.0000000
7000.6209600	7000.0338101	6999.8782813	0.1200841	-0.6000000	0.3044851	0.2716217	0.1304063	0.0000000	0.0000000
7000.6209600	7000.0338101	6999.8782813	0.1000700	-0.6000000	0.3198048	0.2714086	0.1308823	0.0000000	0.0000000
7000.6209600	7000.0338101	6999.8782813	0.0800560	-0.6000000	0.2800535	0.2714991	0.1312203	0.0000000	0.0000000
7000.6209600	7000.0338101	6999.8782813	0.0600420	-0.6000000	0.2229490	0.2717134	0.1314916	0.0000000	0.0000000
7000.6209600	7000.0338101	6999.8782813	0.0400280	-0.6000000	0.2371816	0.2717526	0.1319446	0.0000000	0.0000000
7000.6209600	7000.0338101	6999.8782813	0.0200140	-0.6000000	0.3261782	0.2703302	0.1308295	0.0000000	0.0000000
7000.6209600	7000.0338101	6999.8782813	0.0000000	-0.6000000	0.3286600	0.2715991	0.1301724	0.0000000	0.0000000
7000.6209600	7000.0338101	6999.8782813	-0.0200140	-0.6000000	0.2782207	0.2714047	0.1303990	0.0000000	0.0000000
7000.6209600	7000.0338101	6999.8782813	-0.0400280	-0.6000000	0.2222184	0.2709630	0.1306567	0.0000000	0.0000000
7000.6209600	7000.0338101	6999.8782813	-0.0600420	-0.6000000	0.2471768	0.2705010	0.1309828	0.0000000	0.0000000
7000.6209600	7000.0338101	6999.8782813	-0.0800560	-0.6000000	0.3452142	0.2703724	0.1314142	0.0000000	0.0000000
7000.6209600	7000.0338101	6999.8782813	-0.1000700	-0.6000000	0.3638198	0.2714105	0.1306218	0.0000000	0.0000000
7000.6209600	7000.0338101	6999.8782813	-0.1200841	-0.6000000	0.3410537	0.2703315	0.1326650	0.0000000	0.0000000
7000.6209600	7000.0338101	6999.8782813	-0.1400981	-0.6000000	0.2495734	0.2696050	0.1305176	0.0000000	0.0000000
7000.6209600	7000.0338101	6999.8782813	-0.1601121	-0.6000000	0.2621517	0.2704381	0.1322909	0.0000000	0.0000000
7000.6209600	7000.0338101	6999.8782813	-0.1801261	-0.6000000	0.3487936	0.2713507	0.1314961	0.0000000	0.0000000
7000.6209600	7000.0338101	6999.8782813	-0.2001401	-0.6000000	0.3644225	0.2707306	0.1311250	0.0000000	0.0000000
7000.6209600	7000.0338101	6999.8782813	-0.2201541	-0.6000000	0.3777942	0.2705393	0.1313037	0.0000000	0.0000000
7000.6209600	7000.0338101	6999.8782813	-0.2398346	-0.6000000	0.3463237	0.2713163	0.1318389	0.0000000	0.0000000
7000.6209600	7000.0338101	6999.8782813	-0.2598486	-0.6000000	0.3584961	0.2707555	0.1309501	0.0000000	0.0000000
7000.6209600	7000.0338101	6999.8782813	-0.2798626	-0.6000000	0.2732600	0.2701122	0.1308940	0.0000000	0.0000000
7000.6209600	7000.0338101	6999.8782813	-0.2998766	-0.6000000	0.3088341	0.2707673	0.1333885	0.0000000	0.0000000
7000.6209600	7000.0338101	6999.8782813	-0.3198906	-0.6000000	0.3520190	0.2704874	0.1315823	0.0000000	0.0000000
7000.6209600	7000.0338101	6999.8782813	-0.3399046	-0.6000000	0.4105428	0.2714669	0.1317712	0.0000000	0.0000000
7000.6209600	7000.0338101	6999.8782813	-0.3599186	-0.6000000	0.4096781	0.2705283	0.1322499	0.0000000	0.0000000
7000.6209600	7000.0338101	6999.8782813	-0.3799326	-0.6000000	0.2987794	0.2711738	0.1312637	0.0000000	0.0000000
7000.6209600	7000.0338101	6999.8782813	-0.3999466	-0.6000000	0.2873298	0.2701675	0.1316342	0.0000000	0.0000000
7000.6209600	7000.0338101	6999.8782813	-0.4199606	-0.6000000	0.3154847	0.2695813	0.1313424	0.0000000	0.0000000
7000.6209600	7000.0338101	6999.8782813	-0.4399746	-0.6000000	0.4084445	0.2698048	0.1308947	0.0000000	0.0000000
7000.6209600	7000.0338101	6999.8782813	-0.4599887	-0.6000000	0.4287959	0.2694493	0.1330300	0.0000000	0.0000000
7000.6209600	7000.0338101	6999.8782813	-0.4800027	-0.6000000	0.3201044	0.2717388	0.1322999	0.0000000	0.0000000
7000.6209600	7000.0338101	6999.8782813	-0.5000167	-0.6000000	0.3029929	0.2718397	0.1318003	0.0000000	0.0000000
7000.6209600	7000.0338101	6999.8782813	-0.5200307	-0.6000000	0.3250830	0.2714360	0.1309758	0.0000000	0.0000000
7000.6209600	7000.0338101	6999.8782813	-0.5400447	-0.6000000	0.4048208	0.2710812	0.1310449	0.0000000	0.0000000
7000.6209600	7000.0338101	6999.8782813	-0.5600587	-0.6000000	0.4388882	0.2713059	0.1302936	0.0000000	0.0000000
7000.6209600	7000.0338101	6999.8782813	-0.5800727	-0.6000000	0.3158285	0.2709480	0.1313733	0.0000000	0.0000000
7000.6209600	7000.0338101	6999.8782813	-0.6000867	-0.6000000	0.3016304	0.2695774	0.1332002	0.0000000	0.0000000
7000.6209600	7000.0338101	6999.8782813	-0.6201007	-0.6000000	0.3382399	0.2698658	0.1319180	0.0000000	0.0000000
7000.6209600	7000.0338101	6999.8782813	-0.6401147	-0.6000000	0.4209248	0.2704658	0.1327920	0.0000000	0.0000000
7000.6209600	7000.0338101	6999.8782813	-0.6601288	-0.6000000	0.4179954	0.2693167	0.1312759	0.0000000	0.0000000
7000.6209600	7000.0338101	6999.8782813	-0.6801428	-0.6000000	0.2934772	0.2698922	0.1316593	0.0000000	0.0000000
7000.6209600	7000.0338101	6999.8782813	-0.7001568	-0.6000000	0.2838149	0.2685988	0.1330444	0.0000000	0.0000000
7000.6209600	7000.0338101	6999.8782813	-0.7198372	-0.6000000	0.3241798	0.2687015	0.1323940	0.0000000	0.0000000
7000.6209600	7000.0338101	6999.8782813	-0.7398512	-0.6000000	0.4101218	0.2691157	0.1313403	0.0000000	0.0000000
7000.6209600	7000.0338101	6999.8782813	-0.7598652	-0.6000000	0.3929296	0.2698629	0.1325291	0.0000000	0.0000000
7000.6209600	7000.0338101	6999.8782813	-0.7798792	-0.6000000	0.2704823	0.2704648	0.1312646	0.0000000	0.0000000
7000.6209600	7000.0338101	6999.8782813	-0.7998933	-0.6000000	0.2888475	0.2706782	0.1324178	0.0000000	0.0000000
7000.6209600	7000.0338101	6999.8782813	-0.8199073	-0.6000000	0.3324138	0.2695948	0.1311582	0.0000000	0.0000000
7000.6209600	7000.0338101	6999.8782813	-0.8399213	-0.6000000	0.3636700	0.2696406	0.1318949	0.0000000	0.0000000
7000.6209600	7000.0338101	6999.8782813	-0.8599353	-0.6000000	0.3300944	0.2690292	0.1331298	0.0000000	0.0000000
7000.6209600	7000.0338101	6999.8782813	-0.8799493	-0.6000000	0.2632828	0.2691584	0.1315671	0.0000000	0.0000000
7000.6209600	7000.0338101	6999.8782813	-0.8999633	-0.6000000	0.2933390	0.2686848	0.1336058	0.0000000	0.0000000
7000.6209600	7000.0338101	6999.8782813	-0.9199773	-0.6000000	0.3548888	0.2692404	0.1334580	0.0000000	0.0000000
7000.6209600	7000.0338101	6999.8782813	-0.9399913	-0.6000000	0.3082297	0.2699233	0.1327452	0.0000000	0.0000000
7000.6209600	7000.0338101	6999.8782813	-0.9600053	-0.6000000	0.2764611	0.2689097	0.1319075	0.0000000	0.0000000
7000.6209600	7000.0338101	6999.8782813	-0.9800193	-0.6000000	0.2675463	0.2697113	0.1320255	0.0000000	0.0000000
7000.6209600	7000.0338101	6999.8782813	-1.0000334	-0.6000000	0.3100436	0.2703699	0.1320624	0.0000000	0.0000000
