7000.6209600	7000.0338101	6999.8782813	1.0000334	-0.5800727	0.1144106	0.2728750	0.1337217	0.0000000	-0.5800000
7000.6209600	7000.0338101	6999.8782813	0.9800193	-0.5800000	0.0941614	0.2732648	0.1296978	0.0000000	0.0000000
7000.6209600	7000.0338101	6999.8782813	0.9600053	-0.5800000	0.0835524	0.2725051	0.1298821	0.0000000	0.0000000
7000.6209600	7000.0338101	6999.8782813	0.9399913	-0.5800000	0.0984434	0.2715884	0.1306333	0.0000000	0.0000000
7000.6209600	7000.0338101	6999.8782813	0.9199773	-0.5800000	0.1364493	0.2758505	0.1249690	0.0000000	0.0000000
7000.6209600	7000.0338101	6999.8782813	0.8999633	-0.5800000	0.1498286	0.2712579	0.1353656	0.0000000	0.0000000
7000.6209600	7000.0338101	6999.8782813	0.8799493	-0.5800000	0.1055900	0.2711311	0.1341058	0.0000000	0.0000000
7000.6209600	7000.0338101	6999.8782813	0.8599353	-0.5800000	0.0878999	0.2709424	0.1310084	0.0000000	0.0000000
7000.6209600	7000.0338101	6999.8782813	0.8399213	-0.5800000	0.1089463	0.2730288	0.1289790	0.0000000	0.0000000
7000.6209600	7000.0338101	6999.8782813	0.8199073	-0.5800000	0.1607147	0.2705809	0.1333540	0.0000000	0.0000000
7000.6209600	7000.0338101	6999.8782813	0.7998933	-0.5800000	0.1574985	0.2703417	0.1341422	0.0000000	0.0000000
7000.6209600	7000.0338101	6999.8782813	0.7798792	-0.5800000	0.1044159	0.2695863	0.1321207	0.0000000	0.0000000
7000.6209600	7000.0338101	6999.8782813	0.7598652	-0.5800000	0.1126139	0.2707280	0.1300803	0.0000000	0.0000000
7000.6209600	7000.0338101	6999.8782813	0.7398512	-0.5800000	0.1524508	0.2720966	0.1351038	0.0000000	0.0000000
7000.6209600	7000.0338101	6999.8782813	0.7198372	-0.5800000	0.1891459	0.2715823	0.1377388	0.0000000	0.0000000
7000.6209600	7000.0338101	6999.8782813	0.7001568	-0.5800000	0.1688187	0.2728110	0.1266392	0.0000000	0.0000000
7000.6209600	7000.0338101	6999.8782813	0.6801428	-0.5800000	0.1339907	0.2702325	0.1269249	0.0000000	0.0000000
7000.6209600	7000.0338101	6999.8782813	0.6601288	-0.5800000	0.1206719	0.2697163	0.1332106	0.0000000	0.0000000
7000.6209600	7000.0338101	6999.8782813	0.6401147	-0.5800000	0.1409594	0.2711165	0.1321277	0.0000000	0.0000000
7000.6209600	7000.0338101	6999.8782813	0.6201007	-0.5800000	0.1925522	0.2713269	0.1303862	0.0000000	0.0000000
7000.6209600	7000.0338101	6999.8782813	0.6000867	-0.5800000	0.1886425	0.2722703	0.1280000	0.0000000	0.0000000
7000.6209600	7000.0338101	6999.8782813	0.5800727	-0.5800000	0.1424943	0.2708201	0.1332474	0.0000000	0.0000000
7000.6209600	7000.0338101	6999.8782813	0.5600587	-0.5800000	0.1419308	0.2698412	0.1333463	0.0000000	0.0000000
7000.6209600	7000.0338101	6999.8782813	0.5400447	-0.5800000	0.1605931	0.2716324	0.1329740	0.0000000	0.0000000
7000.6209600	7000.0338101	6999.8782813	0.5200307	-0.5800000	0.2188339	0.2714467	0.1335217	0.0000000	0.0000000
7000.6209600	7000.0338101	6999.8782813	0.5000167	-0.5800000	0.2135027	0.2719233	0.1265718	0.0000000	0.0000000
7000.6209600	7000.0338101	6999.8782813	0.4800027	-0.5800000	0.1663909	0.2713296	0.1293862	0.0000000	0.0000000
7000.6209600	7000.0338101	6999.8782813	0.4599887	-0.5800000	0.1742657	0.2714000	0.1319240	0.0000000	0.0000000
7000.6209600	7000.0338101	6999.8782813	0.4399746	-0.5800000	0.1860935	0.2722722	0.1330968	0.0000000	0.0000000
7000.6209600	7000.0338101	6999.8782813	0.4199606	-0.5800000	0.2288745	0.2719097	0.1322596	0.0000000	0.0000000
7000.6209600	7000.0338101	6999.8782813	0.3999466	-0.5800000	0.2059674	0.2722576	0.1282268	0.0000000	0.0000000
7000.6209600	7000.0338101	6999.8782813	0.3799326	-0.5800000	0.1640421	0.2720333	0.1330511	0.0000000	0.0000000
7000.6209600	7000.0338101	6999.8782813	0.3599186	-0.5800000	0.1802324	0.2712606	0.1341870	0.0000000	0.0000000
7000.6209600	7000.0338101	6999.8782813	0.3399046	-0.5800000	0.2285065	0.2727595	0.1317429	0.0000000	0.0000000
7000.6209600	7000.0338101	6999.8782813	0.3198906	-0.5800000	0.2441000	0.2737734	0.1298517	0.0000000	0.0000000
7000.6209600	7000.0338101	6999.8782813	0.2998766	-0.5800000	0.2222418	0.2733000	0.1286422	0.0000000	0.0000000
7000.6209600	7000.0338101	6999.8782813	0.2798626	-0.5800000	0.1672562	0.2736976	0.1274415	0.0000000	0.0000000
7000.6209600	7000.0338101	6999.8782813	0.2598486	-0.5800000	0.2118253	0.2738914	0.1250292	0.0000000	0.0000000
7000.6209600	7000.0338101	6999.8782813	0.2398346	-0.5800000	0.2521245	0.2723260	0.1329191	0.0000000	0.0000000
7000.6209600	7000.0338101	6999.8782813	0.2201541	-0.5800000	0.2639010	0.2721014	0.1314291	0.0000000	0.0000000
7000.6209600	7000.0338101	6999.8782813	0.2001401	-0.5800000	0.2453934	0.2740110	0.1306982	0.0000000	0.0000000
7000.6209600	7000.0338101	6999.8782813	0.1801261	-0.5800000	0.2040916	0.2734365	0.1304365	0.0000000	0.0000000
7000.6209600	7000.0338101	6999.8782813	0.1601121	-0.5800000	0.2400183	0.2736372	0.1275229	0.0000000	0.0000000
7000.6209600	7000.0338101	6999.8782813	0.1400981	-0.5800000	0.2641473	0.2727432	0.1268673	0.0000000	0.0000000
7000.6209600	7000.0338101	6999.8782813	0.1200841	-0.5800000	0.2638887	0.2730161	0.1259012	0.0000000	0.0000000
7000.6209600	7000.0338101	6999.8782813	0.1000700	-0.5800000	0.2461639	0.2724200	0.1319243	0.0000000	0.0000000
7000.6209600	7000.0338101	6999.8782813	0.0800560	-0.5800000	0.2104388	0.2744829	0.1300979	0.0000000	0.0000000
7000.6209600	7000.0338101	6999.8782813	0.0600420	-0.5800000	0.2651575	0.2749136	0.1290184	0.0000000	0.0000000
7000.6209600	7000.0338101	6999.8782813	0.0400280	-0.5800000	0.3086841	0.2740188	0.1351625	0.0000000	0.0000000
7000.6209600	7000.0338101	6999.8782813	0.0200140	-0.5800000	0.3211012	0.2731841	0.1328680	0.0000000	0.0000000
7000.6209600	7000.0338101	6999.8782813	0.0000000	-0.5800000	0.2611602	0.2735212	0.1277561	0.0000000	0.0000000
7000.6209600	7000.0338101	6999.8782813	-0.0200140	-0.5800000	0.2256851	0.2738730	0.1304424	0.0000000	0.0000000
7000.6209600	7000.0338101	6999.8782813	-0.0400280	-0.5800000	0.2695287	0.2758390	0.1270736	0.0000000	0.0000000
7000.6209600	7000.0338101	6999.8782813	-0.0600420	-0.5800000	0.3122689	0.2754490	0.1285365	0.0000000	0.0000000
7000.6209600	7000.0338101	6999.8782813	-0.0800560	-0.5800000	0.3357529	0.2766370	0.1271080	0.0000000	0.0000000
7000.6209600	7000.0338101	6999.8782813	-0.1000700	-0.5800000	0.3333831	0.2748423	0.1312362	0.0000000	0.0000000
7000.6209600	7000.0338101	6999.8782813	-0.1200841	-0.5800000	0.2711681	0.2745946	0.1328623	0.0000000	0.0000000
7000.6209600	7000.0338101	6999.8782813	-0.1400981	-0.5800000	0.2713164	0.2761941	0.1311558	0.0000000	0.0000000
7000.6209600	7000.0338101	6999.8782813	-0.1601121	-0.5800000	0.3012843	0.2762189	0.1304210	0.0000000	0.0000000
7000.6209600	7000.0338101	6999.8782813	-0.1801261	-0.5800000	0.3733951	0.2767208	0.1294250	0.0000000	0.0000000
7000.6209600	7000.0338101	6999.8782813	-0.2001401	-0.5800000	0.3760255	0.2758025	0.1314612	0.0000000	0.0000000
7000.6209600	7000.0338101	6999.8782813	-0.2201541	-0.5800000	0.3125237	0.2754838	0.1269470	0.0000000	0.0000000
7000.6209600	7000.0338101	6999.8782813	-0.2398346	-0.5800000	0.2688669	0.2756558	0.1329165	0.0000000	0.0000000
7000.6209600	7000.0338101	6999.8782813	-0.2598486	-0.5800000	0.2464015	0.2754980	0.1318871	0.0000000	0.0000000
7000.6209600	7000.0338101	6999.8782813	-0.2798626	-0.5800000	0.3479596	0.2767385	0.1317644	0.0000000	0.0000000
7000.6209600	7000.0338101	6999.8782813	-0.2998766	-0.5800000	0.3698287	0.2770012	0.1322516	0.0000000	0.0000000
7000.6209600	7000.0338101	6999.8782813	-0.3198906	-0.5800000	0.3984507	0.2763414	0.1311902	0.0000000	0.0000000
7000.6209600	7000.0338101	6999.8782813	-0.3399046	-0.5800000	0.3210367	0.2759821	0.1308459	0.0000000	0.0000000
7000.6209600	7000.0338101	6999.8782813	-0.3599186	-0.5800000	0.2881300	0.2761176	0.1305701	0.0000000	0.0000000
7000.6209600	7000.0338101	6999.8782813	-0.3799326	-0.5800000	0.3049366	0.2748307	0.1320906	0.0000000	0.0000000
7000.6209600	7000.0338101	6999.8782813	-0.3999466	-0.5800000	0.3459441	0.2762626	0.1318514	0.0000000	0.0000000
7000.6209600	7000.0338101	6999.8782813	-0.4199606	-0.5800000	0.3962622	0.2760701	0.1317118	0.0000000	0.0000000
7000.6209600	7000.0338101	6999.8782813	-0.4399746	-0.5800000	0.3726564	0.2750134	0.1323628	0.0000000	0.0000000
7000.6209600	7000.0338101	6999.8782813	-0.4599887	-0.5800000	0.3406765	0.2764569	0.1302715	0.0000000	0.0000000
7000.6209600	7000.0338101	6999.8782813	-0.4800027	-0.5800000	0.3057588	0.2764799	0.1316506	0.0000000	0.0000000
7000.6209600	7000.0338101	6999.8782813	-0.5000167	-0.5800000	0.3358134	0.2758872	0.1306110	0.0000000	0.0000000
7000.6209600	7000.0338101	6999.8782813	-0.5200307	-0.5800000	0.3843115	0.2767142	0.1322848	0.0000000	0.0000000
7000.6209600	7000.0338101	6999.8782813	-0.5400447	-0.5800000	0.3774390	0.2763875	0.1315455	0.0000000	0.0000000
7000.6209600	7000.0338101	6999.8782813	-0.5600587	-0.5800000	0.3363490	0.2759801	0.1301338	0.0000000	0.0000000
7000.6209600	7000.0338101	6999.8782813	-0.5800727	-0.5800000	0.3245762	0.2765626	0.1312097	0.0000000	0.0000000
7000.6209600	7000.0338101	6999.8782813	-0.6000867	-0.5800000	0.3622802	0.2753462	0.1297045	0.0000000	0.0000000
7000.6209600	7000.0338101	6999.8782813	-0.6201007	-0.5800000	0.4135393	0.2748774	0.1307084	0.0000000	0.0000000
7000.6209600	7000.0338101	6999.8782813	-0.6401147	-0.5800000	0.3541843	0.2746870	0.1292112	0.0000000	0.0000000
7000.6209600	7000.0338101	6999.8782813	-0.6601288	-0.5800000	0.3316045	0.2761968	0.1309380	0.0000000	0.0000000
7000.6209600	7000.0338101	6999.8782813	-0.6801428	-0.5800000	0.3373296	0.2752936	0.1281339	0.0000000	0.0000000
7000.6209600	7000.0338101	6999.8782813	-0.7001568	-0.5800000	0.3687222	0.2744171	0.1286763	0.0000000	0.0000000
7000.6209600	7000.0338101	6999.8782813	-0.7198372	-0.5800000	0.3946737	0.2751881	0.1293086	0.0000000	0.0000000
7000.6209600	7000.0338101	6999.8782813	-0.7398512	-0.5800000	0.3184862	0.2748143	0.1295255	0.0000000	0.0000000
7000.6209600	7000.0338101	6999.8782813	-0.7598652	-0.5800000	0.2810420	0.2749612	0.1283169	0.0000000	0.0000000
7000.6209600	7000.0338101	6999.8782813	-0.7798792	-0.5800000	0.3180648	0.2753866	0.1274226	0.0000000	0.0000000
7000.6209600	7000.0338101	6999.8782813	-0.7998933	-0.5800000	0.3442671	0.2754777	0.1279589	0.0000000	0.0000000
7000.6209600	7000.0338101	6999.8782813	-0.8199073	-0.5800000	0.3704537	0.2753428	0.1286161	0.0000000	0.0000000
7000.6209600	7000.0338101	6999.8782813	-0.8399213	-0.5800000	0.2532946	0.2742815	0.1298582	0.0000000	0.0000000
7000.6209600	7000.0338101	6999.8782813	-0.8599353	-0.5800000	0.2455552	0.2754028	0.1279645	0.0000000	0.0000000
7000.6209600	7000.0338101	6999.8782813	-0.8799493	-0.5800000	0.3387065	0.2751442	0.1286844	0.0000000	0.0000000
7000.6209600	7000.0338101	6999.8782813	-0.8999633	-0.5800000	0.3457825	0.2752429	0.1281149	0.0000000	0.0000000
7000.6209600	7000.0338101	6999.8782813	-0.9199773	-0.5800000	0.3204819	0.2744625	0.1285883	0.0000000	0.0000000
7000.6209600	7000.0338101	6999.8782813	-0.9399913	-0.5800000	0.2323458	0.2752504	0.1290781	0.0000000	0.0000000
7000.6209600	7000.0338101	6999.8782813	-0.9600053	-0.5800000	0.2204904	0.2745483	0.1294120	0.0000000	0.0000000
7000.6209600	7000.0338101	6999.8782813	-0.9800193	-0.5800000	0.3012620	0.2751465	0.1278617	0.0000000	0.0000000
7000.6209600	7000.0338101	6999.8782813	-1.0000334	-0.5800000	0.2926816	0.2744739	0.1288658	0.0000000	0.0000000
