7000.6209600	7000.0338101	6999.8782813	1.0000334	-0.4199606	0.1488947	0.2702101	0.1300519	0.0000000	-0.4200000
7000.6209600	7000.0338101	6999.8782813	0.9800193	-0.4200000	0.1801573	0.2717808	0.1306008	0.0000000	0.0000000
7000.6209600	7000.0338101	6999.8782813	0.9600053	-0.4200000	0.2013020	0.2725723	0.1302485	0.0000000	0.0000000
7000.6209600	7000.0338101	6999.8782813	0.9399913	-0.4200000	0.2081737	0.2727590	0.1288081	0.0000000	0.0000000
7000.6209600	7000.0338101	6999.8782813	0.9199773	-0.4200000	0.1414611	0.2723748	0.1268729	0.0000000	0.0000000
7000.6209600	7000.0338101	6999.8782813	0.8999633	-0.4200000	0.1382767	0.2707322	0.1311075	0.0000000	0.0000000
7000.6209600	7000.0338101	6999.8782813	0.8799493	-0.4200000	0.1919468	0.2712673	0.1340199	0.0000000	0.0000000
7000.6209600	7000.0338101	6999.8782813	0.8599353	-0.4200000	0.2257144	0.2711149	0.1308953	0.0000000	0.0000000
7000.6209600	7000.0338101	6999.8782813	0.8399213	-0.4200000	0.2019264	0.2717507	0.1297561	0.0000000	0.0000000
7000.6209600	7000.0338101	6999.8782813	0.8199073	-0.4200000	0.1468688	0.2724242	0.1265603	0.0000000	0.0000000
7000.6209600	7000.0338101	6999.8782813	0.7998933	-0.4200000	0.1524354	0.2726348	0.1289004	0.0000000	0.0000000
7000.6209600	7000.0338101	6999.8782813	0.7798792	-0.4200000	0.2194194	0.2709362	0.1307075	0.0000000	0.0000000
7000.6209600	7000.0338101	6999.8782813	0.7598652	-0.4200000	0.2314801	0.2711190	0.1306469	0.0000000	0.0000000
7000.6209600	7000.0338101	6999.8782813	0.7398512	-0.4200000	0.2204583	0.2726700	0.1299465	0.0000000	0.0000000
7000.6209600	7000.0338101	6999.8782813	0.7198372	-0.4200000	0.1673416	0.2717590	0.1347877	0.0000000	0.0000000
7000.6209600	7000.0338101	6999.8782813	0.7001568	-0.4200000	0.1759657	0.2721069	0.1322322	0.0000000	0.0000000
7000.6209600	7000.0338101	6999.8782813	0.6801428	-0.4200000	0.1999769	0.2700103	0.1285846	0.0000000	0.0000000
7000.6209600	7000.0338101	6999.8782813	0.6601288	-0.4200000	0.2659714	0.2718605	0.1281400	0.0000000	0.0000000
7000.6209600	7000.0338101	6999.8782813	0.6401147	-0.4200000	0.2523063	0.2711506	0.1261754	0.0000000	0.0000000
7000.6209600	7000.0338101	6999.8782813	0.6201007	-0.4200000	0.1842024	0.2733434	0.1293075	0.0000000	0.0000000
7000.6209600	7000.0338101	6999.8782813	0.6000867	-0.4200000	0.1750470	0.2713341	0.1306594	0.0000000	0.0000000
7000.6209600	7000.0338101	6999.8782813	0.5800727	-0.4200000	0.2424696	0.2722703	0.1302222	0.0000000	0.0000000
7000.6209600	7000.0338101	6999.8782813	0.5600587	-0.4200000	0.2895148	0.2750905	0.1257367	0.0000000	0.0000000
7000.6209600	7000.0338101	6999.8782813	0.5400447	-0.4200000	0.2702095	0.2740944	0.1263933	0.0000000	0.0000000
7000.6209600	7000.0338101	6999.8782813	0.5200307	-0.4200000	0.1869713	0.2735833	0.1267800	0.0000000	0.0000000
7000.6209600	7000.0338101	6999.8782813	0.5000167	-0.4200000	0.2044961	0.2729891	0.1278584	0.0000000	0.0000000
7000.6209600	7000.0338101	6999.8782813	0.4800027	-0.4200000	0.2730994	0.2727476	0.1269784	0.0000000	0.0000000
7000.6209600	7000.0338101	6999.8782813	0.4599887	-0.4200000	0.3129338	0.2745680	0.1276476	0.0000000	0.0000000
7000.6209600	7000.0338101	6999.8782813	0.4399746	-0.4200000	0.2773838	0.2736113	0.1289647	0.0000000	0.0000000
7000.6209600	7000.0338101	6999.8782813	0.4199606	-0.4200000	0.1858942	0.2712042	0.1233407	0.0000000	0.0000000
7000.6209600	7000.0338101	6999.8782813	0.3999466	-0.4200000	0.2044576	0.2718156	0.1294567	0.0000000	0.0000000
7000.6209600	7000.0338101	6999.8782813	0.3799326	-0.4200000	0.2814448	0.2745684	0.1303811	0.0000000	0.0000000
7000.6209600	7000.0338101	6999.8782813	0.3599186	-0.4200000	0.3283678	0.2725903	0.1324790	0.0000000	0.0000000
7000.6209600	7000.0338101	6999.8782813	0.3399046	-0.4200000	0.3282827	0.2733029	0.1286750	0.0000000	0.0000000
7000.6209600	7000.0338101	6999.8782813	0.3198906	-0.4200000	0.2261173	0.2739556	0.1250085	0.0000000	0.0000000
7000.6209600	7000.0338101	6999.8782813	0.2998766	-0.4200000	0.2359883	0.2735056	0.1209167	0.0000000	0.0000000
7000.6209600	7000.0338101	6999.8782813	0.2798626	-0.4200000	0.3193788	0.2707954	0.1302864	0.0000000	0.0000000
7000.6209600	7000.0338101	6999.8782813	0.2598486	-0.4200000	0.3398292	0.2712516	0.1303351	0.0000000	0.0000000
7000.6209600	7000.0338101	6999.8782813	0.2398346	-0.4200000	0.2994395	0.2717061	0.1303311	0.0000000	0.0000000
7000.6209600	7000.0338101	6999.8782813	0.2201541	-0.4200000	0.2323661	0.2722192	0.1239453	0.0000000	0.0000000
7000.6209600	7000.0338101	6999.8782813	0.2001401	-0.4200000	0.2557327	0.2727112	0.1247806	0.0000000	0.0000000
7000.6209600	7000.0338101	6999.8782813	0.1801261	-0.4200000	0.3087728	0.2727532	0.1240313	0.0000000	0.0000000
7000.6209600	7000.0338101	6999.8782813	0.1601121	-0.4200000	0.3612809	0.2708810	0.1317726	0.0000000	0.0000000
7000.6209600	7000.0338101	6999.8782813	0.1400981	-0.4200000	0.3382024	0.2730773	0.1303804	0.0000000	0.0000000
7000.6209600	7000.0338101	6999.8782813	0.1200841	-0.4200000	0.2674636	0.2730156	0.1319496	0.0000000	0.0000000
7000.6209600	7000.0338101	6999.8782813	0.1000700	-0.4200000	0.2863589	0.2736637	0.1283358	0.0000000	0.0000000
7000.6209600	7000.0338101	6999.8782813	0.0800560	-0.4200000	0.3339270	0.2731765	0.1252924	0.0000000	0.0000000
7000.6209600	7000.0338101	6999.8782813	0.0600420	-0.4200000	0.3679821	0.2737450	0.1250663	0.0000000	0.0000000
7000.6209600	7000.0338101	6999.8782813	0.0400280	-0.4200000	0.3519037	0.2701206	0.1312312	0.0000000	0.0000000
7000.6209600	7000.0338101	6999.8782813	0.0200140	-0.4200000	0.2636161	0.2710828	0.1309250	0.0000000	0.0000000
7000.6209600	7000.0338101	6999.8782813	0.0000000	-0.4200000	0.2806459	0.2719279	0.1288235	0.0000000	0.0000000
7000.6209600	7000.0338101	6999.8782813	-0.0200140	-0.4200000	0.3607065	0.2708053	0.1320457	0.0000000	0.0000000
7000.6209600	7000.0338101	6999.8782813	-0.0400280	-0.4200000	0.4066008	0.2711287	0.1322842	0.0000000	0.0000000
7000.6209600	7000.0338101	6999.8782813	-0.0600420	-0.4200000	0.3791771	0.2718512	0.1317544	0.0000000	0.0000000
7000.6209600	7000.0338101	6999.8782813	-0.0800560	-0.4200000	0.2889230	0.2714872	0.1316451	0.0000000	0.0000000
7000.6209600	7000.0338101	6999.8782813	-0.1000700	-0.4200000	0.3077579	0.2718927	0.1308138	0.0000000	0.0000000
7000.6209600	7000.0338101	6999.8782813	-0.1200841	-0.4200000	0.3335322	0.2707349	0.1279377	0.0000000	0.0000000
7000.6209600	7000.0338101	6999.8782813	-0.1400981	-0.4200000	0.3840129	0.2726278	0.1225653	0.0000000	0.0000000
7000.6209600	7000.0338101	6999.8782813	-0.1601121	-0.4200000	0.4360564	0.2716208	0.1295107	0.0000000	0.0000000
7000.6209600	7000.0338101	6999.8782813	-0.1801261	-0.4200000	0.3090649	0.2709742	0.1335311	0.0000000	0.0000000
7000.6209600	7000.0338101	6999.8782813	-0.2001401	-0.4200000	0.2837794	0.2714930	0.1309243	0.0000000	0.0000000
7000.6209600	7000.0338101	6999.8782813	-0.2201541	-0.4200000	0.2863945	0.2723375	0.1290563	0.0000000	0.0000000
7000.6209600	7000.0338101	6999.8782813	-0.2398346	-0.4200000	0.3716606	0.2708459	0.1297834	0.0000000	0.0000000
7000.6209600	7000.0338101	6999.8782813	-0.2598486	-0.4200000	0.4030867	0.2717783	0.1319407	0.0000000	0.0000000
7000.6209600	7000.0338101	6999.8782813	-0.2798626	-0.4200000	0.3704683	0.2718984	0.1292531	0.0000000	0.0000000
7000.6209600	7000.0338101	6999.8782813	-0.2998766	-0.4200000	0.3708723	0.2701194	0.1323798	0.0000000	0.0000000
7000.6209600	7000.0338101	6999.8782813	-0.3198906	-0.4200000	0.3224751	0.2711782	0.1323872	0.0000000	0.0000000
7000.6209600	7000.0338101	6999.8782813	-0.3399046	-0.4200000	0.3166636	0.2703431	0.1311266	0.0000000	0.0000000
7000.6209600	7000.0338101	6999.8782813	-0.3599186	-0.4200000	0.3291431	0.2690702	0.1286775	0.0000000	0.0000000
7000.6209600	7000.0338101	6999.8782813	-0.3799326	-0.4200000	0.3799478	0.2723063	0.1232765	0.0000000	0.0000000
7000.6209600	7000.0338101	6999.8782813	-0.3999466	-0.4200000	0.4211439	0.2718816	0.1291971	0.0000000	0.0000000
7000.6209600	7000.0338101	6999.8782813	-0.4199606	-0.4200000	0.3729806	0.2730393	0.1290371	0.0000000	0.0000000
7000.6209600	7000.0338101	6999.8782813	-0.4399746	-0.4200000	0.3205996	0.2726381	0.1317340	0.0000000	0.0000000
7000.6209600	7000.0338101	6999.8782813	-0.4599887	-0.4200000	0.3434907	0.2717228	0.1323545	0.0000000	0.0000000
7000.6209600	7000.0338101	6999.8782813	-0.4800027	-0.4200000	0.4155652	0.2703217	0.1335156	0.0000000	0.0000000
7000.6209600	7000.0338101	6999.8782813	-0.5000167	-0.4200000	0.3793735	0.2731028	0.1212544	0.0000000	0.0000000
7000.6209600	7000.0338101	6999.8782813	-0.5200307	-0.4200000	0.3503572	0.2730197	0.1229448	0.0000000	0.0000000
7000.6209600	7000.0338101	6999.8782813	-0.5400447	-0.4200000	0.3390405	0.2707965	0.1329581	0.0000000	0.0000000
7000.6209600	7000.0338101	6999.8782813	-0.5600587	-0.4200000	0.3287505	0.2711968	0.1329104	0.0000000	0.0000000
7000.6209600	7000.0338101	6999.8782813	-0.5800727	-0.4200000	0.3814395	0.2723792	0.1274412	0.0000000	0.0000000
7000.6209600	7000.0338101	6999.8782813	-0.6000867	-0.4200000	0.3605753	0.2721578	0.1267780	0.0000000	0.0000000
7000.6209600	7000.0338101	6999.8782813	-0.6201007	-0.4200000	0.3190902	0.2706025	0.1310453	0.0000000	0.0000000
7000.6209600	7000.0338101	6999.8782813	-0.6401147	-0.4200000	0.2824351	0.2711661	0.1317057	0.0000000	0.0000000
7000.6209600	7000.0338101	6999.8782813	-0.6601288	-0.4200000	0.2828882	0.2711377	0.1306881	0.0000000	0.0000000
7000.6209600	7000.0338101	6999.8782813	-0.6801428	-0.4200000	0.3249822	0.2708508	0.1308778	0.0000000	0.0000000
7000.6209600	7000.0338101	6999.8782813	-0.7001568	-0.4200000	0.3033982	0.2707047	0.1305049	0.0000000	0.0000000
7000.6209600	7000.0338101	6999.8782813	-0.7198372	-0.4200000	0.2822168	0.2724307	0.1264113	0.0000000	0.0000000
7000.6209600	7000.0338101	6999.8782813	-0.7398512	-0.4200000	0.2426909	0.2723152	0.1254178	0.0000000	0.0000000
7000.6209600	7000.0338101	6999.8782813	-0.7598652	-0.4200000	0.2653795	0.2730360	0.1242198	0.0000000	0.0000000
7000.6209600	7000.0338101	6999.8782813	-0.7798792	-0.4200000	0.3255851	0.2725432	0.1271003	0.0000000	0.0000000
7000.6209600	7000.0338101	6999.8782813	-0.7998933	-0.4200000	0.2853905	0.2714340	0.1292234	0.0000000	0.0000000
7000.6209600	7000.0338101	6999.8782813	-0.8199073	-0.4200000	0.2141013	0.2717599	0.1277281	0.0000000	0.0000000
7000.6209600	7000.0338101	6999.8782813	-0.8399213	-0.4200000	0.2343589	0.2716339	0.1268538	0.0000000	0.0000000
7000.6209600	7000.0338101	6999.8782813	-0.8599353	-0.4200000	0.2566353	0.2724148	0.1271915	0.0000000	0.0000000
7000.6209600	7000.0338101	6999.8782813	-0.8799493	-0.4200000	0.2383301	0.2716276	0.1309222	0.0000000	0.0000000
7000.6209600	7000.0338101	6999.8782813	-0.8999633	-0.4200000	0.2244546	0.2720841	0.1312787	0.0000000	0.0000000
7000.6209600	7000.0338101	6999.8782813	-0.9199773	-0.4200000	0.2006499	0.2738457	0.1296958	0.0000000	0.0000000
7000.6209600	7000.0338101	6999.8782813	-0.9399913	-0.4200000	0.2496477	0.2735719	0.1301833	0.0000000	0.0000000
7000.6209600	7000.0338101	6999.8782813	-0.9600053	-0.4200000	0.2375341	0.2726031	0.1295928	0.0000000	0.0000000
7000.6209600	7000.0338101	6999.8782813	-0.9800193	-0.4200000	0.1905291	0.2760382	0.1212968	0.0000000	0.0000000
7000.6209600	7000.0338101	6999.8782813	-1.0000334	-0.4200000	0.1838433	0.2743750	0.1264120	0.0000000	0.0000000
