7000.6209600	7000.0338101	6999.8782813	1.0000334	-0.0600420	0.3574448	0.2751187	0.1271287	0.0000000	-0.0600000
7000.6209600	7000.0338101	6999.8782813	0.9800193	-0.0600000	0.3168418	0.2741837	0.1271188	0.0000000	0.0000000
7000.6209600	7000.0338101	6999.8782813	0.9600053	-0.0600000	0.2694028	0.2761877	0.1302426	0.0000000	0.0000000
7000.6209600	7000.0338101	6999.8782813	0.9399913	-0.0600000	0.2702168	0.2748855	0.1323018	0.0000000	0.0000000
7000.6209600	7000.0338101	6999.8782813	0.9199773	-0.0600000	0.3152028	0.2747648	0.1246938	0.0000000	0.0000000
7000.6209600	7000.0338101	6999.8782813	0.8999633	-0.0600000	0.3433812	0.2767268	0.1253632	0.0000000	0.0000000
7000.6209600	7000.0338101	6999.8782813	0.8799493	-0.0600000	0.3569675	0.2740378	0.1285742	0.0000000	0.0000000
7000.6209600	7000.0338101	6999.8782813	0.8599353	-0.0600000	0.2647615	0.2723580	0.1291261	0.0000000	0.0000000
7000.6209600	7000.0338101	6999.8782813	0.8399213	-0.0600000	0.2566268	0.2759325	0.1225256	0.0000000	0.0000000
7000.6209600	7000.0338101	6999.8782813	0.8199073	-0.0600000	0.3414911	0.2786713	0.1231595	0.0000000	0.0000000
7000.6209600	7000.0338101	6999.8782813	0.7998933	-0.0600000	0.3555198	0.2794265	0.1213583	0.0000000	0.0000000
7000.6209600	7000.0338101	6999.8782813	0.7798792	-0.0600000	0.3118812	0.2754441	0.1216373	0.0000000	0.0000000
7000.6209600	7000.0338101	6999.8782813	0.7598652	-0.0600000	0.2897574	0.2765536	0.1283759	0.0000000	0.0000000
7000.6209600	7000.0338101	6999.8782813	0.7398512	-0.0600000	0.2819578	0.2761757	0.1259905	0.0000000	0.0000000
7000.6209600	7000.0338101	6999.8782813	0.7198372	-0.0600000	0.3872825	0.2751705	0.1323762	0.0000000	0.0000000
7000.6209600	7000.0338101	6999.8782813	0.7001568	-0.0600000	0.3431642	0.2761787	0.1203099	0.0000000	0.0000000
7000.6209600	7000.0338101	6999.8782813	0.6801428	-0.0600000	0.3521361	0.2791140	0.1240864	0.0000000	0.0000000
7000.6209600	7000.0338101	6999.8782813	0.6601288	-0.0600000	0.2677269	0.2762194	0.1252673	0.0000000	0.0000000
7000.6209600	7000.0338101	6999.8782813	0.6401147	-0.0600000	0.2674272	0.2771056	0.1257191	0.0000000	0.0000000
7000.6209600	7000.0338101	6999.8782813	0.6201007	-0.0600000	0.3649229	0.2765093	0.1253434	0.0000000	0.0000000
7000.6209600	7000.0338101	6999.8782813	0.6000867	-0.0600000	0.3664266	0.2756890	0.1250057	0.0000000	0.0000000
7000.6209600	7000.0338101	6999.8782813	0.5800727	-0.0600000	0.3581305	0.2786542	0.1232313	0.0000000	0.0000000
7000.6209600	7000.0338101	6999.8782813	0.5600587	-0.0600000	0.2976921	0.2753761	0.1374437	0.0000000	0.0000000
7000.6209600	7000.0338101	6999.8782813	0.5400447	-0.0600000	0.2892609	0.2759934	0.1348322	0.0000000	0.0000000
7000.6209600	7000.0338101	6999.8782813	0.5200307	-0.0600000	0.3941627	0.2763363	0.1295453	0.0000000	0.0000000
7000.6209600	7000.0338101	6999.8782813	0.5000167	-0.0600000	0.4172810	0.2789952	0.1285295	0.0000000	0.0000000
7000.6209600	7000.0338101	6999.8782813	0.4800027	-0.0600000	0.3937904	0.2771125	0.1365123	0.0000000	0.0000000
7000.6209600	7000.0338101	6999.8782813	0.4599887	-0.0600000	0.2814723	0.2772712	0.1319590	0.0000000	0.0000000
7000.6209600	7000.0338101	6999.8782813	0.4399746	-0.0600000	0.2955770	0.2774731	0.1343267	0.0000000	0.0000000
7000.6209600	7000.0338101	6999.8782813	0.4199606	-0.0600000	0.4129103	0.2771812	0.1309919	0.0000000	0.0000000
7000.6209600	7000.0338101	6999.8782813	0.3999466	-0.0600000	0.4116785	0.2781749	0.1323813	0.0000000	0.0000000
7000.6209600	7000.0338101	6999.8782813	0.3799326	-0.0600000	0.3761035	0.2771621	0.1358440	0.0000000	0.0000000
7000.6209600	7000.0338101	6999.8782813	0.3599186	-0.0600000	0.3108337	0.2786942	0.1297241	0.0000000	0.0000000
7000.6209600	7000.0338101	6999.8782813	0.3399046	-0.0600000	0.2986519	0.2762748	0.1370240	0.0000000	0.0000000
7000.6209600	7000.0338101	6999.8782813	0.3198906	-0.0600000	0.4311466	0.2757644	0.1343136	0.0000000	0.0000000
7000.6209600	7000.0338101	6999.8782813	0.2998766	-0.0600000	0.4138884	0.2789703	0.1265261	0.0000000	0.0000000
7000.6209600	7000.0338101	6999.8782813	0.2798626	-0.0600000	0.3524437	0.2797683	0.1339873	0.0000000	0.0000000
7000.6209600	7000.0338101	6999.8782813	0.2598486	-0.0600000	0.2973979	0.2780459	0.1346948	0.0000000	0.0000000
7000.6209600	7000.0338101	6999.8782813	0.2398346	-0.0600000	0.3315641	0.2782563	0.1359506	0.0000000	0.0000000
7000.6209600	7000.0338101	6999.8782813	0.2201541	-0.0600000	0.4481318	0.2776495	0.1327637	0.0000000	0.0000000
7000.6209600	7000.0338101	6999.8782813	0.2001401	-0.0600000	0.4192295	0.2778452	0.1327079	0.0000000	0.0000000
7000.6209600	7000.0338101	6999.8782813	0.1801261	-0.0600000	0.3443195	0.2791554	0.1283047	0.0000000	0.0000000
7000.6209600	7000.0338101	6999.8782813	0.1601121	-0.0600000	0.2866163	0.2786991	0.1288563	0.0000000	0.0000000
7000.6209600	7000.0338101	6999.8782813	0.1400981	-0.0600000	0.2935048	0.2784915	0.1343556	0.0000000	0.0000000
7000.6209600	7000.0338101	6999.8782813	0.1200841	-0.0600000	0.4444978	0.2799161	0.1360870	0.0000000	0.0000000
7000.6209600	7000.0338101	6999.8782813	0.1000700	-0.0600000	0.4142192	0.2768230	0.1327988	0.0000000	0.0000000
7000.6209600	7000.0338101	6999.8782813	0.0800560	-0.0600000	0.3179916	0.2785995	0.1289697	0.0000000	0.0000000
7000.6209600	7000.0338101	6999.8782813	0.0600420	-0.0600000	0.2864417	0.2767850	0.1327400	0.0000000	0.0000000
7000.6209600	7000.0338101	6999.8782813	0.0400280	-0.0600000	0.2967456	0.2773322	0.1282600	0.0000000	0.0000000
7000.6209600	7000.0338101	6999.8782813	0.0200140	-0.0600000	0.4201373	0.2763756	0.1318993	0.0000000	0.0000000
7000.6209600	7000.0338101	6999.8782813	0.0000000	-0.0600000	0.3972238	0.2774802	0.1275953	0.0000000	0.0000000
7000.6209600	7000.0338101	6999.8782813	-0.0200140	-0.0600000	0.3327866	0.2778602	0.1246324	0.0000000	0.0000000
7000.6209600	7000.0338101	6999.8782813	-0.0400280	-0.0600000	0.3017036	0.2792623	0.1249700	0.0000000	0.0000000
7000.6209600	7000.0338101	6999.8782813	-0.0600420	-0.0600000	0.2969288	0.2774265	0.1301077	0.0000000	0.0000000
7000.6209600	7000.0338101	6999.8782813	-0.0800560	-0.0600000	0.3765153	0.2785970	0.1282855	0.0000000	0.0000000
7000.6209600	7000.0338101	6999.8782813	-0.1000700	-0.0600000	0.3933252	0.2795110	0.1284667	0.0000000	0.0000000
7000.6209600	7000.0338101	6999.8782813	-0.1200841	-0.0600000	0.3961895	0.2771456	0.1360724	0.0000000	0.0000000
7000.6209600	7000.0338101	6999.8782813	-0.1400981	-0.0600000	0.2821995	0.2806562	0.1253822	0.0000000	0.0000000
7000.6209600	7000.0338101	6999.8782813	-0.1601121	-0.0600000	0.2709039	0.2824188	0.1264430	0.0000000	0.0000000
7000.6209600	7000.0338101	6999.8782813	-0.1801261	-0.0600000	0.3449951	0.2783292	0.1300166	0.0000000	0.0000000
7000.6209600	7000.0338101	6999.8782813	-0.2001401	-0.0600000	0.3373569	0.2794745	0.1288838	0.0000000	0.0000000
7000.6209600	7000.0338101	6999.8782813	-0.2201541	-0.0600000	0.3494840	0.2797729	0.1306301	0.0000000	0.0000000
7000.6209600	7000.0338101	6999.8782813	-0.2398346	-0.0600000	0.2950026	0.2804753	0.1256494	0.0000000	0.0000000
7000.6209600	7000.0338101	6999.8782813	-0.2598486	-0.0600000	0.2768414	0.2802241	0.1260636	0.0000000	0.0000000
7000.6209600	7000.0338101	6999.8782813	-0.2798626	-0.0600000	0.2680338	0.2788066	0.1283518	0.0000000	0.0000000
7000.6209600	7000.0338101	6999.8782813	-0.2998766	-0.0600000	0.2721528	0.2783467	0.1314222	0.0000000	0.0000000
7000.6209600	7000.0338101	6999.8782813	-0.3198906	-0.0600000	0.3121549	0.2785214	0.1289116	0.0000000	0.0000000
7000.6209600	7000.0338101	6999.8782813	-0.3399046	-0.0600000	0.3332262	0.2779045	0.1255546	0.0000000	0.0000000
7000.6209600	7000.0338101	6999.8782813	-0.3599186	-0.0600000	0.3075201	0.2761594	0.1307183	0.0000000	0.0000000
7000.6209600	7000.0338101	6999.8782813	-0.3799326	-0.0600000	0.2027957	0.2770216	0.1302590	0.0000000	0.0000000
7000.6209600	7000.0338101	6999.8782813	-0.3999466	-0.0600000	0.1960365	0.2777185	0.1293877	0.0000000	0.0000000
7000.6209600	7000.0338101	6999.8782813	-0.4199606	-0.0600000	0.2346119	0.2762313	0.1271461	0.0000000	0.0000000
7000.6209600	7000.0338101	6999.8782813	-0.4399746	-0.0600000	0.3172637	0.2764197	0.1290260	0.0000000	0.0000000
7000.6209600	7000.0338101	6999.8782813	-0.4599887	-0.0600000	0.3068138	0.2762085	0.1310525	0.0000000	0.0000000
7000.6209600	7000.0338101	6999.8782813	-0.4800027	-0.0600000	0.1861521	0.2772510	0.1280168	0.0000000	0.0000000
7000.6209600	7000.0338101	6999.8782813	-0.5000167	-0.0600000	0.1769252	0.2769254	0.1253160	0.0000000	0.0000000
7000.6209600	7000.0338101	6999.8782813	-0.5200307	-0.0600000	0.2004225	0.2766116	0.1253036	0.0000000	0.0000000
7000.6209600	7000.0338101	6999.8782813	-0.5400447	-0.0600000	0.2537728	0.2754258	0.1239885	0.0000000	0.0000000
7000.6209600	7000.0338101	6999.8782813	-0.5600587	-0.0600000	0.2546223	0.2764696	0.1278477	0.0000000	0.0000000
7000.6209600	7000.0338101	6999.8782813	-0.5800727	-0.0600000	0.1487255	0.2764899	0.1280107	0.0000000	0.0000000
7000.6209600	7000.0338101	6999.8782813	-0.6000867	-0.0600000	0.1396313	0.2764087	0.1314752	0.0000000	0.0000000
7000.6209600	7000.0338101	6999.8782813	-0.6201007	-0.0600000	0.1584320	0.2759489	0.1238218	0.0000000	0.0000000
7000.6209600	7000.0338101	6999.8782813	-0.6401147	-0.0600000	0.2301387	0.2746288	0.1265222	0.0000000	0.0000000
7000.6209600	7000.0338101	6999.8782813	-0.6601288	-0.0600000	0.2152395	0.2757451	0.1300739	0.0000000	0.0000000
7000.6209600	7000.0338101	6999.8782813	-0.6801428	-0.0600000	0.1192104	0.2754951	0.1297195	0.0000000	0.0000000
7000.6209600	7000.0338101	6999.8782813	-0.7001568	-0.0600000	0.1347375	0.2743105	0.1299290	0.0000000	0.0000000
7000.6209600	7000.0338101	6999.8782813	-0.7198372	-0.0600000	0.1540969	0.2753529	0.1269520	0.0000000	0.0000000
7000.6209600	7000.0338101	6999.8782813	-0.7398512	-0.0600000	0.1947487	0.2766320	0.1247494	0.0000000	0.0000000
7000.6209600	7000.0338101	6999.8782813	-0.7598652	-0.0600000	0.1623519	0.2770219	0.1201058	0.0000000	0.0000000
7000.6209600	7000.0338101	6999.8782813	-0.7798792	-0.0600000	0.1022969	0.2772051	0.1250601	0.0000000	0.0000000
7000.6209600	7000.0338101	6999.8782813	-0.7998933	-0.0600000	0.1173601	0.2747856	0.1314541	0.0000000	0.0000000
7000.6209600	7000.0338101	6999.8782813	-0.8199073	-0.0600000	0.1537693	0.2750771	0.1299648	0.0000000	0.0000000
7000.6209600	7000.0338101	6999.8782813	-0.8399213	-0.0600000	0.1573296	0.2761434	0.1302838	0.0000000	0.0000000
7000.6209600	7000.0338101	6999.8782813	-0.8599353	-0.0600000	0.1292501	0.2772375	0.1264083	0.0000000	0.0000000
7000.6209600	7000.0338101	6999.8782813	-0.8799493	-0.0600000	0.0984769	0.2768964	0.1270629	0.0000000	0.0000000
7000.6209600	7000.0338101	6999.8782813	-0.8999633	-0.0600000	0.1182833	0.2758739	0.1309972	0.0000000	0.0000000
7000.6209600	7000.0338101	6999.8782813	-0.9199773	-0.0600000	0.1461130	0.2760433	0.1301521	0.0000000	0.0000000
7000.6209600	7000.0338101	6999.8782813	-0.9399913	-0.0600000	0.0936060	0.2746736	0.1314410	0.0000000	0.0000000
7000.6209600	7000.0338101	6999.8782813	-0.9600053	-0.0600000	0.0757924	0.2761986	0.1285507	0.0000000	0.0000000
7000.6209600	7000.0338101	6999.8782813	-0.9800193	-0.0600000	0.1143507	0.2750470	0.1291780	0.0000000	0.0000000
7000.6209600	7000.0338101	6999.8782813	-1.0000334	-0.0600000	0.1184269	0.2764536	0.1293397	0.0000000	0.0000000
