7000.6209600	7000.0338101	6999.8782813	1.0000334	-0.7598652	0.0467793	0.2661239	0.1341903	0.0000000	-0.7600000
7000.6209600	7000.0338101	6999.8782813	0.9800193	-0.7600000	0.0333984	0.2652084	0.1334684	0.0000000	0.0000000
7000.6209600	7000.0338101	6999.8782813	0.9600053	-0.7600000	0.0431288	0.2660292	0.1364247	0.0000000	0.0000000
7000.6209600	7000.0338101	6999.8782813	0.9399913	-0.7600000	0.0437008	0.2638148	0.1308427	0.0000000	0.0000000
7000.6209600	7000.0338101	6999.8782813	0.9199773	-0.7600000	0.0743207	0.2651063	0.1339877	0.0000000	0.0000000
7000.6209600	7000.0338101	6999.8782813	0.8999633	-0.7600000	0.0747198	0.2643760	0.1327769	0.0000000	0.0000000
7000.6209600	7000.0338101	6999.8782813	0.8799493	-0.7600000	0.0391483	0.2637120	0.1298911	0.0000000	0.0000000
7000.6209600	7000.0338101	6999.8782813	0.8599353	-0.7600000	0.0453007	0.2649440	0.1335892	0.0000000	0.0000000
7000.6209600	7000.0338101	6999.8782813	0.8399213	-0.7600000	0.0565226	0.2651145	0.1320608	0.0000000	0.0000000
7000.6209600	7000.0338101	6999.8782813	0.8199073	-0.7600000	0.0813619	0.2645422	0.1326472	0.0000000	0.0000000
7000.6209600	7000.0338101	6999.8782813	0.7998933	-0.7600000	0.0747140	0.2657426	0.1346218	0.0000000	0.0000000
7000.6209600	7000.0338101	6999.8782813	0.7798792	-0.7600000	0.0510217	0.2653069	0.1366235	0.0000000	0.0000000
7000.6209600	7000.0338101	6999.8782813	0.7598652	-0.7600000	0.0567415	0.2659226	0.1354968	0.0000000	0.0000000
7000.6209600	7000.0338101	6999.8782813	0.7398512	-0.7600000	0.0815701	0.2650300	0.1340043	0.0000000	0.0000000
7000.6209600	7000.0338101	6999.8782813	0.7198372	-0.7600000	0.0973889	0.2656276	0.1335297	0.0000000	0.0000000
7000.6209600	7000.0338101	6999.8782813	0.7001568	-0.7600000	0.0962504	0.2649396	0.1327823	0.0000000	0.0000000
7000.6209600	7000.0338101	6999.8782813	0.6801428	-0.7600000	0.0604656	0.2649503	0.1341763	0.0000000	0.0000000
7000.6209600	7000.0338101	6999.8782813	0.6601288	-0.7600000	0.0559658	0.2654717	0.1326563	0.0000000	0.0000000
7000.6209600	7000.0338101	6999.8782813	0.6401147	-0.7600000	0.0750286	0.2645437	0.1325702	0.0000000	0.0000000
7000.6209600	7000.0338101	6999.8782813	0.6201007	-0.7600000	0.1097876	0.2641052	0.1330884	0.0000000	0.0000000
7000.6209600	7000.0338101	6999.8782813	0.6000867	-0.7600000	0.1084867	0.2636174	0.1320032	0.0000000	0.0000000
7000.6209600	7000.0338101	6999.8782813	0.5800727	-0.7600000	0.0710007	0.2636989	0.1315934	0.0000000	0.0000000
7000.6209600	7000.0338101	6999.8782813	0.5600587	-0.7600000	0.0754178	0.2630662	0.1313306	0.0000000	0.0000000
7000.6209600	7000.0338101	6999.8782813	0.5400447	-0.7600000	0.1006262	0.2637246	0.1331178	0.0000000	0.0000000
7000.6209600	7000.0338101	6999.8782813	0.5200307	-0.7600000	0.1340817	0.2644554	0.1327816	0.0000000	0.0000000
7000.6209600	7000.0338101	6999.8782813	0.5000167	-0.7600000	0.1251731	0.2647297	0.1340574	0.0000000	0.0000000
7000.6209600	7000.0338101	6999.8782813	0.4800027	-0.7600000	0.0984072	0.2656945	0.1353861	0.0000000	0.0000000
7000.6209600	7000.0338101	6999.8782813	0.4599887	-0.7600000	0.0867373	0.2641123	0.1311536	0.0000000	0.0000000
7000.6209600	7000.0338101	6999.8782813	0.4399746	-0.7600000	0.1160985	0.2631428	0.1323091	0.0000000	0.0000000
7000.6209600	7000.0338101	6999.8782813	0.4199606	-0.7600000	0.1468965	0.2639885	0.1332510	0.0000000	0.0000000
7000.6209600	7000.0338101	6999.8782813	0.3999466	-0.7600000	0.1494722	0.2652632	0.1351527	0.0000000	0.0000000
7000.6209600	7000.0338101	6999.8782813	0.3799326	-0.7600000	0.1039958	0.2647490	0.1319598	0.0000000	0.0000000
7000.6209600	7000.0338101	6999.8782813	0.3599186	-0.7600000	0.1231440	0.2641111	0.1329292	0.0000000	0.0000000
7000.6209600	7000.0338101	6999.8782813	0.3399046	-0.7600000	0.1427606	0.2639241	0.1308164	0.0000000	0.0000000
7000.6209600	7000.0338101	6999.8782813	0.3198906	-0.7600000	0.1710826	0.2648860	0.1329944	0.0000000	0.0000000
7000.6209600	7000.0338101	6999.8782813	0.2998766	-0.7600000	0.1725790	0.2634806	0.1347461	0.0000000	0.0000000
7000.6209600	7000.0338101	6999.8782813	0.2798626	-0.7600000	0.1201444	0.2637340	0.1310215	0.0000000	0.0000000
7000.6209600	7000.0338101	6999.8782813	0.2598486	-0.7600000	0.1563035	0.2631738	0.1303005	0.0000000	0.0000000
7000.6209600	7000.0338101	6999.8782813	0.2398346	-0.7600000	0.1740833	0.2631720	0.1283628	0.0000000	0.0000000
7000.6209600	7000.0338101	6999.8782813	0.2201541	-0.7600000	0.1810935	0.2631001	0.1305446	0.0000000	0.0000000
7000.6209600	7000.0338101	6999.8782813	0.2001401	-0.7600000	0.1759601	0.2639902	0.1301343	0.0000000	0.0000000
7000.6209600	7000.0338101	6999.8782813	0.1801261	-0.7600000	0.1402372	0.2642385	0.1326195	0.0000000	0.0000000
7000.6209600	7000.0338101	6999.8782813	0.1601121	-0.7600000	0.1572596	0.2636886	0.1329923	0.0000000	0.0000000
7000.6209600	7000.0338101	6999.8782813	0.1400981	-0.7600000	0.1906868	0.2638483	0.1316544	0.0000000	0.0000000
7000.6209600	7000.0338101	6999.8782813	0.1200841	-0.7600000	0.2072671	0.2645420	0.1335784	0.0000000	0.0000000
7000.6209600	7000.0338101	6999.8782813	0.1000700	-0.7600000	0.1998286	0.2633531	0.1325143	0.0000000	0.0000000
7000.6209600	7000.0338101	6999.8782813	0.0800560	-0.7600000	0.1541881	0.2628721	0.1303975	0.0000000	0.0000000
7000.6209600	7000.0338101	6999.8782813	0.0600420	-0.7600000	0.1928867	0.2639769	0.1336820	0.0000000	0.0000000
7000.6209600	7000.0338101	6999.8782813	0.0400280	-0.7600000	0.2317943	0.2660842	0.1359340	0.0000000	0.0000000
7000.6209600	7000.0338101	6999.8782813	0.0200140	-0.7600000	0.2293398	0.2634943	0.1321145	0.0000000	0.0000000
7000.6209600	7000.0338101	6999.8782813	0.0000000	-0.7600000	0.2324762	0.2627783	0.1339600	0.0000000	0.0000000
7000.6209600	7000.0338101	6999.8782813	-0.0200140	-0.7600000	0.1783507	0.2639401	0.1325969	0.0000000	0.0000000
7000.6209600	7000.0338101	6999.8782813	-0.0400280	-0.7600000	0.2039749	0.2638812	0.1337876	0.0000000	0.0000000
7000.6209600	7000.0338101	6999.8782813	-0.0600420	-0.7600000	0.2337922	0.2641544	0.1330862	0.0000000	0.0000000
7000.6209600	7000.0338101	6999.8782813	-0.0800560	-0.7600000	0.2681360	0.2640977	0.1291691	0.0000000	0.0000000
7000.6209600	7000.0338101	6999.8782813	-0.1000700	-0.7600000	0.2658347	0.2636495	0.1332900	0.0000000	0.0000000
7000.6209600	7000.0338101	6999.8782813	-0.1200841	-0.7600000	0.2109467	0.2640336	0.1317141	0.0000000	0.0000000
7000.6209600	7000.0338101	6999.8782813	-0.1400981	-0.7600000	0.1987526	0.2629044	0.1292305	0.0000000	0.0000000
7000.6209600	7000.0338101	6999.8782813	-0.1601121	-0.7600000	0.2393934	0.2644196	0.1345177	0.0000000	0.0000000
7000.6209600	7000.0338101	6999.8782813	-0.1801261	-0.7600000	0.3192981	0.2655334	0.1355857	0.0000000	0.0000000
7000.6209600	7000.0338101	6999.8782813	-0.2001401	-0.7600000	0.3219648	0.2648954	0.1358232	0.0000000	0.0000000
7000.6209600	7000.0338101	6999.8782813	-0.2201541	-0.7600000	0.2722507	0.2639271	0.1337467	0.0000000	0.0000000
7000.6209600	7000.0338101	6999.8782813	-0.2398346	-0.7600000	0.2302253	0.2652321	0.1336300	0.0000000	0.0000000
7000.6209600	7000.0338101	6999.8782813	-0.2598486	-0.7600000	0.2291000	0.2637957	0.1319628	0.0000000	0.0000000
7000.6209600	7000.0338101	6999.8782813	-0.2798626	-0.7600000	0.2985845	0.2640161	0.1318806	0.0000000	0.0000000
7000.6209600	7000.0338101	6999.8782813	-0.2998766	-0.7600000	0.3108291	0.2639008	0.1336453	0.0000000	0.0000000
7000.6209600	7000.0338101	6999.8782813	-0.3198906	-0.7600000	0.3439355	0.2638639	0.1335283	0.0000000	0.0000000
7000.6209600	7000.0338101	6999.8782813	-0.3399046	-0.7600000	0.3067025	0.2617084	0.1328926	0.0000000	0.0000000
7000.6209600	7000.0338101	6999.8782813	-0.3599186	-0.7600000	0.3112981	0.2630522	0.1335326	0.0000000	0.0000000
7000.6209600	7000.0338101	6999.8782813	-0.3799326	-0.7600000	0.2801592	0.2648118	0.1341105	0.0000000	0.0000000
7000.6209600	7000.0338101	6999.8782813	-0.3999466	-0.7600000	0.3250629	0.2655767	0.1369324	0.0000000	0.0000000
7000.6209600	7000.0338101	6999.8782813	-0.4199606	-0.7600000	0.3469698	0.2627313	0.1309054	0.0000000	0.0000000
7000.6209600	7000.0338101	6999.8782813	-0.4399746	-0.7600000	0.3455704	0.2650692	0.1321682	0.0000000	0.0000000
7000.6209600	7000.0338101	6999.8782813	-0.4599887	-0.7600000	0.3272072	0.2641547	0.1320920	0.0000000	0.0000000
7000.6209600	7000.0338101	6999.8782813	-0.4800027	-0.7600000	0.3038822	0.2635840	0.1323046	0.0000000	0.0000000
7000.6209600	7000.0338101	6999.8782813	-0.5000167	-0.7600000	0.3163875	0.2638099	0.1324431	0.0000000	0.0000000
7000.6209600	7000.0338101	6999.8782813	-0.5200307	-0.7600000	0.3834646	0.2648451	0.1362499	0.0000000	0.0000000
7000.6209600	7000.0338101	6999.8782813	-0.5400447	-0.7600000	0.3867156	0.2641145	0.1363856	0.0000000	0.0000000
7000.6209600	7000.0338101	6999.8782813	-0.5600587	-0.7600000	0.3763898	0.2636952	0.1336176	0.0000000	0.0000000
7000.6209600	7000.0338101	6999.8782813	-0.5800727	-0.7600000	0.3122922	0.2633523	0.1333667	0.0000000	0.0000000
7000.6209600	7000.0338101	6999.8782813	-0.6000867	-0.7600000	0.3375162	0.2640587	0.1330024	0.0000000	0.0000000
7000.6209600	7000.0338101	6999.8782813	-0.6201007	-0.7600000	0.3987162	0.2634163	0.1328243	0.0000000	0.0000000
7000.6209600	7000.0338101	6999.8782813	-0.6401147	-0.7600000	0.3904561	0.2643448	0.1332104	0.0000000	0.0000000
7000.6209600	7000.0338101	6999.8782813	-0.6601288	-0.7600000	0.3364489	0.2631624	0.1323544	0.0000000	0.0000000
7000.6209600	7000.0338101	6999.8782813	-0.6801428	-0.7600000	0.3255984	0.2647795	0.1354502	0.0000000	0.0000000
7000.6209600	7000.0338101	6999.8782813	-0.7001568	-0.7600000	0.3978887	0.2661223	0.1364381	0.0000000	0.0000000
7000.6209600	7000.0338101	6999.8782813	-0.7198372	-0.7600000	0.3928481	0.2652582	0.1338807	0.0000000	0.0000000
7000.6209600	7000.0338101	6999.8782813	-0.7398512	-0.7600000	0.3677928	0.2651929	0.1344443	0.0000000	0.0000000
7000.6209600	7000.0338101	6999.8782813	-0.7598652	-0.7600000	0.3217584	0.2642747	0.1329502	0.0000000	0.0000000
7000.6209600	7000.0338101	6999.8782813	-0.7798792	-0.7600000	0.3328248	0.2642273	0.1333691	0.0000000	0.0000000
7000.6209600	7000.0338101	6999.8782813	-0.7998933	-0.7600000	0.3806343	0.2638701	0.1332037	0.0000000	0.0000000
7000.6209600	7000.0338101	6999.8782813	-0.8199073	-0.7600000	0.4307712	0.2660608	0.1364719	0.0000000	0.0000000
7000.6209600	7000.0338101	6999.8782813	-0.8399213	-0.7600000	0.3323552	0.2643212	0.1334408	0.0000000	0.0000000
7000.6209600	7000.0338101	6999.8782813	-0.8599353	-0.7600000	0.3010376	0.2642577	0.1329633	0.0000000	0.0000000
7000.6209600	7000.0338101	6999.8782813	-0.8799493	-0.7600000	0.3894462	0.2658839	0.1352483	0.0000000	0.0000000
7000.6209600	7000.0338101	6999.8782813	-0.8999633	-0.7600000	0.4065619	0.2651166	0.1356832	0.0000000	0.0000000
7000.6209600	7000.0338101	6999.8782813	-0.9199773	-0.7600000	0.3734468	0.2627391	0.1313824	0.0000000	0.0000000
7000.6209600	7000.0338101	6999.8782813	-0.9399913	-0.7600000	0.2679277	0.2614235	0.1284340	0.0000000	0.0000000
7000.6209600	7000.0338101	6999.8782813	-0.9600053	-0.7600000	0.2799861	0.2641018	0.1331619	0.0000000	0.0000000
7000.6209600	7000.0338101	6999.8782813	-0.9800193	-0.7600000	0.3830883	0.2633368	0.1331899	0.0000000	0.0000000
7000.6209600	7000.0338101	6999.8782813	-1.0000334	-0.7600000	0.3622213	0.2633578	0.1330237	0.0000000	0.0000000
