7000.6209600	7000.0338101	6999.8782813	1.0000334	-0.3599186	0.1909558	0.2762970	0.1290010	0.0000000	-0.3600000
7000.6209600	7000.0338101	6999.8782813	0.9800193	-0.3600000	0.1623090	0.2758903	0.1252274	0.0000000	0.0000000
7000.6209600	7000.0338101	6999.8782813	0.9600053	-0.3600000	0.1743015	0.2752383	0.1313417	0.0000000	0.0000000
7000.6209600	7000.0338101	6999.8782813	0.9399913	-0.3600000	0.1841305	0.2745759	0.1282007	0.0000000	0.0000000
7000.6209600	7000.0338101	6999.8782813	0.9199773	-0.3600000	0.2490104	0.2736086	0.1283740	0.0000000	0.0000000
7000.6209600	7000.0338101	6999.8782813	0.8999633	-0.3600000	0.2402108	0.2750023	0.1256143	0.0000000	0.0000000
7000.6209600	7000.0338101	6999.8782813	0.8799493	-0.3600000	0.1916523	0.2754152	0.1305050	0.0000000	0.0000000
7000.6209600	7000.0338101	6999.8782813	0.8599353	-0.3600000	0.1636776	0.2761682	0.1318530	0.0000000	0.0000000
7000.6209600	7000.0338101	6999.8782813	0.8399213	-0.3600000	0.2040463	0.2757242	0.1308240	0.0000000	0.0000000
7000.6209600	7000.0338101	6999.8782813	0.8199073	-0.3600000	0.2684523	0.2767120	0.1304457	0.0000000	0.0000000
7000.6209600	7000.0338101	6999.8782813	0.7998933	-0.3600000	0.2686610	0.2745067	0.1320537	0.0000000	0.0000000
7000.6209600	7000.0338101	6999.8782813	0.7798792	-0.3600000	0.1745229	0.2763596	0.1229208	0.0000000	0.0000000
7000.6209600	7000.0338101	6999.8782813	0.7598652	-0.3600000	0.1910588	0.2757573	0.1315155	0.0000000	0.0000000
7000.6209600	7000.0338101	6999.8782813	0.7398512	-0.3600000	0.2275806	0.2750540	0.1309689	0.0000000	0.0000000
7000.6209600	7000.0338101	6999.8782813	0.7198372	-0.3600000	0.2616542	0.2750890	0.1289221	0.0000000	0.0000000
7000.6209600	7000.0338101	6999.8782813	0.7001568	-0.3600000	0.2814492	0.2755995	0.1319539	0.0000000	0.0000000
7000.6209600	7000.0338101	6999.8782813	0.6801428	-0.3600000	0.2161395	0.2744158	0.1320450	0.0000000	0.0000000
7000.6209600	7000.0338101	6999.8782813	0.6601288	-0.3600000	0.1922308	0.2740671	0.1318871	0.0000000	0.0000000
7000.6209600	7000.0338101	6999.8782813	0.6401147	-0.3600000	0.2081165	0.2730917	0.1316471	0.0000000	0.0000000
7000.6209600	7000.0338101	6999.8782813	0.6201007	-0.3600000	0.2927159	0.2739921	0.1292986	0.0000000	0.0000000
7000.6209600	7000.0338101	6999.8782813	0.6000867	-0.3600000	0.2938352	0.2750548	0.1318899	0.0000000	0.0000000
7000.6209600	7000.0338101	6999.8782813	0.5800727	-0.3600000	0.2137322	0.2757814	0.1248024	0.0000000	0.0000000
7000.6209600	7000.0338101	6999.8782813	0.5600587	-0.3600000	0.2082006	0.2736033	0.1303403	0.0000000	0.0000000
7000.6209600	7000.0338101	6999.8782813	0.5400447	-0.3600000	0.2130413	0.2744757	0.1307601	0.0000000	0.0000000
7000.6209600	7000.0338101	6999.8782813	0.5200307	-0.3600000	0.3119071	0.2745084	0.1313413	0.0000000	0.0000000
7000.6209600	7000.0338101	6999.8782813	0.5000167	-0.3600000	0.2938124	0.2744413	0.1286875	0.0000000	0.0000000
7000.6209600	7000.0338101	6999.8782813	0.4800027	-0.3600000	0.2349797	0.2753840	0.1290394	0.0000000	0.0000000
7000.6209600	7000.0338101	6999.8782813	0.4599887	-0.3600000	0.2258545	0.2733783	0.1285582	0.0000000	0.0000000
7000.6209600	7000.0338101	6999.8782813	0.4399746	-0.3600000	0.2522686	0.2718062	0.1302172	0.0000000	0.0000000
7000.6209600	7000.0338101	6999.8782813	0.4199606	-0.3600000	0.3006320	0.2734622	0.1304702	0.0000000	0.0000000
7000.6209600	7000.0338101	6999.8782813	0.3999466	-0.3600000	0.2923730	0.2720117	0.1332522	0.0000000	0.0000000
7000.6209600	7000.0338101	6999.8782813	0.3799326	-0.3600000	0.2492573	0.2739417	0.1323882	0.0000000	0.0000000
7000.6209600	7000.0338101	6999.8782813	0.3599186	-0.3600000	0.2646223	0.2733048	0.1262183	0.0000000	0.0000000
7000.6209600	7000.0338101	6999.8782813	0.3399046	-0.3600000	0.2726108	0.2749875	0.1258905	0.0000000	0.0000000
7000.6209600	7000.0338101	6999.8782813	0.3198906	-0.3600000	0.3145156	0.2726815	0.1318652	0.0000000	0.0000000
7000.6209600	7000.0338101	6999.8782813	0.2998766	-0.3600000	0.2983159	0.2725618	0.1306836	0.0000000	0.0000000
7000.6209600	7000.0338101	6999.8782813	0.2798626	-0.3600000	0.2420952	0.2738727	0.1308842	0.0000000	0.0000000
7000.6209600	7000.0338101	6999.8782813	0.2598486	-0.3600000	0.2660355	0.2735214	0.1312319	0.0000000	0.0000000
7000.6209600	7000.0338101	6999.8782813	0.2398346	-0.3600000	0.3037056	0.2732698	0.1314960	0.0000000	0.0000000
7000.6209600	7000.0338101	6999.8782813	0.2201541	-0.3600000	0.3513848	0.2733988	0.1333479	0.0000000	0.0000000
7000.6209600	7000.0338101	6999.8782813	0.2001401	-0.3600000	0.3300245	0.2732966	0.1291858	0.0000000	0.0000000
7000.6209600	7000.0338101	6999.8782813	0.1801261	-0.3600000	0.2738286	0.2750876	0.1300465	0.0000000	0.0000000
7000.6209600	7000.0338101	6999.8782813	0.1601121	-0.3600000	0.2764694	0.2744762	0.1267452	0.0000000	0.0000000
7000.6209600	7000.0338101	6999.8782813	0.1400981	-0.3600000	0.3055167	0.2734020	0.1225182	0.0000000	0.0000000
7000.6209600	7000.0338101	6999.8782813	0.1200841	-0.3600000	0.3572202	0.2720997	0.1302535	0.0000000	0.0000000
7000.6209600	7000.0338101	6999.8782813	0.1000700	-0.3600000	0.3345403	0.2730935	0.1312751	0.0000000	0.0000000
7000.6209600	7000.0338101	6999.8782813	0.0800560	-0.3600000	0.2822432	0.2749586	0.1294961	0.0000000	0.0000000
7000.6209600	7000.0338101	6999.8782813	0.0600420	-0.3600000	0.3091925	0.2745649	0.1283396	0.0000000	0.0000000
7000.6209600	7000.0338101	6999.8782813	0.0400280	-0.3600000	0.3312397	0.2736860	0.1302021	0.0000000	0.0000000
7000.6209600	7000.0338101	6999.8782813	0.0200140	-0.3600000	0.3523777	0.2729878	0.1321368	0.0000000	0.0000000
7000.6209600	7000.0338101	6999.8782813	0.0000000	-0.3600000	0.3436998	0.2738525	0.1316545	0.0000000	0.0000000
7000.6209600	7000.0338101	6999.8782813	-0.0200140	-0.3600000	0.3021169	0.2737831	0.1319088	0.0000000	0.0000000
7000.6209600	7000.0338101	6999.8782813	-0.0400280	-0.3600000	0.3077565	0.2737645	0.1321984	0.0000000	0.0000000
7000.6209600	7000.0338101	6999.8782813	-0.0600420	-0.3600000	0.3441302	0.2726154	0.1281896	0.0000000	0.0000000
7000.6209600	7000.0338101	6999.8782813	-0.0800560	-0.3600000	0.3758240	0.2745370	0.1264281	0.0000000	0.0000000
7000.6209600	7000.0338101	6999.8782813	-0.1000700	-0.3600000	0.3756207	0.2739500	0.1314519	0.0000000	0.0000000
7000.6209600	7000.0338101	6999.8782813	-0.1200841	-0.3600000	0.3268026	0.2736656	0.1332845	0.0000000	0.0000000
7000.6209600	7000.0338101	6999.8782813	-0.1400981	-0.3600000	0.3222678	0.2736777	0.1279226	0.0000000	0.0000000
7000.6209600	7000.0338101	6999.8782813	-0.1601121	-0.3600000	0.3315946	0.2725081	0.1295320	0.0000000	0.0000000
7000.6209600	7000.0338101	6999.8782813	-0.1801261	-0.3600000	0.3957064	0.2733158	0.1233361	0.0000000	0.0000000
7000.6209600	7000.0338101	6999.8782813	-0.2001401	-0.3600000	0.4209945	0.2726953	0.1290754	0.0000000	0.0000000
7000.6209600	7000.0338101	6999.8782813	-0.2201541	-0.3600000	0.3884799	0.2759382	0.1298345	0.0000000	0.0000000
7000.6209600	7000.0338101	6999.8782813	-0.2398346	-0.3600000	0.3128640	0.2751986	0.1292308	0.0000000	0.0000000
7000.6209600	7000.0338101	6999.8782813	-0.2598486	-0.3600000	0.3118130	0.2761257	0.1245728	0.0000000	0.0000000
7000.6209600	7000.0338101	6999.8782813	-0.2798626	-0.3600000	0.3751799	0.2746182	0.1281201	0.0000000	0.0000000
7000.6209600	7000.0338101	6999.8782813	-0.2998766	-0.3600000	0.3501421	0.2747998	0.1197212	0.0000000	0.0000000
7000.6209600	7000.0338101	6999.8782813	-0.3198906	-0.3600000	0.4262318	0.2731484	0.1282469	0.0000000	0.0000000
7000.6209600	7000.0338101	6999.8782813	-0.3399046	-0.3600000	0.3742811	0.2719543	0.1321823	0.0000000	0.0000000
7000.6209600	7000.0338101	6999.8782813	-0.3599186	-0.3600000	0.3673191	0.2723402	0.1312187	0.0000000	0.0000000
7000.6209600	7000.0338101	6999.8782813	-0.3799326	-0.3600000	0.3093596	0.2723899	0.1296875	0.0000000	0.0000000
7000.6209600	7000.0338101	6999.8782813	-0.3999466	-0.3600000	0.3200740	0.2717712	0.1298341	0.0000000	0.0000000
7000.6209600	7000.0338101	6999.8782813	-0.4199606	-0.3600000	0.3905094	0.2730142	0.1283357	0.0000000	0.0000000
7000.6209600	7000.0338101	6999.8782813	-0.4399746	-0.3600000	0.4049442	0.2712310	0.1323562	0.0000000	0.0000000
7000.6209600	7000.0338101	6999.8782813	-0.4599887	-0.3600000	0.3492190	0.2712771	0.1311511	0.0000000	0.0000000
7000.6209600	7000.0338101	6999.8782813	-0.4800027	-0.3600000	0.2792998	0.2740366	0.1303124	0.0000000	0.0000000
7000.6209600	7000.0338101	6999.8782813	-0.5000167	-0.3600000	0.2937201	0.2725239	0.1307432	0.0000000	0.0000000
7000.6209600	7000.0338101	6999.8782813	-0.5200307	-0.3600000	0.3641138	0.2713984	0.1282771	0.0000000	0.0000000
7000.6209600	7000.0338101	6999.8782813	-0.5400447	-0.3600000	0.3685668	0.2715764	0.1290168	0.0000000	0.0000000
7000.6209600	7000.0338101	6999.8782813	-0.5600587	-0.3600000	0.3303145	0.2714535	0.1285525	0.0000000	0.0000000
7000.6209600	7000.0338101	6999.8782813	-0.5800727	-0.3600000	0.2642920	0.2707623	0.1306642	0.0000000	0.0000000
7000.6209600	7000.0338101	6999.8782813	-0.6000867	-0.3600000	0.2888243	0.2718853	0.1323070	0.0000000	0.0000000
7000.6209600	7000.0338101	6999.8782813	-0.6201007	-0.3600000	0.3272817	0.2717883	0.1297738	0.0000000	0.0000000
7000.6209600	7000.0338101	6999.8782813	-0.6401147	-0.3600000	0.3207816	0.2728092	0.1272035	0.0000000	0.0000000
7000.6209600	7000.0338101	6999.8782813	-0.6601288	-0.3600000	0.2759060	0.2738582	0.1257217	0.0000000	0.0000000
7000.6209600	7000.0338101	6999.8782813	-0.6801428	-0.3600000	0.2500225	0.2739158	0.1258044	0.0000000	0.0000000
7000.6209600	7000.0338101	6999.8782813	-0.7001568	-0.3600000	0.2824504	0.2722970	0.1270427	0.0000000	0.0000000
7000.6209600	7000.0338101	6999.8782813	-0.7198372	-0.3600000	0.3144945	0.2737511	0.1250801	0.0000000	0.0000000
7000.6209600	7000.0338101	6999.8782813	-0.7398512	-0.3600000	0.2889630	0.2723488	0.1258823	0.0000000	0.0000000
7000.6209600	7000.0338101	6999.8782813	-0.7598652	-0.3600000	0.2809666	0.2720840	0.1295648	0.0000000	0.0000000
7000.6209600	7000.0338101	6999.8782813	-0.7798792	-0.3600000	0.2187628	0.2710548	0.1316548	0.0000000	0.0000000
7000.6209600	7000.0338101	6999.8782813	-0.7998933	-0.3600000	0.2357673	0.2703040	0.1308787	0.0000000	0.0000000
7000.6209600	7000.0338101	6999.8782813	-0.8199073	-0.3600000	0.2874492	0.2717139	0.1293264	0.0000000	0.0000000
7000.6209600	7000.0338101	6999.8782813	-0.8399213	-0.3600000	0.2134994	0.2717574	0.1298651	0.0000000	0.0000000
7000.6209600	7000.0338101	6999.8782813	-0.8599353	-0.3600000	0.1818064	0.2718933	0.1325137	0.0000000	0.0000000
7000.6209600	7000.0338101	6999.8782813	-0.8799493	-0.3600000	0.2211132	0.2715522	0.1314032	0.0000000	0.0000000
7000.6209600	7000.0338101	6999.8782813	-0.8999633	-0.3600000	0.2582024	0.2714939	0.1315355	0.0000000	0.0000000
7000.6209600	7000.0338101	6999.8782813	-0.9199773	-0.3600000	0.2539016	0.2711902	0.1301628	0.0000000	0.0000000
7000.6209600	7000.0338101	6999.8782813	-0.9399913	-0.3600000	0.1517421	0.2707341	0.1309586	0.0000000	0.0000000
7000.6209600	7000.0338101	6999.8782813	-0.9600053	-0.3600000	0.1383927	0.2707183	0.1335231	0.0000000	0.0000000
7000.6209600	7000.0338101	6999.8782813	-0.9800193	-0.3600000	0.2211490	0.2719620	0.1296022	0.0000000	0.0000000
7000.6209600	7000.0338101	6999.8782813	-1.0000334	-0.3600000	0.2229718	0.2710696	0.1312623	0.0000000	0.0000000
