7000.6209600	7000.0338101	6999.8782813	1.0000334	-0.4399746	0.1541224	0.2729880	0.1310900	0.0000000	-0.4400000
7000.6209600	7000.0338101	6999.8782813	0.9800193	-0.4400000	0.1641232	0.2741954	0.1285648	0.0000000	0.0000000
7000.6209600	7000.0338101	6999.8782813	0.9600053	-0.4400000	0.1874283	0.2718755	0.1281444	0.0000000	0.0000000
7000.6209600	7000.0338101	6999.8782813	0.9399913	-0.4400000	0.2020227	0.2721544	0.1311924	0.0000000	0.0000000
7000.6209600	7000.0338101	6999.8782813	0.9199773	-0.4400000	0.1573882	0.2733176	0.1300549	0.0000000	0.0000000
7000.6209600	7000.0338101	6999.8782813	0.8999633	-0.4400000	0.1512834	0.2770134	0.1261101	0.0000000	0.0000000
7000.6209600	7000.0338101	6999.8782813	0.8799493	-0.4400000	0.1776069	0.2756334	0.1256973	0.0000000	0.0000000
7000.6209600	7000.0338101	6999.8782813	0.8599353	-0.4400000	0.2373901	0.2737693	0.1340615	0.0000000	0.0000000
7000.6209600	7000.0338101	6999.8782813	0.8399213	-0.4400000	0.2225386	0.2754974	0.1268169	0.0000000	0.0000000
7000.6209600	7000.0338101	6999.8782813	0.8199073	-0.4400000	0.1496425	0.2771389	0.1232224	0.0000000	0.0000000
7000.6209600	7000.0338101	6999.8782813	0.7998933	-0.4400000	0.1571895	0.2749326	0.1263333	0.0000000	0.0000000
7000.6209600	7000.0338101	6999.8782813	0.7798792	-0.4400000	0.2003029	0.2752070	0.1252310	0.0000000	0.0000000
7000.6209600	7000.0338101	6999.8782813	0.7598652	-0.4400000	0.2481978	0.2770607	0.1279962	0.0000000	0.0000000
7000.6209600	7000.0338101	6999.8782813	0.7398512	-0.4400000	0.2376498	0.2767363	0.1252170	0.0000000	0.0000000
7000.6209600	7000.0338101	6999.8782813	0.7198372	-0.4400000	0.1591401	0.2759034	0.1235111	0.0000000	0.0000000
7000.6209600	7000.0338101	6999.8782813	0.7001568	-0.4400000	0.1657721	0.2798774	0.1230887	0.0000000	0.0000000
7000.6209600	7000.0338101	6999.8782813	0.6801428	-0.4400000	0.1876274	0.2755844	0.1246298	0.0000000	0.0000000
7000.6209600	7000.0338101	6999.8782813	0.6601288	-0.4400000	0.2731653	0.2771038	0.1284231	0.0000000	0.0000000
7000.6209600	7000.0338101	6999.8782813	0.6401147	-0.4400000	0.2770536	0.2781079	0.1240090	0.0000000	0.0000000
7000.6209600	7000.0338101	6999.8782813	0.6201007	-0.4400000	0.1898857	0.2756084	0.1347235	0.0000000	0.0000000
7000.6209600	7000.0338101	6999.8782813	0.6000867	-0.4400000	0.1703362	0.2757909	0.1296829	0.0000000	0.0000000
7000.6209600	7000.0338101	6999.8782813	0.5800727	-0.4400000	0.2069611	0.2783817	0.1261749	0.0000000	0.0000000
7000.6209600	7000.0338101	6999.8782813	0.5600587	-0.4400000	0.2875947	0.2755336	0.1251661	0.0000000	0.0000000
7000.6209600	7000.0338101	6999.8782813	0.5400447	-0.4400000	0.2891804	0.2781340	0.1263431	0.0000000	0.0000000
7000.6209600	7000.0338101	6999.8782813	0.5200307	-0.4400000	0.1960519	0.2780288	0.1283092	0.0000000	0.0000000
7000.6209600	7000.0338101	6999.8782813	0.5000167	-0.4400000	0.1712019	0.2805129	0.1239365	0.0000000	0.0000000
7000.6209600	7000.0338101	6999.8782813	0.4800027	-0.4400000	0.2360172	0.2791113	0.1241327	0.0000000	0.0000000
7000.6209600	7000.0338101	6999.8782813	0.4599887	-0.4400000	0.2981440	0.2777880	0.1259192	0.0000000	0.0000000
7000.6209600	7000.0338101	6999.8782813	0.4399746	-0.4400000	0.2864641	0.2781885	0.1250244	0.0000000	0.0000000
7000.6209600	7000.0338101	6999.8782813	0.4199606	-0.4400000	0.2037847	0.2765453	0.1310675	0.0000000	0.0000000
7000.6209600	7000.0338101	6999.8782813	0.3999466	-0.4400000	0.2028635	0.2785686	0.1280225	0.0000000	0.0000000
7000.6209600	7000.0338101	6999.8782813	0.3799326	-0.4400000	0.2365054	0.2776532	0.1226586	0.0000000	0.0000000
7000.6209600	7000.0338101	6999.8782813	0.3599186	-0.4400000	0.3076924	0.2791439	0.1244956	0.0000000	0.0000000
7000.6209600	7000.0338101	6999.8782813	0.3399046	-0.4400000	0.3147863	0.2774034	0.1281400	0.0000000	0.0000000
7000.6209600	7000.0338101	6999.8782813	0.3198906	-0.4400000	0.2143654	0.2773668	0.1312422	0.0000000	0.0000000
7000.6209600	7000.0338101	6999.8782813	0.2998766	-0.4400000	0.2154675	0.2765848	0.1305750	0.0000000	0.0000000
7000.6209600	7000.0338101	6999.8782813	0.2798626	-0.4400000	0.2855612	0.2772108	0.1257454	0.0000000	0.0000000
7000.6209600	7000.0338101	6999.8782813	0.2598486	-0.4400000	0.3273026	0.2816359	0.1252432	0.0000000	0.0000000
7000.6209600	7000.0338101	6999.8782813	0.2398346	-0.4400000	0.2955377	0.2792744	0.1248617	0.0000000	0.0000000
7000.6209600	7000.0338101	6999.8782813	0.2201541	-0.4400000	0.1976134	0.2768094	0.1285564	0.0000000	0.0000000
7000.6209600	7000.0338101	6999.8782813	0.2001401	-0.4400000	0.2358502	0.2779742	0.1275109	0.0000000	0.0000000
7000.6209600	7000.0338101	6999.8782813	0.1801261	-0.4400000	0.2999426	0.2781620	0.1245267	0.0000000	0.0000000
7000.6209600	7000.0338101	6999.8782813	0.1601121	-0.4400000	0.3306227	0.2784542	0.1237988	0.0000000	0.0000000
7000.6209600	7000.0338101	6999.8782813	0.1400981	-0.4400000	0.3310742	0.2806321	0.1298098	0.0000000	0.0000000
7000.6209600	7000.0338101	6999.8782813	0.1200841	-0.4400000	0.2550699	0.2794260	0.1268623	0.0000000	0.0000000
7000.6209600	7000.0338101	6999.8782813	0.1000700	-0.4400000	0.2587059	0.2776138	0.1265273	0.0000000	0.0000000
7000.6209600	7000.0338101	6999.8782813	0.0800560	-0.4400000	0.3287628	0.2771239	0.1316404	0.0000000	0.0000000
7000.6209600	7000.0338101	6999.8782813	0.0600420	-0.4400000	0.3621547	0.2785786	0.1263282	0.0000000	0.0000000
7000.6209600	7000.0338101	6999.8782813	0.0400280	-0.4400000	0.3392716	0.2797137	0.1251802	0.0000000	0.0000000
7000.6209600	7000.0338101	6999.8782813	0.0200140	-0.4400000	0.2548204	0.2794252	0.1258547	0.0000000	0.0000000
7000.6209600	7000.0338101	6999.8782813	0.0000000	-0.4400000	0.2643887	0.2777759	0.1316158	0.0000000	0.0000000
7000.6209600	7000.0338101	6999.8782813	-0.0200140	-0.4400000	0.3354878	0.2773016	0.1310848	0.0000000	0.0000000
7000.6209600	7000.0338101	6999.8782813	-0.0400280	-0.4400000	0.3808385	0.2776642	0.1307091	0.0000000	0.0000000
7000.6209600	7000.0338101	6999.8782813	-0.0600420	-0.4400000	0.3552361	0.2786617	0.1254650	0.0000000	0.0000000
7000.6209600	7000.0338101	6999.8782813	-0.0800560	-0.4400000	0.2585519	0.2784644	0.1263347	0.0000000	0.0000000
7000.6209600	7000.0338101	6999.8782813	-0.1000700	-0.4400000	0.2743464	0.2788281	0.1316302	0.0000000	0.0000000
7000.6209600	7000.0338101	6999.8782813	-0.1200841	-0.4400000	0.3220503	0.2793357	0.1287399	0.0000000	0.0000000
7000.6209600	7000.0338101	6999.8782813	-0.1400981	-0.4400000	0.3953341	0.2783401	0.1269910	0.0000000	0.0000000
7000.6209600	7000.0338101	6999.8782813	-0.1601121	-0.4400000	0.4003885	0.2794656	0.1270835	0.0000000	0.0000000
7000.6209600	7000.0338101	6999.8782813	-0.1801261	-0.4400000	0.2969270	0.2783967	0.1255537	0.0000000	0.0000000
7000.6209600	7000.0338101	6999.8782813	-0.2001401	-0.4400000	0.2921859	0.2794524	0.1238676	0.0000000	0.0000000
7000.6209600	7000.0338101	6999.8782813	-0.2201541	-0.4400000	0.2913143	0.2757091	0.1318193	0.0000000	0.0000000
7000.6209600	7000.0338101	6999.8782813	-0.2398346	-0.4400000	0.3431002	0.2784528	0.1266451	0.0000000	0.0000000
7000.6209600	7000.0338101	6999.8782813	-0.2598486	-0.4400000	0.3768225	0.2783313	0.1278041	0.0000000	0.0000000
7000.6209600	7000.0338101	6999.8782813	-0.2798626	-0.4400000	0.3961737	0.2784097	0.1261433	0.0000000	0.0000000
7000.6209600	7000.0338101	6999.8782813	-0.2998766	-0.4400000	0.3494897	0.2791798	0.1234888	0.0000000	0.0000000
7000.6209600	7000.0338101	6999.8782813	-0.3198906	-0.4400000	0.2907421	0.2784790	0.1246106	0.0000000	0.0000000
7000.6209600	7000.0338101	6999.8782813	-0.3399046	-0.4400000	0.2904338	0.2769719	0.1253887	0.0000000	0.0000000
7000.6209600	7000.0338101	6999.8782813	-0.3599186	-0.4400000	0.3318749	0.2766545	0.1288165	0.0000000	0.0000000
7000.6209600	7000.0338101	6999.8782813	-0.3799326	-0.4400000	0.3811998	0.2761122	0.1291744	0.0000000	0.0000000
7000.6209600	7000.0338101	6999.8782813	-0.3999466	-0.4400000	0.3938289	0.2770750	0.1274072	0.0000000	0.0000000
7000.6209600	7000.0338101	6999.8782813	-0.4199606	-0.4400000	0.3377424	0.2753846	0.1304091	0.0000000	0.0000000
7000.6209600	7000.0338101	6999.8782813	-0.4399746	-0.4400000	0.2968853	0.2751696	0.1292255	0.0000000	0.0000000
7000.6209600	7000.0338101	6999.8782813	-0.4599887	-0.4400000	0.2830212	0.2757639	0.1274331	0.0000000	0.0000000
7000.6209600	7000.0338101	6999.8782813	-0.4800027	-0.4400000	0.4065167	0.2757905	0.1283961	0.0000000	0.0000000
7000.6209600	7000.0338101	6999.8782813	-0.5000167	-0.4400000	0.3886714	0.2764414	0.1235939	0.0000000	0.0000000
7000.6209600	7000.0338101	6999.8782813	-0.5200307	-0.4400000	0.3418396	0.2757137	0.1276188	0.0000000	0.0000000
7000.6209600	7000.0338101	6999.8782813	-0.5400447	-0.4400000	0.2639230	0.2741846	0.1215823	0.0000000	0.0000000
7000.6209600	7000.0338101	6999.8782813	-0.5600587	-0.4400000	0.2720161	0.2752096	0.1228057	0.0000000	0.0000000
7000.6209600	7000.0338101	6999.8782813	-0.5800727	-0.4400000	0.3738055	0.2730126	0.1287690	0.0000000	0.0000000
7000.6209600	7000.0338101	6999.8782813	-0.6000867	-0.4400000	0.3785437	0.2743333	0.1326315	0.0000000	0.0000000
7000.6209600	7000.0338101	6999.8782813	-0.6201007	-0.4400000	0.3163729	0.2749493	0.1303064	0.0000000	0.0000000
7000.6209600	7000.0338101	6999.8782813	-0.6401147	-0.4400000	0.2618358	0.2746492	0.1290813	0.0000000	0.0000000
7000.6209600	7000.0338101	6999.8782813	-0.6601288	-0.4400000	0.2715032	0.2753890	0.1279658	0.0000000	0.0000000
7000.6209600	7000.0338101	6999.8782813	-0.6801428	-0.4400000	0.3211613	0.2769779	0.1260276	0.0000000	0.0000000
7000.6209600	7000.0338101	6999.8782813	-0.7001568	-0.4400000	0.3099021	0.2738114	0.1307031	0.0000000	0.0000000
7000.6209600	7000.0338101	6999.8782813	-0.7198372	-0.4400000	0.2778601	0.2754478	0.1306688	0.0000000	0.0000000
7000.6209600	7000.0338101	6999.8782813	-0.7398512	-0.4400000	0.2453906	0.2731547	0.1281465	0.0000000	0.0000000
7000.6209600	7000.0338101	6999.8782813	-0.7598652	-0.4400000	0.2497712	0.2737063	0.1257838	0.0000000	0.0000000
7000.6209600	7000.0338101	6999.8782813	-0.7798792	-0.4400000	0.2963734	0.2732592	0.1289773	0.0000000	0.0000000
7000.6209600	7000.0338101	6999.8782813	-0.7998933	-0.4400000	0.2547955	0.2751906	0.1260615	0.0000000	0.0000000
7000.6209600	7000.0338101	6999.8782813	-0.8199073	-0.4400000	0.2264512	0.2750305	0.1285585	0.0000000	0.0000000
7000.6209600	7000.0338101	6999.8782813	-0.8399213	-0.4400000	0.2200504	0.2743679	0.1295742	0.0000000	0.0000000
7000.6209600	7000.0338101	6999.8782813	-0.8599353	-0.4400000	0.2459774	0.2725781	0.1305686	0.0000000	0.0000000
7000.6209600	7000.0338101	6999.8782813	-0.8799493	-0.4400000	0.2516093	0.2736461	0.1310713	0.0000000	0.0000000
7000.6209600	7000.0338101	6999.8782813	-0.8999633	-0.4400000	0.2125514	0.2737034	0.1303054	0.0000000	0.0000000
7000.6209600	7000.0338101	6999.8782813	-0.9199773	-0.4400000	0.1864243	0.2753496	0.1305419	0.0000000	0.0000000
7000.6209600	7000.0338101	6999.8782813	-0.9399913	-0.4400000	0.2193274	0.2735869	0.1294917	0.0000000	0.0000000
7000.6209600	7000.0338101	6999.8782813	-0.9600053	-0.4400000	0.2297980	0.2740249	0.1228088	0.0000000	0.0000000
7000.6209600	7000.0338101	6999.8782813	-0.9800193	-0.4400000	0.1822734	0.2736788	0.1318864	0.0000000	0.0000000
7000.6209600	7000.0338101	6999.8782813	-1.0000334	-0.4400000	0.1489619	0.2729521	0.1289031	0.0000000	0.0000000
