7000.6209600	7000.0338101	6999.8782813	1.0000334	-0.9399913	0.0163284	0.2656403	0.1346842	0.0000000	-0.9400000
7000.6209600	7000.0338101	6999.8782813	0.9800193	-0.9400000	0.0300079	0.2656533	0.1343267	0.0000000	0.0000000
7000.6209600	7000.0338101	6999.8782813	0.9600053	-0.9400000	0.0379828	0.2659979	0.1323175	0.0000000	0.0000000
7000.6209600	7000.0338101	6999.8782813	0.9399913	-0.9400000	0.0369398	0.2647186	0.1330399	0.0000000	0.0000000
7000.6209600	7000.0338101	6999.8782813	0.9199773	-0.9400000	0.0134635	0.2648293	0.1332389	0.0000000	0.0000000
7000.6209600	7000.0338101	6999.8782813	0.8999633	-0.9400000	0.0113389	0.2659064	0.1333014	0.0000000	0.0000000
7000.6209600	7000.0338101	6999.8782813	0.8799493	-0.9400000	0.0249587	0.2647294	0.1304011	0.0000000	0.0000000
7000.6209600	7000.0338101	6999.8782813	0.8599353	-0.9400000	0.0403768	0.2651277	0.1296837	0.0000000	0.0000000
7000.6209600	7000.0338101	6999.8782813	0.8399213	-0.9400000	0.0399036	0.2657615	0.1349681	0.0000000	0.0000000
7000.6209600	7000.0338101	6999.8782813	0.8199073	-0.9400000	0.0170525	0.2648586	0.1332858	0.0000000	0.0000000
7000.6209600	7000.0338101	6999.8782813	0.7998933	-0.9400000	0.0161033	0.2654812	0.1316853	0.0000000	0.0000000
7000.6209600	7000.0338101	6999.8782813	0.7798792	-0.9400000	0.0354116	0.2631235	0.1317740	0.0000000	0.0000000
7000.6209600	7000.0338101	6999.8782813	0.7598652	-0.9400000	0.0485131	0.2652837	0.1338882	0.0000000	0.0000000
7000.6209600	7000.0338101	6999.8782813	0.7398512	-0.9400000	0.0454617	0.2642152	0.1336531	0.0000000	0.0000000
7000.6209600	7000.0338101	6999.8782813	0.7198372	-0.9400000	0.0188177	0.2640353	0.1323385	0.0000000	0.0000000
7000.6209600	7000.0338101	6999.8782813	0.7001568	-0.9400000	0.0175209	0.2635730	0.1316730	0.0000000	0.0000000
7000.6209600	7000.0338101	6999.8782813	0.6801428	-0.9400000	0.0377764	0.2639194	0.1328064	0.0000000	0.0000000
7000.6209600	7000.0338101	6999.8782813	0.6601288	-0.9400000	0.0546017	0.2629371	0.1277900	0.0000000	0.0000000
7000.6209600	7000.0338101	6999.8782813	0.6401147	-0.9400000	0.0580391	0.2632472	0.1296919	0.0000000	0.0000000
7000.6209600	7000.0338101	6999.8782813	0.6201007	-0.9400000	0.0252112	0.2633114	0.1313708	0.0000000	0.0000000
7000.6209600	7000.0338101	6999.8782813	0.6000867	-0.9400000	0.0226544	0.2645391	0.1311440	0.0000000	0.0000000
7000.6209600	7000.0338101	6999.8782813	0.5800727	-0.9400000	0.0424916	0.2642921	0.1319999	0.0000000	0.0000000
7000.6209600	7000.0338101	6999.8782813	0.5600587	-0.9400000	0.0683302	0.2645746	0.1304514	0.0000000	0.0000000
7000.6209600	7000.0338101	6999.8782813	0.5400447	-0.9400000	0.0756647	0.2653655	0.1326350	0.0000000	0.0000000
7000.6209600	7000.0338101	6999.8782813	0.5200307	-0.9400000	0.0319911	0.2645277	0.1305321	0.0000000	0.0000000
7000.6209600	7000.0338101	6999.8782813	0.5000167	-0.9400000	0.0388868	0.2662335	0.1325159	0.0000000	0.0000000
7000.6209600	7000.0338101	6999.8782813	0.4800027	-0.9400000	0.0612416	0.2647206	0.1327170	0.0000000	0.0000000
7000.6209600	7000.0338101	6999.8782813	0.4599887	-0.9400000	0.0929016	0.2662212	0.1320991	0.0000000	0.0000000
7000.6209600	7000.0338101	6999.8782813	0.4399746	-0.9400000	0.0968082	0.2652758	0.1347469	0.0000000	0.0000000
7000.6209600	7000.0338101	6999.8782813	0.4199606	-0.9400000	0.0478491	0.2648628	0.1338484	0.0000000	0.0000000
7000.6209600	7000.0338101	6999.8782813	0.3999466	-0.9400000	0.0549022	0.2668303	0.1368762	0.0000000	0.0000000
7000.6209600	7000.0338101	6999.8782813	0.3799326	-0.9400000	0.0828048	0.2650887	0.1341014	0.0000000	0.0000000
7000.6209600	7000.0338101	6999.8782813	0.3599186	-0.9400000	0.1185024	0.2666863	0.1338175	0.0000000	0.0000000
7000.6209600	7000.0338101	6999.8782813	0.3399046	-0.9400000	0.1102733	0.2651010	0.1329526	0.0000000	0.0000000
7000.6209600	7000.0338101	6999.8782813	0.3198906	-0.9400000	0.0636024	0.2658281	0.1350695	0.0000000	0.0000000
7000.6209600	7000.0338101	6999.8782813	0.2998766	-0.9400000	0.0725977	0.2661421	0.1349882	0.0000000	0.0000000
7000.6209600	7000.0338101	6999.8782813	0.2798626	-0.9400000	0.1181047	0.2660254	0.1332955	0.0000000	0.0000000
7000.6209600	7000.0338101	6999.8782813	0.2598486	-0.9400000	0.1319019	0.2662083	0.1328043	0.0000000	0.0000000
7000.6209600	7000.0338101	6999.8782813	0.2398346	-0.9400000	0.1258890	0.2662892	0.1347987	0.0000000	0.0000000
7000.6209600	7000.0338101	6999.8782813	0.2201541	-0.9400000	0.0820088	0.2660823	0.1334080	0.0000000	0.0000000
7000.6209600	7000.0338101	6999.8782813	0.2001401	-0.9400000	0.0953754	0.2652660	0.1356633	0.0000000	0.0000000
7000.6209600	7000.0338101	6999.8782813	0.1801261	-0.9400000	0.1290911	0.2653673	0.1331017	0.0000000	0.0000000
7000.6209600	7000.0338101	6999.8782813	0.1601121	-0.9400000	0.1525623	0.2658457	0.1309963	0.0000000	0.0000000
7000.6209600	7000.0338101	6999.8782813	0.1400981	-0.9400000	0.1417040	0.2640837	0.1326931	0.0000000	0.0000000
7000.6209600	7000.0338101	6999.8782813	0.1200841	-0.9400000	0.0965562	0.2630856	0.1307546	0.0000000	0.0000000
7000.6209600	7000.0338101	6999.8782813	0.1000700	-0.9400000	0.1175820	0.2654358	0.1331830	0.0000000	0.0000000
7000.6209600	7000.0338101	6999.8782813	0.0800560	-0.9400000	0.1614369	0.2656956	0.1337726	0.0000000	0.0000000
7000.6209600	7000.0338101	6999.8782813	0.0600420	-0.9400000	0.1761726	0.2651140	0.1303507	0.0000000	0.0000000
7000.6209600	7000.0338101	6999.8782813	0.0400280	-0.9400000	0.1713751	0.2655741	0.1334386	0.0000000	0.0000000
7000.6209600	7000.0338101	6999.8782813	0.0200140	-0.9400000	0.1264608	0.2644779	0.1317142	0.0000000	0.0000000
7000.6209600	7000.0338101	6999.8782813	0.0000000	-0.9400000	0.1356764	0.2669702	0.1335305	0.0000000	0.0000000
7000.6209600	7000.0338101	6999.8782813	-0.0200140	-0.9400000	0.1939009	0.2668445	0.1339318	0.0000000	0.0000000
7000.6209600	7000.0338101	6999.8782813	-0.0400280	-0.9400000	0.2124320	0.2661589	0.1313611	0.0000000	0.0000000
7000.6209600	7000.0338101	6999.8782813	-0.0600420	-0.9400000	0.2124443	0.2663066	0.1333103	0.0000000	0.0000000
7000.6209600	7000.0338101	6999.8782813	-0.0800560	-0.9400000	0.1382397	0.2648943	0.1332572	0.0000000	0.0000000
7000.6209600	7000.0338101	6999.8782813	-0.1000700	-0.9400000	0.1502729	0.2667233	0.1343361	0.0000000	0.0000000
7000.6209600	7000.0338101	6999.8782813	-0.1200841	-0.9400000	0.1795579	0.2651201	0.1332725	0.0000000	0.0000000
7000.6209600	7000.0338101	6999.8782813	-0.1400981	-0.9400000	0.2418368	0.2647473	0.1333654	0.0000000	0.0000000
7000.6209600	7000.0338101	6999.8782813	-0.1601121	-0.9400000	0.2512391	0.2664086	0.1341754	0.0000000	0.0000000
7000.6209600	7000.0338101	6999.8782813	-0.1801200	-0.9400000	0.1724962	0.2667938	0.1322732	0.0000000	0.0000000
7000.6209600	7000.0338101	6999.8782813	-0.2001401	-0.9400000	0.1692089	0.2668638	0.1328719	0.0000000	0.0000000
7000.6209600	7000.0338101	6999.8782813	-0.2201541	-0.9400000	0.1857157	0.2667905	0.1329958	0.0000000	0.0000000
7000.6209600	7000.0338101	6999.8782813	-0.2398346	-0.9400000	0.2326355	0.2665751	0.1322954	0.0000000	0.0000000
7000.6209600	7000.0338101	6999.8782813	-0.2598486	-0.9400000	0.2391080	0.2648490	0.1327384	0.0000000	0.0000000
7000.6209600	7000.0338101	6999.8782813	-0.2798626	-0.9400000	0.2493049	0.2669553	0.1360629	0.0000000	0.0000000
7000.6209600	7000.0338101	6999.8782813	-0.2998766	-0.9400000	0.2476719	0.2662461	0.1346075	0.0000000	0.0000000
7000.6209600	7000.0338101	6999.8782813	-0.3198906	-0.9400000	0.2073329	0.2655078	0.1323119	0.0000000	0.0000000
7000.6209600	7000.0338101	6999.8782813	-0.3399046	-0.9400000	0.2267062	0.2654188	0.1353751	0.0000000	0.0000000
7000.6209600	7000.0338101	6999.8782813	-0.3599186	-0.9400000	0.2216698	0.2654352	0.1328121	0.0000000	0.0000000
7000.6209600	7000.0338101	6999.8782813	-0.3799326	-0.9400000	0.3124548	0.2667429	0.1344460	0.0000000	0.0000000
7000.6209600	7000.0338101	6999.8782813	-0.3999466	-0.9400000	0.2995776	0.2666559	0.1334677	0.0000000	0.0000000
7000.6209600	7000.0338101	6999.8782813	-0.4199606	-0.9400000	0.2658794	0.2646006	0.1335693	0.0000000	0.0000000
7000.6209600	7000.0338101	6999.8782813	-0.4399746	-0.9400000	0.2186985	0.2662838	0.1319790	0.0000000	0.0000000
7000.6209600	7000.0338101	6999.8782813	-0.4599887	-0.9400000	0.2416056	0.2670903	0.1362313	0.0000000	0.0000000
7000.6209600	7000.0338101	6999.8782813	-0.4800027	-0.9400000	0.3439587	0.2662084	0.1345221	0.0000000	0.0000000
7000.6209600	7000.0338101	6999.8782813	-0.5000167	-0.9400000	0.3365959	0.2669497	0.1333840	0.0000000	0.0000000
7000.6209600	7000.0338101	6999.8782813	-0.5200307	-0.9400000	0.2931689	0.2661615	0.1325573	0.0000000	0.0000000
7000.6209600	7000.0338101	6999.8782813	-0.5400447	-0.9400000	0.2539318	0.2670892	0.1343030	0.0000000	0.0000000
7000.6209600	7000.0338101	6999.8782813	-0.5600587	-0.9400000	0.2544128	0.2660372	0.1306346	0.0000000	0.0000000
7000.6209600	7000.0338101	6999.8782813	-0.5800727	-0.9400000	0.3800818	0.2670408	0.1364634	0.0000000	0.0000000
7000.6209600	7000.0338101	6999.8782813	-0.6000867	-0.9400000	0.3720635	0.2655426	0.1345160	0.0000000	0.0000000
7000.6209600	7000.0338101	6999.8782813	-0.6201007	-0.9400000	0.3205060	0.2666373	0.1340844	0.0000000	0.0000000
7000.6209600	7000.0338101	6999.8782813	-0.6401147	-0.9400000	0.2739178	0.2660005	0.1341613	0.0000000	0.0000000
7000.6209600	7000.0338101	6999.8782813	-0.6601288	-0.9400000	0.3074045	0.2670126	0.1323728	0.0000000	0.0000000
7000.6209600	7000.0338101	6999.8782813	-0.6801428	-0.9400000	0.3802505	0.2661080	0.1324562	0.0000000	0.0000000
7000.6209600	7000.0338101	6999.8782813	-0.7001568	-0.9400000	0.3666777	0.2669858	0.1341582	0.0000000	0.0000000
7000.6209600	7000.0338101	6999.8782813	-0.7198372	-0.9400000	0.3359635	0.2667611	0.1357590	0.0000000	0.0000000
7000.6209600	7000.0338101	6999.8782813	-0.7398512	-0.9400000	0.3194067	0.2668068	0.1350232	0.0000000	0.0000000
7000.6209600	7000.0338101	6999.8782813	-0.7598652	-0.9400000	0.3267898	0.2671025	0.1350221	0.0000000	0.0000000
7000.6209600	7000.0338101	6999.8782813	-0.7798792	-0.9400000	0.4056414	0.2662944	0.1357244	0.0000000	0.0000000
7000.6209600	7000.0338101	6999.8782813	-0.7998933	-0.9400000	0.3662711	0.2671283	0.1355006	0.0000000	0.0000000
7000.6209600	7000.0338101	6999.8782813	-0.8199073	-0.9400000	0.3028370	0.2655372	0.1320188	0.0000000	0.0000000
7000.6209600	7000.0338101	6999.8782813	-0.8399213	-0.9400000	0.3542103	0.2673622	0.1352727	0.0000000	0.0000000
7000.6209600	7000.0338101	6999.8782813	-0.8599353	-0.9400000	0.3873149	0.2669498	0.1358594	0.0000000	0.0000000
7000.6209600	7000.0338101	6999.8782813	-0.8799493	-0.9400000	0.3769492	0.2682450	0.1358960	0.0000000	0.0000000
7000.6209600	7000.0338101	6999.8782813	-0.8999633	-0.9400000	0.3244418	0.2663667	0.1341738	0.0000000	0.0000000
7000.6209600	7000.0338101	6999.8782813	-0.9199773	-0.9400000	0.3023593	0.2660018	0.1333969	0.0000000	0.0000000
7000.6209600	7000.0338101	6999.8782813	-0.9399913	-0.9400000	0.4178496	0.2664935	0.1354862	0.0000000	0.0000000
7000.6209600	7000.0338101	6999.8782813	-0.9600053	-0.9400000	0.4379402	0.2681953	0.1374617	0.0000000	0.0000000
7000.6209600	7000.0338101	6999.8782813	-0.9800193	-0.9400000	0.3281763	0.2664033	0.1325891	0.0000000	0.0000000
7000.6209600	7000.0338101	6999.8782813	-1.0000334	-0.9400000	0.3264143	0.2666212	0.1343256	0.0000000	0.0000000
