7000.6209600	7000.0338101	6999.8782813	1.0000334	-0.9600053	0.0196918	0.2659906	0.1346144	0.0000000	-0.9600000
7000.6209600	7000.0338101	6999.8782813	0.9800193	-0.9600000	0.0130048	0.2674609	0.1363779	0.0000000	0.0000000
7000.6209600	7000.0338101	6999.8782813	0.9600053	-0.9600000	0.0162578	0.2658290	0.1355791	0.0000000	0.0000000
7000.6209600	7000.0338101	6999.8782813	0.9399913	-0.9600000	0.0211737	0.2663805	0.1363685	0.0000000	0.0000000
7000.6209600	7000.0338101	6999.8782813	0.9199773	-0.9600000	0.0387852	0.2675750	0.1355168	0.0000000	0.0000000
7000.6209600	7000.0338101	6999.8782813	0.8999633	-0.9600000	0.0325248	0.2655781	0.1309508	0.0000000	0.0000000
7000.6209600	7000.0338101	6999.8782813	0.8799493	-0.9600000	0.0143721	0.2657000	0.1313016	0.0000000	0.0000000
7000.6209600	7000.0338101	6999.8782813	0.8599353	-0.9600000	0.0182419	0.2671232	0.1359847	0.0000000	0.0000000
7000.6209600	7000.0338101	6999.8782813	0.8399213	-0.9600000	0.0269799	0.2663081	0.1338464	0.0000000	0.0000000
7000.6209600	7000.0338101	6999.8782813	0.8199073	-0.9600000	0.0377726	0.2652383	0.1325402	0.0000000	0.0000000
7000.6209600	7000.0338101	6999.8782813	0.7998933	-0.9600000	0.0292065	0.2661663	0.1338119	0.0000000	0.0000000
7000.6209600	7000.0338101	6999.8782813	0.7798792	-0.9600000	0.0138138	0.2655764	0.1338278	0.0000000	0.0000000
7000.6209600	7000.0338101	6999.8782813	0.7598652	-0.9600000	0.0274368	0.2652407	0.1313156	0.0000000	0.0000000
7000.6209600	7000.0338101	6999.8782813	0.7398512	-0.9600000	0.0350020	0.2652632	0.1344424	0.0000000	0.0000000
7000.6209600	7000.0338101	6999.8782813	0.7198372	-0.9600000	0.0472549	0.2656335	0.1367411	0.0000000	0.0000000
7000.6209600	7000.0338101	6999.8782813	0.7001568	-0.9600000	0.0438156	0.2655729	0.1344750	0.0000000	0.0000000
7000.6209600	7000.0338101	6999.8782813	0.6801428	-0.9600000	0.0222925	0.2662493	0.1362784	0.0000000	0.0000000
7000.6209600	7000.0338101	6999.8782813	0.6601288	-0.9600000	0.0274071	0.2674873	0.1372156	0.0000000	0.0000000
7000.6209600	7000.0338101	6999.8782813	0.6401147	-0.9600000	0.0384512	0.2677961	0.1341967	0.0000000	0.0000000
7000.6209600	7000.0338101	6999.8782813	0.6201007	-0.9600000	0.0592053	0.2671179	0.1343073	0.0000000	0.0000000
7000.6209600	7000.0338101	6999.8782813	0.6000867	-0.9600000	0.0536631	0.2672336	0.1345441	0.0000000	0.0000000
7000.6209600	7000.0338101	6999.8782813	0.5800727	-0.9600000	0.0288719	0.2668431	0.1347898	0.0000000	0.0000000
7000.6209600	7000.0338101	6999.8782813	0.5600587	-0.9600000	0.0337791	0.2672803	0.1339093	0.0000000	0.0000000
7000.6209600	7000.0338101	6999.8782813	0.5400447	-0.9600000	0.0372242	0.2659811	0.1288843	0.0000000	0.0000000
7000.6209600	7000.0338101	6999.8782813	0.5200307	-0.9600000	0.0708406	0.2653170	0.1317229	0.0000000	0.0000000
7000.6209600	7000.0338101	6999.8782813	0.5000167	-0.9600000	0.0633854	0.2661133	0.1335044	0.0000000	0.0000000
7000.6209600	7000.0338101	6999.8782813	0.4800027	-0.9600000	0.0464847	0.2677975	0.1378702	0.0000000	0.0000000
7000.6209600	7000.0338101	6999.8782813	0.4599887	-0.9600000	0.0498197	0.2664716	0.1351238	0.0000000	0.0000000
7000.6209600	7000.0338101	6999.8782813	0.4399746	-0.9600000	0.0688446	0.2666514	0.1358221	0.0000000	0.0000000
7000.6209600	7000.0338101	6999.8782813	0.4199606	-0.9600000	0.0929984	0.2666420	0.1348977	0.0000000	0.0000000
7000.6209600	7000.0338101	6999.8782813	0.3999466	-0.9600000	0.0779138	0.2667263	0.1349791	0.0000000	0.0000000
7000.6209600	7000.0338101	6999.8782813	0.3799326	-0.9600000	0.0593790	0.2688052	0.1391149	0.0000000	0.0000000
7000.6209600	7000.0338101	6999.8782813	0.3599186	-0.9600000	0.0812640	0.2675544	0.1360824	0.0000000	0.0000000
7000.6209600	7000.0338101	6999.8782813	0.3399046	-0.9600000	0.0866976	0.2672247	0.1334568	0.0000000	0.0000000
7000.6209600	7000.0338101	6999.8782813	0.3198906	-0.9600000	0.0991881	0.2660327	0.1339143	0.0000000	0.0000000
7000.6209600	7000.0338101	6999.8782813	0.2998766	-0.9600000	0.0796362	0.2653656	0.1342506	0.0000000	0.0000000
7000.6209600	7000.0338101	6999.8782813	0.2798626	-0.9600000	0.0698315	0.2658962	0.1355995	0.0000000	0.0000000
7000.6209600	7000.0338101	6999.8782813	0.2598486	-0.9600000	0.1067909	0.2672533	0.1350706	0.0000000	0.0000000
7000.6209600	7000.0338101	6999.8782813	0.2398346	-0.9600000	0.1288988	0.2672662	0.1355542	0.0000000	0.0000000
7000.6209600	7000.0338101	6999.8782813	0.2201541	-0.9600000	0.1254563	0.2677592	0.1360778	0.0000000	0.0000000
7000.6209600	7000.0338101	6999.8782813	0.2001401	-0.9600000	0.1264895	0.2681128	0.1365383	0.0000000	0.0000000
7000.6209600	7000.0338101	6999.8782813	0.1801261	-0.9600000	0.0909945	0.2682357	0.1366456	0.0000000	0.0000000
7000.6209600	7000.0338101	6999.8782813	0.1601121	-0.9600000	0.1194652	0.2680576	0.1345875	0.0000000	0.0000000
7000.6209600	7000.0338101	6999.8782813	0.1400981	-0.9600000	0.1514308	0.2676721	0.1369633	0.0000000	0.0000000
7000.6209600	7000.0338101	6999.8782813	0.1200841	-0.9600000	0.1393621	0.2670524	0.1360513	0.0000000	0.0000000
7000.6209600	7000.0338101	6999.8782813	0.1000700	-0.9600000	0.1391526	0.2675027	0.1372498	0.0000000	0.0000000
7000.6209600	7000.0338101	6999.8782813	0.0800560	-0.9600000	0.1094747	0.2684117	0.1370334	0.0000000	0.0000000
7000.6209600	7000.0338101	6999.8782813	0.0600420	-0.9600000	0.1521587	0.2672021	0.1351709	0.0000000	0.0000000
7000.6209600	7000.0338101	6999.8782813	0.0400280	-0.9600000	0.1691392	0.2657717	0.1355474	0.0000000	0.0000000
7000.6209600	7000.0338101	6999.8782813	0.0200140	-0.9600000	0.1596240	0.2668757	0.1344598	0.0000000	0.0000000
7000.6209600	7000.0338101	6999.8782813	0.0000000	-0.9600000	0.1521227	0.2667810	0.1354950	0.0000000	0.0000000
7000.6209600	7000.0338101	6999.8782813	-0.0200140	-0.9600000	0.1231617	0.2667662	0.1334124	0.0000000	0.0000000
7000.6209600	7000.0338101	6999.8782813	-0.0400280	-0.9600000	0.1723252	0.2666492	0.1339823	0.0000000	0.0000000
7000.6209600	7000.0338101	6999.8782813	-0.0600420	-0.9600000	0.1793890	0.2650266	0.1346355	0.0000000	0.0000000
7000.6209600	7000.0338101	6999.8782813	-0.0800560	-0.9600000	0.1941388	0.2664313	0.1317996	0.0000000	0.0000000
7000.6209600	7000.0338101	6999.8782813	-0.1000700	-0.9600000	0.1686049	0.2657419	0.1302181	0.0000000	0.0000000
7000.6209600	7000.0338101	6999.8782813	-0.1200841	-0.9600000	0.1587496	0.2670229	0.1344288	0.0000000	0.0000000
7000.6209600	7000.0338101	6999.8782813	-0.1400981	-0.9600000	0.1647426	0.2657310	0.1332855	0.0000000	0.0000000
7000.6209600	7000.0338101	6999.8782813	-0.1601121	-0.9600000	0.1938029	0.2668212	0.1349067	0.0000000	0.0000000
7000.6209600	7000.0338101	6999.8782813	-0.1801261	-0.9600000	0.2413837	0.2665106	0.1345330	0.0000000	0.0000000
7000.6209600	7000.0338101	6999.8782813	-0.2001401	-0.9600000	0.2481002	0.2652169	0.1349380	0.0000000	0.0000000
7000.6209600	7000.0338101	6999.8782813	-0.2201541	-0.9600000	0.2109479	0.2660278	0.1332457	0.0000000	0.0000000
7000.6209600	7000.0338101	6999.8782813	-0.2398346	-0.9600000	0.1791177	0.2663954	0.1343455	0.0000000	0.0000000
7000.6209600	7000.0338101	6999.8782813	-0.2598486	-0.9600000	0.1804332	0.2677216	0.1342246	0.0000000	0.0000000
7000.6209600	7000.0338101	6999.8782813	-0.2798626	-0.9600000	0.2583311	0.2666116	0.1361218	0.0000000	0.0000000
7000.6209600	7000.0338101	6999.8782813	-0.2998766	-0.9600000	0.2748484	0.2667487	0.1361642	0.0000000	0.0000000
7000.6209600	7000.0338101	6999.8782813	-0.3198906	-0.9600000	0.2915096	0.2681250	0.1365687	0.0000000	0.0000000
7000.6209600	7000.0338101	6999.8782813	-0.3399046	-0.9600000	0.2414272	0.2673239	0.1362247	0.0000000	0.0000000
7000.6209600	7000.0338101	6999.8782813	-0.3599186	-0.9600000	0.2161719	0.2668080	0.1324344	0.0000000	0.0000000
7000.6209600	7000.0338101	6999.8782813	-0.3799326	-0.9600000	0.2340032	0.2664456	0.1330586	0.0000000	0.0000000
7000.6209600	7000.0338101	6999.8782813	-0.3999466	-0.9600000	0.2699309	0.2656045	0.1329222	0.0000000	0.0000000
7000.6209600	7000.0338101	6999.8782813	-0.4199606	-0.9600000	0.2962838	0.2661451	0.1322322	0.0000000	0.0000000
7000.6209600	7000.0338101	6999.8782813	-0.4399746	-0.9600000	0.2741141	0.2657628	0.1319335	0.0000000	0.0000000
7000.6209600	7000.0338101	6999.8782813	-0.4599887	-0.9600000	0.2576801	0.2664188	0.1318772	0.0000000	0.0000000
7000.6209600	7000.0338101	6999.8782813	-0.4800027	-0.9600000	0.2526790	0.2661656	0.1333867	0.0000000	0.0000000
7000.6209600	7000.0338101	6999.8782813	-0.5000167	-0.9600000	0.2671508	0.2662218	0.1319174	0.0000000	0.0000000
7000.6209600	7000.0338101	6999.8782813	-0.5200307	-0.9600000	0.3320914	0.2657075	0.1346729	0.0000000	0.0000000
7000.6209600	7000.0338101	6999.8782813	-0.5400447	-0.9600000	0.3149469	0.2667748	0.1352455	0.0000000	0.0000000
7000.6209600	7000.0338101	6999.8782813	-0.5600587	-0.9600000	0.2859524	0.2660114	0.1337815	0.0000000	0.0000000
7000.6209600	7000.0338101	6999.8782813	-0.5800727	-0.9600000	0.2711606	0.2659031	0.1326750	0.0000000	0.0000000
7000.6209600	7000.0338101	6999.8782813	-0.6000867	-0.9600000	0.3014082	0.2652854	0.1318468	0.0000000	0.0000000
7000.6209600	7000.0338101	6999.8782813	-0.6201007	-0.9600000	0.3616499	0.2657615	0.1354644	0.0000000	0.0000000
7000.6209600	7000.0338101	6999.8782813	-0.6401147	-0.9600000	0.3349490	0.2665387	0.1335667	0.0000000	0.0000000
7000.6209600	7000.0338101	6999.8782813	-0.6601288	-0.9600000	0.2918221	0.2666461	0.1335941	0.0000000	0.0000000
7000.6209600	7000.0338101	6999.8782813	-0.6801428	-0.9600000	0.3078501	0.2654952	0.1297010	0.0000000	0.0000000
7000.6209600	7000.0338101	6999.8782813	-0.7001568	-0.9600000	0.3520260	0.2661653	0.1348801	0.0000000	0.0000000
7000.6209600	7000.0338101	6999.8782813	-0.7198372	-0.9600000	0.3822931	0.2661937	0.1353661	0.0000000	0.0000000
7000.6209600	7000.0338101	6999.8782813	-0.7398512	-0.9600000	0.3463116	0.2677694	0.1367590	0.0000000	0.0000000
7000.6209600	7000.0338101	6999.8782813	-0.7598652	-0.9600000	0.3015645	0.2673958	0.1361294	0.0000000	0.0000000
7000.6209600	7000.0338101	6999.8782813	-0.7798792	-0.9600000	0.3689249	0.2667645	0.1379736	0.0000000	0.0000000
7000.6209600	7000.0338101	6999.8782813	-0.7998933	-0.9600000	0.4101128	0.2667295	0.1360952	0.0000000	0.0000000
7000.6209600	7000.0338101	6999.8782813	-0.8199073	-0.9600000	0.4284458	0.2682111	0.1385298	0.0000000	0.0000000
7000.6209600	7000.0338101	6999.8782813	-0.8399213	-0.9600000	0.2955232	0.2667498	0.1340002	0.0000000	0.0000000
7000.6209600	7000.0338101	6999.8782813	-0.8599353	-0.9600000	0.3083805	0.2668995	0.1360170	0.0000000	0.0000000
7000.6209600	7000.0338101	6999.8782813	-0.8799493	-0.9600000	0.4319557	0.2686196	0.1347325	0.0000000	0.0000000
7000.6209600	7000.0338101	6999.8782813	-0.8999633	-0.9600000	0.4242263	0.2676484	0.1353699	0.0000000	0.0000000
7000.6209600	7000.0338101	6999.8782813	-0.9199773	-0.9600000	0.3813619	0.2676859	0.1355248	0.0000000	0.0000000
7000.6209600	7000.0338101	6999.8782813	-0.9399913	-0.9600000	0.3179379	0.2673376	0.1349950	0.0000000	0.0000000
7000.6209600	7000.0338101	6999.8782813	-0.9600053	-0.9600000	0.3337479	0.2658242	0.1331400	0.0000000	0.0000000
7000.6209600	7000.0338101	6999.8782813	-0.9800193	-0.9600000	0.4315034	0.2662278	0.1344579	0.0000000	0.0000000
7000.6209600	7000.0338101	6999.8782813	-1.0000334	-0.9600000	0.4025096	0.2663562	0.1350729	0.0000000	0.0000000
