7000.6209600	7000.0338101	6999.8782813	1.0000334	0.5400447	0.2372548	0.2786643	0.1323455	0.0000000	0.5400000
7000.6209600	7000.0338101	6999.8782813	0.9800193	0.5400000	0.2341102	0.2769690	0.1362931	0.0000000	0.0000000
7000.6209600	7000.0338101	6999.8782813	0.9600053	0.5400000	0.2593047	0.2788191	0.1324219	0.0000000	0.0000000
7000.6209600	7000.0338101	6999.8782813	0.9399913	0.5400000	0.2653292	0.2790197	0.1336658	0.0000000	0.0000000
7000.6209600	7000.0338101	6999.8782813	0.9199773	0.5400000	0.2893701	0.2791774	0.1290994	0.0000000	0.0000000
7000.6209600	7000.0338101	6999.8782813	0.8999633	0.5400000	0.2748715	0.2774716	0.1325138	0.0000000	0.0000000
7000.6209600	7000.0338101	6999.8782813	0.8799493	0.5400000	0.2165482	0.2794034	0.1249142	0.0000000	0.0000000
7000.6209600	7000.0338101	6999.8782813	0.8599353	0.5400000	0.2518081	0.2781016	0.1300538	0.0000000	0.0000000
7000.6209600	7000.0338101	6999.8782813	0.8399213	0.5400000	0.2814799	0.2776560	0.1289658	0.0000000	0.0000000
7000.6209600	7000.0338101	6999.8782813	0.8199073	0.5400000	0.3054003	0.2775313	0.1300032	0.0000000	0.0000000
7000.6209600	7000.0338101	6999.8782813	0.7998933	0.5400000	0.2580339	0.2773910	0.1294087	0.0000000	0.0000000
7000.6209600	7000.0338101	6999.8782813	0.7798792	0.5400000	0.2438903	0.2775823	0.1303623	0.0000000	0.0000000
7000.6209600	7000.0338101	6999.8782813	0.7598652	0.5400000	0.2575540	0.2769187	0.1310387	0.0000000	0.0000000
7000.6209600	7000.0338101	6999.8782813	0.7398512	0.5400000	0.2787798	0.2780714	0.1301613	0.0000000	0.0000000
7000.6209600	7000.0338101	6999.8782813	0.7198372	0.5400000	0.2723876	0.2781499	0.1276317	0.0000000	0.0000000
7000.6209600	7000.0338101	6999.8782813	0.7001568	0.5400000	0.2615018	0.2781703	0.1295138	0.0000000	0.0000000
7000.6209600	7000.0338101	6999.8782813	0.6801428	0.5400000	0.2100653	0.2782262	0.1308219	0.0000000	0.0000000
7000.6209600	7000.0338101	6999.8782813	0.6601288	0.5400000	0.2411162	0.2779614	0.1280621	0.0000000	0.0000000
7000.6209600	7000.0338101	6999.8782813	0.6401147	0.5400000	0.2596356	0.2764321	0.1273536	0.0000000	0.0000000
7000.6209600	7000.0338101	6999.8782813	0.6201007	0.5400000	0.2781797	0.2759910	0.1273779	0.0000000	0.0000000
7000.6209600	7000.0338101	6999.8782813	0.6000867	0.5400000	0.2628362	0.2770170	0.1293188	0.0000000	0.0000000
7000.6209600	7000.0338101	6999.8782813	0.5800727	0.5400000	0.2157045	0.2754083	0.1292896	0.0000000	0.0000000
7000.6209600	7000.0338101	6999.8782813	0.5600587	0.5400000	0.2383400	0.2750608	0.1341393	0.0000000	0.0000000
7000.6209600	7000.0338101	6999.8782813	0.5400447	0.5400000	0.2580328	0.2789946	0.1299042	0.0000000	0.0000000
7000.6209600	7000.0338101	6999.8782813	0.5200307	0.5400000	0.2638531	0.2779410	0.1268900	0.0000000	0.0000000
7000.6209600	7000.0338101	6999.8782813	0.5000167	0.5400000	0.2735502	0.2797700	0.1279454	0.0000000	0.0000000
7000.6209600	7000.0338101	6999.8782813	0.4800027	0.5400000	0.1971715	0.2765292	0.1254050	0.0000000	0.0000000
7000.6209600	7000.0338101	6999.8782813	0.4599887	0.5400000	0.2218561	0.2760909	0.1238440	0.0000000	0.0000000
7000.6209600	7000.0338101	6999.8782813	0.4399746	0.5400000	0.2516984	0.2772268	0.1300304	0.0000000	0.0000000
7000.6209600	7000.0338101	6999.8782813	0.4199606	0.5400000	0.2734156	0.2769620	0.1287955	0.0000000	0.0000000
7000.6209600	7000.0338101	6999.8782813	0.3999466	0.5400000	0.2484272	0.2764908	0.1342135	0.0000000	0.0000000
7000.6209600	7000.0338101	6999.8782813	0.3799326	0.5400000	0.1880549	0.2762380	0.1323340	0.0000000	0.0000000
7000.6209600	7000.0338101	6999.8782813	0.3599186	0.5400000	0.2069275	0.2757421	0.1287638	0.0000000	0.0000000
7000.6209600	7000.0338101	6999.8782813	0.3399046	0.5400000	0.2213107	0.2774182	0.1297559	0.0000000	0.0000000
7000.6209600	7000.0338101	6999.8782813	0.3198906	0.5400000	0.2197274	0.2749901	0.1285476	0.0000000	0.0000000
7000.6209600	7000.0338101	6999.8782813	0.2998766	0.5400000	0.2039515	0.2774478	0.1321869	0.0000000	0.0000000
7000.6209600	7000.0338101	6999.8782813	0.2798626	0.5400000	0.1629492	0.2759476	0.1321160	0.0000000	0.0000000
7000.6209600	7000.0338101	6999.8782813	0.2598500	0.5400000	0.2066403	0.2776139	0.1316115	0.0000000	0.0000000
7000.6209600	7000.0338101	6999.8782813	0.2398346	0.5400000	0.2249164	0.2757821	0.1315248	0.0000000	0.0000000
7000.6209600	7000.0338101	6999.8782813	0.2201541	0.5400000	0.2159878	0.2778925	0.1255393	0.0000000	0.0000000
7000.6209600	7000.0338101	6999.8782813	0.2001401	0.5400000	0.1887218	0.2762118	0.1279047	0.0000000	0.0000000
7000.6209600	7000.0338101	6999.8782813	0.1801261	0.5400000	0.1416768	0.2769741	0.1258354	0.0000000	0.0000000
7000.6209600	7000.0338101	6999.8782813	0.1601121	0.5400000	0.1900056	0.2750696	0.1340096	0.0000000	0.0000000
7000.6209600	7000.0338101	6999.8782813	0.1400981	0.5400000	0.1981693	0.2744111	0.1325066	0.0000000	0.0000000
7000.6209600	7000.0338101	6999.8782813	0.1200841	0.5400000	0.1928918	0.2754797	0.1313636	0.0000000	0.0000000
7000.6209600	7000.0338101	6999.8782813	0.1000700	0.5400000	0.1557957	0.2754358	0.1295940	0.0000000	0.0000000
7000.6209600	7000.0338101	6999.8782813	0.0800560	0.5400000	0.1323955	0.2742970	0.1312836	0.0000000	0.0000000
7000.6209600	7000.0338101	6999.8782813	0.0600420	0.5400000	0.1679489	0.2751823	0.1317301	0.0000000	0.0000000
7000.6209600	7000.0338101	6999.8782813	0.0400280	0.5400000	0.1846785	0.2750127	0.1326752	0.0000000	0.0000000
7000.6209600	7000.0338101	6999.8782813	0.0200140	0.5400000	0.1562367	0.2762799	0.1306509	0.0000000	0.0000000
7000.6209600	7000.0338101	6999.8782813	0.0000000	0.5400000	0.1464282	0.2744922	0.1280184	0.0000000	0.0000000
7000.6209600	7000.0338101	6999.8782813	-0.0200140	0.5400000	0.1088625	0.2750992	0.1246139	0.0000000	0.0000000
7000.6209600	7000.0338101	6999.8782813	-0.0400280	0.5400000	0.1434298	0.2745645	0.1280518	0.0000000	0.0000000
7000.6209600	7000.0338101	6999.8782813	-0.0600420	0.5400000	0.1481770	0.2745375	0.1287028	0.0000000	0.0000000
7000.6209600	7000.0338101	6999.8782813	-0.0800560	0.5400000	0.1474962	0.2745615	0.1298630	0.0000000	0.0000000
7000.6209600	7000.0338101	6999.8782813	-0.1000700	0.5400000	0.1363943	0.2752694	0.1221406	0.0000000	0.0000000
7000.6209600	7000.0338101	6999.8782813	-0.1200841	0.5400000	0.1016866	0.2741619	0.1290044	0.0000000	0.0000000
7000.6209600	7000.0338101	6999.8782813	-0.1400981	0.5400000	0.0985879	0.2735905	0.1320048	0.0000000	0.0000000
7000.6209600	7000.0338101	6999.8782813	-0.1601121	0.5400000	0.1181008	0.2746295	0.1297469	0.0000000	0.0000000
7000.6209600	7000.0338101	6999.8782813	-0.1801261	0.5400000	0.1391827	0.2730171	0.1289592	0.0000000	0.0000000
7000.6209600	7000.0338101	6999.8782813	-0.2001401	0.5400000	0.1360254	0.2732823	0.1320134	0.0000000	0.0000000
7000.6209600	7000.0338101	6999.8782813	-0.2201541	0.5400000	0.1038286	0.2739427	0.1303567	0.0000000	0.0000000
7000.6209600	7000.0338101	6999.8782813	-0.2398346	0.5400000	0.0819548	0.2734768	0.1280616	0.0000000	0.0000000
7000.6209600	7000.0338101	6999.8782813	-0.2598486	0.5400000	0.0706827	0.2730125	0.1327690	0.0000000	0.0000000
7000.6209600	7000.0338101	6999.8782813	-0.2798626	0.5400000	0.1072477	0.2742950	0.1288286	0.0000000	0.0000000
7000.6209600	7000.0338101	6999.8782813	-0.2998766	0.5400000	0.1094728	0.2741367	0.1300714	0.0000000	0.0000000
7000.6209600	7000.0338101	6999.8782813	-0.3198906	0.5400000	0.1074634	0.2741875	0.1271146	0.0000000	0.0000000
7000.6209600	7000.0338101	6999.8782813	-0.3399046	0.5400000	0.0843618	0.2758066	0.1265286	0.0000000	0.0000000
7000.6209600	7000.0338101	6999.8782813	-0.3599186	0.5400000	0.0649032	0.2740901	0.1262971	0.0000000	0.0000000
7000.6209600	7000.0338101	6999.8782813	-0.3799326	0.5400000	0.0699670	0.2750073	0.1263556	0.0000000	0.0000000
7000.6209600	7000.0338101	6999.8782813	-0.3999466	0.5400000	0.0707185	0.2726172	0.1309524	0.0000000	0.0000000
7000.6209600	7000.0338101	6999.8782813	-0.4199606	0.5400000	0.0917897	0.2743729	0.1284269	0.0000000	0.0000000
7000.6209600	7000.0338101	6999.8782813	-0.4399746	0.5400000	0.0740426	0.2761565	0.1213516	0.0000000	0.0000000
7000.6209600	7000.0338101	6999.8782813	-0.4599887	0.5400000	0.0661151	0.2732328	0.1255735	0.0000000	0.0000000
7000.6209600	7000.0338101	6999.8782813	-0.4800027	0.5400000	0.0522804	0.2746389	0.1256794	0.0000000	0.0000000
7000.6209600	7000.0338101	6999.8782813	-0.5000167	0.5400000	0.0526514	0.2746476	0.1247615	0.0000000	0.0000000
7000.6209600	7000.0338101	6999.8782813	-0.5200307	0.5400000	0.0708899	0.2749907	0.1260334	0.0000000	0.0000000
7000.6209600	7000.0338101	6999.8782813	-0.5400447	0.5400000	0.0628499	0.2720074	0.1313339	0.0000000	0.0000000
7000.6209600	7000.0338101	6999.8782813	-0.5600587	0.5400000	0.0440187	0.2734291	0.1279062	0.0000000	0.0000000
7000.6209600	7000.0338101	6999.8782813	-0.5800727	0.5400000	0.0341068	0.2727920	0.1294637	0.0000000	0.0000000
7000.6209600	7000.0338101	6999.8782813	-0.6000867	0.5400000	0.0394261	0.2737336	0.1204275	0.0000000	0.0000000
7000.6209600	7000.0338101	6999.8782813	-0.6201007	0.5400000	0.0648264	0.2740504	0.1264908	0.0000000	0.0000000
7000.6209600	7000.0338101	6999.8782813	-0.6401147	0.5400000	0.0386144	0.2752294	0.1276311	0.0000000	0.0000000
7000.6209600	7000.0338101	6999.8782813	-0.6601288	0.5400000	0.0325184	0.2744988	0.1273025	0.0000000	0.0000000
7000.6209600	7000.0338101	6999.8782813	-0.6801428	0.5400000	0.0295825	0.2758900	0.1244874	0.0000000	0.0000000
7000.6209600	7000.0338101	6999.8782813	-0.7001568	0.5400000	0.0327677	0.2754265	0.1215051	0.0000000	0.0000000
7000.6209600	7000.0338101	6999.8782813	-0.7198372	0.5400000	0.0370303	0.2722603	0.1293533	0.0000000	0.0000000
7000.6209600	7000.0338101	6999.8782813	-0.7398512	0.5400000	0.0266238	0.2728074	0.1288871	0.0000000	0.0000000
7000.6209600	7000.0338101	6999.8782813	-0.7598652	0.5400000	0.0184097	0.2730374	0.1274330	0.0000000	0.0000000
7000.6209600	7000.0338101	6999.8782813	-0.7798792	0.5400000	0.0167943	0.2754591	0.1233489	0.0000000	0.0000000
7000.6209600	7000.0338101	6999.8782813	-0.7998933	0.5400000	0.0304021	0.2729332	0.1332961	0.0000000	0.0000000
7000.6209600	7000.0338101	6999.8782813	-0.8199073	0.5400000	0.0346486	0.2726029	0.1293912	0.0000000	0.0000000
7000.6209600	7000.0338101	6999.8782813	-0.8399213	0.5400000	0.0083033	0.2727184	0.1289172	0.0000000	0.0000000
7000.6209600	7000.0338101	6999.8782813	-0.8599353	0.5400000	0.0063433	0.2720543	0.1317523	0.0000000	0.0000000
7000.6209600	7000.0338101	6999.8782813	-0.8799493	0.5400000	0.0198049	0.2721740	0.1326338	0.0000000	0.0000000
7000.6209600	7000.0338101	6999.8782813	-0.8999633	0.5400000	0.0280897	0.2745350	0.1245168	0.0000000	0.0000000
7000.6209600	7000.0338101	6999.8782813	-0.9199773	0.5400000	0.0167025	0.2727559	0.1333610	0.0000000	0.0000000
7000.6209600	7000.0338101	6999.8782813	-0.9399913	0.5400000	0.0029644	0.2720275	0.1246681	0.0000000	0.0000000
7000.6209600	7000.0338101	6999.8782813	-0.9600053	0.5400000	0.0019276	0.2709169	0.1310610	0.0000000	0.0000000
7000.6209600	7000.0338101	6999.8782813	-0.9800193	0.5400000	0.0126620	0.2741881	0.1261620	0.0000000	0.0000000
7000.6209600	7000.0338101	6999.8782813	-1.0000334	0.5400000	0.0121494	0.2721603	0.1319766	0.0000000	0.0000000
