7000.6209600	7000.0338101	6999.8782813	1.0000334	-0.0400280	0.2470450	0.2732816	0.1296448	0.0000000	-0.0400000
7000.6209600	7000.0338101	6999.8782813	0.9800193	-0.0400000	0.2670613	0.2727782	0.1303184	0.0000000	0.0000000
7000.6209600	7000.0338101	6999.8782813	0.9600053	-0.0400000	0.3208977	0.2734551	0.1299369	0.0000000	0.0000000
7000.6209600	7000.0338101	6999.8782813	0.9399913	-0.0400000	0.3478579	0.2720201	0.1310691	0.0000000	0.0000000
7000.6209600	7000.0338101	6999.8782813	0.9199773	-0.0400000	0.3027397	0.2732277	0.1290542	0.0000000	0.0000000
7000.6209600	7000.0338101	6999.8782813	0.8999633	-0.0400000	0.3082986	0.2747992	0.1290822	0.0000000	0.0000000
7000.6209600	7000.0338101	6999.8782813	0.8799493	-0.0400000	0.2728501	0.2746949	0.1265063	0.0000000	0.0000000
7000.6209600	7000.0338101	6999.8782813	0.8599353	-0.0400000	0.3485922	0.2745712	0.1253101	0.0000000	0.0000000
7000.6209600	7000.0338101	6999.8782813	0.8399213	-0.0400000	0.3677986	0.2750592	0.1265181	0.0000000	0.0000000
7000.6209600	7000.0338101	6999.8782813	0.8199073	-0.0400000	0.2999320	0.2729075	0.1315245	0.0000000	0.0000000
7000.6209600	7000.0338101	6999.8782813	0.7998933	-0.0400000	0.2853046	0.2736130	0.1300070	0.0000000	0.0000000
7000.6209600	7000.0338101	6999.8782813	0.7798792	-0.0400000	0.2787164	0.2756530	0.1296807	0.0000000	0.0000000
7000.6209600	7000.0338101	6999.8782813	0.7598652	-0.0400000	0.3418798	0.2758206	0.1243910	0.0000000	0.0000000
7000.6209600	7000.0338101	6999.8782813	0.7398512	-0.0400000	0.3951375	0.2741672	0.1296190	0.0000000	0.0000000
7000.6209600	7000.0338101	6999.8782813	0.7198372	-0.0400000	0.3212749	0.2729906	0.1325020	0.0000000	0.0000000
7000.6209600	7000.0338101	6999.8782813	0.7001568	-0.0400000	0.3108353	0.2730221	0.1271316	0.0000000	0.0000000
7000.6209600	7000.0338101	6999.8782813	0.6801428	-0.0400000	0.2712560	0.2725370	0.1292169	0.0000000	0.0000000
7000.6209600	7000.0338101	6999.8782813	0.6601288	-0.0400000	0.3656370	0.2726549	0.1297618	0.0000000	0.0000000
7000.6209600	7000.0338101	6999.8782813	0.6401147	-0.0400000	0.3635118	0.2739240	0.1258811	0.0000000	0.0000000
7000.6209600	7000.0338101	6999.8782813	0.6201007	-0.0400000	0.3079318	0.2736045	0.1226810	0.0000000	0.0000000
7000.6209600	7000.0338101	6999.8782813	0.6000867	-0.0400000	0.3220420	0.2741908	0.1276294	0.0000000	0.0000000
7000.6209600	7000.0338101	6999.8782813	0.5800727	-0.0400000	0.2759528	0.2755797	0.1280847	0.0000000	0.0000000
7000.6209600	7000.0338101	6999.8782813	0.5600587	-0.0400000	0.3653348	0.2721241	0.1354799	0.0000000	0.0000000
7000.6209600	7000.0338101	6999.8782813	0.5400447	-0.0400000	0.3861012	0.2725688	0.1305598	0.0000000	0.0000000
7000.6209600	7000.0338101	6999.8782813	0.5200307	-0.0400000	0.3372015	0.2782832	0.1237762	0.0000000	0.0000000
7000.6209600	7000.0338101	6999.8782813	0.5000167	-0.0400000	0.3212899	0.2721433	0.1332489	0.0000000	0.0000000
7000.6209600	7000.0338101	6999.8782813	0.4800027	-0.0400000	0.2974716	0.2758085	0.1285789	0.0000000	0.0000000
7000.6209600	7000.0338101	6999.8782813	0.4599887	-0.0400000	0.3696244	0.2748560	0.1286750	0.0000000	0.0000000
7000.6209600	7000.0338101	6999.8782813	0.4399746	-0.0400000	0.3935598	0.2739708	0.1275048	0.0000000	0.0000000
7000.6209600	7000.0338101	6999.8782813	0.4199606	-0.0400000	0.3159585	0.2742096	0.1218741	0.0000000	0.0000000
7000.6209600	7000.0338101	6999.8782813	0.3999466	-0.0400000	0.3096312	0.2729290	0.1260789	0.0000000	0.0000000
7000.6209600	7000.0338101	6999.8782813	0.3799326	-0.0400000	0.2946913	0.2742686	0.1304701	0.0000000	0.0000000
7000.6209600	7000.0338101	6999.8782813	0.3599186	-0.0400000	0.3877455	0.2757144	0.1260950	0.0000000	0.0000000
7000.6209600	7000.0338101	6999.8782813	0.3399046	-0.0400000	0.4278929	0.2744303	0.1324856	0.0000000	0.0000000
7000.6209600	7000.0338101	6999.8782813	0.3198906	-0.0400000	0.3067286	0.2721561	0.1321404	0.0000000	0.0000000
7000.6209600	7000.0338101	6999.8782813	0.2998766	-0.0400000	0.2935388	0.2740588	0.1222633	0.0000000	0.0000000
7000.6209600	7000.0338101	6999.8782813	0.2798626	-0.0400000	0.3215179	0.2718727	0.1306238	0.0000000	0.0000000
7000.6209600	7000.0338101	6999.8782813	0.2598486	-0.0400000	0.4154204	0.2729119	0.1281553	0.0000000	0.0000000
7000.6209600	7000.0338101	6999.8782813	0.2398346	-0.0400000	0.4118805	0.2736614	0.1291492	0.0000000	0.0000000
7000.6209600	7000.0338101	6999.8782813	0.2201541	-0.0400000	0.3419231	0.2735934	0.1279772	0.0000000	0.0000000
7000.6209600	7000.0338101	6999.8782813	0.2001401	-0.0400000	0.3088976	0.2723507	0.1308110	0.0000000	0.0000000
7000.6209600	7000.0338101	6999.8782813	0.1801261	-0.0400000	0.3035134	0.2725682	0.1334777	0.0000000	0.0000000
7000.6209600	7000.0338101	6999.8782813	0.1601121	-0.0400000	0.3978967	0.2728468	0.1314316	0.0000000	0.0000000
7000.6209600	7000.0338101	6999.8782813	0.1400981	-0.0400000	0.4266691	0.2722329	0.1306633	0.0000000	0.0000000
7000.6209600	7000.0338101	6999.8782813	0.1200841	-0.0400000	0.3051241	0.2735245	0.1286875	0.0000000	0.0000000
7000.6209600	7000.0338101	6999.8782813	0.1000700	-0.0400000	0.2744442	0.2746783	0.1194006	0.0000000	0.0000000
7000.6209600	7000.0338101	6999.8782813	0.0800560	-0.0400000	0.3281979	0.2723513	0.1264485	0.0000000	0.0000000
7000.6209600	7000.0338101	6999.8782813	0.0600420	-0.0400000	0.4288381	0.2731373	0.1335856	0.0000000	0.0000000
7000.6209600	7000.0338101	6999.8782813	0.0400280	-0.0400000	0.4201023	0.2731370	0.1325638	0.0000000	0.0000000
7000.6209600	7000.0338101	6999.8782813	0.0200140	-0.0400000	0.3252921	0.2757494	0.1246263	0.0000000	0.0000000
7000.6209600	7000.0338101	6999.8782813	0.0000000	-0.0400000	0.2889504	0.2768401	0.1211426	0.0000000	0.0000000
7000.6209600	7000.0338101	6999.8782813	-0.0200140	-0.0400000	0.3016141	0.2741675	0.1290000	0.0000000	0.0000000
7000.6209600	7000.0338101	6999.8782813	-0.0400280	-0.0400000	0.3680077	0.2745107	0.1287848	0.0000000	0.0000000
7000.6209600	7000.0338101	6999.8782813	-0.0600420	-0.0400000	0.4157482	0.2727880	0.1305682	0.0000000	0.0000000
7000.6209600	7000.0338101	6999.8782813	-0.0800560	-0.0400000	0.3402491	0.2743599	0.1311759	0.0000000	0.0000000
7000.6209600	7000.0338101	6999.8782813	-0.1000700	-0.0400000	0.3069216	0.2719552	0.1331127	0.0000000	0.0000000
7000.6209600	7000.0338101	6999.8782813	-0.1200841	-0.0400000	0.2733842	0.2759613	0.1292074	0.0000000	0.0000000
7000.6209600	7000.0338101	6999.8782813	-0.1400981	-0.0400000	0.3263273	0.2720188	0.1309863	0.0000000	0.0000000
7000.6209600	7000.0338101	6999.8782813	-0.1601121	-0.0400000	0.3579641	0.2733480	0.1320635	0.0000000	0.0000000
7000.6209600	7000.0338101	6999.8782813	-0.1801261	-0.0400000	0.3530763	0.2737886	0.1319050	0.0000000	0.0000000
7000.6209600	7000.0338101	6999.8782813	-0.2001401	-0.0400000	0.3305184	0.2726877	0.1290018	0.0000000	0.0000000
7000.6209600	7000.0338101	6999.8782813	-0.2201541	-0.0400000	0.2489774	0.2756644	0.1197711	0.0000000	0.0000000
7000.6209600	7000.0338101	6999.8782813	-0.2398346	-0.0400000	0.2441571	0.2725444	0.1304353	0.0000000	0.0000000
7000.6209600	7000.0338101	6999.8782813	-0.2598486	-0.0400000	0.2520233	0.2740072	0.1321914	0.0000000	0.0000000
7000.6209600	7000.0338101	6999.8782813	-0.2798626	-0.0400000	0.3570011	0.2726852	0.1322595	0.0000000	0.0000000
7000.6209600	7000.0338101	6999.8782813	-0.2998766	-0.0400000	0.3477539	0.2746276	0.1269199	0.0000000	0.0000000
7000.6209600	7000.0338101	6999.8782813	-0.3198906	-0.0400000	0.3022318	0.2743931	0.1244227	0.0000000	0.0000000
7000.6209600	7000.0338101	6999.8782813	-0.3399046	-0.0400000	0.2138278	0.2704957	0.1317841	0.0000000	0.0000000
7000.6209600	7000.0338101	6999.8782813	-0.3599186	-0.0400000	0.1925848	0.2710139	0.1294414	0.0000000	0.0000000
7000.6209600	7000.0338101	6999.8782813	-0.3799326	-0.0400000	0.2978446	0.2730250	0.1322163	0.0000000	0.0000000
7000.6209600	7000.0338101	6999.8782813	-0.3999466	-0.0400000	0.2996866	0.2742562	0.1278739	0.0000000	0.0000000
7000.6209600	7000.0338101	6999.8782813	-0.4199606	-0.0400000	0.2939510	0.2752716	0.1220796	0.0000000	0.0000000
7000.6209600	7000.0338101	6999.8782813	-0.4399746	-0.0400000	0.2300046	0.2779763	0.1207511	0.0000000	0.0000000
7000.6209600	7000.0338101	6999.8782813	-0.4599887	-0.0400000	0.2025763	0.2745691	0.1289276	0.0000000	0.0000000
7000.6209600	7000.0338101	6999.8782813	-0.4800027	-0.0400000	0.2318527	0.2734689	0.1311718	0.0000000	0.0000000
7000.6209600	7000.0338101	6999.8782813	-0.5000167	-0.0400000	0.2602706	0.2740249	0.1301600	0.0000000	0.0000000
7000.6209600	7000.0338101	6999.8782813	-0.5200307	-0.0400000	0.2911641	0.2764978	0.1306793	0.0000000	0.0000000
7000.6209600	7000.0338101	6999.8782813	-0.5400447	-0.0400000	0.1790179	0.2731254	0.1326250	0.0000000	0.0000000
7000.6209600	7000.0338101	6999.8782813	-0.5600587	-0.0400000	0.1588042	0.2754358	0.1235908	0.0000000	0.0000000
7000.6209600	7000.0338101	6999.8782813	-0.5800727	-0.0400000	0.2158173	0.2724473	0.1317408	0.0000000	0.0000000
7000.6209600	7000.0338101	6999.8782813	-0.6000867	-0.0400000	0.2383169	0.2716937	0.1314633	0.0000000	0.0000000
7000.6209600	7000.0338101	6999.8782813	-0.6201007	-0.0400000	0.2375986	0.2746217	0.1294063	0.0000000	0.0000000
7000.6209600	7000.0338101	6999.8782813	-0.6401147	-0.0400000	0.1463876	0.2738291	0.1319462	0.0000000	0.0000000
7000.6209600	7000.0338101	6999.8782813	-0.6601288	-0.0400000	0.1299795	0.2727157	0.1346517	0.0000000	0.0000000
7000.6209600	7000.0338101	6999.8782813	-0.6801428	-0.0400000	0.2089346	0.2731863	0.1308264	0.0000000	0.0000000
7000.6209600	7000.0338101	6999.8782813	-0.7001568	-0.0400000	0.2030417	0.2733810	0.1318397	0.0000000	0.0000000
7000.6209600	7000.0338101	6999.8782813	-0.7198372	-0.0400000	0.2060884	0.2745238	0.1279604	0.0000000	0.0000000
7000.6209600	7000.0338101	6999.8782813	-0.7398512	-0.0400000	0.1229744	0.2740852	0.1267396	0.0000000	0.0000000
7000.6209600	7000.0338101	6999.8782813	-0.7598652	-0.0400000	0.0990446	0.2723110	0.1310569	0.0000000	0.0000000
7000.6209600	7000.0338101	6999.8782813	-0.7798792	-0.0400000	0.1836016	0.2769789	0.1214982	0.0000000	0.0000000
7000.6209600	7000.0338101	6999.8782813	-0.7998933	-0.0400000	0.1823142	0.2724052	0.1297809	0.0000000	0.0000000
7000.6209600	7000.0338101	6999.8782813	-0.8199073	-0.0400000	0.1483900	0.2735806	0.1318373	0.0000000	0.0000000
7000.6209600	7000.0338101	6999.8782813	-0.8399213	-0.0400000	0.0865924	0.2723666	0.1342937	0.0000000	0.0000000
7000.6209600	7000.0338101	6999.8782813	-0.8599353	-0.0400000	0.1024790	0.2745052	0.1271307	0.0000000	0.0000000
7000.6209600	7000.0338101	6999.8782813	-0.8799493	-0.0400000	0.1556530	0.2744227	0.1285175	0.0000000	0.0000000
7000.6209600	7000.0338101	6999.8782813	-0.8999633	-0.0400000	0.1339863	0.2740864	0.1294625	0.0000000	0.0000000
7000.6209600	7000.0338101	6999.8782813	-0.9199773	-0.0400000	0.0895819	0.2737684	0.1282133	0.0000000	0.0000000
7000.6209600	7000.0338101	6999.8782813	-0.9399913	-0.0400000	0.0826071	0.2738546	0.1321019	0.0000000	0.0000000
7000.6209600	7000.0338101	6999.8782813	-0.9600053	-0.0400000	0.1040339	0.2748589	0.1318340	0.0000000	0.0000000
7000.6209600	7000.0338101	6999.8782813	-0.9800193	-0.0400000	0.1111180	0.2708345	0.1363064	0.0000000	0.0000000
7000.6209600	7000.0338101	6999.8782813	-1.0000334	-0.0400000	0.0886229	0.2781345	0.1247069	0.0000000	0.0000000
