7000.6209600	7000.0338101	6999.8782813	1.0000334	-0.6801428	0.0938365	0.2665225	0.1347228	0.0000000	-0.6800000
7000.6209600	7000.0338101	6999.8782813	0.9800193	-0.6800000	0.0719030	0.2668903	0.1340111	0.0000000	0.0000000
7000.6209600	7000.0338101	6999.8782813	0.9600053	-0.6800000	0.0585995	0.2664067	0.1347775	0.0000000	0.0000000
7000.6209600	7000.0338101	6999.8782813	0.9399913	-0.6800000	0.0568832	0.2666587	0.1344973	0.0000000	0.0000000
7000.6209600	7000.0338101	6999.8782813	0.9199773	-0.6800000	0.0988082	0.2674481	0.1331570	0.0000000	0.0000000
7000.6209600	7000.0338101	6999.8782813	0.8999633	-0.6800000	0.1103132	0.2664193	0.1342423	0.0000000	0.0000000
7000.6209600	7000.0338101	6999.8782813	0.8799493	-0.6800000	0.0978937	0.2671489	0.1359285	0.0000000	0.0000000
7000.6209600	7000.0338101	6999.8782813	0.8599353	-0.6800000	0.0709592	0.2668694	0.1347733	0.0000000	0.0000000
7000.6209600	7000.0338101	6999.8782813	0.8399213	-0.6800000	0.0648094	0.2666495	0.1350742	0.0000000	0.0000000
7000.6209600	7000.0338101	6999.8782813	0.8199073	-0.6800000	0.1186285	0.2674391	0.1344668	0.0000000	0.0000000
7000.6209600	7000.0338101	6999.8782813	0.7998933	-0.6800000	0.1244974	0.2671772	0.1335333	0.0000000	0.0000000
7000.6209600	7000.0338101	6999.8782813	0.7798792	-0.6800000	0.1026631	0.2679698	0.1344587	0.0000000	0.0000000
7000.6209600	7000.0338101	6999.8782813	0.7598652	-0.6800000	0.0710325	0.2680637	0.1345382	0.0000000	0.0000000
7000.6209600	7000.0338101	6999.8782813	0.7398512	-0.6800000	0.0695303	0.2669923	0.1327365	0.0000000	0.0000000
7000.6209600	7000.0338101	6999.8782813	0.7198372	-0.6800000	0.1465194	0.2680192	0.1351702	0.0000000	0.0000000
7000.6209600	7000.0338101	6999.8782813	0.7001568	-0.6800000	0.1437224	0.2680604	0.1359740	0.0000000	0.0000000
7000.6209600	7000.0338101	6999.8782813	0.6801428	-0.6800000	0.1393788	0.2671449	0.1362797	0.0000000	0.0000000
7000.6209600	7000.0338101	6999.8782813	0.6601288	-0.6800000	0.0833060	0.2673969	0.1355236	0.0000000	0.0000000
7000.6209600	7000.0338101	6999.8782813	0.6401147	-0.6800000	0.0856458	0.2678296	0.1337310	0.0000000	0.0000000
7000.6209600	7000.0338101	6999.8782813	0.6201007	-0.6800000	0.1511798	0.2680936	0.1336681	0.0000000	0.0000000
7000.6209600	7000.0338101	6999.8782813	0.6000867	-0.6800000	0.1614414	0.2669047	0.1338473	0.0000000	0.0000000
7000.6209600	7000.0338101	6999.8782813	0.5800727	-0.6800000	0.1549025	0.2665293	0.1345969	0.0000000	0.0000000
7000.6209600	7000.0338101	6999.8782813	0.5600587	-0.6800000	0.1006943	0.2677972	0.1337532	0.0000000	0.0000000
7000.6209600	7000.0338101	6999.8782813	0.5400447	-0.6800000	0.1073202	0.2658008	0.1339089	0.0000000	0.0000000
7000.6209600	7000.0338101	6999.8782813	0.5200307	-0.6800000	0.1734900	0.2680961	0.1358927	0.0000000	0.0000000
7000.6209600	7000.0338101	6999.8782813	0.5000167	-0.6800000	0.1989912	0.2662953	0.1366411	0.0000000	0.0000000
7000.6209600	7000.0338101	6999.8782813	0.4800027	-0.6800000	0.1731866	0.2658480	0.1331924	0.0000000	0.0000000
7000.6209600	7000.0338101	6999.8782813	0.4599887	-0.6800000	0.1265543	0.2673049	0.1344385	0.0000000	0.0000000
7000.6209600	7000.0338101	6999.8782813	0.4399746	-0.6800000	0.1210518	0.2645291	0.1321060	0.0000000	0.0000000
7000.6209600	7000.0338101	6999.8782813	0.4199606	-0.6800000	0.1963481	0.2668358	0.1342336	0.0000000	0.0000000
7000.6209600	7000.0338101	6999.8782813	0.3999466	-0.6800000	0.2133998	0.2663544	0.1341667	0.0000000	0.0000000
7000.6209600	7000.0338101	6999.8782813	0.3799326	-0.6800000	0.1767053	0.2661427	0.1346129	0.0000000	0.0000000
7000.6209600	7000.0338101	6999.8782813	0.3599186	-0.6800000	0.1454634	0.2658856	0.1356150	0.0000000	0.0000000
7000.6209600	7000.0338101	6999.8782813	0.3399046	-0.6800000	0.1440396	0.2677032	0.1342052	0.0000000	0.0000000
7000.6209600	7000.0338101	6999.8782813	0.3198906	-0.6800000	0.2252860	0.2660100	0.1340092	0.0000000	0.0000000
7000.6209600	7000.0338101	6999.8782813	0.2998766	-0.6800000	0.2356256	0.2673557	0.1343058	0.0000000	0.0000000
7000.6209600	7000.0338101	6999.8782813	0.2798626	-0.6800000	0.1928328	0.2675889	0.1333136	0.0000000	0.0000000
7000.6209600	7000.0338101	6999.8782813	0.2598486	-0.6800000	0.1515903	0.2674033	0.1318698	0.0000000	0.0000000
7000.6209600	7000.0338101	6999.8782813	0.2398346	-0.6800000	0.1730316	0.2662716	0.1328723	0.0000000	0.0000000
7000.6209600	7000.0338101	6999.8782813	0.2201541	-0.6800000	0.2508235	0.2677307	0.1308988	0.0000000	0.0000000
7000.6209600	7000.0338101	6999.8782813	0.2001401	-0.6800000	0.2662747	0.2651906	0.1344822	0.0000000	0.0000000
7000.6209600	7000.0338101	6999.8782813	0.1801261	-0.6800000	0.2388303	0.2661205	0.1341282	0.0000000	0.0000000
7000.6209600	7000.0338101	6999.8782813	0.1601121	-0.6800000	0.1805411	0.2672157	0.1336090	0.0000000	0.0000000
7000.6209600	7000.0338101	6999.8782813	0.1400981	-0.6800000	0.1853049	0.2676132	0.1327046	0.0000000	0.0000000
7000.6209600	7000.0338101	6999.8782813	0.1200841	-0.6800000	0.2782546	0.2668003	0.1337307	0.0000000	0.0000000
7000.6209600	7000.0338101	6999.8782813	0.1000700	-0.6800000	0.2843127	0.2661915	0.1344525	0.0000000	0.0000000
7000.6209600	7000.0338101	6999.8782813	0.0800560	-0.6800000	0.2416533	0.2673977	0.1348169	0.0000000	0.0000000
7000.6209600	7000.0338101	6999.8782813	0.0600420	-0.6800000	0.2012515	0.2680021	0.1359320	0.0000000	0.0000000
7000.6209600	7000.0338101	6999.8782813	0.0400280	-0.6800000	0.2142213	0.2652401	0.1331134	0.0000000	0.0000000
7000.6209600	7000.0338101	6999.8782813	0.0200140	-0.6800000	0.3106923	0.2657655	0.1338126	0.0000000	0.0000000
7000.6209600	7000.0338101	6999.8782813	0.0000000	-0.6800000	0.3152257	0.2665017	0.1332609	0.0000000	0.0000000
7000.6209600	7000.0338101	6999.8782813	-0.0200140	-0.6800000	0.2654995	0.2658385	0.1344114	0.0000000	0.0000000
7000.6209600	7000.0338101	6999.8782813	-0.0400280	-0.6800000	0.2126364	0.2655532	0.1323887	0.0000000	0.0000000
7000.6209600	7000.0338101	6999.8782813	-0.0600420	-0.6800000	0.2219635	0.2669810	0.1344918	0.0000000	0.0000000
7000.6209600	7000.0338101	6999.8782813	-0.0800560	-0.6800000	0.3372555	0.2684591	0.1366425	0.0000000	0.0000000
7000.6209600	7000.0338101	6999.8782813	-0.1000700	-0.6800000	0.3328500	0.2666553	0.1329438	0.0000000	0.0000000
7000.6209600	7000.0338101	6999.8782813	-0.1200841	-0.6800000	0.3186320	0.2668318	0.1335647	0.0000000	0.0000000
7000.6209600	7000.0338101	6999.8782813	-0.1400981	-0.6800000	0.2398569	0.2655352	0.1320544	0.0000000	0.0000000
7000.6209600	7000.0338101	6999.8782813	-0.1601121	-0.6800000	0.2419174	0.2654208	0.1322014	0.0000000	0.0000000
7000.6209600	7000.0338101	6999.8782813	-0.1801261	-0.6800000	0.3213988	0.2656962	0.1333273	0.0000000	0.0000000
7000.6209600	7000.0338101	6999.8782813	-0.2001401	-0.6800000	0.3616071	0.2665900	0.1330586	0.0000000	0.0000000
7000.6209600	7000.0338101	6999.8782813	-0.2201541	-0.6800000	0.3808975	0.2659872	0.1363156	0.0000000	0.0000000
7000.6209600	7000.0338101	6999.8782813	-0.2398346	-0.6800000	0.3424543	0.2661124	0.1356733	0.0000000	0.0000000
7000.6209600	7000.0338101	6999.8782813	-0.2598486	-0.6800000	0.3279233	0.2663538	0.1342080	0.0000000	0.0000000
7000.6209600	7000.0338101	6999.8782813	-0.2798626	-0.6800000	0.2911305	0.2660319	0.1338090	0.0000000	0.0000000
7000.6209600	7000.0338101	6999.8782813	-0.2998766	-0.6800000	0.3158058	0.2658260	0.1341216	0.0000000	0.0000000
7000.6209600	7000.0338101	6999.8782813	-0.3198906	-0.6800000	0.3379139	0.2665093	0.1329598	0.0000000	0.0000000
7000.6209600	7000.0338101	6999.8782813	-0.3399046	-0.6800000	0.3883849	0.2655057	0.1332091	0.0000000	0.0000000
7000.6209600	7000.0338101	6999.8782813	-0.3599186	-0.6800000	0.3833916	0.2655110	0.1339037	0.0000000	0.0000000
7000.6209600	7000.0338101	6999.8782813	-0.3799326	-0.6800000	0.3101549	0.2660797	0.1375475	0.0000000	0.0000000
7000.6209600	7000.0338101	6999.8782813	-0.3999466	-0.6800000	0.3180892	0.2677057	0.1366661	0.0000000	0.0000000
7000.6209600	7000.0338101	6999.8782813	-0.4199606	-0.6800000	0.3395012	0.2668959	0.1368580	0.0000000	0.0000000
7000.6209600	7000.0338101	6999.8782813	-0.4399746	-0.6800000	0.4112661	0.2657808	0.1338383	0.0000000	0.0000000
7000.6209600	7000.0338101	6999.8782813	-0.4599887	-0.6800000	0.3945011	0.2654481	0.1324963	0.0000000	0.0000000
7000.6209600	7000.0338101	6999.8782813	-0.4800027	-0.6800000	0.3050339	0.2650713	0.1327273	0.0000000	0.0000000
7000.6209600	7000.0338101	6999.8782813	-0.5000167	-0.6800000	0.3191975	0.2644305	0.1340359	0.0000000	0.0000000
7000.6209600	7000.0338101	6999.8782813	-0.5200307	-0.6800000	0.3482583	0.2670156	0.1368025	0.0000000	0.0000000
7000.6209600	7000.0338101	6999.8782813	-0.5400447	-0.6800000	0.4437115	0.2677188	0.1361176	0.0000000	0.0000000
7000.6209600	7000.0338101	6999.8782813	-0.5600587	-0.6800000	0.4365479	0.2668475	0.1339739	0.0000000	0.0000000
7000.6209600	7000.0338101	6999.8782813	-0.5800727	-0.6800000	0.3223895	0.2670797	0.1345651	0.0000000	0.0000000
7000.6209600	7000.0338101	6999.8782813	-0.6000867	-0.6800000	0.3166969	0.2653705	0.1343864	0.0000000	0.0000000
7000.6209600	7000.0338101	6999.8782813	-0.6201007	-0.6800000	0.3510937	0.2664640	0.1349558	0.0000000	0.0000000
7000.6209600	7000.0338101	6999.8782813	-0.6401147	-0.6800000	0.4475577	0.2663094	0.1351859	0.0000000	0.0000000
7000.6209600	7000.0338101	6999.8782813	-0.6601288	-0.6800000	0.4342666	0.2667725	0.1351034	0.0000000	0.0000000
7000.6209600	7000.0338101	6999.8782813	-0.6801428	-0.6800000	0.3313136	0.2662230	0.1357894	0.0000000	0.0000000
7000.6209600	7000.0338101	6999.8782813	-0.7001568	-0.6800000	0.3420082	0.2655375	0.1362223	0.0000000	0.0000000
7000.6209600	7000.0338101	6999.8782813	-0.7198372	-0.6800000	0.3742889	0.2665400	0.1343510	0.0000000	0.0000000
7000.6209600	7000.0338101	6999.8782813	-0.7398512	-0.6800000	0.4260045	0.2655808	0.1354591	0.0000000	0.0000000
7000.6209600	7000.0338101	6999.8782813	-0.7598652	-0.6800000	0.3934490	0.2648357	0.1328671	0.0000000	0.0000000
7000.6209600	7000.0338101	6999.8782813	-0.7798792	-0.6800000	0.3119167	0.2645909	0.1340507	0.0000000	0.0000000
7000.6209600	7000.0338101	6999.8782813	-0.7998933	-0.6800000	0.3315923	0.2661161	0.1340774	0.0000000	0.0000000
7000.6209600	7000.0338101	6999.8782813	-0.8199073	-0.6800000	0.3884823	0.2654465	0.1331033	0.0000000	0.0000000
7000.6209600	7000.0338101	6999.8782813	-0.8399213	-0.6800000	0.4024166	0.2661788	0.1333589	0.0000000	0.0000000
7000.6209600	7000.0338101	6999.8782813	-0.8599353	-0.6800000	0.3581594	0.2649523	0.1352830	0.0000000	0.0000000
7000.6209600	7000.0338101	6999.8782813	-0.8799493	-0.6800000	0.3244875	0.2653057	0.1351017	0.0000000	0.0000000
7000.6209600	7000.0338101	6999.8782813	-0.8999633	-0.6800000	0.3635707	0.2663893	0.1350566	0.0000000	0.0000000
7000.6209600	7000.0338101	6999.8782813	-0.9199773	-0.6800000	0.3936366	0.2654435	0.1336953	0.0000000	0.0000000
7000.6209600	7000.0338101	6999.8782813	-0.9399913	-0.6800000	0.3076028	0.2643593	0.1316002	0.0000000	0.0000000
7000.6209600	7000.0338101	6999.8782813	-0.9600053	-0.6800000	0.2679772	0.2640078	0.1301985	0.0000000	0.0000000
7000.6209600	7000.0338101	6999.8782813	-0.9800193	-0.6800000	0.3297096	0.2645679	0.1326107	0.0000000	0.0000000
7000.6209600	7000.0338101	6999.8782813	-1.0000334	-0.6800000	0.3618414	0.2648219	0.1337640	0.0000000	0.0000000
