7000.6209600	7000.0338101	6999.8782813	1.0000334	0.7998933	0.2111985	0.2766583	0.1290321	0.0000000	0.8000000
7000.6209600	7000.0338101	6999.8782813	0.9800193	0.8000000	0.1714321	0.2734087	0.1278654	0.0000000	0.0000000
7000.6209600	7000.0338101	6999.8782813	0.9600053	0.8000000	0.1476997	0.2745731	0.1330338	0.0000000	0.0000000
7000.6209600	7000.0338101	6999.8782813	0.9399913	0.8000000	0.1246215	0.2749138	0.1240743	0.0000000	0.0000000
7000.6209600	7000.0338101	6999.8782813	0.9199773	0.8000000	0.1677050	0.2752568	0.1235210	0.0000000	0.0000000
7000.6209600	7000.0338101	6999.8782813	0.8999633	0.8000000	0.1740944	0.2746484	0.1253978	0.0000000	0.0000000
7000.6209600	7000.0338101	6999.8782813	0.8799493	0.8000000	0.2041013	0.2748179	0.1289446	0.0000000	0.0000000
7000.6209600	7000.0338101	6999.8782813	0.8599353	0.8000000	0.1452013	0.2747352	0.1243113	0.0000000	0.0000000
7000.6209600	7000.0338101	6999.8782813	0.8399213	0.8000000	0.1227372	0.2721953	0.1247678	0.0000000	0.0000000
7000.6209600	7000.0338101	6999.8782813	0.8199073	0.8000000	0.1724974	0.2764266	0.1247181	0.0000000	0.0000000
7000.6209600	7000.0338101	6999.8782813	0.7998933	0.8000000	0.1886976	0.2759575	0.1236544	0.0000000	0.0000000
7000.6209600	7000.0338101	6999.8782813	0.7798792	0.8000000	0.1859106	0.2751727	0.1275587	0.0000000	0.0000000
7000.6209600	7000.0338101	6999.8782813	0.7598652	0.8000000	0.1355703	0.2768116	0.1258164	0.0000000	0.0000000
7000.6209600	7000.0338101	6999.8782813	0.7398512	0.8000000	0.1304213	0.2756357	0.1255323	0.0000000	0.0000000
7000.6209600	7000.0338101	6999.8782813	0.7200000	0.8000000	0.1807029	0.2761030	0.1270306	0.0000000	0.0000000
7000.6209600	7000.0338101	6999.8782813	0.7001568	0.8000000	0.1776306	0.2742332	0.1271449	0.0000000	0.0000000
7000.6209600	7000.0338101	6999.8782813	0.6801428	0.8000000	0.1812412	0.2756333	0.1283193	0.0000000	0.0000000
7000.6209600	7000.0338101	6999.8782813	0.6601288	0.8000000	0.1421177	0.2741998	0.1314238	0.0000000	0.0000000
7000.6209600	7000.0338101	6999.8782813	0.6401147	0.8000000	0.1283647	0.2748456	0.1312711	0.0000000	0.0000000
7000.6209600	7000.0338101	6999.8782813	0.6201007	0.8000000	0.1539432	0.2741362	0.1262373	0.0000000	0.0000000
7000.6209600	7000.0338101	6999.8782813	0.6000867	0.8000000	0.1707235	0.2750900	0.1252717	0.0000000	0.0000000
7000.6209600	7000.0338101	6999.8782813	0.5800727	0.8000000	0.1826447	0.2745583	0.1308606	0.0000000	0.0000000
7000.6209600	7000.0338101	6999.8782813	0.5600587	0.8000000	0.1293130	0.2715470	0.1324448	0.0000000	0.0000000
7000.6209600	7000.0338101	6999.8782813	0.5400447	0.8000000	0.1105706	0.2756948	0.1260292	0.0000000	0.0000000
7000.6209600	7000.0338101	6999.8782813	0.5200307	0.8000000	0.1546038	0.2743344	0.1316512	0.0000000	0.0000000
7000.6209600	7000.0338101	6999.8782813	0.5000167	0.8000000	0.1547861	0.2726407	0.1322489	0.0000000	0.0000000
7000.6209600	7000.0338101	6999.8782813	0.4800027	0.8000000	0.1546833	0.2756810	0.1263511	0.0000000	0.0000000
7000.6209600	7000.0338101	6999.8782813	0.4599887	0.8000000	0.1124833	0.2740424	0.1264010	0.0000000	0.0000000
7000.6209600	7000.0338101	6999.8782813	0.4399746	0.8000000	0.1007189	0.2749711	0.1261223	0.0000000	0.0000000
7000.6209600	7000.0338101	6999.8782813	0.4199606	0.8000000	0.1411749	0.2746982	0.1241909	0.0000000	0.0000000
7000.6209600	7000.0338101	6999.8782813	0.3999466	0.8000000	0.1468497	0.2759584	0.1237903	0.0000000	0.0000000
7000.6209600	7000.0338101	6999.8782813	0.3799326	0.8000000	0.1403589	0.2744326	0.1272821	0.0000000	0.0000000
7000.6209600	7000.0338101	6999.8782813	0.3599186	0.8000000	0.0904259	0.2766196	0.1208087	0.0000000	0.0000000
7000.6209600	7000.0338101	6999.8782813	0.3399046	0.8000000	0.0781865	0.2723402	0.1266217	0.0000000	0.0000000
7000.6209600	7000.0338101	6999.8782813	0.3198906	0.8000000	0.1237291	0.2757700	0.1244094	0.0000000	0.0000000
7000.6209600	7000.0338101	6999.8782813	0.2998766	0.8000000	0.1352212	0.2737655	0.1247561	0.0000000	0.0000000
7000.6209600	7000.0338101	6999.8782813	0.2798626	0.8000000	0.1182112	0.2716826	0.1327273	0.0000000	0.0000000
7000.6209600	7000.0338101	6999.8782813	0.2598486	0.8000000	0.0746571	0.2747928	0.1235095	0.0000000	0.0000000
7000.6209600	7000.0338101	6999.8782813	0.2398346	0.8000000	0.0768136	0.2756948	0.1283827	0.0000000	0.0000000
7000.6209600	7000.0338101	6999.8782813	0.2201541	0.8000000	0.1138335	0.2742614	0.1298912	0.0000000	0.0000000
7000.6209600	7000.0338101	6999.8782813	0.2001401	0.8000000	0.1166564	0.2745441	0.1247833	0.0000000	0.0000000
7000.6209600	7000.0338101	6999.8782813	0.1801261	0.8000000	0.1080529	0.2752261	0.1235782	0.0000000	0.0000000
7000.6209600	7000.0338101	6999.8782813	0.1601121	0.8000000	0.0602897	0.2724900	0.1272393	0.0000000	0.0000000
7000.6209600	7000.0338101	6999.8782813	0.1400981	0.8000000	0.0531294	0.2742645	0.1245374	0.0000000	0.0000000
7000.6209600	7000.0338101	6999.8782813	0.1200841	0.8000000	0.1054216	0.2739570	0.1246982	0.0000000	0.0000000
7000.6209600	7000.0338101	6999.8782813	0.1000700	0.8000000	0.0982802	0.2732961	0.1319614	0.0000000	0.0000000
7000.6209600	7000.0338101	6999.8782813	0.0800560	0.8000000	0.0972834	0.2734653	0.1351403	0.0000000	0.0000000
7000.6209600	7000.0338101	6999.8782813	0.0600420	0.8000000	0.0559415	0.2748190	0.1339506	0.0000000	0.0000000
7000.6209600	7000.0338101	6999.8782813	0.0400280	0.8000000	0.0433871	0.2734497	0.1289548	0.0000000	0.0000000
7000.6209600	7000.0338101	6999.8782813	0.0200140	0.8000000	0.0967412	0.2736799	0.1248114	0.0000000	0.0000000
7000.6209600	7000.0338101	6999.8782813	0.0000000	0.8000000	0.0954839	0.2745856	0.1222764	0.0000000	0.0000000
7000.6209600	7000.0338101	6999.8782813	-0.0200140	0.8000000	0.0851404	0.2736204	0.1270302	0.0000000	0.0000000
7000.6209600	7000.0338101	6999.8782813	-0.0400280	0.8000000	0.0448212	0.2728112	0.1334796	0.0000000	0.0000000
7000.6209600	7000.0338101	6999.8782813	-0.0600420	0.8000000	0.0425780	0.2746274	0.1328612	0.0000000	0.0000000
7000.6209600	7000.0338101	6999.8782813	-0.0800560	0.8000000	0.0761884	0.2736974	0.1311927	0.0000000	0.0000000
7000.6209600	7000.0338101	6999.8782813	-0.1000700	0.8000000	0.0731512	0.2735167	0.1241111	0.0000000	0.0000000
7000.6209600	7000.0338101	6999.8782813	-0.1200841	0.8000000	0.0809095	0.2721602	0.1325852	0.0000000	0.0000000
7000.6209600	7000.0338101	6999.8782813	-0.1400981	0.8000000	0.0484624	0.2749844	0.1280609	0.0000000	0.0000000
7000.6209600	7000.0338101	6999.8782813	-0.1601121	0.8000000	0.0415829	0.2745895	0.1283118	0.0000000	0.0000000
7000.6209600	7000.0338101	6999.8782813	-0.1801261	0.8000000	0.0423560	0.2732617	0.1296018	0.0000000	0.0000000
7000.6209600	7000.0338101	6999.8782813	-0.2001401	0.8000000	0.0448060	0.2706323	0.1332382	0.0000000	0.0000000
7000.6209600	7000.0338101	6999.8782813	-0.2201541	0.8000000	0.0675507	0.2730520	0.1310822	0.0000000	0.0000000
7000.6209600	7000.0338101	6999.8782813	-0.2398346	0.8000000	0.0674474	0.2738162	0.1310626	0.0000000	0.0000000
7000.6209600	7000.0338101	6999.8782813	-0.2598486	0.8000000	0.0568057	0.2747755	0.1285227	0.0000000	0.0000000
7000.6209600	7000.0338101	6999.8782813	-0.2798626	0.8000000	0.0206168	0.2733784	0.1265610	0.0000000	0.0000000
7000.6209600	7000.0338101	6999.8782813	-0.2998766	0.8000000	0.0138578	0.2711233	0.1309598	0.0000000	0.0000000
7000.6209600	7000.0338101	6999.8782813	-0.3198906	0.8000000	0.0232087	0.2720449	0.1326210	0.0000000	0.0000000
7000.6209600	7000.0338101	6999.8782813	-0.3399046	0.8000000	0.0510275	0.2741702	0.1324009	0.0000000	0.0000000
7000.6209600	7000.0338101	6999.8782813	-0.3599186	0.8000000	0.0467316	0.2723915	0.1289482	0.0000000	0.0000000
7000.6209600	7000.0338101	6999.8782813	-0.3799326	0.8000000	0.0173375	0.2734850	0.1260371	0.0000000	0.0000000
7000.6209600	7000.0338101	6999.8782813	-0.3999466	0.8000000	0.0117726	0.2740850	0.1218157	0.0000000	0.0000000
7000.6209600	7000.0338101	6999.8782813	-0.4199606	0.8000000	0.0104106	0.2744585	0.1247089	0.0000000	0.0000000
7000.6209600	7000.0338101	6999.8782813	-0.4399746	0.8000000	0.0362860	0.2723181	0.1312719	0.0000000	0.0000000
7000.6209600	7000.0338101	6999.8782813	-0.4599887	0.8000000	0.0416249	0.2749116	0.1254119	0.0000000	0.0000000
7000.6209600	7000.0338101	6999.8782813	-0.4800027	0.8000000	0.0144886	0.2733857	0.1247242	0.0000000	0.0000000
7000.6209600	7000.0338101	6999.8782813	-0.5000167	0.8000000	0.0110389	0.2703036	0.1304099	0.0000000	0.0000000
7000.6209600	7000.0338101	6999.8782813	-0.5200307	0.8000000	0.0040106	0.2709517	0.1270985	0.0000000	0.0000000
7000.6209600	7000.0338101	6999.8782813	-0.5400447	0.8000000	0.0219241	0.2725494	0.1278649	0.0000000	0.0000000
7000.6209600	7000.0338101	6999.8782813	-0.5600587	0.8000000	0.0278081	0.2738623	0.1283051	0.0000000	0.0000000
7000.6209600	7000.0338101	6999.8782813	-0.5800727	0.8000000	0.0097257	0.2734515	0.1276588	0.0000000	0.0000000
7000.6209600	7000.0338101	6999.8782813	-0.6000867	0.8000000	0.0044515	0.2734254	0.1319545	0.0000000	0.0000000
7000.6209600	7000.0338101	6999.8782813	-0.6201007	0.8000000	0.0031934	0.2740645	0.1294432	0.0000000	0.0000000
7000.6209600	7000.0338101	6999.8782813	-0.6401147	0.8000000	0.0161512	0.2721539	0.1268097	0.0000000	0.0000000
7000.6209600	7000.0338101	6999.8782813	-0.6601288	0.8000000	0.0191791	0.2738162	0.1249354	0.0000000	0.0000000
7000.6209600	7000.0338101	6999.8782813	-0.6801428	0.8000000	0.0027191	0.2718812	0.1287006	0.0000000	0.0000000
7000.6209600	7000.0338101	6999.8782813	-0.7001568	0.8000000	0.0009144	0.2724552	0.1345593	0.0000000	0.0000000
7000.6209600	7000.0338101	6999.8782813	-0.7198372	0.8000000	0.0014192	0.2741184	0.1282561	0.0000000	0.0000000
7000.6209600	7000.0338101	6999.8782813	-0.7398512	0.8000000	0.0123293	0.2741678	0.1295574	0.0000000	0.0000000
7000.6209600	7000.0338101	6999.8782813	-0.7598652	0.8000000	0.0109098	0.2735853	0.1247129	0.0000000	0.0000000
7000.6209600	7000.0338101	6999.8782813	-0.7798792	0.8000000	0.0005555	0.2735181	0.1245807	0.0000000	0.0000000
7000.6209600	7000.0338101	6999.8782813	-0.7998933	0.8000000	0.0008011	0.2740607	0.1304382	0.0000000	0.0000000
7000.6209600	7000.0338101	6999.8782813	-0.8199073	0.8000000	0.0021707	0.2724154	0.1292261	0.0000000	0.0000000
7000.6209600	7000.0338101	6999.8782813	-0.8399213	0.8000000	0.0075402	0.2728461	0.1284250	0.0000000	0.0000000
7000.6209600	7000.0338101	6999.8782813	-0.8599353	0.8000000	0.0046550	0.2721116	0.1364763	0.0000000	0.0000000
7000.6209600	7000.0338101	6999.8782813	-0.8799493	0.8000000	0.0003411	0.2751998	0.1300352	0.0000000	0.0000000
7000.6209600	7000.0338101	6999.8782813	-0.8999633	0.8000000	0.0012250	0.2731805	0.1243422	0.0000000	0.0000000
7000.6209600	7000.0338101	6999.8782813	-0.9199773	0.8000000	0.0035458	0.2746101	0.1272778	0.0000000	0.0000000
7000.6209600	7000.0338101	6999.8782813	-0.9399913	0.8000000	0.0018881	0.2745750	0.1234216	0.0000000	0.0000000
7000.6209600	7000.0338101	6999.8782813	-0.9600053	0.8000000	0.0014698	0.2730110	0.1313101	0.0000000	0.0000000
7000.6209600	7000.0338101	6999.8782813	-0.9800193	0.8000000	0.0010986	0.2724097	0.1333116	0.0000000	0.0000000
7000.6209600	7000.0338101	6999.8782813	-1.0000334	0.8000000	0.0018723	0.2727493	0.1317340	0.0000000	0.0000000
