7000.6209600	7000.0338101	6999.8782813	1.0000334	-0.6401147	0.0682928	0.2685038	0.1317753	0.0000000	-0.6400000
7000.6209600	7000.0338101	6999.8782813	0.9800193	-0.6400000	0.0952471	0.2690061	0.1337345	0.0000000	0.0000000
7000.6209600	7000.0338101	6999.8782813	0.9600053	-0.6400000	0.1161787	0.2692656	0.1324911	0.0000000	0.0000000
7000.6209600	7000.0338101	6999.8782813	0.9399913	-0.6400000	0.1197643	0.2686616	0.1342833	0.0000000	0.0000000
7000.6209600	7000.0338101	6999.8782813	0.9199773	-0.6400000	0.0795992	0.2672516	0.1333086	0.0000000	0.0000000
7000.6209600	7000.0338101	6999.8782813	0.8999633	-0.6400000	0.0779592	0.2704070	0.1337523	0.0000000	0.0000000
7000.6209600	7000.0338101	6999.8782813	0.8799493	-0.6400000	0.0946847	0.2681855	0.1346871	0.0000000	0.0000000
7000.6209600	7000.0338101	6999.8782813	0.8599353	-0.6400000	0.1342295	0.2686053	0.1337446	0.0000000	0.0000000
7000.6209600	7000.0338101	6999.8782813	0.8399213	-0.6400000	0.1389905	0.2687812	0.1346001	0.0000000	0.0000000
7000.6209600	7000.0338101	6999.8782813	0.8199073	-0.6400000	0.0854491	0.2690569	0.1335044	0.0000000	0.0000000
7000.6209600	7000.0338101	6999.8782813	0.7998933	-0.6400000	0.0840757	0.2693749	0.1332235	0.0000000	0.0000000
7000.6209600	7000.0338101	6999.8782813	0.7798792	-0.6400000	0.1176624	0.2696086	0.1336160	0.0000000	0.0000000
7000.6209600	7000.0338101	6999.8782813	0.7598652	-0.6400000	0.1649380	0.2680997	0.1320011	0.0000000	0.0000000
7000.6209600	7000.0338101	6999.8782813	0.7398512	-0.6400000	0.1584408	0.2697095	0.1339447	0.0000000	0.0000000
7000.6209600	7000.0338101	6999.8782813	0.7198372	-0.6400000	0.0900182	0.2686576	0.1333086	0.0000000	0.0000000
7000.6209600	7000.0338101	6999.8782813	0.7001568	-0.6400000	0.0966143	0.2695497	0.1327903	0.0000000	0.0000000
7000.6209600	7000.0338101	6999.8782813	0.6801428	-0.6400000	0.1150350	0.2687570	0.1333644	0.0000000	0.0000000
7000.6209600	7000.0338101	6999.8782813	0.6601288	-0.6400000	0.1729384	0.2696912	0.1339370	0.0000000	0.0000000
7000.6209600	7000.0338101	6999.8782813	0.6401147	-0.6400000	0.1733153	0.2689034	0.1340913	0.0000000	0.0000000
7000.6209600	7000.0338101	6999.8782813	0.6201007	-0.6400000	0.1103500	0.2686111	0.1325060	0.0000000	0.0000000
7000.6209600	7000.0338101	6999.8782813	0.6000867	-0.6400000	0.1049950	0.2680957	0.1321119	0.0000000	0.0000000
7000.6209600	7000.0338101	6999.8782813	0.5800727	-0.6400000	0.1353910	0.2689730	0.1343093	0.0000000	0.0000000
7000.6209600	7000.0338101	6999.8782813	0.5600587	-0.6400000	0.1939695	0.2697075	0.1348191	0.0000000	0.0000000
7000.6209600	7000.0338101	6999.8782813	0.5400447	-0.6400000	0.2043979	0.2700868	0.1341987	0.0000000	0.0000000
7000.6209600	7000.0338101	6999.8782813	0.5200307	-0.6400000	0.1254333	0.2696051	0.1326681	0.0000000	0.0000000
7000.6209600	7000.0338101	6999.8782813	0.5000167	-0.6400000	0.1193503	0.2693854	0.1327572	0.0000000	0.0000000
7000.6209600	7000.0338101	6999.8782813	0.4800027	-0.6400000	0.1592928	0.2690105	0.1334121	0.0000000	0.0000000
7000.6209600	7000.0338101	6999.8782813	0.4599887	-0.6400000	0.2213467	0.2694365	0.1337943	0.0000000	0.0000000
7000.6209600	7000.0338101	6999.8782813	0.4399746	-0.6400000	0.2254744	0.2710753	0.1332964	0.0000000	0.0000000
7000.6209600	7000.0338101	6999.8782813	0.4199606	-0.6400000	0.1386794	0.2709623	0.1315431	0.0000000	0.0000000
7000.6209600	7000.0338101	6999.8782813	0.3999466	-0.6400000	0.1362802	0.2690347	0.1325614	0.0000000	0.0000000
7000.6209600	7000.0338101	6999.8782813	0.3799326	-0.6400000	0.2048772	0.2710947	0.1345697	0.0000000	0.0000000
7000.6209600	7000.0338101	6999.8782813	0.3599186	-0.6400000	0.2528534	0.2713774	0.1339896	0.0000000	0.0000000
7000.6209600	7000.0338101	6999.8782813	0.3399046	-0.6400000	0.2413448	0.2709491	0.1344547	0.0000000	0.0000000
7000.6209600	7000.0338101	6999.8782813	0.3198906	-0.6400000	0.1613928	0.2720614	0.1348472	0.0000000	0.0000000
7000.6209600	7000.0338101	6999.8782813	0.2998766	-0.6400000	0.1699629	0.2713979	0.1345312	0.0000000	0.0000000
7000.6209600	7000.0338101	6999.8782813	0.2798626	-0.6400000	0.2474615	0.2712542	0.1328336	0.0000000	0.0000000
7000.6209600	7000.0338101	6999.8782813	0.2598486	-0.6400000	0.2710365	0.2713524	0.1337380	0.0000000	0.0000000
7000.6209600	7000.0338101	6999.8782813	0.2398346	-0.6400000	0.2455480	0.2725529	0.1350460	0.0000000	0.0000000
7000.6209600	7000.0338101	6999.8782813	0.2201541	-0.6400000	0.1727187	0.2716846	0.1314744	0.0000000	0.0000000
7000.6209600	7000.0338101	6999.8782813	0.2001401	-0.6400000	0.1896660	0.2736544	0.1317653	0.0000000	0.0000000
7000.6209600	7000.0338101	6999.8782813	0.1801261	-0.6400000	0.2644771	0.2733641	0.1346503	0.0000000	0.0000000
7000.6209600	7000.0338101	6999.8782813	0.1601121	-0.6400000	0.2910654	0.2733179	0.1319370	0.0000000	0.0000000
7000.6209600	7000.0338101	6999.8782813	0.1400981	-0.6400000	0.2816237	0.2730797	0.1330376	0.0000000	0.0000000
7000.6209600	7000.0338101	6999.8782813	0.1200841	-0.6400000	0.1992511	0.2736455	0.1312576	0.0000000	0.0000000
7000.6209600	7000.0338101	6999.8782813	0.1000700	-0.6400000	0.2119845	0.2729166	0.1336531	0.0000000	0.0000000
7000.6209600	7000.0338101	6999.8782813	0.0800560	-0.6400000	0.2873962	0.2729666	0.1337736	0.0000000	0.0000000
7000.6209600	7000.0338101	6999.8782813	0.0600420	-0.6400000	0.3144070	0.2730225	0.1315861	0.0000000	0.0000000
7000.6209600	7000.0338101	6999.8782813	0.0400280	-0.6400000	0.3152667	0.2733365	0.1321973	0.0000000	0.0000000
7000.6209600	7000.0338101	6999.8782813	0.0200140	-0.6400000	0.2215599	0.2730212	0.1320951	0.0000000	0.0000000
7000.6209600	7000.0338101	6999.8782813	0.0000000	-0.6400000	0.2462024	0.2735524	0.1305547	0.0000000	0.0000000
7000.6209600	7000.0338101	6999.8782813	-0.0200140	-0.6400000	0.3060972	0.2737126	0.1327137	0.0000000	0.0000000
7000.6209600	7000.0338101	6999.8782813	-0.0400280	-0.6400000	0.3387683	0.2731221	0.1323424	0.0000000	0.0000000
7000.6209600	7000.0338101	6999.8782813	-0.0600420	-0.6400000	0.3405553	0.2748269	0.1318123	0.0000000	0.0000000
7000.6209600	7000.0338101	6999.8782813	-0.0800560	-0.6400000	0.2531447	0.2743937	0.1326168	0.0000000	0.0000000
7000.6209600	7000.0338101	6999.8782813	-0.1000700	-0.6400000	0.2471029	0.2757914	0.1293867	0.0000000	0.0000000
7000.6209600	7000.0338101	6999.8782813	-0.1200841	-0.6400000	0.2957354	0.2750950	0.1305958	0.0000000	0.0000000
7000.6209600	7000.0338101	6999.8782813	-0.1400981	-0.6400000	0.3658392	0.2731309	0.1308547	0.0000000	0.0000000
7000.6209600	7000.0338101	6999.8782813	-0.1601121	-0.6400000	0.3825947	0.2748948	0.1292311	0.0000000	0.0000000
7000.6209600	7000.0338101	6999.8782813	-0.1801261	-0.6400000	0.2731298	0.2741932	0.1304313	0.0000000	0.0000000
7000.6209600	7000.0338101	6999.8782813	-0.2001401	-0.6400000	0.2827980	0.2737501	0.1307478	0.0000000	0.0000000
7000.6209600	7000.0338101	6999.8782813	-0.2201541	-0.6400000	0.2935715	0.2732738	0.1286254	0.0000000	0.0000000
7000.6209600	7000.0338101	6999.8782813	-0.2398346	-0.6400000	0.3493676	0.2737705	0.1305670	0.0000000	0.0000000
7000.6209600	7000.0338101	6999.8782813	-0.2598486	-0.6400000	0.3396221	0.2728470	0.1308319	0.0000000	0.0000000
7000.6209600	7000.0338101	6999.8782813	-0.2798626	-0.6400000	0.3679708	0.2737365	0.1311150	0.0000000	0.0000000
7000.6209600	7000.0338101	6999.8782813	-0.2998766	-0.6400000	0.3589667	0.2738470	0.1322513	0.0000000	0.0000000
7000.6209600	7000.0338101	6999.8782813	-0.3198906	-0.6400000	0.3109506	0.2742361	0.1320698	0.0000000	0.0000000
7000.6209600	7000.0338101	6999.8782813	-0.3399046	-0.6400000	0.3058633	0.2742892	0.1309204	0.0000000	0.0000000
7000.6209600	7000.0338101	6999.8782813	-0.3599186	-0.6400000	0.3148015	0.2749084	0.1301049	0.0000000	0.0000000
7000.6209600	7000.0338101	6999.8782813	-0.3799326	-0.6400000	0.4114340	0.2751588	0.1310909	0.0000000	0.0000000
7000.6209600	7000.0338101	6999.8782813	-0.3999466	-0.6400000	0.4068080	0.2741571	0.1305607	0.0000000	0.0000000
7000.6209600	7000.0338101	6999.8782813	-0.4199606	-0.6400000	0.3475505	0.2743594	0.1306799	0.0000000	0.0000000
7000.6209600	7000.0338101	6999.8782813	-0.4399746	-0.6400000	0.2972012	0.2731522	0.1306492	0.0000000	0.0000000
7000.6209600	7000.0338101	6999.8782813	-0.4599887	-0.6400000	0.3223219	0.2743704	0.1300223	0.0000000	0.0000000
7000.6209600	7000.0338101	6999.8782813	-0.4800027	-0.6400000	0.4241676	0.2737941	0.1292565	0.0000000	0.0000000
7000.6209600	7000.0338101	6999.8782813	-0.5000167	-0.6400000	0.4180203	0.2747294	0.1294094	0.0000000	0.0000000
7000.6209600	7000.0338101	6999.8782813	-0.5200307	-0.6400000	0.3863591	0.2743568	0.1296086	0.0000000	0.0000000
7000.6209600	7000.0338101	6999.8782813	-0.5400447	-0.6400000	0.3096191	0.2745082	0.1295715	0.0000000	0.0000000
7000.6209600	7000.0338101	6999.8782813	-0.5600587	-0.6400000	0.3222896	0.2740753	0.1303892	0.0000000	0.0000000
7000.6209600	7000.0338101	6999.8782813	-0.5800727	-0.6400000	0.4245032	0.2740884	0.1313473	0.0000000	0.0000000
7000.6209600	7000.0338101	6999.8782813	-0.6000867	-0.6400000	0.4272645	0.2746423	0.1310038	0.0000000	0.0000000
7000.6209600	7000.0338101	6999.8782813	-0.6201007	-0.6400000	0.3702007	0.2740057	0.1293693	0.0000000	0.0000000
7000.6209600	7000.0338101	6999.8782813	-0.6401147	-0.6400000	0.3048850	0.2738235	0.1310323	0.0000000	0.0000000
7000.6209600	7000.0338101	6999.8782813	-0.6601288	-0.6400000	0.3241804	0.2734407	0.1305605	0.0000000	0.0000000
7000.6209600	7000.0338101	6999.8782813	-0.6801428	-0.6400000	0.4114935	0.2739081	0.1308291	0.0000000	0.0000000
7000.6209600	7000.0338101	6999.8782813	-0.7001568	-0.6400000	0.3906565	0.2734196	0.1314309	0.0000000	0.0000000
7000.6209600	7000.0338101	6999.8782813	-0.7198372	-0.6400000	0.3640690	0.2746445	0.1328184	0.0000000	0.0000000
7000.6209600	7000.0338101	6999.8782813	-0.7398512	-0.6400000	0.3155723	0.2738811	0.1310564	0.0000000	0.0000000
7000.6209600	7000.0338101	6999.8782813	-0.7598652	-0.6400000	0.3192557	0.2733779	0.1303024	0.0000000	0.0000000
7000.6209600	7000.0338101	6999.8782813	-0.7798792	-0.6400000	0.3976260	0.2725040	0.1315356	0.0000000	0.0000000
7000.6209600	7000.0338101	6999.8782813	-0.7998933	-0.6400000	0.3789708	0.2736046	0.1316981	0.0000000	0.0000000
7000.6209600	7000.0338101	6999.8782813	-0.8199073	-0.6400000	0.2943438	0.2725743	0.1323793	0.0000000	0.0000000
7000.6209600	7000.0338101	6999.8782813	-0.8399213	-0.6400000	0.3229994	0.2740453	0.1319089	0.0000000	0.0000000
7000.6209600	7000.0338101	6999.8782813	-0.8599353	-0.6400000	0.3479747	0.2729814	0.1321508	0.0000000	0.0000000
7000.6209600	7000.0338101	6999.8782813	-0.8799493	-0.6400000	0.3513860	0.2729478	0.1324232	0.0000000	0.0000000
7000.6209600	7000.0338101	6999.8782813	-0.8999633	-0.6400000	0.2960826	0.2724135	0.1313873	0.0000000	0.0000000
7000.6209600	7000.0338101	6999.8782813	-0.9199773	-0.6400000	0.2563123	0.2731163	0.1311393	0.0000000	0.0000000
7000.6209600	7000.0338101	6999.8782813	-0.9399913	-0.6400000	0.3405532	0.2729833	0.1311355	0.0000000	0.0000000
7000.6209600	7000.0338101	6999.8782813	-0.9600053	-0.6400000	0.3562316	0.2734113	0.1317196	0.0000000	0.0000000
7000.6209600	7000.0338101	6999.8782813	-0.9800193	-0.6400000	0.2595107	0.2723198	0.1323539	0.0000000	0.0000000
7000.6209600	7000.0338101	6999.8782813	-1.0000334	-0.6400000	0.2358467	0.2727482	0.1329744	0.0000000	0.0000000
