7000.6209600	7000.0338101	6999.8782813	1.0000334	-0.6201007	0.0823887	0.2697540	0.1330588	0.0000000	-0.6200000
7000.6209600	7000.0338101	6999.8782813	0.9800193	-0.6200000	0.1119363	0.2704792	0.1325422	0.0000000	0.0000000
7000.6209600	7000.0338101	6999.8782813	0.9600053	-0.6200000	0.1233270	0.2691377	0.1326792	0.0000000	0.0000000
7000.6209600	7000.0338101	6999.8782813	0.9399913	-0.6200000	0.1143777	0.2704858	0.1322432	0.0000000	0.0000000
7000.6209600	7000.0338101	6999.8782813	0.9199773	-0.6200000	0.0729861	0.2701460	0.1322487	0.0000000	0.0000000
7000.6209600	7000.0338101	6999.8782813	0.8999633	-0.6200000	0.0762283	0.2709706	0.1322458	0.0000000	0.0000000
7000.6209600	7000.0338101	6999.8782813	0.8799493	-0.6200000	0.1133619	0.2705415	0.1313514	0.0000000	0.0000000
7000.6209600	7000.0338101	6999.8782813	0.8599353	-0.6200000	0.1398580	0.2690326	0.1305518	0.0000000	0.0000000
7000.6209600	7000.0338101	6999.8782813	0.8399213	-0.6200000	0.1261241	0.2696975	0.1330256	0.0000000	0.0000000
7000.6209600	7000.0338101	6999.8782813	0.8199073	-0.6200000	0.0830970	0.2686227	0.1339618	0.0000000	0.0000000
7000.6209600	7000.0338101	6999.8782813	0.7998933	-0.6200000	0.0897776	0.2695195	0.1315994	0.0000000	0.0000000
7000.6209600	7000.0338101	6999.8782813	0.7798792	-0.6200000	0.1200000	0.2700000	0.1314600	0.0000000	0.0000000
7000.6209600	7000.0338101	6999.8782813	0.7598652	-0.6200000	0.1493063	0.2704155	0.1312780	0.0000000	0.0000000
7000.6209600	7000.0338101	6999.8782813	0.7398512	-0.6200000	0.1332493	0.2712467	0.1322283	0.0000000	0.0000000
7000.6209600	7000.0338101	6999.8782813	0.7198372	-0.6200000	0.0977679	0.2709089	0.1331354	0.0000000	0.0000000
7000.6209600	7000.0338101	6999.8782813	0.7001568	-0.6200000	0.1031785	0.2705369	0.1314862	0.0000000	0.0000000
7000.6209600	7000.0338101	6999.8782813	0.6801428	-0.6200000	0.1466295	0.2696156	0.1327764	0.0000000	0.0000000
7000.6209600	7000.0338101	6999.8782813	0.6601288	-0.6200000	0.1730200	0.2701598	0.1305175	0.0000000	0.0000000
7000.6209600	7000.0338101	6999.8782813	0.6401147	-0.6200000	0.1711530	0.2700730	0.1322104	0.0000000	0.0000000
7000.6209600	7000.0338101	6999.8782813	0.6201007	-0.6200000	0.1283892	0.2695837	0.1323523	0.0000000	0.0000000
7000.6209600	7000.0338101	6999.8782813	0.6000867	-0.6200000	0.1193501	0.2699104	0.1331837	0.0000000	0.0000000
7000.6209600	7000.0338101	6999.8782813	0.5800727	-0.6200000	0.1608711	0.2681727	0.1328074	0.0000000	0.0000000
7000.6209600	7000.0338101	6999.8782813	0.5600587	-0.6200000	0.2004652	0.2682395	0.1320985	0.0000000	0.0000000
7000.6209600	7000.0338101	6999.8782813	0.5400447	-0.6200000	0.1919280	0.2694354	0.1322689	0.0000000	0.0000000
7000.6209600	7000.0338101	6999.8782813	0.5200307	-0.6200000	0.1265714	0.2691340	0.1330714	0.0000000	0.0000000
7000.6209600	7000.0338101	6999.8782813	0.5000167	-0.6200000	0.1369812	0.2690828	0.1338738	0.0000000	0.0000000
7000.6209600	7000.0338101	6999.8782813	0.4800027	-0.6200000	0.1928412	0.2682285	0.1339817	0.0000000	0.0000000
7000.6209600	7000.0338101	6999.8782813	0.4599887	-0.6200000	0.2253359	0.2690831	0.1332014	0.0000000	0.0000000
7000.6209600	7000.0338101	6999.8782813	0.4399746	-0.6200000	0.2193801	0.2695916	0.1328120	0.0000000	0.0000000
7000.6209600	7000.0338101	6999.8782813	0.4199606	-0.6200000	0.1411752	0.2680087	0.1329679	0.0000000	0.0000000
7000.6209600	7000.0338101	6999.8782813	0.3999466	-0.6200000	0.1514271	0.2690791	0.1331495	0.0000000	0.0000000
7000.6209600	7000.0338101	6999.8782813	0.3799326	-0.6200000	0.2277330	0.2698311	0.1337990	0.0000000	0.0000000
7000.6209600	7000.0338101	6999.8782813	0.3599186	-0.6200000	0.2488623	0.2678900	0.1337711	0.0000000	0.0000000
7000.6209600	7000.0338101	6999.8782813	0.3399046	-0.6200000	0.2190964	0.2700792	0.1315974	0.0000000	0.0000000
7000.6209600	7000.0338101	6999.8782813	0.3198906	-0.6200000	0.1692437	0.2702211	0.1326138	0.0000000	0.0000000
7000.6209600	7000.0338101	6999.8782813	0.2998766	-0.6200000	0.1876306	0.2697472	0.1322810	0.0000000	0.0000000
7000.6209600	7000.0338101	6999.8782813	0.2798626	-0.6200000	0.2572709	0.2678702	0.1333075	0.0000000	0.0000000
7000.6209600	7000.0338101	6999.8782813	0.2598486	-0.6200000	0.2575358	0.2694951	0.1336898	0.0000000	0.0000000
7000.6209600	7000.0338101	6999.8782813	0.2398346	-0.6200000	0.2349457	0.2699873	0.1325402	0.0000000	0.0000000
7000.6209600	7000.0338101	6999.8782813	0.2201541	-0.6200000	0.1868494	0.2691135	0.1322285	0.0000000	0.0000000
7000.6209600	7000.0338101	6999.8782813	0.2001401	-0.6200000	0.1958184	0.2686373	0.1334779	0.0000000	0.0000000
7000.6209600	7000.0338101	6999.8782813	0.1801261	-0.6200000	0.2915271	0.2694686	0.1353649	0.0000000	0.0000000
7000.6209600	7000.0338101	6999.8782813	0.1601121	-0.6200000	0.2786354	0.2701158	0.1334611	0.0000000	0.0000000
7000.6209600	7000.0338101	6999.8782813	0.1400981	-0.6200000	0.2523236	0.2679858	0.1330397	0.0000000	0.0000000
7000.6209600	7000.0338101	6999.8782813	0.1200841	-0.6200000	0.2170225	0.2689091	0.1334219	0.0000000	0.0000000
7000.6209600	7000.0338101	6999.8782813	0.1000700	-0.6200000	0.2396108	0.2685583	0.1341010	0.0000000	0.0000000
7000.6209600	7000.0338101	6999.8782813	0.0800560	-0.6200000	0.3161985	0.2690103	0.1347927	0.0000000	0.0000000
7000.6209600	7000.0338101	6999.8782813	0.0600420	-0.6200000	0.3030016	0.2687727	0.1331357	0.0000000	0.0000000
7000.6209600	7000.0338101	6999.8782813	0.0400280	-0.6200000	0.2970845	0.2694896	0.1337148	0.0000000	0.0000000
7000.6209600	7000.0338101	6999.8782813	0.0200140	-0.6200000	0.2529741	0.2695198	0.1344232	0.0000000	0.0000000
7000.6209600	7000.0338101	6999.8782813	0.0000000	-0.6200000	0.2654167	0.2706841	0.1333359	0.0000000	0.0000000
7000.6209600	7000.0338101	6999.8782813	-0.0200140	-0.6200000	0.3363531	0.2694180	0.1335566	0.0000000	0.0000000
7000.6209600	7000.0338101	6999.8782813	-0.0400280	-0.6200000	0.3461117	0.2698383	0.1340959	0.0000000	0.0000000
7000.6209600	7000.0338101	6999.8782813	-0.0600420	-0.6200000	0.3059108	0.2695385	0.1332360	0.0000000	0.0000000
7000.6209600	7000.0338101	6999.8782813	-0.0800560	-0.6200000	0.2595671	0.2700096	0.1333743	0.0000000	0.0000000
7000.6209600	7000.0338101	6999.8782813	-0.1000700	-0.6200000	0.2528877	0.2693446	0.1337521	0.0000000	0.0000000
7000.6209600	7000.0338101	6999.8782813	-0.1200841	-0.6200000	0.3232352	0.2700668	0.1325741	0.0000000	0.0000000
7000.6209600	7000.0338101	6999.8782813	-0.1400981	-0.6200000	0.3803856	0.2694066	0.1343451	0.0000000	0.0000000
7000.6209600	7000.0338101	6999.8782813	-0.1601121	-0.6200000	0.3856504	0.2703296	0.1333569	0.0000000	0.0000000
7000.6209600	7000.0338101	6999.8782813	-0.1801261	-0.6200000	0.2718716	0.2696833	0.1324668	0.0000000	0.0000000
7000.6209600	7000.0338101	6999.8782813	-0.2001401	-0.6200000	0.2667007	0.2698167	0.1328502	0.0000000	0.0000000
7000.6209600	7000.0338101	6999.8782813	-0.2201541	-0.6200000	0.3054761	0.2696442	0.1334902	0.0000000	0.0000000
7000.6209600	7000.0338101	6999.8782813	-0.2398346	-0.6200000	0.3645151	0.2691936	0.1327501	0.0000000	0.0000000
7000.6209600	7000.0338101	6999.8782813	-0.2598486	-0.6200000	0.3910463	0.2685293	0.1340776	0.0000000	0.0000000
7000.6209600	7000.0338101	6999.8782813	-0.2798626	-0.6200000	0.3582269	0.2688831	0.1348114	0.0000000	0.0000000
7000.6209600	7000.0338101	6999.8782813	-0.2998766	-0.6200000	0.3420365	0.2690009	0.1334141	0.0000000	0.0000000
7000.6209600	7000.0338101	6999.8782813	-0.3198906	-0.6200000	0.3067330	0.2688442	0.1340789	0.0000000	0.0000000
7000.6209600	7000.0338101	6999.8782813	-0.3399046	-0.6200000	0.3219493	0.2694331	0.1339163	0.0000000	0.0000000
7000.6209600	7000.0338101	6999.8782813	-0.3599186	-0.6200000	0.3559238	0.2688846	0.1325751	0.0000000	0.0000000
7000.6209600	7000.0338101	6999.8782813	-0.3799326	-0.6200000	0.4081428	0.2683173	0.1336031	0.0000000	0.0000000
7000.6209600	7000.0338101	6999.8782813	-0.3999466	-0.6200000	0.4115859	0.2694797	0.1338195	0.0000000	0.0000000
7000.6209600	7000.0338101	6999.8782813	-0.4199606	-0.6200000	0.3508815	0.2685239	0.1341591	0.0000000	0.0000000
7000.6209600	7000.0338101	6999.8782813	-0.4399746	-0.6200000	0.3373883	0.2690876	0.1341313	0.0000000	0.0000000
7000.6209600	7000.0338101	6999.8782813	-0.4599887	-0.6200000	0.3422045	0.2693192	0.1327751	0.0000000	0.0000000
7000.6209600	7000.0338101	6999.8782813	-0.4800027	-0.6200000	0.4519421	0.2691688	0.1338159	0.0000000	0.0000000
7000.6209600	7000.0338101	6999.8782813	-0.5000167	-0.6200000	0.4332269	0.2693442	0.1328693	0.0000000	0.0000000
7000.6209600	7000.0338101	6999.8782813	-0.5200307	-0.6200000	0.3720718	0.2694397	0.1340947	0.0000000	0.0000000
7000.6209600	7000.0338101	6999.8782813	-0.5400447	-0.6200000	0.3158927	0.2694740	0.1330239	0.0000000	0.0000000
7000.6209600	7000.0338101	6999.8782813	-0.5600587	-0.6200000	0.3456477	0.2704354	0.1331094	0.0000000	0.0000000
7000.6209600	7000.0338101	6999.8782813	-0.5800727	-0.6200000	0.4465778	0.2697235	0.1348119	0.0000000	0.0000000
7000.6209600	7000.0338101	6999.8782813	-0.6000867	-0.6200000	0.4258917	0.2701692	0.1345354	0.0000000	0.0000000
7000.6209600	7000.0338101	6999.8782813	-0.6201007	-0.6200000	0.3677578	0.2704315	0.1330916	0.0000000	0.0000000
7000.6209600	7000.0338101	6999.8782813	-0.6401147	-0.6200000	0.3323386	0.2681316	0.1353365	0.0000000	0.0000000
7000.6209600	7000.0338101	6999.8782813	-0.6601288	-0.6200000	0.3588026	0.2696273	0.1322095	0.0000000	0.0000000
7000.6209600	7000.0338101	6999.8782813	-0.6801428	-0.6200000	0.4182218	0.2696133	0.1322771	0.0000000	0.0000000
7000.6209600	7000.0338101	6999.8782813	-0.7001568	-0.6200000	0.3864713	0.2682506	0.1337003	0.0000000	0.0000000
7000.6209600	7000.0338101	6999.8782813	-0.7198372	-0.6200000	0.3588064	0.2693293	0.1338655	0.0000000	0.0000000
7000.6209600	7000.0338101	6999.8782813	-0.7398512	-0.6200000	0.3289220	0.2674659	0.1332583	0.0000000	0.0000000
7000.6209600	7000.0338101	6999.8782813	-0.7598652	-0.6200000	0.3710720	0.2699474	0.1344462	0.0000000	0.0000000
7000.6209600	7000.0338101	6999.8782813	-0.7798792	-0.6200000	0.4087064	0.2693214	0.1348878	0.0000000	0.0000000
7000.6209600	7000.0338101	6999.8782813	-0.7998933	-0.6200000	0.3499059	0.2706255	0.1335591	0.0000000	0.0000000
7000.6209600	7000.0338101	6999.8782813	-0.8199073	-0.6200000	0.2971649	0.2700962	0.1329531	0.0000000	0.0000000
7000.6209600	7000.0338101	6999.8782813	-0.8399213	-0.6200000	0.3491694	0.2684146	0.1344103	0.0000000	0.0000000
7000.6209600	7000.0338101	6999.8782813	-0.8599353	-0.6200000	0.3870857	0.2693038	0.1325035	0.0000000	0.0000000
7000.6209600	7000.0338101	6999.8782813	-0.8799493	-0.6200000	0.3313815	0.2693940	0.1326150	0.0000000	0.0000000
7000.6209600	7000.0338101	6999.8782813	-0.8999633	-0.6200000	0.2963240	0.2694668	0.1329620	0.0000000	0.0000000
7000.6209600	7000.0338101	6999.8782813	-0.9199773	-0.6200000	0.2722216	0.2685244	0.1339510	0.0000000	0.0000000
7000.6209600	7000.0338101	6999.8782813	-0.9399913	-0.6200000	0.3628317	0.2690411	0.1336786	0.0000000	0.0000000
7000.6209600	7000.0338101	6999.8782813	-0.9600053	-0.6200000	0.3613069	0.2666667	0.1332233	0.0000000	0.0000000
7000.6209600	7000.0338101	6999.8782813	-0.9800193	-0.6200000	0.2636969	0.2677667	0.1352843	0.0000000	0.0000000
7000.6209600	7000.0338101	6999.8782813	-1.0000334	-0.6200000	0.2532679	0.2679581	0.1346071	0.0000000	0.0000000
