7000.6209600	7000.0338101	6999.8782813	1.0000334	-0.7398512	0.0517885	0.2708997	0.1375905	0.0000000	-0.7400000
7000.6209600	7000.0338101	6999.8782813	0.9800193	-0.7400000	0.0731688	0.2697343	0.1359169	0.0000000	0.0000000
7000.6209600	7000.0338101	6999.8782813	0.9600053	-0.7400000	0.0911338	0.2701857	0.1369026	0.0000000	0.0000000
7000.6209600	7000.0338101	6999.8782813	0.9399913	-0.7400000	0.0899233	0.2704375	0.1369611	0.0000000	0.0000000
7000.6209600	7000.0338101	6999.8782813	0.9199773	-0.7400000	0.0481730	0.2708224	0.1362869	0.0000000	0.0000000
7000.6209600	7000.0338101	6999.8782813	0.8999633	-0.7400000	0.0510524	0.2704454	0.1366714	0.0000000	0.0000000
7000.6209600	7000.0338101	6999.8782813	0.8799493	-0.7400000	0.0771207	0.2698409	0.1368750	0.0000000	0.0000000
7000.6209600	7000.0338101	6999.8782813	0.8599353	-0.7400000	0.1043594	0.2699113	0.1375344	0.0000000	0.0000000
7000.6209600	7000.0338101	6999.8782813	0.8399213	-0.7400000	0.1016309	0.2718623	0.1381901	0.0000000	0.0000000
7000.6209600	7000.0338101	6999.8782813	0.8199073	-0.7400000	0.0570397	0.2716270	0.1366831	0.0000000	0.0000000
7000.6209600	7000.0338101	6999.8782813	0.7998933	-0.7400000	0.0614741	0.2716471	0.1382332	0.0000000	0.0000000
7000.6209600	7000.0338101	6999.8782813	0.7798792	-0.7400000	0.1070673	0.2722094	0.1368148	0.0000000	0.0000000
7000.6209600	7000.0338101	6999.8782813	0.7598652	-0.7400000	0.1124042	0.2713801	0.1351638	0.0000000	0.0000000
7000.6209600	7000.0338101	6999.8782813	0.7398512	-0.7400000	0.0976171	0.2718700	0.1365465	0.0000000	0.0000000
7000.6209600	7000.0338101	6999.8782813	0.7198372	-0.7400000	0.0692891	0.2719150	0.1370194	0.0000000	0.0000000
7000.6209600	7000.0338101	6999.8782813	0.7001568	-0.7400000	0.0707438	0.2726926	0.1358450	0.0000000	0.0000000
7000.6209600	7000.0338101	6999.8782813	0.6801428	-0.7400000	0.1018387	0.2715969	0.1374833	0.0000000	0.0000000
7000.6209600	7000.0338101	6999.8782813	0.6601288	-0.7400000	0.1389192	0.2716603	0.1372406	0.0000000	0.0000000
7000.6209600	7000.0338101	6999.8782813	0.6401147	-0.7400000	0.1258452	0.2716097	0.1366467	0.0000000	0.0000000
7000.6209600	7000.0338101	6999.8782813	0.6201007	-0.7400000	0.0821631	0.2718594	0.1368768	0.0000000	0.0000000
7000.6209600	7000.0338101	6999.8782813	0.6000867	-0.7400000	0.0820994	0.2718861	0.1352363	0.0000000	0.0000000
7000.6209600	7000.0338101	6999.8782813	0.5800727	-0.7400000	0.1299764	0.2726782	0.1363898	0.0000000	0.0000000
7000.6209600	7000.0338101	6999.8782813	0.5600587	-0.7400000	0.1557910	0.2704404	0.1367935	0.0000000	0.0000000
7000.6209600	7000.0338101	6999.8782813	0.5400447	-0.7400000	0.1522465	0.2718527	0.1370751	0.0000000	0.0000000
7000.6209600	7000.0338101	6999.8782813	0.5200307	-0.7400000	0.0972944	0.2717853	0.1360128	0.0000000	0.0000000
7000.6209600	7000.0338101	6999.8782813	0.5000167	-0.7400000	0.0983304	0.2710771	0.1365540	0.0000000	0.0000000
7000.6209600	7000.0338101	6999.8782813	0.4800027	-0.7400000	0.1474585	0.2714574	0.1359612	0.0000000	0.0000000
7000.6209600	7000.0338101	6999.8782813	0.4599887	-0.7400000	0.1779763	0.2710803	0.1370972	0.0000000	0.0000000
7000.6209600	7000.0338101	6999.8782813	0.4399746	-0.7400000	0.1675963	0.2706345	0.1371174	0.0000000	0.0000000
7000.6209600	7000.0338101	6999.8782813	0.4199606	-0.7400000	0.1139406	0.2691931	0.1365808	0.0000000	0.0000000
7000.6209600	7000.0338101	6999.8782813	0.3999466	-0.7400000	0.1221244	0.2695656	0.1370911	0.0000000	0.0000000
7000.6209600	7000.0338101	6999.8782813	0.3799326	-0.7400000	0.1746998	0.2692423	0.1365376	0.0000000	0.0000000
7000.6209600	7000.0338101	6999.8782813	0.3599186	-0.7400000	0.1919482	0.2693993	0.1366669	0.0000000	0.0000000
7000.6209600	7000.0338101	6999.8782813	0.3399046	-0.7400000	0.1723412	0.2691130	0.1367955	0.0000000	0.0000000
7000.6209600	7000.0338101	6999.8782813	0.3198906	-0.7400000	0.1351487	0.2693820	0.1368882	0.0000000	0.0000000
7000.6209600	7000.0338101	6999.8782813	0.2998766	-0.7400000	0.1476294	0.2699866	0.1368933	0.0000000	0.0000000
7000.6209600	7000.0338101	6999.8782813	0.2798626	-0.7400000	0.2126846	0.2688811	0.1366515	0.0000000	0.0000000
7000.6209600	7000.0338101	6999.8782813	0.2598486	-0.7400000	0.2038372	0.2703187	0.1362445	0.0000000	0.0000000
7000.6209600	7000.0338101	6999.8782813	0.2398346	-0.7400000	0.1863209	0.2686017	0.1354716	0.0000000	0.0000000
7000.6209600	7000.0338101	6999.8782813	0.2201541	-0.7400000	0.1463992	0.2698273	0.1367332	0.0000000	0.0000000
7000.6209600	7000.0338101	6999.8782813	0.2001401	-0.7400000	0.1465986	0.2690703	0.1337894	0.0000000	0.0000000
7000.6209600	7000.0338101	6999.8782813	0.1801261	-0.7400000	0.2060734	0.2685966	0.1354187	0.0000000	0.0000000
7000.6209600	7000.0338101	6999.8782813	0.1601121	-0.7400000	0.2376361	0.2692518	0.1367694	0.0000000	0.0000000
7000.6209600	7000.0338101	6999.8782813	0.1400981	-0.7400000	0.2209702	0.2689353	0.1350240	0.0000000	0.0000000
7000.6209600	7000.0338101	6999.8782813	0.1200841	-0.7400000	0.1711904	0.2687230	0.1366074	0.0000000	0.0000000
7000.6209600	7000.0338101	6999.8782813	0.1000700	-0.7400000	0.1806340	0.2701768	0.1346533	0.0000000	0.0000000
7000.6209600	7000.0338101	6999.8782813	0.0800560	-0.7400000	0.2501813	0.2693555	0.1358342	0.0000000	0.0000000
7000.6209600	7000.0338101	6999.8782813	0.0600420	-0.7400000	0.2606741	0.2688149	0.1351371	0.0000000	0.0000000
7000.6209600	7000.0338101	6999.8782813	0.0400280	-0.7400000	0.2391971	0.2684246	0.1352396	0.0000000	0.0000000
7000.6209600	7000.0338101	6999.8782813	0.0200140	-0.7400000	0.2063136	0.2700336	0.1374067	0.0000000	0.0000000
7000.6209600	7000.0338101	6999.8782813	0.0000000	-0.7400000	0.2124531	0.2685140	0.1367272	0.0000000	0.0000000
7000.6209600	7000.0338101	6999.8782813	-0.0200140	-0.7400000	0.2698812	0.2685770	0.1367561	0.0000000	0.0000000
7000.6209600	7000.0338101	6999.8782813	-0.0400280	-0.7400000	0.2804806	0.2675425	0.1370266	0.0000000	0.0000000
7000.6209600	7000.0338101	6999.8782813	-0.0600420	-0.7400000	0.2791011	0.2678553	0.1363584	0.0000000	0.0000000
7000.6209600	7000.0338101	6999.8782813	-0.0800560	-0.7400000	0.2276066	0.2696975	0.1358787	0.0000000	0.0000000
7000.6209600	7000.0338101	6999.8782813	-0.1000700	-0.7400000	0.2244674	0.2696228	0.1368512	0.0000000	0.0000000
7000.6209600	7000.0338101	6999.8782813	-0.1200841	-0.7400000	0.2784081	0.2685093	0.1378777	0.0000000	0.0000000
7000.6209600	7000.0338101	6999.8782813	-0.1400981	-0.7400000	0.3163430	0.2676387	0.1362314	0.0000000	0.0000000
7000.6209600	7000.0338101	6999.8782813	-0.1601121	-0.7400000	0.3340658	0.2686427	0.1374258	0.0000000	0.0000000
7000.6209600	7000.0338101	6999.8782813	-0.1801261	-0.7400000	0.2348143	0.2691151	0.1357301	0.0000000	0.0000000
7000.6209600	7000.0338101	6999.8782813	-0.2001401	-0.7400000	0.2422380	0.2690460	0.1377808	0.0000000	0.0000000
7000.6209600	7000.0338101	6999.8782813	-0.2201541	-0.7400000	0.2438317	0.2669222	0.1330903	0.0000000	0.0000000
7000.6209600	7000.0338101	6999.8782813	-0.2398346	-0.7400000	0.3170460	0.2686930	0.1356976	0.0000000	0.0000000
7000.6209600	7000.0338101	6999.8782813	-0.2598486	-0.7400000	0.3314210	0.2676837	0.1368031	0.0000000	0.0000000
7000.6209600	7000.0338101	6999.8782813	-0.2798626	-0.7400000	0.3125045	0.2689565	0.1377039	0.0000000	0.0000000
7000.6209600	7000.0338101	6999.8782813	-0.2998766	-0.7400000	0.3218745	0.2684146	0.1370261	0.0000000	0.0000000
7000.6209600	7000.0338101	6999.8782813	-0.3198906	-0.7400000	0.2599849	0.2671547	0.1353971	0.0000000	0.0000000
7000.6209600	7000.0338101	6999.8782813	-0.3399046	-0.7400000	0.2704393	0.2680841	0.1353896	0.0000000	0.0000000
7000.6209600	7000.0338101	6999.8782813	-0.3599186	-0.7400000	0.2994471	0.2680642	0.1359469	0.0000000	0.0000000
7000.6209600	7000.0338101	6999.8782813	-0.3799326	-0.7400000	0.3743696	0.2659320	0.1358604	0.0000000	0.0000000
7000.6209600	7000.0338101	6999.8782813	-0.3999466	-0.7400000	0.3734020	0.2668201	0.1363917	0.0000000	0.0000000
7000.6209600	7000.0338101	6999.8782813	-0.4199606	-0.7400000	0.3185055	0.2677637	0.1354175	0.0000000	0.0000000
7000.6209600	7000.0338101	6999.8782813	-0.4399746	-0.7400000	0.2872552	0.2660521	0.1352715	0.0000000	0.0000000
7000.6209600	7000.0338101	6999.8782813	-0.4599887	-0.7400000	0.2994854	0.2665918	0.1363885	0.0000000	0.0000000
7000.6209600	7000.0338101	6999.8782813	-0.4800027	-0.7400000	0.4023125	0.2678748	0.1353661	0.0000000	0.0000000
7000.6209600	7000.0338101	6999.8782813	-0.5000167	-0.7400000	0.3795149	0.2668323	0.1351940	0.0000000	0.0000000
7000.6209600	7000.0338101	6999.8782813	-0.5200307	-0.7400000	0.3455081	0.2668958	0.1361492	0.0000000	0.0000000
7000.6209600	7000.0338101	6999.8782813	-0.5400447	-0.7400000	0.2976924	0.2670389	0.1349471	0.0000000	0.0000000
7000.6209600	7000.0338101	6999.8782813	-0.5600587	-0.7400000	0.3245219	0.2667184	0.1357559	0.0000000	0.0000000
7000.6209600	7000.0338101	6999.8782813	-0.5800727	-0.7400000	0.3962837	0.2670397	0.1342314	0.0000000	0.0000000
7000.6209600	7000.0338101	6999.8782813	-0.6000867	-0.7400000	0.4013466	0.2663162	0.1347919	0.0000000	0.0000000
7000.6209600	7000.0338101	6999.8782813	-0.6201007	-0.7400000	0.3529958	0.2687601	0.1383151	0.0000000	0.0000000
7000.6209600	7000.0338101	6999.8782813	-0.6401147	-0.7400000	0.3217184	0.2694698	0.1374904	0.0000000	0.0000000
7000.6209600	7000.0338101	6999.8782813	-0.6601288	-0.7400000	0.3389745	0.2665236	0.1361724	0.0000000	0.0000000
7000.6209600	7000.0338101	6999.8782813	-0.6801428	-0.7400000	0.4239863	0.2667426	0.1348184	0.0000000	0.0000000
7000.6209600	7000.0338101	6999.8782813	-0.7001568	-0.7400000	0.3939686	0.2655745	0.1352316	0.0000000	0.0000000
7000.6209600	7000.0338101	6999.8782813	-0.7198372	-0.7400000	0.3517576	0.2670071	0.1350951	0.0000000	0.0000000
7000.6209600	7000.0338101	6999.8782813	-0.7398512	-0.7400000	0.3218760	0.2662128	0.1352104	0.0000000	0.0000000
7000.6209600	7000.0338101	6999.8782813	-0.7598652	-0.7400000	0.3367859	0.2655750	0.1355002	0.0000000	0.0000000
7000.6209600	7000.0338101	6999.8782813	-0.7798792	-0.7400000	0.4140376	0.2667075	0.1354448	0.0000000	0.0000000
7000.6209600	7000.0338101	6999.8782813	-0.7998933	-0.7400000	0.3748262	0.2657151	0.1353467	0.0000000	0.0000000
7000.6209600	7000.0338101	6999.8782813	-0.8199073	-0.7400000	0.3167703	0.2659248	0.1355527	0.0000000	0.0000000
7000.6209600	7000.0338101	6999.8782813	-0.8399213	-0.7400000	0.3302222	0.2651600	0.1341067	0.0000000	0.0000000
7000.6209600	7000.0338101	6999.8782813	-0.8599353	-0.7400000	0.3611172	0.2655461	0.1342917	0.0000000	0.0000000
7000.6209600	7000.0338101	6999.8782813	-0.8799493	-0.7400000	0.3546458	0.2654447	0.1343826	0.0000000	0.0000000
7000.6209600	7000.0338101	6999.8782813	-0.8999633	-0.7400000	0.3138058	0.2659624	0.1348564	0.0000000	0.0000000
7000.6209600	7000.0338101	6999.8782813	-0.9199773	-0.7400000	0.2904070	0.2660009	0.1356290	0.0000000	0.0000000
7000.6209600	7000.0338101	6999.8782813	-0.9399913	-0.7400000	0.3808167	0.2666515	0.1359562	0.0000000	0.0000000
7000.6209600	7000.0338101	6999.8782813	-0.9600053	-0.7400000	0.3780784	0.2660659	0.1351006	0.0000000	0.0000000
7000.6209600	7000.0338101	6999.8782813	-0.9800193	-0.7400000	0.2921282	0.2648682	0.1345861	0.0000000	0.0000000
7000.6209600	7000.0338101	6999.8782813	-1.0000334	-0.7400000	0.2591761	0.2659164	0.1341608	0.0000000	0.0000000
