7000.6209600	7000.0338101	6999.8782813	1.0000334	-0.4800027	0.1634500	0.2719359	0.1330427	0.0000000	-0.4800000
7000.6209600	7000.0338101	6999.8782813	0.9800193	-0.4800000	0.1429301	0.2737731	0.1292847	0.0000000	0.0000000
7000.6209600	7000.0338101	6999.8782813	0.9600053	-0.4800000	0.1163683	0.2724707	0.1286022	0.0000000	0.0000000
7000.6209600	7000.0338101	6999.8782813	0.9399913	-0.4800000	0.1261000	0.2731198	0.1292684	0.0000000	0.0000000
7000.6209600	7000.0338101	6999.8782813	0.9199773	-0.4800000	0.1703347	0.2731443	0.1272118	0.0000000	0.0000000
7000.6209600	7000.0338101	6999.8782813	0.8999633	-0.4800000	0.1856317	0.2712758	0.1293717	0.0000000	0.0000000
7000.6209600	7000.0338101	6999.8782813	0.8799493	-0.4800000	0.1649642	0.2723080	0.1305773	0.0000000	0.0000000
7000.6209600	7000.0338101	6999.8782813	0.8599353	-0.4800000	0.1208298	0.2728621	0.1259591	0.0000000	0.0000000
7000.6209600	7000.0338101	6999.8782813	0.8399213	-0.4800000	0.1457972	0.2742394	0.1290476	0.0000000	0.0000000
7000.6209600	7000.0338101	6999.8782813	0.8199073	-0.4800000	0.2118962	0.2722164	0.1308657	0.0000000	0.0000000
7000.6209600	7000.0338101	6999.8782813	0.7998933	-0.4800000	0.2192194	0.2717351	0.1308208	0.0000000	0.0000000
7000.6209600	7000.0338101	6999.8782813	0.7798792	-0.4800000	0.1783325	0.2725554	0.1351754	0.0000000	0.0000000
7000.6209600	7000.0338101	6999.8782813	0.7598652	-0.4800000	0.1549357	0.2723667	0.1351815	0.0000000	0.0000000
7000.6209600	7000.0338101	6999.8782813	0.7398512	-0.4800000	0.1592094	0.2720166	0.1317307	0.0000000	0.0000000
7000.6209600	7000.0338101	6999.8782813	0.7198372	-0.4800000	0.2190178	0.2707855	0.1287583	0.0000000	0.0000000
7000.6209600	7000.0338101	6999.8782813	0.7001568	-0.4800000	0.2192047	0.2752783	0.1196320	0.0000000	0.0000000
7000.6209600	7000.0338101	6999.8782813	0.6801428	-0.4800000	0.1985602	0.2716371	0.1289718	0.0000000	0.0000000
7000.6209600	7000.0338101	6999.8782813	0.6601288	-0.4800000	0.1689073	0.2707494	0.1344702	0.0000000	0.0000000
7000.6209600	7000.0338101	6999.8782813	0.6401147	-0.4800000	0.1667347	0.2722244	0.1290475	0.0000000	0.0000000
7000.6209600	7000.0338101	6999.8782813	0.6201007	-0.4800000	0.2427537	0.2715220	0.1275171	0.0000000	0.0000000
7000.6209600	7000.0338101	6999.8782813	0.6000867	-0.4800000	0.2463208	0.2710563	0.1275636	0.0000000	0.0000000
7000.6209600	7000.0338101	6999.8782813	0.5800727	-0.4800000	0.2119694	0.2737889	0.1248940	0.0000000	0.0000000
7000.6209600	7000.0338101	6999.8782813	0.5600587	-0.4800000	0.1766145	0.2715438	0.1270205	0.0000000	0.0000000
7000.6209600	7000.0338101	6999.8782813	0.5400447	-0.4800000	0.1741674	0.2713821	0.1317893	0.0000000	0.0000000
7000.6209600	7000.0338101	6999.8782813	0.5200307	-0.4800000	0.2758723	0.2719050	0.1339941	0.0000000	0.0000000
7000.6209600	7000.0338101	6999.8782813	0.5000167	-0.4800000	0.2593986	0.2725286	0.1329357	0.0000000	0.0000000
7000.6209600	7000.0338101	6999.8782813	0.4800027	-0.4800000	0.2182615	0.2729843	0.1324108	0.0000000	0.0000000
7000.6209600	7000.0338101	6999.8782813	0.4599887	-0.4800000	0.1801708	0.2729340	0.1299080	0.0000000	0.0000000
7000.6209600	7000.0338101	6999.8782813	0.4399746	-0.4800000	0.1945830	0.2707053	0.1320913	0.0000000	0.0000000
7000.6209600	7000.0338101	6999.8782813	0.4199606	-0.4800000	0.2944753	0.2714468	0.1341935	0.0000000	0.0000000
7000.6209600	7000.0338101	6999.8782813	0.3999466	-0.4800000	0.2797201	0.2735787	0.1285446	0.0000000	0.0000000
7000.6209600	7000.0338101	6999.8782813	0.3799326	-0.4800000	0.2366643	0.2727432	0.1303011	0.0000000	0.0000000
7000.6209600	7000.0338101	6999.8782813	0.3599186	-0.4800000	0.2162697	0.2710400	0.1334176	0.0000000	0.0000000
7000.6209600	7000.0338101	6999.8782813	0.3399046	-0.4800000	0.2260811	0.2702131	0.1323685	0.0000000	0.0000000
7000.6209600	7000.0338101	6999.8782813	0.3198906	-0.4800000	0.3106636	0.2718506	0.1337819	0.0000000	0.0000000
7000.6209600	7000.0338101	6999.8782813	0.2998766	-0.4800000	0.3305731	0.2732249	0.1329999	0.0000000	0.0000000
7000.6209600	7000.0338101	6999.8782813	0.2798626	-0.4800000	0.2752445	0.2727933	0.1346500	0.0000000	0.0000000
7000.6209600	7000.0338101	6999.8782813	0.2598486	-0.4800000	0.2301920	0.2729028	0.1326462	0.0000000	0.0000000
7000.6209600	7000.0338101	6999.8782813	0.2398346	-0.4800000	0.2480734	0.2725089	0.1264316	0.0000000	0.0000000
7000.6209600	7000.0338101	6999.8782813	0.2201541	-0.4800000	0.3086995	0.2728929	0.1287140	0.0000000	0.0000000
7000.6209600	7000.0338101	6999.8782813	0.2001401	-0.4800000	0.3209786	0.2720815	0.1328792	0.0000000	0.0000000
7000.6209600	7000.0338101	6999.8782813	0.1801261	-0.4800000	0.2874550	0.2731787	0.1336174	0.0000000	0.0000000
7000.6209600	7000.0338101	6999.8782813	0.1601121	-0.4800000	0.2679991	0.2732076	0.1342078	0.0000000	0.0000000
7000.6209600	7000.0338101	6999.8782813	0.1400981	-0.4800000	0.2846957	0.2746382	0.1298508	0.0000000	0.0000000
7000.6209600	7000.0338101	6999.8782813	0.1200841	-0.4800000	0.3406823	0.2717504	0.1359120	0.0000000	0.0000000
7000.6209600	7000.0338101	6999.8782813	0.1000700	-0.4800000	0.3268501	0.2740321	0.1336781	0.0000000	0.0000000
7000.6209600	7000.0338101	6999.8782813	0.0800560	-0.4800000	0.2808915	0.2743936	0.1301472	0.0000000	0.0000000
7000.6209600	7000.0338101	6999.8782813	0.0600420	-0.4800000	0.2697181	0.2756271	0.1286481	0.0000000	0.0000000
7000.6209600	7000.0338101	6999.8782813	0.0400280	-0.4800000	0.2818568	0.2751053	0.1328019	0.0000000	0.0000000
7000.6209600	7000.0338101	6999.8782813	0.0200140	-0.4800000	0.3766746	0.2732239	0.1328962	0.0000000	0.0000000
7000.6209600	7000.0338101	6999.8782813	0.0000000	-0.4800000	0.3227458	0.2717792	0.1271210	0.0000000	0.0000000
7000.6209600	7000.0338101	6999.8782813	-0.0200140	-0.4800000	0.2789838	0.2738108	0.1315161	0.0000000	0.0000000
7000.6209600	7000.0338101	6999.8782813	-0.0400280	-0.4800000	0.2425812	0.2757001	0.1290521	0.0000000	0.0000000
7000.6209600	7000.0338101	6999.8782813	-0.0600420	-0.4800000	0.2669343	0.2753446	0.1263955	0.0000000	0.0000000
7000.6209600	7000.0338101	6999.8782813	-0.0800560	-0.4800000	0.3798611	0.2760244	0.1257556	0.0000000	0.0000000
7000.6209600	7000.0338101	6999.8782813	-0.1000700	-0.4800000	0.3767233	0.2771400	0.1278358	0.0000000	0.0000000
7000.6209600	7000.0338101	6999.8782813	-0.1200841	-0.4800000	0.3234209	0.2751234	0.1303448	0.0000000	0.0000000
7000.6209600	7000.0338101	6999.8782813	-0.1400981	-0.4800000	0.2668542	0.2749895	0.1327554	0.0000000	0.0000000
7000.6209600	7000.0338101	6999.8782813	-0.1601121	-0.4800000	0.2801937	0.2736572	0.1322551	0.0000000	0.0000000
7000.6209600	7000.0338101	6999.8782813	-0.1801261	-0.4800000	0.4319360	0.2745559	0.1345676	0.0000000	0.0000000
7000.6209600	7000.0338101	6999.8782813	-0.2001401	-0.4800000	0.4219105	0.2748944	0.1313776	0.0000000	0.0000000
7000.6209600	7000.0338101	6999.8782813	-0.2201541	-0.4800000	0.4053958	0.2757493	0.1301215	0.0000000	0.0000000
7000.6209600	7000.0338101	6999.8782813	-0.2398346	-0.4800000	0.3048307	0.2765071	0.1255392	0.0000000	0.0000000
7000.6209600	7000.0338101	6999.8782813	-0.2598486	-0.4800000	0.3196688	0.2754275	0.1291924	0.0000000	0.0000000
7000.6209600	7000.0338101	6999.8782813	-0.2798626	-0.4800000	0.3244603	0.2775797	0.1303844	0.0000000	0.0000000
7000.6209600	7000.0338101	6999.8782813	-0.2998766	-0.4800000	0.3479775	0.2756265	0.1329366	0.0000000	0.0000000
7000.6209600	7000.0338101	6999.8782813	-0.3198906	-0.4800000	0.3865042	0.2759788	0.1316520	0.0000000	0.0000000
7000.6209600	7000.0338101	6999.8782813	-0.3399046	-0.4800000	0.4018466	0.2747732	0.1356630	0.0000000	0.0000000
7000.6209600	7000.0338101	6999.8782813	-0.3599186	-0.4800000	0.3959996	0.2773745	0.1305696	0.0000000	0.0000000
7000.6209600	7000.0338101	6999.8782813	-0.3799326	-0.4800000	0.3337452	0.2760964	0.1310771	0.0000000	0.0000000
7000.6209600	7000.0338101	6999.8782813	-0.3999466	-0.4800000	0.3463948	0.2763448	0.1341997	0.0000000	0.0000000
7000.6209600	7000.0338101	6999.8782813	-0.4199606	-0.4800000	0.3714081	0.2774266	0.1332388	0.0000000	0.0000000
7000.6209600	7000.0338101	6999.8782813	-0.4399746	-0.4800000	0.3874664	0.2781315	0.1264175	0.0000000	0.0000000
7000.6209600	7000.0338101	6999.8782813	-0.4599887	-0.4800000	0.3780898	0.2788754	0.1274054	0.0000000	0.0000000
7000.6209600	7000.0338101	6999.8782813	-0.4800027	-0.4800000	0.3042999	0.2773259	0.1343760	0.0000000	0.0000000
7000.6209600	7000.0338101	6999.8782813	-0.5000167	-0.4800000	0.3032501	0.2755505	0.1341906	0.0000000	0.0000000
7000.6209600	7000.0338101	6999.8782813	-0.5200307	-0.4800000	0.3470613	0.2758788	0.1336101	0.0000000	0.0000000
7000.6209600	7000.0338101	6999.8782813	-0.5400447	-0.4800000	0.3535148	0.2757158	0.1310934	0.0000000	0.0000000
7000.6209600	7000.0338101	6999.8782813	-0.5600587	-0.4800000	0.3918873	0.2756533	0.1347272	0.0000000	0.0000000
7000.6209600	7000.0338101	6999.8782813	-0.5800727	-0.4800000	0.3264104	0.2765994	0.1346229	0.0000000	0.0000000
7000.6209600	7000.0338101	6999.8782813	-0.6000867	-0.4800000	0.2903651	0.2764346	0.1302861	0.0000000	0.0000000
7000.6209600	7000.0338101	6999.8782813	-0.6201007	-0.4800000	0.3505779	0.2753955	0.1330442	0.0000000	0.0000000
7000.6209600	7000.0338101	6999.8782813	-0.6401147	-0.4800000	0.3785089	0.2758844	0.1325010	0.0000000	0.0000000
7000.6209600	7000.0338101	6999.8782813	-0.6601288	-0.4800000	0.3429395	0.2773375	0.1280365	0.0000000	0.0000000
7000.6209600	7000.0338101	6999.8782813	-0.6801428	-0.4800000	0.2994032	0.2764307	0.1365283	0.0000000	0.0000000
7000.6209600	7000.0338101	6999.8782813	-0.7001568	-0.4800000	0.3186974	0.2780713	0.1324468	0.0000000	0.0000000
7000.6209600	7000.0338101	6999.8782813	-0.7198372	-0.4800000	0.3336608	0.2759415	0.1345959	0.0000000	0.0000000
7000.6209600	7000.0338101	6999.8782813	-0.7398512	-0.4800000	0.3308336	0.2758051	0.1313428	0.0000000	0.0000000
7000.6209600	7000.0338101	6999.8782813	-0.7598652	-0.4800000	0.3176151	0.2745702	0.1360940	0.0000000	0.0000000
7000.6209600	7000.0338101	6999.8782813	-0.7798792	-0.4800000	0.2391818	0.2768481	0.1286698	0.0000000	0.0000000
7000.6209600	7000.0338101	6999.8782813	-0.7998933	-0.4800000	0.2586074	0.2760703	0.1277312	0.0000000	0.0000000
7000.6209600	7000.0338101	6999.8782813	-0.8199073	-0.4800000	0.3144828	0.2770784	0.1299750	0.0000000	0.0000000
7000.6209600	7000.0338101	6999.8782813	-0.8399213	-0.4800000	0.2677665	0.2754463	0.1327505	0.0000000	0.0000000
7000.6209600	7000.0338101	6999.8782813	-0.8599353	-0.4800000	0.2357095	0.2772849	0.1244620	0.0000000	0.0000000
7000.6209600	7000.0338101	6999.8782813	-0.8799493	-0.4800000	0.2347168	0.2755498	0.1244503	0.0000000	0.0000000
7000.6209600	7000.0338101	6999.8782813	-0.8999633	-0.4800000	0.2775294	0.2749830	0.1284949	0.0000000	0.0000000
7000.6209600	7000.0338101	6999.8782813	-0.9199773	-0.4800000	0.2846709	0.2752736	0.1283773	0.0000000	0.0000000
7000.6209600	7000.0338101	6999.8782813	-0.9399913	-0.4800000	0.1996339	0.2765360	0.1239596	0.0000000	0.0000000
7000.6209600	7000.0338101	6999.8782813	-0.9600053	-0.4800000	0.1826521	0.2762361	0.1286270	0.0000000	0.0000000
7000.6209600	7000.0338101	6999.8782813	-0.9800193	-0.4800000	0.2394407	0.2768479	0.1272512	0.0000000	0.0000000
7000.6209600	7000.0338101	6999.8782813	-1.0000334	-0.4800000	0.2474711	0.2756310	0.1284692	0.0000000	0.0000000
