7000.6209600	7000.0338101	6999.8782813	1.0000334	-0.7001568	0.0805139	0.2662423	0.1341884	0.0000000	-0.7000000
7000.6209600	7000.0338101	6999.8782813	0.9800193	-0.7000000	0.1018097	0.2675410	0.1366896	0.0000000	0.0000000
7000.6209600	7000.0338101	6999.8782813	0.9600053	-0.7000000	0.0706569	0.2661700	0.1334250	0.0000000	0.0000000
7000.6209600	7000.0338101	6999.8782813	0.9399913	-0.7000000	0.0655728	0.2664097	0.1341385	0.0000000	0.0000000
7000.6209600	7000.0338101	6999.8782813	0.9199773	-0.7000000	0.0667792	0.2653274	0.1331035	0.0000000	0.0000000
7000.6209600	7000.0338101	6999.8782813	0.8999633	-0.7000000	0.0704154	0.2648750	0.1333481	0.0000000	0.0000000
7000.6209600	7000.0338101	6999.8782813	0.8799493	-0.7000000	0.1009005	0.2642819	0.1312405	0.0000000	0.0000000
7000.6209600	7000.0338101	6999.8782813	0.8599353	-0.7000000	0.0858119	0.2644517	0.1324698	0.0000000	0.0000000
7000.6209600	7000.0338101	6999.8782813	0.8399213	-0.7000000	0.0676188	0.2655714	0.1323772	0.0000000	0.0000000
7000.6209600	7000.0338101	6999.8782813	0.8199073	-0.7000000	0.0714630	0.2654724	0.1334358	0.0000000	0.0000000
7000.6209600	7000.0338101	6999.8782813	0.7998933	-0.7000000	0.0936241	0.2645510	0.1312153	0.0000000	0.0000000
7000.6209600	7000.0338101	6999.8782813	0.7798792	-0.7000000	0.1147262	0.2655676	0.1321394	0.0000000	0.0000000
7000.6209600	7000.0338101	6999.8782813	0.7598652	-0.7000000	0.0884503	0.2664463	0.1345028	0.0000000	0.0000000
7000.6209600	7000.0338101	6999.8782813	0.7398512	-0.7000000	0.0804109	0.2659847	0.1341284	0.0000000	0.0000000
7000.6209600	7000.0338101	6999.8782813	0.7198372	-0.7000000	0.0966007	0.2655082	0.1334137	0.0000000	0.0000000
7000.6209600	7000.0338101	6999.8782813	0.7001568	-0.7000000	0.1106935	0.2652523	0.1355820	0.0000000	0.0000000
7000.6209600	7000.0338101	6999.8782813	0.6801428	-0.7000000	0.1389644	0.2665968	0.1357563	0.0000000	0.0000000
7000.6209600	7000.0338101	6999.8782813	0.6601288	-0.7000000	0.1196282	0.2654784	0.1346511	0.0000000	0.0000000
7000.6209600	7000.0338101	6999.8782813	0.6401147	-0.7000000	0.0982985	0.2650371	0.1355573	0.0000000	0.0000000
7000.6209600	7000.0338101	6999.8782813	0.6201007	-0.7000000	0.1088622	0.2656399	0.1355776	0.0000000	0.0000000
7000.6209600	7000.0338101	6999.8782813	0.6000867	-0.7000000	0.1302581	0.2663230	0.1359099	0.0000000	0.0000000
7000.6209600	7000.0338101	6999.8782813	0.5800727	-0.7000000	0.1566045	0.2637853	0.1321433	0.0000000	0.0000000
7000.6209600	7000.0338101	6999.8782813	0.5600587	-0.7000000	0.1264745	0.2649745	0.1338458	0.0000000	0.0000000
7000.6209600	7000.0338101	6999.8782813	0.5400447	-0.7000000	0.1207601	0.2654771	0.1341917	0.0000000	0.0000000
7000.6209600	7000.0338101	6999.8782813	0.5200307	-0.7000000	0.1280044	0.2653666	0.1325892	0.0000000	0.0000000
7000.6209600	7000.0338101	6999.8782813	0.5000167	-0.7000000	0.1509261	0.2647777	0.1332402	0.0000000	0.0000000
7000.6209600	7000.0338101	6999.8782813	0.4800027	-0.7000000	0.1822407	0.2655840	0.1335497	0.0000000	0.0000000
7000.6209600	7000.0338101	6999.8782813	0.4599887	-0.7000000	0.1406694	0.2660229	0.1315278	0.0000000	0.0000000
7000.6209600	7000.0338101	6999.8782813	0.4399746	-0.7000000	0.1235170	0.2663356	0.1306071	0.0000000	0.0000000
7000.6209600	7000.0338101	6999.8782813	0.4199606	-0.7000000	0.1492590	0.2673724	0.1336957	0.0000000	0.0000000
7000.6209600	7000.0338101	6999.8782813	0.3999466	-0.7000000	0.1591219	0.2661669	0.1340310	0.0000000	0.0000000
7000.6209600	7000.0338101	6999.8782813	0.3799326	-0.7000000	0.2032373	0.2638099	0.1317476	0.0000000	0.0000000
7000.6209600	7000.0338101	6999.8782813	0.3599186	-0.7000000	0.1603324	0.2656733	0.1359320	0.0000000	0.0000000
7000.6209600	7000.0338101	6999.8782813	0.3399046	-0.7000000	0.1403632	0.2661166	0.1318049	0.0000000	0.0000000
7000.6209600	7000.0338101	6999.8782813	0.3198906	-0.7000000	0.1880641	0.2667926	0.1342727	0.0000000	0.0000000
7000.6209600	7000.0338101	6999.8782813	0.2998766	-0.7000000	0.2114548	0.2652866	0.1350505	0.0000000	0.0000000
7000.6209600	7000.0338101	6999.8782813	0.2798626	-0.7000000	0.2332672	0.2656543	0.1342979	0.0000000	0.0000000
7000.6209600	7000.0338101	6999.8782813	0.2598486	-0.7000000	0.1705911	0.2665527	0.1353967	0.0000000	0.0000000
7000.6209600	7000.0338101	6999.8782813	0.2398346	-0.7000000	0.1527312	0.2666489	0.1339299	0.0000000	0.0000000
7000.6209600	7000.0338101	6999.8782813	0.2201541	-0.7000000	0.2267605	0.2680629	0.1360952	0.0000000	0.0000000
7000.6209600	7000.0338101	6999.8782813	0.2001401	-0.7000000	0.2306073	0.2659458	0.1338827	0.0000000	0.0000000
7000.6209600	7000.0338101	6999.8782813	0.1801261	-0.7000000	0.2455677	0.2657303	0.1314832	0.0000000	0.0000000
7000.6209600	7000.0338101	6999.8782813	0.1601121	-0.7000000	0.1950273	0.2661350	0.1336428	0.0000000	0.0000000
7000.6209600	7000.0338101	6999.8782813	0.1400981	-0.7000000	0.1845475	0.2660431	0.1350834	0.0000000	0.0000000
7000.6209600	7000.0338101	6999.8782813	0.1200841	-0.7000000	0.2487426	0.2657864	0.1343224	0.0000000	0.0000000
7000.6209600	7000.0338101	6999.8782813	0.1000700	-0.7000000	0.2719355	0.2654176	0.1334872	0.0000000	0.0000000
7000.6209600	7000.0338101	6999.8782813	0.0800560	-0.7000000	0.2820624	0.2647695	0.1338668	0.0000000	0.0000000
7000.6209600	7000.0338101	6999.8782813	0.0600420	-0.7000000	0.1999167	0.2656943	0.1323973	0.0000000	0.0000000
7000.6209600	7000.0338101	6999.8782813	0.0400280	-0.7000000	0.2059990	0.2652462	0.1350262	0.0000000	0.0000000
7000.6209600	7000.0338101	6999.8782813	0.0200140	-0.7000000	0.2803445	0.2647560	0.1342936	0.0000000	0.0000000
7000.6209600	7000.0338101	6999.8782813	0.0000000	-0.7000000	0.2894468	0.2648185	0.1337130	0.0000000	0.0000000
7000.6209600	7000.0338101	6999.8782813	-0.0200140	-0.7000000	0.2927585	0.2643636	0.1310646	0.0000000	0.0000000
7000.6209600	7000.0338101	6999.8782813	-0.0400280	-0.7000000	0.2463085	0.2664044	0.1342792	0.0000000	0.0000000
7000.6209600	7000.0338101	6999.8782813	-0.0600420	-0.7000000	0.2258351	0.2653206	0.1334698	0.0000000	0.0000000
7000.6209600	7000.0338101	6999.8782813	-0.0800560	-0.7000000	0.2805099	0.2664158	0.1330203	0.0000000	0.0000000
7000.6209600	7000.0338101	6999.8782813	-0.1000700	-0.7000000	0.2861135	0.2658420	0.1319376	0.0000000	0.0000000
7000.6209600	7000.0338101	6999.8782813	-0.1200841	-0.7000000	0.3255498	0.2666637	0.1342915	0.0000000	0.0000000
7000.6209600	7000.0338101	6999.8782813	-0.1400981	-0.7000000	0.2624197	0.2651822	0.1324956	0.0000000	0.0000000
7000.6209600	7000.0338101	6999.8782813	-0.1601121	-0.7000000	0.2458259	0.2650785	0.1305707	0.0000000	0.0000000
7000.6209600	7000.0338101	6999.8782813	-0.1801261	-0.7000000	0.2556754	0.2647388	0.1335896	0.0000000	0.0000000
7000.6209600	7000.0338101	6999.8782813	-0.2001401	-0.7000000	0.2995211	0.2654346	0.1346082	0.0000000	0.0000000
7000.6209600	7000.0338101	6999.8782813	-0.2201541	-0.7000000	0.3642240	0.2647894	0.1373451	0.0000000	0.0000000
7000.6209600	7000.0338101	6999.8782813	-0.2398346	-0.7000000	0.3801597	0.2657690	0.1361001	0.0000000	0.0000000
7000.6209600	7000.0338101	6999.8782813	-0.2598486	-0.7000000	0.3566318	0.2653124	0.1350774	0.0000000	0.0000000
7000.6209600	7000.0338101	6999.8782813	-0.2798626	-0.7000000	0.2718363	0.2656405	0.1335592	0.0000000	0.0000000
7000.6209600	7000.0338101	6999.8782813	-0.2998766	-0.7000000	0.2710782	0.2656536	0.1343870	0.0000000	0.0000000
7000.6209600	7000.0338101	6999.8782813	-0.3198906	-0.7000000	0.3060038	0.2653669	0.1352587	0.0000000	0.0000000
7000.6209600	7000.0338101	6999.8782813	-0.3399046	-0.7000000	0.3918525	0.2653080	0.1361587	0.0000000	0.0000000
7000.6209600	7000.0338101	6999.8782813	-0.3599186	-0.7000000	0.3877992	0.2644678	0.1332511	0.0000000	0.0000000
7000.6209600	7000.0338101	6999.8782813	-0.3799326	-0.7000000	0.3065913	0.2657972	0.1332939	0.0000000	0.0000000
7000.6209600	7000.0338101	6999.8782813	-0.3999466	-0.7000000	0.2896659	0.2640245	0.1327629	0.0000000	0.0000000
7000.6209600	7000.0338101	6999.8782813	-0.4199606	-0.7000000	0.2945454	0.2663441	0.1366636	0.0000000	0.0000000
7000.6209600	7000.0338101	6999.8782813	-0.4399746	-0.7000000	0.3648776	0.2643303	0.1327145	0.0000000	0.0000000
7000.6209600	7000.0338101	6999.8782813	-0.4599887	-0.7000000	0.4050646	0.2647954	0.1335275	0.0000000	0.0000000
7000.6209600	7000.0338101	6999.8782813	-0.4800027	-0.7000000	0.3457599	0.2642833	0.1346241	0.0000000	0.0000000
7000.6209600	7000.0338101	6999.8782813	-0.5000167	-0.7000000	0.3447236	0.2649504	0.1331497	0.0000000	0.0000000
7000.6209600	7000.0338101	6999.8782813	-0.5200307	-0.7000000	0.2996199	0.2652727	0.1322954	0.0000000	0.0000000
7000.6209600	7000.0338101	6999.8782813	-0.5400447	-0.7000000	0.3703289	0.2651315	0.1335046	0.0000000	0.0000000
7000.6209600	7000.0338101	6999.8782813	-0.5600587	-0.7000000	0.4060009	0.2658035	0.1338423	0.0000000	0.0000000
7000.6209600	7000.0338101	6999.8782813	-0.5800727	-0.7000000	0.3816951	0.2657572	0.1348989	0.0000000	0.0000000
7000.6209600	7000.0338101	6999.8782813	-0.6000867	-0.7000000	0.3343772	0.2655032	0.1328577	0.0000000	0.0000000
7000.6209600	7000.0338101	6999.8782813	-0.6201007	-0.7000000	0.3253740	0.2649207	0.1341276	0.0000000	0.0000000
7000.6209600	7000.0338101	6999.8782813	-0.6401147	-0.7000000	0.3986194	0.2652719	0.1328793	0.0000000	0.0000000
7000.6209600	7000.0338101	6999.8782813	-0.6601288	-0.7000000	0.4196956	0.2657312	0.1317931	0.0000000	0.0000000
7000.6209600	7000.0338101	6999.8782813	-0.6801428	-0.7000000	0.3598369	0.2647301	0.1311450	0.0000000	0.0000000
7000.6209600	7000.0338101	6999.8782813	-0.7001568	-0.7000000	0.3170781	0.2648237	0.1328719	0.0000000	0.0000000
7000.6209600	7000.0338101	6999.8782813	-0.7198372	-0.7000000	0.3173954	0.2642047	0.1323898	0.0000000	0.0000000
7000.6209600	7000.0338101	6999.8782813	-0.7398512	-0.7000000	0.4180062	0.2642803	0.1333688	0.0000000	0.0000000
7000.6209600	7000.0338101	6999.8782813	-0.7598652	-0.7000000	0.4353182	0.2651723	0.1342892	0.0000000	0.0000000
7000.6209600	7000.0338101	6999.8782813	-0.7798792	-0.7000000	0.3365255	0.2657313	0.1356204	0.0000000	0.0000000
7000.6209600	7000.0338101	6999.8782813	-0.7998933	-0.7000000	0.3194094	0.2664199	0.1363162	0.0000000	0.0000000
7000.6209600	7000.0338101	6999.8782813	-0.8199073	-0.7000000	0.3455284	0.2655629	0.1351478	0.0000000	0.0000000
7000.6209600	7000.0338101	6999.8782813	-0.8399213	-0.7000000	0.4137786	0.2653186	0.1328832	0.0000000	0.0000000
7000.6209600	7000.0338101	6999.8782813	-0.8599353	-0.7000000	0.3916122	0.2651512	0.1330682	0.0000000	0.0000000
7000.6209600	7000.0338101	6999.8782813	-0.8799493	-0.7000000	0.2864164	0.2663632	0.1344904	0.0000000	0.0000000
7000.6209600	7000.0338101	6999.8782813	-0.8999633	-0.7000000	0.3026338	0.2661134	0.1347375	0.0000000	0.0000000
7000.6209600	7000.0338101	6999.8782813	-0.9199773	-0.7000000	0.3518182	0.2660630	0.1354904	0.0000000	0.0000000
7000.6209600	7000.0338101	6999.8782813	-0.9399913	-0.7000000	0.3885223	0.2658606	0.1366636	0.0000000	0.0000000
7000.6209600	7000.0338101	6999.8782813	-0.9600053	-0.7000000	0.3519851	0.2662789	0.1367853	0.0000000	0.0000000
7000.6209600	7000.0338101	6999.8782813	-0.9800193	-0.7000000	0.2824325	0.2651394	0.1341036	0.0000000	0.0000000
7000.6209600	7000.0338101	6999.8782813	-1.0000334	-0.7000000	0.3342239	0.2650310	0.1340667	0.0000000	0.0000000
