7000.6209600	7000.0338101	6999.8782813	1.0000334	-0.3999466	0.2326085	0.2815209	0.1298308	0.0000000	-0.4000000
7000.6209600	7000.0338101	6999.8782813	0.9800193	-0.4000000	0.2247993	0.2811211	0.1295485	0.0000000	0.0000000
7000.6209600	7000.0338101	6999.8782813	0.9600053	-0.4000000	0.1788878	0.2794685	0.1306321	0.0000000	0.0000000
7000.6209600	7000.0338101	6999.8782813	0.9399913	-0.4000000	0.1567153	0.2778282	0.1300334	0.0000000	0.0000000
7000.6209600	7000.0338101	6999.8782813	0.9199773	-0.4000000	0.1894182	0.2805045	0.1268320	0.0000000	0.0000000
7000.6209600	7000.0338101	6999.8782813	0.8999633	-0.4000000	0.2257690	0.2797656	0.1278188	0.0000000	0.0000000
7000.6209600	7000.0338101	6999.8782813	0.8799493	-0.4000000	0.2422075	0.2788904	0.1300531	0.0000000	0.0000000
7000.6209600	7000.0338101	6999.8782813	0.8599353	-0.4000000	0.1850638	0.2797527	0.1282583	0.0000000	0.0000000
7000.6209600	7000.0338101	6999.8782813	0.8399213	-0.4000000	0.1710905	0.2808086	0.1271279	0.0000000	0.0000000
7000.6209600	7000.0338101	6999.8782813	0.8199073	-0.4000000	0.2123541	0.2801659	0.1276797	0.0000000	0.0000000
7000.6209600	7000.0338101	6999.8782813	0.7998933	-0.4000000	0.2430558	0.2802944	0.1275249	0.0000000	0.0000000
7000.6209600	7000.0338101	6999.8782813	0.7798792	-0.4000000	0.2456952	0.2799023	0.1270914	0.0000000	0.0000000
7000.6209600	7000.0338101	6999.8782813	0.7598652	-0.4000000	0.1852981	0.2786508	0.1275892	0.0000000	0.0000000
7000.6209600	7000.0338101	6999.8782813	0.7398512	-0.4000000	0.1798202	0.2794797	0.1270288	0.0000000	0.0000000
7000.6209600	7000.0338101	6999.8782813	0.7198372	-0.4000000	0.2384646	0.2789902	0.1270643	0.0000000	0.0000000
7000.6209600	7000.0338101	6999.8782813	0.7001568	-0.4000000	0.2401560	0.2795498	0.1264362	0.0000000	0.0000000
7000.6209600	7000.0338101	6999.8782813	0.6801428	-0.4000000	0.2558075	0.2781967	0.1266248	0.0000000	0.0000000
7000.6209600	7000.0338101	6999.8782813	0.6601288	-0.4000000	0.2095829	0.2771282	0.1280175	0.0000000	0.0000000
7000.6209600	7000.0338101	6999.8782813	0.6401147	-0.4000000	0.1943599	0.2758259	0.1329373	0.0000000	0.0000000
7000.6209600	7000.0338101	6999.8782813	0.6201007	-0.4000000	0.2347311	0.2763110	0.1309482	0.0000000	0.0000000
7000.6209600	7000.0338101	6999.8782813	0.6000867	-0.4000000	0.2610984	0.2768726	0.1317859	0.0000000	0.0000000
7000.6209600	7000.0338101	6999.8782813	0.5800727	-0.4000000	0.2781813	0.2770554	0.1303561	0.0000000	0.0000000
7000.6209600	7000.0338101	6999.8782813	0.5600587	-0.4000000	0.1929252	0.2762770	0.1279355	0.0000000	0.0000000
7000.6209600	7000.0338101	6999.8782813	0.5400447	-0.4000000	0.1953336	0.2769454	0.1230747	0.0000000	0.0000000
7000.6209600	7000.0338101	6999.8782813	0.5200307	-0.4000000	0.2524358	0.2754902	0.1275309	0.0000000	0.0000000
7000.6209600	7000.0338101	6999.8782813	0.5000167	-0.4000000	0.2773604	0.2755258	0.1298129	0.0000000	0.0000000
7000.6209600	7000.0338101	6999.8782813	0.4800027	-0.4000000	0.2961503	0.2747333	0.1311605	0.0000000	0.0000000
7000.6209600	7000.0338101	6999.8782813	0.4599887	-0.4000000	0.2124731	0.2768917	0.1302157	0.0000000	0.0000000
7000.6209600	7000.0338101	6999.8782813	0.4399746	-0.4000000	0.1995488	0.2788060	0.1239233	0.0000000	0.0000000
7000.6209600	7000.0338101	6999.8782813	0.4199606	-0.4000000	0.2960170	0.2751417	0.1268481	0.0000000	0.0000000
7000.6209600	7000.0338101	6999.8782813	0.3999466	-0.4000000	0.2881313	0.2766554	0.1224518	0.0000000	0.0000000
7000.6209600	7000.0338101	6999.8782813	0.3799326	-0.4000000	0.3073435	0.2758130	0.1247281	0.0000000	0.0000000
7000.6209600	7000.0338101	6999.8782813	0.3599186	-0.4000000	0.2465280	0.2763236	0.1282522	0.0000000	0.0000000
7000.6209600	7000.0338101	6999.8782813	0.3399046	-0.4000000	0.2122815	0.2750421	0.1300010	0.0000000	0.0000000
7000.6209600	7000.0338101	6999.8782813	0.3198906	-0.4000000	0.2986135	0.2744821	0.1293469	0.0000000	0.0000000
7000.6209600	7000.0338101	6999.8782813	0.2998766	-0.4000000	0.3232750	0.2751277	0.1295076	0.0000000	0.0000000
7000.6209600	7000.0338101	6999.8782813	0.2798626	-0.4000000	0.2933826	0.2753218	0.1287875	0.0000000	0.0000000
7000.6209600	7000.0338101	6999.8782813	0.2598486	-0.4000000	0.2209246	0.2758756	0.1248439	0.0000000	0.0000000
7000.6209600	7000.0338101	6999.8782813	0.2398346	-0.4000000	0.2229917	0.2777474	0.1283806	0.0000000	0.0000000
7000.6209600	7000.0338101	6999.8782813	0.2201541	-0.4000000	0.3435568	0.2754333	0.1304188	0.0000000	0.0000000
7000.6209600	7000.0338101	6999.8782813	0.2001401	-0.4000000	0.3647406	0.2736212	0.1307939	0.0000000	0.0000000
7000.6209600	7000.0338101	6999.8782813	0.1801261	-0.4000000	0.3079814	0.2735258	0.1255259	0.0000000	0.0000000
7000.6209600	7000.0338101	6999.8782813	0.1601121	-0.4000000	0.2477408	0.2747434	0.1294451	0.0000000	0.0000000
7000.6209600	7000.0338101	6999.8782813	0.1400981	-0.4000000	0.2342010	0.2763313	0.1280491	0.0000000	0.0000000
7000.6209600	7000.0338101	6999.8782813	0.1200841	-0.4000000	0.3631105	0.2746719	0.1308352	0.0000000	0.0000000
7000.6209600	7000.0338101	6999.8782813	0.1000700	-0.4000000	0.3656154	0.2746646	0.1294563	0.0000000	0.0000000
7000.6209600	7000.0338101	6999.8782813	0.0800560	-0.4000000	0.3545651	0.2746714	0.1313292	0.0000000	0.0000000
7000.6209600	7000.0338101	6999.8782813	0.0600420	-0.4000000	0.2587030	0.2738516	0.1277816	0.0000000	0.0000000
7000.6209600	7000.0338101	6999.8782813	0.0400280	-0.4000000	0.2553040	0.2755902	0.1255834	0.0000000	0.0000000
7000.6209600	7000.0338101	6999.8782813	0.0200140	-0.4000000	0.3886156	0.2747633	0.1270927	0.0000000	0.0000000
7000.6209600	7000.0338101	6999.8782813	0.0000000	-0.4000000	0.3759172	0.2759103	0.1204448	0.0000000	0.0000000
7000.6209600	7000.0338101	6999.8782813	-0.0200140	-0.4000000	0.3782705	0.2772017	0.1271959	0.0000000	0.0000000
7000.6209600	7000.0338101	6999.8782813	-0.0400280	-0.4000000	0.2799272	0.2728772	0.1322455	0.0000000	0.0000000
7000.6209600	7000.0338101	6999.8782813	-0.0600420	-0.4000000	0.2313552	0.2729092	0.1292393	0.0000000	0.0000000
7000.6209600	7000.0338101	6999.8782813	-0.0800560	-0.4000000	0.3665620	0.2755540	0.1295210	0.0000000	0.0000000
7000.6209600	7000.0338101	6999.8782813	-0.1000700	-0.4000000	0.3771927	0.2752136	0.1310394	0.0000000	0.0000000
7000.6209600	7000.0338101	6999.8782813	-0.1200841	-0.4000000	0.3764556	0.2755677	0.1257268	0.0000000	0.0000000
7000.6209600	7000.0338101	6999.8782813	-0.1400981	-0.4000000	0.3132344	0.2748721	0.1244011	0.0000000	0.0000000
7000.6209600	7000.0338101	6999.8782813	-0.1601121	-0.4000000	0.2978423	0.2744548	0.1306704	0.0000000	0.0000000
7000.6209600	7000.0338101	6999.8782813	-0.1801261	-0.4000000	0.3524104	0.2753126	0.1300981	0.0000000	0.0000000
7000.6209600	7000.0338101	6999.8782813	-0.2001401	-0.4000000	0.3861627	0.2737258	0.1280084	0.0000000	0.0000000
7000.6209600	7000.0338101	6999.8782813	-0.2201541	-0.4000000	0.3936135	0.2734860	0.1275336	0.0000000	0.0000000
7000.6209600	7000.0338101	6999.8782813	-0.2398346	-0.4000000	0.3967264	0.2730278	0.1301373	0.0000000	0.0000000
7000.6209600	7000.0338101	6999.8782813	-0.2598486	-0.4000000	0.3801783	0.2736141	0.1283796	0.0000000	0.0000000
7000.6209600	7000.0338101	6999.8782813	-0.2798626	-0.4000000	0.3017250	0.2734149	0.1325642	0.0000000	0.0000000
7000.6209600	7000.0338101	6999.8782813	-0.2998766	-0.4000000	0.3068984	0.2746050	0.1296683	0.0000000	0.0000000
7000.6209600	7000.0338101	6999.8782813	-0.3198906	-0.4000000	0.3565280	0.2753035	0.1308701	0.0000000	0.0000000
7000.6209600	7000.0338101	6999.8782813	-0.3399046	-0.4000000	0.4005487	0.2749617	0.1273938	0.0000000	0.0000000
7000.6209600	7000.0338101	6999.8782813	-0.3599186	-0.4000000	0.3924313	0.2732351	0.1230062	0.0000000	0.0000000
7000.6209600	7000.0338101	6999.8782813	-0.3799326	-0.4000000	0.2889817	0.2720533	0.1318549	0.0000000	0.0000000
7000.6209600	7000.0338101	6999.8782813	-0.3999466	-0.4000000	0.2585142	0.2733188	0.1291808	0.0000000	0.0000000
7000.6209600	7000.0338101	6999.8782813	-0.4199606	-0.4000000	0.2867710	0.2732584	0.1305321	0.0000000	0.0000000
7000.6209600	7000.0338101	6999.8782813	-0.4399746	-0.4000000	0.4237228	0.2736584	0.1305681	0.0000000	0.0000000
7000.6209600	7000.0338101	6999.8782813	-0.4599887	-0.4000000	0.4053136	0.2736685	0.1291685	0.0000000	0.0000000
7000.6209600	7000.0338101	6999.8782813	-0.4800027	-0.4000000	0.3039991	0.2728644	0.1302941	0.0000000	0.0000000
7000.6209600	7000.0338101	6999.8782813	-0.5000167	-0.4000000	0.2693278	0.2733756	0.1302141	0.0000000	0.0000000
7000.6209600	7000.0338101	6999.8782813	-0.5200307	-0.4000000	0.2846511	0.2735837	0.1323727	0.0000000	0.0000000
7000.6209600	7000.0338101	6999.8782813	-0.5400447	-0.4000000	0.3725562	0.2721415	0.1306853	0.0000000	0.0000000
7000.6209600	7000.0338101	6999.8782813	-0.5600587	-0.4000000	0.3805784	0.2720360	0.1288517	0.0000000	0.0000000
7000.6209600	7000.0338101	6999.8782813	-0.5800727	-0.4000000	0.2905112	0.2738982	0.1286724	0.0000000	0.0000000
7000.6209600	7000.0338101	6999.8782813	-0.6000867	-0.4000000	0.2524644	0.2737739	0.1282122	0.0000000	0.0000000
7000.6209600	7000.0338101	6999.8782813	-0.6201007	-0.4000000	0.2615602	0.2726339	0.1281412	0.0000000	0.0000000
7000.6209600	7000.0338101	6999.8782813	-0.6401147	-0.4000000	0.3505286	0.2737655	0.1283774	0.0000000	0.0000000
7000.6209600	7000.0338101	6999.8782813	-0.6601288	-0.4000000	0.3565289	0.2736062	0.1259551	0.0000000	0.0000000
7000.6209600	7000.0338101	6999.8782813	-0.6801428	-0.4000000	0.2367983	0.2730355	0.1298029	0.0000000	0.0000000
7000.6209600	7000.0338101	6999.8782813	-0.7001568	-0.4000000	0.2168336	0.2735260	0.1327930	0.0000000	0.0000000
7000.6209600	7000.0338101	6999.8782813	-0.7198372	-0.4000000	0.2158115	0.2718691	0.1296200	0.0000000	0.0000000
7000.6209600	7000.0338101	6999.8782813	-0.7398512	-0.4000000	0.2916624	0.2717159	0.1297347	0.0000000	0.0000000
7000.6209600	7000.0338101	6999.8782813	-0.7598652	-0.4000000	0.3005751	0.2739615	0.1281643	0.0000000	0.0000000
7000.6209600	7000.0338101	6999.8782813	-0.7798792	-0.4000000	0.1982498	0.2726248	0.1310978	0.0000000	0.0000000
7000.6209600	7000.0338101	6999.8782813	-0.7998933	-0.4000000	0.1956514	0.2708055	0.1331753	0.0000000	0.0000000
7000.6209600	7000.0338101	6999.8782813	-0.8199073	-0.4000000	0.2276844	0.2716073	0.1305721	0.0000000	0.0000000
7000.6209600	7000.0338101	6999.8782813	-0.8399213	-0.4000000	0.2928019	0.2734703	0.1285076	0.0000000	0.0000000
7000.6209600	7000.0338101	6999.8782813	-0.8599353	-0.4000000	0.2650062	0.2704158	0.1280171	0.0000000	0.0000000
7000.6209600	7000.0338101	6999.8782813	-0.8799493	-0.4000000	0.1702444	0.2721053	0.1205316	0.0000000	0.0000000
7000.6209600	7000.0338101	6999.8782813	-0.8999633	-0.4000000	0.2008805	0.2710457	0.1277938	0.0000000	0.0000000
7000.6209600	7000.0338101	6999.8782813	-0.9199773	-0.4000000	0.2605852	0.2711411	0.1325247	0.0000000	0.0000000
7000.6209600	7000.0338101	6999.8782813	-0.9399913	-0.4000000	0.2247687	0.2727053	0.1301924	0.0000000	0.0000000
7000.6209600	7000.0338101	6999.8782813	-0.9600053	-0.4000000	0.1898311	0.2731055	0.1295804	0.0000000	0.0000000
7000.6209600	7000.0338101	6999.8782813	-0.9800193	-0.4000000	0.1815585	0.2725867	0.1290431	0.0000000	0.0000000
7000.6209600	7000.0338101	6999.8782813	-1.0000334	-0.4000000	0.1909591	0.2718834	0.1282312	0.0000000	0.0000000
