7000.6209600	7000.0338101	6999.8782813	1.0000334	-0.7998933	0.0592971	0.2621693	0.1315763	0.0000000	-0.8000000
7000.6209600	7000.0338101	6999.8782813	0.9800193	-0.8000000	0.0538461	0.2635231	0.1313087	0.0000000	0.0000000
7000.6209600	7000.0338101	6999.8782813	0.9600053	-0.8000000	0.0359626	0.2629681	0.1316561	0.0000000	0.0000000
7000.6209600	7000.0338101	6999.8782813	0.9399913	-0.8000000	0.0329344	0.2621406	0.1318691	0.0000000	0.0000000
7000.6209600	7000.0338101	6999.8782813	0.9199773	-0.8000000	0.0457703	0.2618792	0.1312990	0.0000000	0.0000000
7000.6209600	7000.0338101	6999.8782813	0.8999633	-0.8000000	0.0556074	0.2622673	0.1294374	0.0000000	0.0000000
7000.6209600	7000.0338101	6999.8782813	0.8799493	-0.8000000	0.0681462	0.2641978	0.1342422	0.0000000	0.0000000
7000.6209600	7000.0338101	6999.8782813	0.8599353	-0.8000000	0.0454651	0.2629710	0.1342279	0.0000000	0.0000000
7000.6209600	7000.0338101	6999.8782813	0.8399213	-0.8000000	0.0414553	0.2645251	0.1336823	0.0000000	0.0000000
7000.6209600	7000.0338101	6999.8782813	0.8199073	-0.8000000	0.0567500	0.2622134	0.1311464	0.0000000	0.0000000
7000.6209600	7000.0338101	6999.8782813	0.7998933	-0.8000000	0.0743267	0.2613252	0.1318307	0.0000000	0.0000000
7000.6209600	7000.0338101	6999.8782813	0.7798792	-0.8000000	0.0762205	0.2626133	0.1342357	0.0000000	0.0000000
7000.6209600	7000.0338101	6999.8782813	0.7598652	-0.8000000	0.0481873	0.2631686	0.1321766	0.0000000	0.0000000
7000.6209600	7000.0338101	6999.8782813	0.7398512	-0.8000000	0.0427595	0.2641936	0.1337870	0.0000000	0.0000000
7000.6209600	7000.0338101	6999.8782813	0.7198372	-0.8000000	0.0749008	0.2639580	0.1331810	0.0000000	0.0000000
7000.6209600	7000.0338101	6999.8782813	0.7001568	-0.8000000	0.0800890	0.2630599	0.1351116	0.0000000	0.0000000
7000.6209600	7000.0338101	6999.8782813	0.6801428	-0.8000000	0.0880349	0.2625571	0.1319983	0.0000000	0.0000000
7000.6209600	7000.0338101	6999.8782813	0.6601288	-0.8000000	0.0601000	0.2637726	0.1324847	0.0000000	0.0000000
7000.6209600	7000.0338101	6999.8782813	0.6401147	-0.8000000	0.0585061	0.2643013	0.1353231	0.0000000	0.0000000
7000.6209600	7000.0338101	6999.8782813	0.6201007	-0.8000000	0.0865859	0.2640791	0.1368243	0.0000000	0.0000000
7000.6209600	7000.0338101	6999.8782813	0.6000867	-0.8000000	0.0983646	0.2642950	0.1358198	0.0000000	0.0000000
7000.6209600	7000.0338101	6999.8782813	0.5800727	-0.8000000	0.1106089	0.2637308	0.1365759	0.0000000	0.0000000
7000.6209600	7000.0338101	6999.8782813	0.5600587	-0.8000000	0.0789346	0.2645807	0.1360258	0.0000000	0.0000000
7000.6209600	7000.0338101	6999.8782813	0.5400447	-0.8000000	0.0734869	0.2653535	0.1360210	0.0000000	0.0000000
7000.6209600	7000.0338101	6999.8782813	0.5200307	-0.8000000	0.1105203	0.2662261	0.1360781	0.0000000	0.0000000
7000.6209600	7000.0338101	6999.8782813	0.5000167	-0.8000000	0.1171829	0.2626077	0.1326309	0.0000000	0.0000000
7000.6209600	7000.0338101	6999.8782813	0.4800027	-0.8000000	0.1263132	0.2651019	0.1360222	0.0000000	0.0000000
7000.6209600	7000.0338101	6999.8782813	0.4599887	-0.8000000	0.1006946	0.2650948	0.1376135	0.0000000	0.0000000
7000.6209600	7000.0338101	6999.8782813	0.4399746	-0.8000000	0.0944379	0.2650402	0.1368923	0.0000000	0.0000000
7000.6209600	7000.0338101	6999.8782813	0.4199606	-0.8000000	0.1311271	0.2649773	0.1340718	0.0000000	0.0000000
7000.6209600	7000.0338101	6999.8782813	0.3999466	-0.8000000	0.1396440	0.2652719	0.1359263	0.0000000	0.0000000
7000.6209600	7000.0338101	6999.8782813	0.3799326	-0.8000000	0.1563656	0.2652946	0.1362201	0.0000000	0.0000000
7000.6209600	7000.0338101	6999.8782813	0.3599186	-0.8000000	0.1078073	0.2647493	0.1345869	0.0000000	0.0000000
7000.6209600	7000.0338101	6999.8782813	0.3399046	-0.8000000	0.1048832	0.2644242	0.1356849	0.0000000	0.0000000
7000.6209600	7000.0338101	6999.8782813	0.3198906	-0.8000000	0.1558784	0.2633125	0.1323627	0.0000000	0.0000000
7000.6209600	7000.0338101	6999.8782813	0.2998766	-0.8000000	0.1771967	0.2650885	0.1357957	0.0000000	0.0000000
7000.6209600	7000.0338101	6999.8782813	0.2798626	-0.8000000	0.1704972	0.2643934	0.1373309	0.0000000	0.0000000
7000.6209600	7000.0338101	6999.8782813	0.2598486	-0.8000000	0.1229379	0.2634526	0.1350796	0.0000000	0.0000000
7000.6209600	7000.0338101	6999.8782813	0.2398346	-0.8000000	0.1208467	0.2641317	0.1338401	0.0000000	0.0000000
7000.6209600	7000.0338101	6999.8782813	0.2201541	-0.8000000	0.1861193	0.2648899	0.1339969	0.0000000	0.0000000
7000.6209600	7000.0338101	6999.8782813	0.2001401	-0.8000000	0.1976583	0.2646704	0.1346771	0.0000000	0.0000000
7000.6209600	7000.0338101	6999.8782813	0.1801261	-0.8000000	0.1931185	0.2634017	0.1334325	0.0000000	0.0000000
7000.6209600	7000.0338101	6999.8782813	0.1601121	-0.8000000	0.1392263	0.2628286	0.1354996	0.0000000	0.0000000
7000.6209600	7000.0338101	6999.8782813	0.1400981	-0.8000000	0.1347303	0.2621283	0.1308903	0.0000000	0.0000000
7000.6209600	7000.0338101	6999.8782813	0.1200841	-0.8000000	0.2154103	0.2633448	0.1346847	0.0000000	0.0000000
7000.6209600	7000.0338101	6999.8782813	0.1000700	-0.8000000	0.2285083	0.2619763	0.1326584	0.0000000	0.0000000
7000.6209600	7000.0338101	6999.8782813	0.0800560	-0.8000000	0.2006862	0.2633580	0.1325210	0.0000000	0.0000000
7000.6209600	7000.0338101	6999.8782813	0.0600420	-0.8000000	0.1583501	0.2629021	0.1331848	0.0000000	0.0000000
7000.6209600	7000.0338101	6999.8782813	0.0400280	-0.8000000	0.1622451	0.2638022	0.1343766	0.0000000	0.0000000
7000.6209600	7000.0338101	6999.8782813	0.0200140	-0.8000000	0.2356720	0.2633982	0.1325366	0.0000000	0.0000000
7000.6209600	7000.0338101	6999.8782813	0.0000000	-0.8000000	0.2535500	0.2642563	0.1337559	0.0000000	0.0000000
7000.6209600	7000.0338101	6999.8782813	-0.0200140	-0.8000000	0.2379591	0.2640557	0.1343248	0.0000000	0.0000000
7000.6209600	7000.0338101	6999.8782813	-0.0400280	-0.8000000	0.1817040	0.2639342	0.1318127	0.0000000	0.0000000
7000.6209600	7000.0338101	6999.8782813	-0.0600420	-0.8000000	0.1875927	0.2639478	0.1344391	0.0000000	0.0000000
7000.6209600	7000.0338101	6999.8782813	-0.0800560	-0.8000000	0.2525685	0.2629681	0.1294384	0.0000000	0.0000000
7000.6209600	7000.0338101	6999.8782813	-0.1000700	-0.8000000	0.2556276	0.2619432	0.1296815	0.0000000	0.0000000
7000.6209600	7000.0338101	6999.8782813	-0.1200841	-0.8000000	0.2687587	0.2623884	0.1308160	0.0000000	0.0000000
7000.6209600	7000.0338101	6999.8782813	-0.1400981	-0.8000000	0.2320315	0.2631439	0.1340332	0.0000000	0.0000000
7000.6209600	7000.0338101	6999.8782813	-0.1601121	-0.8000000	0.2199667	0.2625204	0.1329309	0.0000000	0.0000000
7000.6209600	7000.0338101	6999.8782813	-0.1801261	-0.8000000	0.2411271	0.2623069	0.1304895	0.0000000	0.0000000
7000.6209600	7000.0338101	6999.8782813	-0.2001401	-0.8000000	0.2514049	0.2611725	0.1307009	0.0000000	0.0000000
7000.6209600	7000.0338101	6999.8782813	-0.2201541	-0.8000000	0.3146619	0.2623048	0.1326434	0.0000000	0.0000000
7000.6209600	7000.0338101	6999.8782813	-0.2398346	-0.8000000	0.2951726	0.2612994	0.1322006	0.0000000	0.0000000
7000.6209600	7000.0338101	6999.8782813	-0.2598486	-0.8000000	0.2902327	0.2614333	0.1293684	0.0000000	0.0000000
7000.6209600	7000.0338101	6999.8782813	-0.2798626	-0.8000000	0.2271891	0.2624648	0.1297798	0.0000000	0.0000000
7000.6209600	7000.0338101	6999.8782813	-0.2998766	-0.8000000	0.2460607	0.2623594	0.1325446	0.0000000	0.0000000
7000.6209600	7000.0338101	6999.8782813	-0.3198906	-0.8000000	0.2747401	0.2628165	0.1305135	0.0000000	0.0000000
7000.6209600	7000.0338101	6999.8782813	-0.3399046	-0.8000000	0.3320248	0.2615023	0.1312465	0.0000000	0.0000000
7000.6209600	7000.0338101	6999.8782813	-0.3599186	-0.8000000	0.3234835	0.2613276	0.1277169	0.0000000	0.0000000
7000.6209600	7000.0338101	6999.8782813	-0.3799326	-0.8000000	0.2570006	0.2611377	0.1303817	0.0000000	0.0000000
7000.6209600	7000.0338101	6999.8782813	-0.3999466	-0.8000000	0.2619281	0.2618945	0.1322599	0.0000000	0.0000000
7000.6209600	7000.0338101	6999.8782813	-0.4199606	-0.8000000	0.2758628	0.2631573	0.1334064	0.0000000	0.0000000
7000.6209600	7000.0338101	6999.8782813	-0.4399746	-0.8000000	0.3311387	0.2615740	0.1270531	0.0000000	0.0000000
7000.6209600	7000.0338101	6999.8782813	-0.4599887	-0.8000000	0.3392018	0.2608483	0.1248445	0.0000000	0.0000000
7000.6209600	7000.0338101	6999.8782813	-0.4800027	-0.8000000	0.2884243	0.2627888	0.1318464	0.0000000	0.0000000
7000.6209600	7000.0338101	6999.8782813	-0.5000167	-0.8000000	0.2802950	0.2636071	0.1325792	0.0000000	0.0000000
7000.6209600	7000.0338101	6999.8782813	-0.5200307	-0.8000000	0.2834376	0.2614526	0.1316816	0.0000000	0.0000000
7000.6209600	7000.0338101	6999.8782813	-0.5400447	-0.8000000	0.3633242	0.2618258	0.1302750	0.0000000	0.0000000
7000.6209600	7000.0338101	6999.8782813	-0.5600587	-0.8000000	0.3891365	0.2621266	0.1328295	0.0000000	0.0000000
7000.6209600	7000.0338101	6999.8782813	-0.5800727	-0.8000000	0.2990818	0.2619307	0.1314303	0.0000000	0.0000000
7000.6209600	7000.0338101	6999.8782813	-0.6000867	-0.8000000	0.2881039	0.2627252	0.1327379	0.0000000	0.0000000
7000.6209600	7000.0338101	6999.8782813	-0.6201007	-0.8000000	0.3017494	0.2627794	0.1325930	0.0000000	0.0000000
7000.6209600	7000.0338101	6999.8782813	-0.6401147	-0.8000000	0.3840494	0.2612582	0.1296687	0.0000000	0.0000000
7000.6209600	7000.0338101	6999.8782813	-0.6601288	-0.8000000	0.4014342	0.2613083	0.1300775	0.0000000	0.0000000
7000.6209600	7000.0338101	6999.8782813	-0.6801428	-0.8000000	0.2843094	0.2614592	0.1262842	0.0000000	0.0000000
7000.6209600	7000.0338101	6999.8782813	-0.7001568	-0.8000000	0.2893040	0.2613633	0.1257643	0.0000000	0.0000000
7000.6209600	7000.0338101	6999.8782813	-0.7198372	-0.8000000	0.3058474	0.2605176	0.1273710	0.0000000	0.0000000
7000.6209600	7000.0338101	6999.8782813	-0.7398512	-0.8000000	0.4027095	0.2611698	0.1299138	0.0000000	0.0000000
7000.6209600	7000.0338101	6999.8782813	-0.7598652	-0.8000000	0.4105701	0.2606816	0.1306243	0.0000000	0.0000000
7000.6209600	7000.0338101	6999.8782813	-0.7798792	-0.8000000	0.3224429	0.2623184	0.1334816	0.0000000	0.0000000
7000.6209600	7000.0338101	6999.8782813	-0.7998933	-0.8000000	0.3010204	0.2616458	0.1298060	0.0000000	0.0000000
7000.6209600	7000.0338101	6999.8782813	-0.8199073	-0.8000000	0.3420271	0.2630416	0.1307617	0.0000000	0.0000000
7000.6209600	7000.0338101	6999.8782813	-0.8399213	-0.8000000	0.3968834	0.2620229	0.1278964	0.0000000	0.0000000
7000.6209600	7000.0338101	6999.8782813	-0.8599353	-0.8000000	0.3871619	0.2617515	0.1313732	0.0000000	0.0000000
7000.6209600	7000.0338101	6999.8782813	-0.8799493	-0.8000000	0.3030463	0.2620106	0.1320947	0.0000000	0.0000000
7000.6209600	7000.0338101	6999.8782813	-0.8999633	-0.8000000	0.3511171	0.2629938	0.1341666	0.0000000	0.0000000
7000.6209600	7000.0338101	6999.8782813	-0.9199773	-0.8000000	0.3757855	0.2619684	0.1304899	0.0000000	0.0000000
7000.6209600	7000.0338101	6999.8782813	-0.9399913	-0.8000000	0.3838339	0.2627217	0.1319872	0.0000000	0.0000000
7000.6209600	7000.0338101	6999.8782813	-0.9600053	-0.8000000	0.3043892	0.2632894	0.1276119	0.0000000	0.0000000
7000.6209600	7000.0338101	6999.8782813	-0.9800193	-0.8000000	0.3218715	0.2623160	0.1270892	0.0000000	0.0000000
7000.6209600	7000.0338101	6999.8782813	-1.0000334	-0.8000000	0.3648729	0.2623651	0.1305934	0.0000000	0.0000000
