7000.6209600	7000.0338101	6999.8782813	1.0000334	-0.8799493	0.0356411	0.2663939	0.1349619	0.0000000	-0.8800000
7000.6209600	7000.0338101	6999.8782813	0.9800193	-0.8800000	0.0248656	0.2676754	0.1387106	0.0000000	0.0000000
7000.6209600	7000.0338101	6999.8782813	0.9600053	-0.8800000	0.0253517	0.2680344	0.1381255	0.0000000	0.0000000
7000.6209600	7000.0338101	6999.8782813	0.9399913	-0.8800000	0.0269727	0.2674501	0.1355905	0.0000000	0.0000000
7000.6209600	7000.0338101	6999.8782813	0.9199773	-0.8800000	0.0531249	0.2676243	0.1371102	0.0000000	0.0000000
7000.6209600	7000.0338101	6999.8782813	0.8999633	-0.8800000	0.0583553	0.2679362	0.1393657	0.0000000	0.0000000
7000.6209600	7000.0338101	6999.8782813	0.8799493	-0.8800000	0.0244780	0.2673132	0.1359751	0.0000000	0.0000000
7000.6209600	7000.0338101	6999.8782813	0.8599353	-0.8800000	0.0218048	0.2688779	0.1374694	0.0000000	0.0000000
7000.6209600	7000.0338101	6999.8782813	0.8399213	-0.8800000	0.0285475	0.2691887	0.1372926	0.0000000	0.0000000
7000.6209600	7000.0338101	6999.8782813	0.8199073	-0.8800000	0.0611135	0.2696844	0.1375040	0.0000000	0.0000000
7000.6209600	7000.0338101	6999.8782813	0.7998933	-0.8800000	0.0638861	0.2692207	0.1394904	0.0000000	0.0000000
7000.6209600	7000.0338101	6999.8782813	0.7798792	-0.8800000	0.0320830	0.2701542	0.1386312	0.0000000	0.0000000
7000.6209600	7000.0338101	6999.8782813	0.7598652	-0.8800000	0.0390292	0.2689358	0.1385018	0.0000000	0.0000000
7000.6209600	7000.0338101	6999.8782813	0.7398512	-0.8800000	0.0505732	0.2700417	0.1376160	0.0000000	0.0000000
7000.6209600	7000.0338101	6999.8782813	0.7198372	-0.8800000	0.0694142	0.2686499	0.1374502	0.0000000	0.0000000
7000.6209600	7000.0338101	6999.8782813	0.7001568	-0.8800000	0.0650427	0.2683188	0.1367825	0.0000000	0.0000000
7000.6209600	7000.0338101	6999.8782813	0.6801428	-0.8800000	0.0427681	0.2689745	0.1368784	0.0000000	0.0000000
7000.6209600	7000.0338101	6999.8782813	0.6601288	-0.8800000	0.0389570	0.2684998	0.1372244	0.0000000	0.0000000
7000.6209600	7000.0338101	6999.8782813	0.6401147	-0.8800000	0.0525096	0.2688291	0.1376827	0.0000000	0.0000000
7000.6209600	7000.0338101	6999.8782813	0.6201007	-0.8800000	0.0877850	0.2684435	0.1384637	0.0000000	0.0000000
7000.6209600	7000.0338101	6999.8782813	0.6000867	-0.8800000	0.0772446	0.2680233	0.1360790	0.0000000	0.0000000
7000.6209600	7000.0338101	6999.8782813	0.5800727	-0.8800000	0.0516978	0.2684150	0.1381918	0.0000000	0.0000000
7000.6209600	7000.0338101	6999.8782813	0.5600587	-0.8800000	0.0530223	0.2689830	0.1380037	0.0000000	0.0000000
7000.6209600	7000.0338101	6999.8782813	0.5400447	-0.8800000	0.0689393	0.2690461	0.1389036	0.0000000	0.0000000
7000.6209600	7000.0338101	6999.8782813	0.5200307	-0.8800000	0.1020447	0.2688608	0.1382814	0.0000000	0.0000000
7000.6209600	7000.0338101	6999.8782813	0.5000167	-0.8800000	0.1005035	0.2690614	0.1392628	0.0000000	0.0000000
7000.6209600	7000.0338101	6999.8782813	0.4800027	-0.8800000	0.0669897	0.2691558	0.1393203	0.0000000	0.0000000
7000.6209600	7000.0338101	6999.8782813	0.4599887	-0.8800000	0.0665448	0.2705305	0.1380223	0.0000000	0.0000000
7000.6209600	7000.0338101	6999.8782813	0.4399746	-0.8800000	0.0876581	0.2695586	0.1378286	0.0000000	0.0000000
7000.6209600	7000.0338101	6999.8782813	0.4199606	-0.8800000	0.1190977	0.2698894	0.1382118	0.0000000	0.0000000
7000.6209600	7000.0338101	6999.8782813	0.3999466	-0.8800000	0.1079668	0.2690006	0.1378796	0.0000000	0.0000000
7000.6209600	7000.0338101	6999.8782813	0.3799326	-0.8800000	0.0738666	0.2695986	0.1377312	0.0000000	0.0000000
7000.6209600	7000.0338101	6999.8782813	0.3599186	-0.8800000	0.0995735	0.2696084	0.1383247	0.0000000	0.0000000
7000.6209600	7000.0338101	6999.8782813	0.3399046	-0.8800000	0.1121837	0.2690166	0.1381836	0.0000000	0.0000000
7000.6209600	7000.0338101	6999.8782813	0.3198906	-0.8800000	0.1315281	0.2686685	0.1376958	0.0000000	0.0000000
7000.6209600	7000.0338101	6999.8782813	0.2998766	-0.8800000	0.1226295	0.2690353	0.1382073	0.0000000	0.0000000
7000.6209600	7000.0338101	6999.8782813	0.2798626	-0.8800000	0.0944308	0.2681317	0.1378147	0.0000000	0.0000000
7000.6209600	7000.0338101	6999.8782813	0.2598486	-0.8800000	0.1337041	0.2690560	0.1391389	0.0000000	0.0000000
7000.6209600	7000.0338101	6999.8782813	0.2398346	-0.8800000	0.1570305	0.2695114	0.1387310	0.0000000	0.0000000
7000.6209600	7000.0338101	6999.8782813	0.2201541	-0.8800000	0.1568373	0.2685609	0.1371240	0.0000000	0.0000000
7000.6209600	7000.0338101	6999.8782813	0.2001401	-0.8800000	0.1464094	0.2689517	0.1375883	0.0000000	0.0000000
7000.6209600	7000.0338101	6999.8782813	0.1801261	-0.8800000	0.1084635	0.2681752	0.1379093	0.0000000	0.0000000
7000.6209600	7000.0338101	6999.8782813	0.1601121	-0.8800000	0.1339868	0.2674138	0.1367374	0.0000000	0.0000000
7000.6209600	7000.0338101	6999.8782813	0.1400981	-0.8800000	0.1677352	0.2671427	0.1376842	0.0000000	0.0000000
7000.6209600	7000.0338101	6999.8782813	0.1200841	-0.8800000	0.1703357	0.2660388	0.1353511	0.0000000	0.0000000
7000.6209600	7000.0338101	6999.8782813	0.1000700	-0.8800000	0.1560529	0.2673833	0.1355828	0.0000000	0.0000000
7000.6209600	7000.0338101	6999.8782813	0.0800560	-0.8800000	0.1215613	0.2674406	0.1357505	0.0000000	0.0000000
7000.6209600	7000.0338101	6999.8782813	0.0600420	-0.8800000	0.1561461	0.2672008	0.1355929	0.0000000	0.0000000
7000.6209600	7000.0338101	6999.8782813	0.0400280	-0.8800000	0.1879402	0.2683363	0.1377151	0.0000000	0.0000000
7000.6209600	7000.0338101	6999.8782813	0.0200140	-0.8800000	0.1916548	0.2673810	0.1368146	0.0000000	0.0000000
7000.6209600	7000.0338101	6999.8782813	0.0000000	-0.8800000	0.1803807	0.2661700	0.1353854	0.0000000	0.0000000
7000.6209600	7000.0338101	6999.8782813	-0.0200140	-0.8800000	0.1459266	0.2670861	0.1359031	0.0000000	0.0000000
7000.6209600	7000.0338101	6999.8782813	-0.0400280	-0.8800000	0.1758026	0.2673966	0.1368539	0.0000000	0.0000000
7000.6209600	7000.0338101	6999.8782813	-0.0600420	-0.8800000	0.2082822	0.2669271	0.1382992	0.0000000	0.0000000
7000.6209600	7000.0338101	6999.8782813	-0.0800560	-0.8800000	0.2327668	0.2677975	0.1374064	0.0000000	0.0000000
7000.6209600	7000.0338101	6999.8782813	-0.1000700	-0.8800000	0.2357871	0.2669983	0.1378136	0.0000000	0.0000000
7000.6209600	7000.0338101	6999.8782813	-0.1200841	-0.8800000	0.1834620	0.2670374	0.1373661	0.0000000	0.0000000
7000.6209600	7000.0338101	6999.8782813	-0.1400981	-0.8800000	0.1861134	0.2664935	0.1372694	0.0000000	0.0000000
7000.6209600	7000.0338101	6999.8782813	-0.1601121	-0.8800000	0.2013932	0.2670295	0.1371692	0.0000000	0.0000000
7000.6209600	7000.0338101	6999.8782813	-0.1801261	-0.8800000	0.2716040	0.2667734	0.1360161	0.0000000	0.0000000
7000.6209600	7000.0338101	6999.8782813	-0.2001401	-0.8800000	0.2730233	0.2668472	0.1357721	0.0000000	0.0000000
7000.6209600	7000.0338101	6999.8782813	-0.2201541	-0.8800000	0.2519028	0.2666078	0.1361960	0.0000000	0.0000000
7000.6209600	7000.0338101	6999.8782813	-0.2398346	-0.8800000	0.2047623	0.2682762	0.1379806	0.0000000	0.0000000
7000.6209600	7000.0338101	6999.8782813	-0.2598486	-0.8800000	0.2097161	0.2679768	0.1379825	0.0000000	0.0000000
7000.6209600	7000.0338101	6999.8782813	-0.2798626	-0.8800000	0.2615483	0.2674218	0.1362249	0.0000000	0.0000000
7000.6209600	7000.0338101	6999.8782813	-0.2998766	-0.8800000	0.2804375	0.2652005	0.1359202	0.0000000	0.0000000
7000.6209600	7000.0338101	6999.8782813	-0.3198906	-0.8800000	0.3046329	0.2659294	0.1369424	0.0000000	0.0000000
7000.6209600	7000.0338101	6999.8782813	-0.3399046	-0.8800000	0.2671945	0.2667823	0.1365609	0.0000000	0.0000000
7000.6209600	7000.0338101	6999.8782813	-0.3599186	-0.8800000	0.2462275	0.2659745	0.1359702	0.0000000	0.0000000
7000.6209600	7000.0338101	6999.8782813	-0.3799326	-0.8800000	0.2389606	0.2662928	0.1344487	0.0000000	0.0000000
7000.6209600	7000.0338101	6999.8782813	-0.3999466	-0.8800000	0.2489041	0.2654623	0.1315580	0.0000000	0.0000000
7000.6209600	7000.0338101	6999.8782813	-0.4199606	-0.8800000	0.3069128	0.2666040	0.1348973	0.0000000	0.0000000
7000.6209600	7000.0338101	6999.8782813	-0.4399746	-0.8800000	0.3122548	0.2647214	0.1354124	0.0000000	0.0000000
7000.6209600	7000.0338101	6999.8782813	-0.4599887	-0.8800000	0.3006410	0.2651847	0.1349709	0.0000000	0.0000000
7000.6209600	7000.0338101	6999.8782813	-0.4800027	-0.8800000	0.2469640	0.2651930	0.1354712	0.0000000	0.0000000
7000.6209600	7000.0338101	6999.8782813	-0.5000167	-0.8800000	0.2747734	0.2656112	0.1352046	0.0000000	0.0000000
7000.6209600	7000.0338101	6999.8782813	-0.5200307	-0.8800000	0.3160704	0.2651910	0.1343446	0.0000000	0.0000000
7000.6209600	7000.0338101	6999.8782813	-0.5400447	-0.8800000	0.3480222	0.2669819	0.1354888	0.0000000	0.0000000
7000.6209600	7000.0338101	6999.8782813	-0.5600587	-0.8800000	0.3189803	0.2666490	0.1343739	0.0000000	0.0000000
7000.6209600	7000.0338101	6999.8782813	-0.5800727	-0.8800000	0.2665374	0.2652238	0.1355493	0.0000000	0.0000000
7000.6209600	7000.0338101	6999.8782813	-0.6000867	-0.8800000	0.3057721	0.2657030	0.1373501	0.0000000	0.0000000
7000.6209600	7000.0338101	6999.8782813	-0.6201007	-0.8800000	0.3584924	0.2657687	0.1357803	0.0000000	0.0000000
7000.6209600	7000.0338101	6999.8782813	-0.6401147	-0.8800000	0.3628212	0.2664648	0.1366080	0.0000000	0.0000000
7000.6209600	7000.0338101	6999.8782813	-0.6601288	-0.8800000	0.3337205	0.2650111	0.1370590	0.0000000	0.0000000
7000.6209600	7000.0338101	6999.8782813	-0.6801428	-0.8800000	0.3024285	0.2659568	0.1359226	0.0000000	0.0000000
7000.6209600	7000.0338101	6999.8782813	-0.7001568	-0.8800000	0.3407145	0.2663175	0.1362618	0.0000000	0.0000000
7000.6209600	7000.0338101	6999.8782813	-0.7198372	-0.8800000	0.3722886	0.2657609	0.1370618	0.0000000	0.0000000
7000.6209600	7000.0338101	6999.8782813	-0.7398512	-0.8800000	0.3747308	0.2656794	0.1356578	0.0000000	0.0000000
7000.6209600	7000.0338101	6999.8782813	-0.7598652	-0.8800000	0.3561304	0.2659397	0.1369583	0.0000000	0.0000000
7000.6209600	7000.0338101	6999.8782813	-0.7798792	-0.8800000	0.3351874	0.2666327	0.1357001	0.0000000	0.0000000
7000.6209600	7000.0338101	6999.8782813	-0.7998933	-0.8800000	0.3634193	0.2655002	0.1333257	0.0000000	0.0000000
7000.6209600	7000.0338101	6999.8782813	-0.8199073	-0.8800000	0.4113783	0.2649015	0.1351554	0.0000000	0.0000000
7000.6209600	7000.0338101	6999.8782813	-0.8399213	-0.8800000	0.3558359	0.2657926	0.1366598	0.0000000	0.0000000
7000.6209600	7000.0338101	6999.8782813	-0.8599353	-0.8800000	0.3226656	0.2668143	0.1354227	0.0000000	0.0000000
7000.6209600	7000.0338101	6999.8782813	-0.8799493	-0.8800000	0.3766394	0.2654840	0.1360161	0.0000000	0.0000000
7000.6209600	7000.0338101	6999.8782813	-0.8999633	-0.8800000	0.4152878	0.2653668	0.1357064	0.0000000	0.0000000
7000.6209600	7000.0338101	6999.8782813	-0.9199773	-0.8800000	0.4087241	0.2658992	0.1351056	0.0000000	0.0000000
7000.6209600	7000.0338101	6999.8782813	-0.9399913	-0.8800000	0.3079114	0.2672321	0.1362137	0.0000000	0.0000000
7000.6209600	7000.0338101	6999.8782813	-0.9600053	-0.8800000	0.2959016	0.2658512	0.1349647	0.0000000	0.0000000
7000.6209600	7000.0338101	6999.8782813	-0.9800193	-0.8800000	0.4015106	0.2658828	0.1354711	0.0000000	0.0000000
7000.6209600	7000.0338101	6999.8782813	-1.0000334	-0.8800000	0.4087064	0.2660886	0.1367710	0.0000000	0.0000000
