7000.6209600	7000.0338101	6999.8782813	1.0000334	0.8599353	0.1554287	0.2787772	0.1357216	0.0000000	0.8600000
7000.6209600	7000.0338101	6999.8782813	0.9800193	0.8600000	0.1937991	0.2807947	0.1372174	0.0000000	0.0000000
7000.6209600	7000.0338101	6999.8782813	0.9600053	0.8600000	0.1900426	0.2796034	0.1346370	0.0000000	0.0000000
7000.6209600	7000.0338101	6999.8782813	0.9399913	0.8600000	0.1816367	0.2794647	0.1345477	0.0000000	0.0000000
7000.6209600	7000.0338101	6999.8782813	0.9199773	0.8600000	0.1350007	0.2797700	0.1337284	0.0000000	0.0000000
7000.6209600	7000.0338101	6999.8782813	0.8999633	0.8600000	0.1302548	0.2790962	0.1341359	0.0000000	0.0000000
7000.6209600	7000.0338101	6999.8782813	0.8799493	0.8600000	0.1825990	0.2792189	0.1360515	0.0000000	0.0000000
7000.6209600	7000.0338101	6999.8782813	0.8599353	0.8600000	0.1944072	0.2772764	0.1364318	0.0000000	0.0000000
7000.6209600	7000.0338101	6999.8782813	0.8399213	0.8600000	0.1862494	0.2785737	0.1373909	0.0000000	0.0000000
7000.6209600	7000.0338101	6999.8782813	0.8199073	0.8600000	0.1248717	0.2777754	0.1339136	0.0000000	0.0000000
7000.6209600	7000.0338101	6999.8782813	0.7998933	0.8600000	0.1267592	0.2776163	0.1335756	0.0000000	0.0000000
7000.6209600	7000.0338101	6999.8782813	0.7798792	0.8600000	0.1750913	0.2794495	0.1360227	0.0000000	0.0000000
7000.6209600	7000.0338101	6999.8782813	0.7598652	0.8600000	0.1753903	0.2780773	0.1326315	0.0000000	0.0000000
7000.6209600	7000.0338101	6999.8782813	0.7398512	0.8600000	0.1572275	0.2785770	0.1322274	0.0000000	0.0000000
7000.6209600	7000.0338101	6999.8782813	0.7198372	0.8600000	0.1095109	0.2760765	0.1293645	0.0000000	0.0000000
7000.6209600	7000.0338101	6999.8782813	0.7001568	0.8600000	0.1175076	0.2787795	0.1339075	0.0000000	0.0000000
7000.6209600	7000.0338101	6999.8782813	0.6801428	0.8600000	0.1405536	0.2783563	0.1293269	0.0000000	0.0000000
7000.6209600	7000.0338101	6999.8782813	0.6601288	0.8600000	0.1652559	0.2750779	0.1342368	0.0000000	0.0000000
7000.6209600	7000.0338101	6999.8782813	0.6401147	0.8600000	0.1599708	0.2774651	0.1358175	0.0000000	0.0000000
7000.6209600	7000.0338101	6999.8782813	0.6201007	0.8600000	0.1174730	0.2798766	0.1374240	0.0000000	0.0000000
7000.6209600	7000.0338101	6999.8782813	0.6000867	0.8600000	0.1113713	0.2768369	0.1315149	0.0000000	0.0000000
7000.6209600	7000.0338101	6999.8782813	0.5800727	0.8600000	0.1362330	0.2759923	0.1327184	0.0000000	0.0000000
7000.6209600	7000.0338101	6999.8782813	0.5600587	0.8600000	0.1614387	0.2764583	0.1345627	0.0000000	0.0000000
7000.6209600	7000.0338101	6999.8782813	0.5400447	0.8600000	0.1574995	0.2775562	0.1325601	0.0000000	0.0000000
7000.6209600	7000.0338101	6999.8782813	0.5200307	0.8600000	0.0950972	0.2766412	0.1330480	0.0000000	0.0000000
7000.6209600	7000.0338101	6999.8782813	0.5000167	0.8600000	0.0830214	0.2794951	0.1292124	0.0000000	0.0000000
7000.6209600	7000.0338101	6999.8782813	0.4800027	0.8600000	0.1212635	0.2780443	0.1309648	0.0000000	0.0000000
7000.6209600	7000.0338101	6999.8782813	0.4599887	0.8600000	0.1373026	0.2753682	0.1304996	0.0000000	0.0000000
7000.6209600	7000.0338101	6999.8782813	0.4399746	0.8600000	0.1355742	0.2750194	0.1293663	0.0000000	0.0000000
7000.6209600	7000.0338101	6999.8782813	0.4199606	0.8600000	0.0776462	0.2753749	0.1316147	0.0000000	0.0000000
7000.6209600	7000.0338101	6999.8782813	0.3999466	0.8600000	0.0763538	0.2745472	0.1310183	0.0000000	0.0000000
7000.6209600	7000.0338101	6999.8782813	0.3799326	0.8600000	0.1021243	0.2740288	0.1311038	0.0000000	0.0000000
7000.6209600	7000.0338101	6999.8782813	0.3599186	0.8600000	0.1287273	0.2751039	0.1310625	0.0000000	0.0000000
7000.6209600	7000.0338101	6999.8782813	0.3399046	0.8600000	0.1215118	0.2752478	0.1331617	0.0000000	0.0000000
7000.6209600	7000.0338101	6999.8782813	0.3198906	0.8600000	0.0717373	0.2765549	0.1307360	0.0000000	0.0000000
7000.6209600	7000.0338101	6999.8782813	0.2998766	0.8600000	0.0731946	0.2762484	0.1289132	0.0000000	0.0000000
7000.6209600	7000.0338101	6999.8782813	0.2798626	0.8600000	0.0962008	0.2748070	0.1281021	0.0000000	0.0000000
7000.6209600	7000.0338101	6999.8782813	0.2598486	0.8600000	0.1152406	0.2733412	0.1304443	0.0000000	0.0000000
7000.6209600	7000.0338101	6999.8782813	0.2398346	0.8600000	0.0975830	0.2760475	0.1313829	0.0000000	0.0000000
7000.6209600	7000.0338101	6999.8782813	0.2201541	0.8600000	0.0632345	0.2753540	0.1328171	0.0000000	0.0000000
7000.6209600	7000.0338101	6999.8782813	0.2001401	0.8600000	0.0627104	0.2770022	0.1293866	0.0000000	0.0000000
7000.6209600	7000.0338101	6999.8782813	0.1801261	0.8600000	0.0862086	0.2765271	0.1317330	0.0000000	0.0000000
7000.6209600	7000.0338101	6999.8782813	0.1601121	0.8600000	0.0987657	0.2763901	0.1300778	0.0000000	0.0000000
7000.6209600	7000.0338101	6999.8782813	0.1400981	0.8600000	0.0799448	0.2749097	0.1275643	0.0000000	0.0000000
7000.6209600	7000.0338101	6999.8782813	0.1200841	0.8600000	0.0591041	0.2757950	0.1290765	0.0000000	0.0000000
7000.6209600	7000.0338101	6999.8782813	0.1000700	0.8600000	0.0538401	0.2738168	0.1331138	0.0000000	0.0000000
7000.6209600	7000.0338101	6999.8782813	0.0800560	0.8600000	0.0787216	0.2748179	0.1317401	0.0000000	0.0000000
7000.6209600	7000.0338101	6999.8782813	0.0600420	0.8600000	0.0855255	0.2766473	0.1284622	0.0000000	0.0000000
7000.6209600	7000.0338101	6999.8782813	0.0400280	0.8600000	0.0758105	0.2760869	0.1328798	0.0000000	0.0000000
7000.6209600	7000.0338101	6999.8782813	0.0200140	0.8600000	0.0474750	0.2759188	0.1287515	0.0000000	0.0000000
7000.6209600	7000.0338101	6999.8782813	0.0000000	0.8600000	0.0397197	0.2746958	0.1273757	0.0000000	0.0000000
7000.6209600	7000.0338101	6999.8782813	-0.0200140	0.8600000	0.0640731	0.2752817	0.1317672	0.0000000	0.0000000
7000.6209600	7000.0338101	6999.8782813	-0.0400280	0.8600000	0.0746080	0.2754922	0.1323595	0.0000000	0.0000000
7000.6209600	7000.0338101	6999.8782813	-0.0600420	0.8600000	0.0675126	0.2754733	0.1292764	0.0000000	0.0000000
7000.6209600	7000.0338101	6999.8782813	-0.0800560	0.8600000	0.0286150	0.2749467	0.1321569	0.0000000	0.0000000
7000.6209600	7000.0338101	6999.8782813	-0.1000700	0.8600000	0.0270024	0.2746628	0.1331261	0.0000000	0.0000000
7000.6209600	7000.0338101	6999.8782813	-0.1200841	0.8600000	0.0419691	0.2734539	0.1357642	0.0000000	0.0000000
7000.6209600	7000.0338101	6999.8782813	-0.1400981	0.8600000	0.0642434	0.2756840	0.1273573	0.0000000	0.0000000
7000.6209600	7000.0338101	6999.8782813	-0.1601121	0.8600000	0.0631351	0.2770378	0.1278451	0.0000000	0.0000000
7000.6209600	7000.0338101	6999.8782813	-0.1801261	0.8600000	0.0314553	0.2759807	0.1330695	0.0000000	0.0000000
7000.6209600	7000.0338101	6999.8782813	-0.2001401	0.8600000	0.0267200	0.2742407	0.1321733	0.0000000	0.0000000
7000.6209600	7000.0338101	6999.8782813	-0.2201541	0.8600000	0.0148687	0.2738992	0.1291876	0.0000000	0.0000000
7000.6209600	7000.0338101	6999.8782813	-0.2398346	0.8600000	0.0351769	0.2739048	0.1257948	0.0000000	0.0000000
7000.6209600	7000.0338101	6999.8782813	-0.2598486	0.8600000	0.0385355	0.2732244	0.1294897	0.0000000	0.0000000
7000.6209600	7000.0338101	6999.8782813	-0.2798626	0.8600000	0.0443947	0.2749360	0.1324738	0.0000000	0.0000000
7000.6209600	7000.0338101	6999.8782813	-0.2998766	0.8600000	0.0379344	0.2740540	0.1331879	0.0000000	0.0000000
7000.6209600	7000.0338101	6999.8782813	-0.3198906	0.8600000	0.0185696	0.2755431	0.1306440	0.0000000	0.0000000
7000.6209600	7000.0338101	6999.8782813	-0.3399046	0.8600000	0.0095215	0.2744163	0.1306223	0.0000000	0.0000000
7000.6209600	7000.0338101	6999.8782813	-0.3599186	0.8600000	0.0148564	0.2749374	0.1279969	0.0000000	0.0000000
7000.6209600	7000.0338101	6999.8782813	-0.3799326	0.8600000	0.0359901	0.2744026	0.1300232	0.0000000	0.0000000
7000.6209600	7000.0338101	6999.8782813	-0.3999466	0.8600000	0.0349395	0.2735762	0.1373676	0.0000000	0.0000000
7000.6209600	7000.0338101	6999.8782813	-0.4199606	0.8600000	0.0212284	0.2743474	0.1271371	0.0000000	0.0000000
7000.6209600	7000.0338101	6999.8782813	-0.4399746	0.8600000	0.0042444	0.2736392	0.1292991	0.0000000	0.0000000
7000.6209600	7000.0338101	6999.8782813	-0.4599887	0.8600000	0.0096252	0.2728000	0.1363171	0.0000000	0.0000000
7000.6209600	7000.0338101	6999.8782813	-0.4800027	0.8600000	0.0291644	0.2735107	0.1307476	0.0000000	0.0000000
7000.6209600	7000.0338101	6999.8782813	-0.5000167	0.8600000	0.0267633	0.2742402	0.1351024	0.0000000	0.0000000
7000.6209600	7000.0338101	6999.8782813	-0.5200307	0.8600000	0.0173542	0.2732760	0.1315352	0.0000000	0.0000000
7000.6209600	7000.0338101	6999.8782813	-0.5400447	0.8600000	0.0019512	0.2740571	0.1301818	0.0000000	0.0000000
7000.6209600	7000.0338101	6999.8782813	-0.5600587	0.8600000	0.0039352	0.2732784	0.1324150	0.0000000	0.0000000
7000.6209600	7000.0338101	6999.8782813	-0.5800727	0.8600000	0.0177952	0.2743673	0.1339287	0.0000000	0.0000000
7000.6209600	7000.0338101	6999.8782813	-0.6000867	0.8600000	0.0161938	0.2745519	0.1292478	0.0000000	0.0000000
7000.6209600	7000.0338101	6999.8782813	-0.6201007	0.8600000	0.0086172	0.2760007	0.1268550	0.0000000	0.0000000
7000.6209600	7000.0338101	6999.8782813	-0.6401147	0.8600000	0.0015713	0.2741982	0.1286138	0.0000000	0.0000000
7000.6209600	7000.0338101	6999.8782813	-0.6601288	0.8600000	0.0044631	0.2723314	0.1315369	0.0000000	0.0000000
7000.6209600	7000.0338101	6999.8782813	-0.6801428	0.8600000	0.0115723	0.2718066	0.1309061	0.0000000	0.0000000
7000.6209600	7000.0338101	6999.8782813	-0.7001568	0.8600000	0.0076779	0.2735812	0.1319219	0.0000000	0.0000000
7000.6209600	7000.0338101	6999.8782813	-0.7198372	0.8600000	0.0037389	0.2755823	0.1304144	0.0000000	0.0000000
7000.6209600	7000.0338101	6999.8782813	-0.7398512	0.8600000	0.0016766	0.2767557	0.1255212	0.0000000	0.0000000
7000.6209600	7000.0338101	6999.8782813	-0.7598652	0.8600000	0.0011906	0.2753214	0.1263190	0.0000000	0.0000000
7000.6209600	7000.0338101	6999.8782813	-0.7798792	0.8600000	0.0051577	0.2753228	0.1279431	0.0000000	0.0000000
7000.6209600	7000.0338101	6999.8782813	-0.7998933	0.8600000	0.0030149	0.2742013	0.1317544	0.0000000	0.0000000
7000.6209600	7000.0338101	6999.8782813	-0.8199073	0.8600000	0.0008256	0.2740917	0.1287190	0.0000000	0.0000000
7000.6209600	7000.0338101	6999.8782813	-0.8399213	0.8600000	0.0012902	0.2740836	0.1244868	0.0000000	0.0000000
7000.6209600	7000.0338101	6999.8782813	-0.8599353	0.8600000	0.0022021	0.2725825	0.1300349	0.0000000	0.0000000
7000.6209600	7000.0338101	6999.8782813	-0.8799493	0.8600000	0.0022411	0.2726224	0.1257997	0.0000000	0.0000000
7000.6209600	7000.0338101	6999.8782813	-0.8999633	0.8600000	0.0007477	0.2738546	0.1266195	0.0000000	0.0000000
7000.6209600	7000.0338101	6999.8782813	-0.9199773	0.8600000	0.0003560	0.2731611	0.1255591	0.0000000	0.0000000
7000.6209600	7000.0338101	6999.8782813	-0.9399913	0.8600000	0.0019637	0.2736614	0.1316221	0.0000000	0.0000000
7000.6209600	7000.0338101	6999.8782813	-0.9600053	0.8600000	0.0017998	0.2718147	0.1361140	0.0000000	0.0000000
7000.6209600	7000.0338101	6999.8782813	-0.9800193	0.8600000	0.0004336	0.2738798	0.1297675	0.0000000	0.0000000
7000.6209600	7000.0338101	6999.8782813	-1.0000334	0.8600000	0.0003401	0.2737926	0.1295114	0.0000000	0.0000000
