7000.6209600	7000.0338101	6999.8782813	1.0000334	-0.0200140	0.2760853	0.2777205	0.1320543	0.0000000	-0.0200000
7000.6209600	7000.0338101	6999.8782813	0.9800193	-0.0200000	0.2937861	0.2791559	0.1285592	0.0000000	0.0000000
7000.6209600	7000.0338101	6999.8782813	0.9600053	-0.0200000	0.3468885	0.2787274	0.1242246	0.0000000	0.0000000
7000.6209600	7000.0338101	6999.8782813	0.9399913	-0.0200000	0.3776660	0.2771063	0.1319495	0.0000000	0.0000000
7000.6209600	7000.0338101	6999.8782813	0.9199773	-0.0200000	0.3060205	0.2772831	0.1297123	0.0000000	0.0000000
7000.6209600	7000.0338101	6999.8782813	0.8999633	-0.0200000	0.2846838	0.2775858	0.1285638	0.0000000	0.0000000
7000.6209600	7000.0338101	6999.8782813	0.8799493	-0.0200000	0.2806995	0.2782263	0.1325819	0.0000000	0.0000000
7000.6209600	7000.0338101	6999.8782813	0.8599353	-0.0200000	0.3684215	0.2799940	0.1278323	0.0000000	0.0000000
7000.6209600	7000.0338101	6999.8782813	0.8399213	-0.0200000	0.3599982	0.2770439	0.1322334	0.0000000	0.0000000
7000.6209600	7000.0338101	6999.8782813	0.8199073	-0.0200000	0.2876771	0.2772579	0.1322654	0.0000000	0.0000000
7000.6209600	7000.0338101	6999.8782813	0.7998933	-0.0200000	0.2825605	0.2779783	0.1311410	0.0000000	0.0000000
7000.6209600	7000.0338101	6999.8782813	0.7798792	-0.0200000	0.2815651	0.2788269	0.1282985	0.0000000	0.0000000
7000.6209600	7000.0338101	6999.8782813	0.7598652	-0.0200000	0.3775466	0.2791533	0.1262499	0.0000000	0.0000000
7000.6209600	7000.0338101	6999.8782813	0.7398512	-0.0200000	0.3796381	0.2793499	0.1294755	0.0000000	0.0000000
7000.6209600	7000.0338101	6999.8782813	0.7198372	-0.0200000	0.2916469	0.2787638	0.1281221	0.0000000	0.0000000
7000.6209600	7000.0338101	6999.8782813	0.7001568	-0.0200000	0.2943562	0.2781448	0.1327284	0.0000000	0.0000000
7000.6209600	7000.0338101	6999.8782813	0.6801428	-0.0200000	0.2827017	0.2791752	0.1315679	0.0000000	0.0000000
7000.6209600	7000.0338101	6999.8782813	0.6601288	-0.0200000	0.3493802	0.2794286	0.1259993	0.0000000	0.0000000
7000.6209600	7000.0338101	6999.8782813	0.6401147	-0.0200000	0.3723871	0.2815085	0.1266816	0.0000000	0.0000000
7000.6209600	7000.0338101	6999.8782813	0.6201007	-0.0200000	0.2998212	0.2773412	0.1295736	0.0000000	0.0000000
7000.6209600	7000.0338101	6999.8782813	0.6000867	-0.0200000	0.2858391	0.2774265	0.1348196	0.0000000	0.0000000
7000.6209600	7000.0338101	6999.8782813	0.5800727	-0.0200000	0.2912211	0.2792274	0.1292468	0.0000000	0.0000000
7000.6209600	7000.0338101	6999.8782813	0.5600587	-0.0200000	0.3758213	0.2789681	0.1281409	0.0000000	0.0000000
7000.6209600	7000.0338101	6999.8782813	0.5400447	-0.0200000	0.3893813	0.2776719	0.1266348	0.0000000	0.0000000
7000.6209600	7000.0338101	6999.8782813	0.5200307	-0.0200000	0.3008762	0.2788196	0.1275049	0.0000000	0.0000000
7000.6209600	7000.0338101	6999.8782813	0.5000167	-0.0200000	0.3140557	0.2772732	0.1303928	0.0000000	0.0000000
7000.6209600	7000.0338101	6999.8782813	0.4800027	-0.0200000	0.3063362	0.2783514	0.1299741	0.0000000	0.0000000
7000.6209600	7000.0338101	6999.8782813	0.4599887	-0.0200000	0.4091050	0.2763671	0.1356239	0.0000000	0.0000000
7000.6209600	7000.0338101	6999.8782813	0.4399746	-0.0200000	0.4064518	0.2777042	0.1289097	0.0000000	0.0000000
7000.6209600	7000.0338101	6999.8782813	0.4199606	-0.0200000	0.2928361	0.2784150	0.1261315	0.0000000	0.0000000
7000.6209600	7000.0338101	6999.8782813	0.3999466	-0.0200000	0.2905208	0.2765741	0.1253374	0.0000000	0.0000000
7000.6209600	7000.0338101	6999.8782813	0.3799326	-0.0200000	0.3005122	0.2786168	0.1255693	0.0000000	0.0000000
7000.6209600	7000.0338101	6999.8782813	0.3599186	-0.0200000	0.4053348	0.2775729	0.1280505	0.0000000	0.0000000
7000.6209600	7000.0338101	6999.8782813	0.3399046	-0.0200000	0.4164767	0.2772177	0.1283544	0.0000000	0.0000000
7000.6209600	7000.0338101	6999.8782813	0.3198906	-0.0200000	0.2825555	0.2773098	0.1278789	0.0000000	0.0000000
7000.6209600	7000.0338101	6999.8782813	0.2998766	-0.0200000	0.2910563	0.2783173	0.1255403	0.0000000	0.0000000
7000.6209600	7000.0338101	6999.8782813	0.2798626	-0.0200000	0.3259097	0.2757959	0.1262126	0.0000000	0.0000000
7000.6209600	7000.0338101	6999.8782813	0.2598486	-0.0200000	0.4085402	0.2764500	0.1314667	0.0000000	0.0000000
7000.6209600	7000.0338101	6999.8782813	0.2398346	-0.0200000	0.4068190	0.2772169	0.1312267	0.0000000	0.0000000
7000.6209600	7000.0338101	6999.8782813	0.2201541	-0.0200000	0.2948098	0.2755181	0.1284785	0.0000000	0.0000000
7000.6209600	7000.0338101	6999.8782813	0.2001401	-0.0200000	0.2843120	0.2769403	0.1273154	0.0000000	0.0000000
7000.6209600	7000.0338101	6999.8782813	0.1801261	-0.0200000	0.2863894	0.2753535	0.1247655	0.0000000	0.0000000
7000.6209600	7000.0338101	6999.8782813	0.1601121	-0.0200000	0.4039163	0.2771530	0.1245006	0.0000000	0.0000000
7000.6209600	7000.0338101	6999.8782813	0.1400981	-0.0200000	0.4334707	0.2763634	0.1323530	0.0000000	0.0000000
7000.6209600	7000.0338101	6999.8782813	0.1200841	-0.0200000	0.2916927	0.2755144	0.1316014	0.0000000	0.0000000
7000.6209600	7000.0338101	6999.8782813	0.1000700	-0.0200000	0.2740308	0.2763380	0.1303311	0.0000000	0.0000000
7000.6209600	7000.0338101	6999.8782813	0.0800560	-0.0200000	0.3271379	0.2760107	0.1276224	0.0000000	0.0000000
7000.6209600	7000.0338101	6999.8782813	0.0600420	-0.0200000	0.4159188	0.2771698	0.1257937	0.0000000	0.0000000
7000.6209600	7000.0338101	6999.8782813	0.0400280	-0.0200000	0.4146141	0.2763912	0.1296904	0.0000000	0.0000000
7000.6209600	7000.0338101	6999.8782813	0.0200140	-0.0200000	0.2926107	0.2759130	0.1294852	0.0000000	0.0000000
7000.6209600	7000.0338101	6999.8782813	0.0000000	-0.0200000	0.3124614	0.2764415	0.1287903	0.0000000	0.0000000
7000.6209600	7000.0338101	6999.8782813	-0.0200140	-0.0200000	0.3293146	0.2755867	0.1288557	0.0000000	0.0000000
7000.6209600	7000.0338101	6999.8782813	-0.0400280	-0.0200000	0.3595151	0.2756306	0.1241346	0.0000000	0.0000000
7000.6209600	7000.0338101	6999.8782813	-0.0600420	-0.0200000	0.3584799	0.2762419	0.1298864	0.0000000	0.0000000
7000.6209600	7000.0338101	6999.8782813	-0.0800560	-0.0200000	0.2537714	0.2750380	0.1305048	0.0000000	0.0000000
7000.6209600	7000.0338101	6999.8782813	-0.1000700	-0.0200000	0.2667543	0.2762777	0.1282919	0.0000000	0.0000000
7000.6209600	7000.0338101	6999.8782813	-0.1200841	-0.0200000	0.2677567	0.2763197	0.1273055	0.0000000	0.0000000
7000.6209600	7000.0338101	6999.8782813	-0.1400981	-0.0200000	0.3547817	0.2753210	0.1275835	0.0000000	0.0000000
7000.6209600	7000.0338101	6999.8782813	-0.1601121	-0.0200000	0.3807042	0.2741353	0.1326780	0.0000000	0.0000000
7000.6209600	7000.0338101	6999.8782813	-0.1801261	-0.0200000	0.3117277	0.2751245	0.1321248	0.0000000	0.0000000
7000.6209600	7000.0338101	6999.8782813	-0.2001401	-0.0200000	0.2891119	0.2750629	0.1336570	0.0000000	0.0000000
7000.6209600	7000.0338101	6999.8782813	-0.2201541	-0.0200000	0.2388853	0.2758536	0.1275343	0.0000000	0.0000000
7000.6209600	7000.0338101	6999.8782813	-0.2398346	-0.0200000	0.2665449	0.2770864	0.1252268	0.0000000	0.0000000
7000.6209600	7000.0338101	6999.8782813	-0.2598486	-0.0200000	0.2846671	0.2748748	0.1273958	0.0000000	0.0000000
7000.6209600	7000.0338101	6999.8782813	-0.2798626	-0.0200000	0.3363325	0.2766808	0.1223231	0.0000000	0.0000000
7000.6209600	7000.0338101	6999.8782813	-0.2998766	-0.0200000	0.3185736	0.2750315	0.1293271	0.0000000	0.0000000
7000.6209600	7000.0338101	6999.8782813	-0.3198906	-0.0200000	0.2755569	0.2749042	0.1300729	0.0000000	0.0000000
7000.6209600	7000.0338101	6999.8782813	-0.3399046	-0.0200000	0.1991823	0.2745082	0.1293367	0.0000000	0.0000000
7000.6209600	7000.0338101	6999.8782813	-0.3599186	-0.0200000	0.2040743	0.2745830	0.1282380	0.0000000	0.0000000
7000.6209600	7000.0338101	6999.8782813	-0.3799326	-0.0200000	0.2877579	0.2731796	0.1303033	0.0000000	0.0000000
7000.6209600	7000.0338101	6999.8782813	-0.3999466	-0.0200000	0.2931869	0.2743092	0.1302618	0.0000000	0.0000000
7000.6209600	7000.0338101	6999.8782813	-0.4199606	-0.0200000	0.2730093	0.2744930	0.1291162	0.0000000	0.0000000
7000.6209600	7000.0338101	6999.8782813	-0.4399746	-0.0200000	0.1839684	0.2748303	0.1287345	0.0000000	0.0000000
7000.6209600	7000.0338101	6999.8782813	-0.4599887	-0.0200000	0.1697764	0.2749083	0.1274781	0.0000000	0.0000000
7000.6209600	7000.0338101	6999.8782813	-0.4800027	-0.0200000	0.2651676	0.2739353	0.1329661	0.0000000	0.0000000
7000.6209600	7000.0338101	6999.8782813	-0.5000167	-0.0200000	0.2680475	0.2744008	0.1339027	0.0000000	0.0000000
7000.6209600	7000.0338101	6999.8782813	-0.5200307	-0.0200000	0.2464058	0.2743601	0.1317769	0.0000000	0.0000000
7000.6209600	7000.0338101	6999.8782813	-0.5400447	-0.0200000	0.1716437	0.2746985	0.1275474	0.0000000	0.0000000
7000.6209600	7000.0338101	6999.8782813	-0.5600587	-0.0200000	0.1372085	0.2747036	0.1253458	0.0000000	0.0000000
7000.6209600	7000.0338101	6999.8782813	-0.5800727	-0.0200000	0.2206028	0.2753510	0.1291653	0.0000000	0.0000000
7000.6209600	7000.0338101	6999.8782813	-0.6000867	-0.0200000	0.2300010	0.2747469	0.1310372	0.0000000	0.0000000
7000.6209600	7000.0338101	6999.8782813	-0.6201007	-0.0200000	0.2168198	0.2738492	0.1287139	0.0000000	0.0000000
7000.6209600	7000.0338101	6999.8782813	-0.6401147	-0.0200000	0.1304517	0.2740710	0.1296499	0.0000000	0.0000000
7000.6209600	7000.0338101	6999.8782813	-0.6601288	-0.0200000	0.1149578	0.2751779	0.1284369	0.0000000	0.0000000
7000.6209600	7000.0338101	6999.8782813	-0.6801428	-0.0200000	0.2010886	0.2749797	0.1281611	0.0000000	0.0000000
7000.6209600	7000.0338101	6999.8782813	-0.7001568	-0.0200000	0.1898732	0.2746608	0.1311615	0.0000000	0.0000000
7000.6209600	7000.0338101	6999.8782813	-0.7198372	-0.0200000	0.1758683	0.2728591	0.1320887	0.0000000	0.0000000
7000.6209600	7000.0338101	6999.8782813	-0.7398512	-0.0200000	0.0932003	0.2723560	0.1311812	0.0000000	0.0000000
7000.6209600	7000.0338101	6999.8782813	-0.7598652	-0.0200000	0.0976384	0.2737439	0.1324564	0.0000000	0.0000000
7000.6209600	7000.0338101	6999.8782813	-0.7798792	-0.0200000	0.1678470	0.2736854	0.1293419	0.0000000	0.0000000
7000.6209600	7000.0338101	6999.8782813	-0.7998933	-0.0200000	0.1650559	0.2731821	0.1309937	0.0000000	0.0000000
7000.6209600	7000.0338101	6999.8782813	-0.8199073	-0.0200000	0.1252129	0.2725760	0.1338507	0.0000000	0.0000000
7000.6209600	7000.0338101	6999.8782813	-0.8399213	-0.0200000	0.0798296	0.2746611	0.1262347	0.0000000	0.0000000
7000.6209600	7000.0338101	6999.8782813	-0.8599353	-0.0200000	0.0884780	0.2737344	0.1300121	0.0000000	0.0000000
7000.6209600	7000.0338101	6999.8782813	-0.8799493	-0.0200000	0.1407673	0.2740343	0.1279337	0.0000000	0.0000000
7000.6209600	7000.0338101	6999.8782813	-0.8999633	-0.0200000	0.1130004	0.2741836	0.1250648	0.0000000	0.0000000
7000.6209600	7000.0338101	6999.8782813	-0.9199900	-0.0200000	0.0728300	0.2732969	0.1259259	0.0000000	0.0000000
7000.6209600	7000.0338101	6999.8782813	-0.9399913	-0.0200000	0.0906008	0.2722186	0.1260592	0.0000000	0.0000000
7000.6209600	7000.0338101	6999.8782813	-0.9600053	-0.0200000	0.1162548	0.2729127	0.1299855	0.0000000	0.0000000
7000.6209600	7000.0338101	6999.8782813	-0.9800193	-0.0200000	0.1084454	0.2726903	0.1313815	0.0000000	0.0000000
7000.6209600	7000.0338101	6999.8782813	-1.0000334	-0.0200000	0.0770658	0.2742086	0.1313525	0.0000000	0.0000000
