7000.6209600	7000.0338101	6999.8782813	1.0000334	-0.2798626	0.2638320	0.2736678	0.1302574	0.0000000	-0.2800000
7000.6209600	7000.0338101	6999.8782813	0.9800193	-0.2800000	0.2087034	0.2732617	0.1254027	0.0000000	0.0000000
7000.6209600	7000.0338101	6999.8782813	0.9600053	-0.2800000	0.1949373	0.2703757	0.1309222	0.0000000	0.0000000
7000.6209600	7000.0338101	6999.8782813	0.9399913	-0.2800000	0.1870433	0.2711249	0.1273917	0.0000000	0.0000000
7000.6209600	7000.0338101	6999.8782813	0.9199773	-0.2800000	0.2744856	0.2726783	0.1275000	0.0000000	0.0000000
7000.6209600	7000.0338101	6999.8782813	0.8999633	-0.2800000	0.2990414	0.2731589	0.1292246	0.0000000	0.0000000
7000.6209600	7000.0338101	6999.8782813	0.8799493	-0.2800000	0.2485999	0.2731292	0.1276448	0.0000000	0.0000000
7000.6209600	7000.0338101	6999.8782813	0.8599353	-0.2800000	0.2002493	0.2726879	0.1294365	0.0000000	0.0000000
7000.6209600	7000.0338101	6999.8782813	0.8399213	-0.2800000	0.2099897	0.2714553	0.1280546	0.0000000	0.0000000
7000.6209600	7000.0338101	6999.8782813	0.8199073	-0.2800000	0.2905830	0.2738544	0.1271422	0.0000000	0.0000000
7000.6209600	7000.0338101	6999.8782813	0.7998933	-0.2800000	0.3020690	0.2729650	0.1284292	0.0000000	0.0000000
7000.6209600	7000.0338101	6999.8782813	0.7798792	-0.2800000	0.2325627	0.2723340	0.1289669	0.0000000	0.0000000
7000.6209600	7000.0338101	6999.8782813	0.7598652	-0.2800000	0.2094489	0.2729292	0.1289238	0.0000000	0.0000000
7000.6209600	7000.0338101	6999.8782813	0.7398512	-0.2800000	0.2240460	0.2724133	0.1300200	0.0000000	0.0000000
7000.6209600	7000.0338101	6999.8782813	0.7198372	-0.2800000	0.3066868	0.2699186	0.1305608	0.0000000	0.0000000
7000.6209600	7000.0338101	6999.8782813	0.7001568	-0.2800000	0.3291726	0.2717804	0.1313740	0.0000000	0.0000000
7000.6209600	7000.0338101	6999.8782813	0.6801428	-0.2800000	0.2840469	0.2728289	0.1253849	0.0000000	0.0000000
7000.6209600	7000.0338101	6999.8782813	0.6601288	-0.2800000	0.2352068	0.2734231	0.1264132	0.0000000	0.0000000
7000.6209600	7000.0338101	6999.8782813	0.6401147	-0.2800000	0.2327043	0.2730670	0.1238032	0.0000000	0.0000000
7000.6209600	7000.0338101	6999.8782813	0.6201007	-0.2800000	0.3408339	0.2718695	0.1308152	0.0000000	0.0000000
7000.6209600	7000.0338101	6999.8782813	0.6000867	-0.2800000	0.3377776	0.2720925	0.1320371	0.0000000	0.0000000
7000.6209600	7000.0338101	6999.8782813	0.5800727	-0.2800000	0.2903386	0.2712400	0.1318419	0.0000000	0.0000000
7000.6209600	7000.0338101	6999.8782813	0.5600587	-0.2800000	0.2316886	0.2732987	0.1259287	0.0000000	0.0000000
7000.6209600	7000.0338101	6999.8782813	0.5400447	-0.2800000	0.2382229	0.2727969	0.1286770	0.0000000	0.0000000
7000.6209600	7000.0338101	6999.8782813	0.5200307	-0.2800000	0.3299918	0.2715428	0.1310159	0.0000000	0.0000000
7000.6209600	7000.0338101	6999.8782813	0.5000167	-0.2800000	0.3559991	0.2732637	0.1306556	0.0000000	0.0000000
7000.6209600	7000.0338101	6999.8782813	0.4800027	-0.2800000	0.2825560	0.2720242	0.1287758	0.0000000	0.0000000
7000.6209600	7000.0338101	6999.8782813	0.4599887	-0.2800000	0.2313424	0.2711348	0.1304373	0.0000000	0.0000000
7000.6209600	7000.0338101	6999.8782813	0.4399746	-0.2800000	0.2394275	0.2715989	0.1312875	0.0000000	0.0000000
7000.6209600	7000.0338101	6999.8782813	0.4199606	-0.2800000	0.3584767	0.2713531	0.1314296	0.0000000	0.0000000
7000.6209600	7000.0338101	6999.8782813	0.3999466	-0.2800000	0.3652645	0.2700521	0.1336268	0.0000000	0.0000000
7000.6209600	7000.0338101	6999.8782813	0.3799326	-0.2800000	0.3042269	0.2737384	0.1293805	0.0000000	0.0000000
7000.6209600	7000.0338101	6999.8782813	0.3599186	-0.2800000	0.2255664	0.2724990	0.1243209	0.0000000	0.0000000
7000.6209600	7000.0338101	6999.8782813	0.3399046	-0.2800000	0.2409520	0.2748212	0.1177964	0.0000000	0.0000000
7000.6209600	7000.0338101	6999.8782813	0.3198906	-0.2800000	0.3857252	0.2726990	0.1314583	0.0000000	0.0000000
7000.6209600	7000.0338101	6999.8782813	0.2998766	-0.2800000	0.3597501	0.2698599	0.1328203	0.0000000	0.0000000
7000.6209600	7000.0338101	6999.8782813	0.2798626	-0.2800000	0.2973734	0.2724772	0.1313220	0.0000000	0.0000000
7000.6209600	7000.0338101	6999.8782813	0.2598486	-0.2800000	0.2908940	0.2738855	0.1244954	0.0000000	0.0000000
7000.6209600	7000.0338101	6999.8782813	0.2398346	-0.2800000	0.3073749	0.2749193	0.1250098	0.0000000	0.0000000
7000.6209600	7000.0338101	6999.8782813	0.2201541	-0.2800000	0.3859196	0.2780043	0.1210085	0.0000000	0.0000000
7000.6209600	7000.0338101	6999.8782813	0.2001401	-0.2800000	0.3710184	0.2712814	0.1304666	0.0000000	0.0000000
7000.6209600	7000.0338101	6999.8782813	0.1801261	-0.2800000	0.3341395	0.2716085	0.1315386	0.0000000	0.0000000
7000.6209600	7000.0338101	6999.8782813	0.1601121	-0.2800000	0.2751848	0.2721782	0.1279471	0.0000000	0.0000000
7000.6209600	7000.0338101	6999.8782813	0.1400981	-0.2800000	0.3232822	0.2727244	0.1276398	0.0000000	0.0000000
7000.6209600	7000.0338101	6999.8782813	0.1200841	-0.2800000	0.4127701	0.2791406	0.1212478	0.0000000	0.0000000
7000.6209600	7000.0338101	6999.8782813	0.1000700	-0.2800000	0.4195698	0.2724076	0.1305549	0.0000000	0.0000000
7000.6209600	7000.0338101	6999.8782813	0.0800560	-0.2800000	0.3146852	0.2715046	0.1326243	0.0000000	0.0000000
7000.6209600	7000.0338101	6999.8782813	0.0600420	-0.2800000	0.2874706	0.2714658	0.1302959	0.0000000	0.0000000
7000.6209600	7000.0338101	6999.8782813	0.0400280	-0.2800000	0.3282097	0.2738008	0.1259459	0.0000000	0.0000000
7000.6209600	7000.0338101	6999.8782813	0.0200140	-0.2800000	0.4325503	0.2722332	0.1323895	0.0000000	0.0000000
7000.6209600	7000.0338101	6999.8782813	0.0000000	-0.2800000	0.3930682	0.2748694	0.1227126	0.0000000	0.0000000
7000.6209600	7000.0338101	6999.8782813	-0.0200140	-0.2800000	0.3435004	0.2739758	0.1317450	0.0000000	0.0000000
7000.6209600	7000.0338101	6999.8782813	-0.0400280	-0.2800000	0.2942893	0.2722462	0.1299626	0.0000000	0.0000000
7000.6209600	7000.0338101	6999.8782813	-0.0600420	-0.2800000	0.3241785	0.2730868	0.1326954	0.0000000	0.0000000
7000.6209600	7000.0338101	6999.8782813	-0.0800560	-0.2800000	0.4212111	0.2740598	0.1265974	0.0000000	0.0000000
7000.6209600	7000.0338101	6999.8782813	-0.1000700	-0.2800000	0.4244011	0.2731233	0.1315940	0.0000000	0.0000000
7000.6209600	7000.0338101	6999.8782813	-0.1200841	-0.2800000	0.3871071	0.2708367	0.1317229	0.0000000	0.0000000
7000.6209600	7000.0338101	6999.8782813	-0.1400981	-0.2800000	0.2857911	0.2699305	0.1317250	0.0000000	0.0000000
7000.6209600	7000.0338101	6999.8782813	-0.1601121	-0.2800000	0.3046680	0.2707003	0.1310974	0.0000000	0.0000000
7000.6209600	7000.0338101	6999.8782813	-0.1801261	-0.2800000	0.4058180	0.2720524	0.1328073	0.0000000	0.0000000
7000.6209600	7000.0338101	6999.8782813	-0.2001401	-0.2800000	0.3744615	0.2683041	0.1282013	0.0000000	0.0000000
7000.6209600	7000.0338101	6999.8782813	-0.2201541	-0.2800000	0.3797230	0.2707079	0.1310951	0.0000000	0.0000000
7000.6209600	7000.0338101	6999.8782813	-0.2398346	-0.2800000	0.3638547	0.2699968	0.1323070	0.0000000	0.0000000
7000.6209600	7000.0338101	6999.8782813	-0.2598486	-0.2800000	0.3152822	0.2699146	0.1299739	0.0000000	0.0000000
7000.6209600	7000.0338101	6999.8782813	-0.2798626	-0.2800000	0.3241558	0.2712828	0.1305737	0.0000000	0.0000000
7000.6209600	7000.0338101	6999.8782813	-0.2998766	-0.2800000	0.3758950	0.2726349	0.1318535	0.0000000	0.0000000
7000.6209600	7000.0338101	6999.8782813	-0.3198906	-0.2800000	0.4377209	0.2704293	0.1376532	0.0000000	0.0000000
7000.6209600	7000.0338101	6999.8782813	-0.3399046	-0.2800000	0.4186158	0.2724344	0.1312529	0.0000000	0.0000000
7000.6209600	7000.0338101	6999.8782813	-0.3599186	-0.2800000	0.3845319	0.2705121	0.1334326	0.0000000	0.0000000
7000.6209600	7000.0338101	6999.8782813	-0.3799326	-0.2800000	0.2806425	0.2732964	0.1241667	0.0000000	0.0000000
7000.6209600	7000.0338101	6999.8782813	-0.3999466	-0.2800000	0.2873676	0.2700939	0.1324137	0.0000000	0.0000000
7000.6209600	7000.0338101	6999.8782813	-0.4199606	-0.2800000	0.3346730	0.2698541	0.1326213	0.0000000	0.0000000
7000.6209600	7000.0338101	6999.8782813	-0.4399746	-0.2800000	0.4061615	0.2729502	0.1329963	0.0000000	0.0000000
7000.6209600	7000.0338101	6999.8782813	-0.4599887	-0.2800000	0.3580835	0.2717633	0.1282952	0.0000000	0.0000000
7000.6209600	7000.0338101	6999.8782813	-0.4800027	-0.2800000	0.2693923	0.2724205	0.1275132	0.0000000	0.0000000
7000.6209600	7000.0338101	6999.8782813	-0.5000167	-0.2800000	0.2556024	0.2735078	0.1290184	0.0000000	0.0000000
7000.6209600	7000.0338101	6999.8782813	-0.5200307	-0.2800000	0.2935844	0.2721831	0.1254802	0.0000000	0.0000000
7000.6209600	7000.0338101	6999.8782813	-0.5400447	-0.2800000	0.3775166	0.2721549	0.1319945	0.0000000	0.0000000
7000.6209600	7000.0338101	6999.8782813	-0.5600587	-0.2800000	0.3571724	0.2719269	0.1339286	0.0000000	0.0000000
7000.6209600	7000.0338101	6999.8782813	-0.5800727	-0.2800000	0.2285219	0.2712321	0.1323401	0.0000000	0.0000000
7000.6209600	7000.0338101	6999.8782813	-0.6000867	-0.2800000	0.2170950	0.2698269	0.1284358	0.0000000	0.0000000
7000.6209600	7000.0338101	6999.8782813	-0.6201007	-0.2800000	0.2649264	0.2715171	0.1276476	0.0000000	0.0000000
7000.6209600	7000.0338101	6999.8782813	-0.6401147	-0.2800000	0.3061353	0.2736687	0.1281154	0.0000000	0.0000000
7000.6209600	7000.0338101	6999.8782813	-0.6601288	-0.2800000	0.2851332	0.2730260	0.1317341	0.0000000	0.0000000
7000.6209600	7000.0338101	6999.8782813	-0.6801428	-0.2800000	0.2023837	0.2745317	0.1262241	0.0000000	0.0000000
7000.6209600	7000.0338101	6999.8782813	-0.7001568	-0.2800000	0.2012228	0.2735170	0.1320455	0.0000000	0.0000000
7000.6209600	7000.0338101	6999.8782813	-0.7198372	-0.2800000	0.2344102	0.2719712	0.1291437	0.0000000	0.0000000
7000.6209600	7000.0338101	6999.8782813	-0.7398512	-0.2800000	0.2566443	0.2727135	0.1297123	0.0000000	0.0000000
7000.6209600	7000.0338101	6999.8782813	-0.7598652	-0.2800000	0.2407883	0.2717616	0.1330043	0.0000000	0.0000000
7000.6209600	7000.0338101	6999.8782813	-0.7798792	-0.2800000	0.1917035	0.2723788	0.1298898	0.0000000	0.0000000
7000.6209600	7000.0338101	6999.8782813	-0.7998933	-0.2800000	0.2146241	0.2717863	0.1340220	0.0000000	0.0000000
7000.6209600	7000.0338101	6999.8782813	-0.8199073	-0.2800000	0.2506370	0.2716973	0.1338834	0.0000000	0.0000000
7000.6209600	7000.0338101	6999.8782813	-0.8399213	-0.2800000	0.1905605	0.2705594	0.1305781	0.0000000	0.0000000
7000.6209600	7000.0338101	6999.8782813	-0.8599353	-0.2800000	0.1833704	0.2724293	0.1324042	0.0000000	0.0000000
7000.6209600	7000.0338101	6999.8782813	-0.8799493	-0.2800000	0.1948314	0.2737902	0.1336125	0.0000000	0.0000000
7000.6209600	7000.0338101	6999.8782813	-0.8999633	-0.2800000	0.1969825	0.2741683	0.1286368	0.0000000	0.0000000
7000.6209600	7000.0338101	6999.8782813	-0.9199773	-0.2800000	0.2049237	0.2735410	0.1253301	0.0000000	0.0000000
7000.6209600	7000.0338101	6999.8782813	-0.9399913	-0.2800000	0.1563988	0.2749012	0.1304636	0.0000000	0.0000000
7000.6209600	7000.0338101	6999.8782813	-0.9600053	-0.2800000	0.1321315	0.2740508	0.1294246	0.0000000	0.0000000
7000.6209600	7000.0338101	6999.8782813	-0.9800193	-0.2800000	0.1875618	0.2748226	0.1309790	0.0000000	0.0000000
7000.6209600	7000.0338101	6999.8782813	-1.0000334	-0.2800000	0.1909535	0.2749473	0.1313667	0.0000000	0.0000000
