7000.6209600	7000.0338101	6999.8782813	1.0000334	-0.4599887	0.1503772	0.2745043	0.1289850	0.0000000	-0.4600000
7000.6209600	7000.0338101	6999.8782813	0.9800193	-0.4600000	0.1311578	0.2740823	0.1299387	0.0000000	0.0000000
7000.6209600	7000.0338101	6999.8782813	0.9600053	-0.4600000	0.1319303	0.2746229	0.1223387	0.0000000	0.0000000
7000.6209600	7000.0338101	6999.8782813	0.9399913	-0.4600000	0.1433020	0.2743354	0.1230266	0.0000000	0.0000000
7000.6209600	7000.0338101	6999.8782813	0.9199773	-0.4600000	0.1852466	0.2727576	0.1326833	0.0000000	0.0000000
7000.6209600	7000.0338101	6999.8782813	0.8999633	-0.4600000	0.1732396	0.2747914	0.1301432	0.0000000	0.0000000
7000.6209600	7000.0338101	6999.8782813	0.8799493	-0.4600000	0.1507126	0.2740221	0.1281030	0.0000000	0.0000000
7000.6209600	7000.0338101	6999.8782813	0.8599353	-0.4600000	0.1522422	0.2746565	0.1278850	0.0000000	0.0000000
7000.6209600	7000.0338101	6999.8782813	0.8399213	-0.4600000	0.1710979	0.2734645	0.1285679	0.0000000	0.0000000
7000.6209600	7000.0338101	6999.8782813	0.8199073	-0.4600000	0.2088590	0.2736388	0.1263409	0.0000000	0.0000000
7000.6209600	7000.0338101	6999.8782813	0.7998933	-0.4600000	0.1908068	0.2724890	0.1301786	0.0000000	0.0000000
7000.6209600	7000.0338101	6999.8782813	0.7798792	-0.4600000	0.1593363	0.2744962	0.1283928	0.0000000	0.0000000
7000.6209600	7000.0338101	6999.8782813	0.7598652	-0.4600000	0.1645520	0.2752925	0.1303734	0.0000000	0.0000000
7000.6209600	7000.0338101	6999.8782813	0.7398512	-0.4600000	0.1827793	0.2757463	0.1270304	0.0000000	0.0000000
7000.6209600	7000.0338101	6999.8782813	0.7198372	-0.4600000	0.2156071	0.2731798	0.1281107	0.0000000	0.0000000
7000.6209600	7000.0338101	6999.8782813	0.7001568	-0.4600000	0.2181366	0.2718986	0.1317595	0.0000000	0.0000000
7000.6209600	7000.0338101	6999.8782813	0.6801428	-0.4600000	0.1667291	0.2738225	0.1298776	0.0000000	0.0000000
7000.6209600	7000.0338101	6999.8782813	0.6601288	-0.4600000	0.1681473	0.2742206	0.1288915	0.0000000	0.0000000
7000.6209600	7000.0338101	6999.8782813	0.6401147	-0.4600000	0.1843776	0.2743262	0.1260125	0.0000000	0.0000000
7000.6209600	7000.0338101	6999.8782813	0.6201007	-0.4600000	0.2529891	0.2744817	0.1255997	0.0000000	0.0000000
7000.6209600	7000.0338101	6999.8782813	0.6000867	-0.4600000	0.2295128	0.2747408	0.1207271	0.0000000	0.0000000
7000.6209600	7000.0338101	6999.8782813	0.5800727	-0.4600000	0.1961627	0.2747440	0.1267571	0.0000000	0.0000000
7000.6209600	7000.0338101	6999.8782813	0.5600587	-0.4600000	0.1909235	0.2732219	0.1309064	0.0000000	0.0000000
7000.6209600	7000.0338101	6999.8782813	0.5400447	-0.4600000	0.1942960	0.2721201	0.1312069	0.0000000	0.0000000
7000.6209600	7000.0338101	6999.8782813	0.5200307	-0.4600000	0.2673035	0.2725863	0.1300479	0.0000000	0.0000000
7000.6209600	7000.0338101	6999.8782813	0.5000167	-0.4600000	0.2798342	0.2717561	0.1307537	0.0000000	0.0000000
7000.6209600	7000.0338101	6999.8782813	0.4800027	-0.4600000	0.1991759	0.2727009	0.1283900	0.0000000	0.0000000
7000.6209600	7000.0338101	6999.8782813	0.4599887	-0.4600000	0.1837938	0.2724227	0.1310941	0.0000000	0.0000000
7000.6209600	7000.0338101	6999.8782813	0.4399746	-0.4600000	0.2200090	0.2736102	0.1310868	0.0000000	0.0000000
7000.6209600	7000.0338101	6999.8782813	0.4199606	-0.4600000	0.2911123	0.2728190	0.1312378	0.0000000	0.0000000
7000.6209600	7000.0338101	6999.8782813	0.3999466	-0.4600000	0.2637987	0.2748888	0.1279142	0.0000000	0.0000000
7000.6209600	7000.0338101	6999.8782813	0.3799326	-0.4600000	0.2077565	0.2742699	0.1261058	0.0000000	0.0000000
7000.6209600	7000.0338101	6999.8782813	0.3599186	-0.4600000	0.2124984	0.2737977	0.1254144	0.0000000	0.0000000
7000.6209600	7000.0338101	6999.8782813	0.3399046	-0.4600000	0.2554973	0.2730353	0.1276674	0.0000000	0.0000000
7000.6209600	7000.0338101	6999.8782813	0.3198906	-0.4600000	0.3106915	0.2729786	0.1260784	0.0000000	0.0000000
7000.6209600	7000.0338101	6999.8782813	0.2998766	-0.4600000	0.2748627	0.2728663	0.1265090	0.0000000	0.0000000
7000.6209600	7000.0338101	6999.8782813	0.2798626	-0.4600000	0.2085958	0.2730862	0.1246707	0.0000000	0.0000000
7000.6209600	7000.0338101	6999.8782813	0.2598486	-0.4600000	0.2587599	0.2747450	0.1244215	0.0000000	0.0000000
7000.6209600	7000.0338101	6999.8782813	0.2398346	-0.4600000	0.2880231	0.2728029	0.1278562	0.0000000	0.0000000
7000.6209600	7000.0338101	6999.8782813	0.2201541	-0.4600000	0.3147271	0.2722445	0.1320151	0.0000000	0.0000000
7000.6209600	7000.0338101	6999.8782813	0.2001401	-0.4600000	0.2987354	0.2729867	0.1325339	0.0000000	0.0000000
7000.6209600	7000.0338101	6999.8782813	0.1801261	-0.4600000	0.2522894	0.2730442	0.1281271	0.0000000	0.0000000
7000.6209600	7000.0338101	6999.8782813	0.1601121	-0.4600000	0.2583901	0.2734480	0.1269801	0.0000000	0.0000000
7000.6209600	7000.0338101	6999.8782813	0.1400981	-0.4600000	0.2950609	0.2724435	0.1310804	0.0000000	0.0000000
7000.6209600	7000.0338101	6999.8782813	0.1200841	-0.4600000	0.3381677	0.2715973	0.1315818	0.0000000	0.0000000
7000.6209600	7000.0338101	6999.8782813	0.1000700	-0.4600000	0.3074216	0.2706373	0.1327054	0.0000000	0.0000000
7000.6209600	7000.0338101	6999.8782813	0.0800560	-0.4600000	0.2412582	0.2711597	0.1316881	0.0000000	0.0000000
7000.6209600	7000.0338101	6999.8782813	0.0600420	-0.4600000	0.2825819	0.2730121	0.1320206	0.0000000	0.0000000
7000.6209600	7000.0338101	6999.8782813	0.0400280	-0.4600000	0.3316819	0.2728728	0.1297870	0.0000000	0.0000000
7000.6209600	7000.0338101	6999.8782813	0.0200140	-0.4600000	0.3431560	0.2724432	0.1222344	0.0000000	0.0000000
7000.6209600	7000.0338101	6999.8782813	0.0000000	-0.4600000	0.3413533	0.2712340	0.1308687	0.0000000	0.0000000
7000.6209600	7000.0338101	6999.8782813	-0.0200140	-0.4600000	0.2478821	0.2716630	0.1311010	0.0000000	0.0000000
7000.6209600	7000.0338101	6999.8782813	-0.0400280	-0.4600000	0.3049951	0.2736388	0.1277139	0.0000000	0.0000000
7000.6209600	7000.0338101	6999.8782813	-0.0600420	-0.4600000	0.3165739	0.2732314	0.1266176	0.0000000	0.0000000
7000.6209600	7000.0338101	6999.8782813	-0.0800560	-0.4600000	0.3877876	0.2734885	0.1270675	0.0000000	0.0000000
7000.6209600	7000.0338101	6999.8782813	-0.1000700	-0.4600000	0.3757943	0.2740309	0.1259553	0.0000000	0.0000000
7000.6209600	7000.0338101	6999.8782813	-0.1200841	-0.4600000	0.2966869	0.2735088	0.1254299	0.0000000	0.0000000
7000.6209600	7000.0338101	6999.8782813	-0.1400981	-0.4600000	0.2991627	0.2730887	0.1293933	0.0000000	0.0000000
7000.6209600	7000.0338101	6999.8782813	-0.1601121	-0.4600000	0.2886322	0.2711541	0.1317693	0.0000000	0.0000000
7000.6209600	7000.0338101	6999.8782813	-0.1801261	-0.4600000	0.3942675	0.2715288	0.1309325	0.0000000	0.0000000
7000.6209600	7000.0338101	6999.8782813	-0.2001401	-0.4600000	0.3694939	0.2735880	0.1214606	0.0000000	0.0000000
7000.6209600	7000.0338101	6999.8782813	-0.2201541	-0.4600000	0.3959677	0.2719713	0.1264819	0.0000000	0.0000000
7000.6209600	7000.0338101	6999.8782813	-0.2398346	-0.4600000	0.3189386	0.2721528	0.1320720	0.0000000	0.0000000
7000.6209600	7000.0338101	6999.8782813	-0.2598486	-0.4600000	0.2982892	0.2704677	0.1309978	0.0000000	0.0000000
7000.6209600	7000.0338101	6999.8782813	-0.2798626	-0.4600000	0.3659020	0.2743206	0.1255835	0.0000000	0.0000000
7000.6209600	7000.0338101	6999.8782813	-0.2998766	-0.4600000	0.3603109	0.2712185	0.1277587	0.0000000	0.0000000
7000.6209600	7000.0338101	6999.8782813	-0.3198906	-0.4600000	0.3996470	0.2731926	0.1229385	0.0000000	0.0000000
7000.6209600	7000.0338101	6999.8782813	-0.3399046	-0.4600000	0.3736304	0.2724598	0.1295061	0.0000000	0.0000000
7000.6209600	7000.0338101	6999.8782813	-0.3599186	-0.4600000	0.3508364	0.2719719	0.1304860	0.0000000	0.0000000
7000.6209600	7000.0338101	6999.8782813	-0.3799326	-0.4600000	0.3224388	0.2716279	0.1322037	0.0000000	0.0000000
7000.6209600	7000.0338101	6999.8782813	-0.3999466	-0.4600000	0.3500326	0.2737782	0.1267529	0.0000000	0.0000000
7000.6209600	7000.0338101	6999.8782813	-0.4199606	-0.4600000	0.3955945	0.2739521	0.1276481	0.0000000	0.0000000
7000.6209600	7000.0338101	6999.8782813	-0.4399746	-0.4600000	0.3435867	0.2735081	0.1186105	0.0000000	0.0000000
7000.6209600	7000.0338101	6999.8782813	-0.4599887	-0.4600000	0.3779713	0.2717489	0.1317719	0.0000000	0.0000000
7000.6209600	7000.0338101	6999.8782813	-0.4800027	-0.4600000	0.3010294	0.2704628	0.1326637	0.0000000	0.0000000
7000.6209600	7000.0338101	6999.8782813	-0.5000167	-0.4600000	0.3091780	0.2704513	0.1328914	0.0000000	0.0000000
7000.6209600	7000.0338101	6999.8782813	-0.5200307	-0.4600000	0.3689999	0.2722137	0.1270405	0.0000000	0.0000000
7000.6209600	7000.0338101	6999.8782813	-0.5400447	-0.4600000	0.3822223	0.2722404	0.1245671	0.0000000	0.0000000
7000.6209600	7000.0338101	6999.8782813	-0.5600587	-0.4600000	0.3661959	0.2718524	0.1308848	0.0000000	0.0000000
7000.6209600	7000.0338101	6999.8782813	-0.5800727	-0.4600000	0.2811891	0.2721052	0.1323809	0.0000000	0.0000000
7000.6209600	7000.0338101	6999.8782813	-0.6000867	-0.4600000	0.3182679	0.2716383	0.1344153	0.0000000	0.0000000
7000.6209600	7000.0338101	6999.8782813	-0.6201007	-0.4600000	0.3626309	0.2710857	0.1277736	0.0000000	0.0000000
7000.6209600	7000.0338101	6999.8782813	-0.6401147	-0.4600000	0.3723586	0.2694231	0.1319193	0.0000000	0.0000000
7000.6209600	7000.0338101	6999.8782813	-0.6601288	-0.4600000	0.3277969	0.2727515	0.1293799	0.0000000	0.0000000
7000.6209600	7000.0338101	6999.8782813	-0.6801428	-0.4600000	0.2599270	0.2695480	0.1339116	0.0000000	0.0000000
7000.6209600	7000.0338101	6999.8782813	-0.7001568	-0.4600000	0.2817495	0.2698831	0.1316410	0.0000000	0.0000000
7000.6209600	7000.0338101	6999.8782813	-0.7198372	-0.4600000	0.3385706	0.2711686	0.1305758	0.0000000	0.0000000
7000.6209600	7000.0338101	6999.8782813	-0.7398512	-0.4600000	0.3407766	0.2729103	0.1292460	0.0000000	0.0000000
7000.6209600	7000.0338101	6999.8782813	-0.7598652	-0.4600000	0.2732997	0.2697623	0.1331881	0.0000000	0.0000000
7000.6209600	7000.0338101	6999.8782813	-0.7798792	-0.4600000	0.2719706	0.2743052	0.1211882	0.0000000	0.0000000
7000.6209600	7000.0338101	6999.8782813	-0.7998933	-0.4600000	0.2963497	0.2689905	0.1316602	0.0000000	0.0000000
7000.6209600	7000.0338101	6999.8782813	-0.8199073	-0.4600000	0.3443158	0.2724508	0.1323190	0.0000000	0.0000000
7000.6209600	7000.0338101	6999.8782813	-0.8399213	-0.4600000	0.2445854	0.2714664	0.1333019	0.0000000	0.0000000
7000.6209600	7000.0338101	6999.8782813	-0.8599353	-0.4600000	0.2194412	0.2718687	0.1302332	0.0000000	0.0000000
7000.6209600	7000.0338101	6999.8782813	-0.8799493	-0.4600000	0.2595511	0.2775103	0.1170122	0.0000000	0.0000000
7000.6209600	7000.0338101	6999.8782813	-0.8999633	-0.4600000	0.2929501	0.2708203	0.1311815	0.0000000	0.0000000
7000.6209600	7000.0338101	6999.8782813	-0.9199773	-0.4600000	0.2895570	0.2707097	0.1337924	0.0000000	0.0000000
7000.6209600	7000.0338101	6999.8782813	-0.9399913	-0.4600000	0.2013496	0.2716740	0.1300742	0.0000000	0.0000000
7000.6209600	7000.0338101	6999.8782813	-0.9600053	-0.4600000	0.1877135	0.2728723	0.1275677	0.0000000	0.0000000
7000.6209600	7000.0338101	6999.8782813	-0.9800193	-0.4600000	0.2526212	0.2728271	0.1288606	0.0000000	0.0000000
7000.6209600	7000.0338101	6999.8782813	-1.0000334	-0.4600000	0.2432245	0.2726956	0.1247419	0.0000000	0.0000000
