7000.6209600	7000.0338101	6999.8782813	1.0000334	-0.0800560	0.3384897	0.2764863	0.1283998	0.0000000	-0.0800000
7000.6209600	7000.0338101	6999.8782813	0.9800193	-0.0800000	0.3098596	0.2757848	0.1255685	0.0000000	0.0000000
7000.6209600	7000.0338101	6999.8782813	0.9600053	-0.0800000	0.2621182	0.2739645	0.1300223	0.0000000	0.0000000
7000.6209600	7000.0338101	6999.8782813	0.9399913	-0.0800000	0.2559796	0.2783197	0.1246689	0.0000000	0.0000000
7000.6209600	7000.0338101	6999.8782813	0.9199773	-0.0800000	0.3284755	0.2743436	0.1294850	0.0000000	0.0000000
7000.6209600	7000.0338101	6999.8782813	0.8999633	-0.0800000	0.3525769	0.2743362	0.1312134	0.0000000	0.0000000
7000.6209600	7000.0338101	6999.8782813	0.8799493	-0.0800000	0.3431985	0.2752985	0.1287676	0.0000000	0.0000000
7000.6209600	7000.0338101	6999.8782813	0.8599353	-0.0800000	0.2528591	0.2769072	0.1228325	0.0000000	0.0000000
7000.6209600	7000.0338101	6999.8782813	0.8399213	-0.0800000	0.2476423	0.2762223	0.1268495	0.0000000	0.0000000
7000.6209600	7000.0338101	6999.8782813	0.8199073	-0.0800000	0.3465088	0.2768712	0.1292217	0.0000000	0.0000000
7000.6209600	7000.0338101	6999.8782813	0.7998933	-0.0800000	0.3460154	0.2751927	0.1267817	0.0000000	0.0000000
7000.6209600	7000.0338101	6999.8782813	0.7798792	-0.0800000	0.3253925	0.2753501	0.1306317	0.0000000	0.0000000
7000.6209600	7000.0338101	6999.8782813	0.7598652	-0.0800000	0.2761727	0.2769423	0.1306879	0.0000000	0.0000000
7000.6209600	7000.0338101	6999.8782813	0.7398512	-0.0800000	0.2644803	0.2763983	0.1280339	0.0000000	0.0000000
7000.6209600	7000.0338101	6999.8782813	0.7198372	-0.0800000	0.3518424	0.2772952	0.1255255	0.0000000	0.0000000
7000.6209600	7000.0338101	6999.8782813	0.7001568	-0.0800000	0.3650717	0.2755277	0.1314119	0.0000000	0.0000000
7000.6209600	7000.0338101	6999.8782813	0.6801428	-0.0800000	0.3447645	0.2769119	0.1295818	0.0000000	0.0000000
7000.6209600	7000.0338101	6999.8782813	0.6601288	-0.0800000	0.2544126	0.2759045	0.1289023	0.0000000	0.0000000
7000.6209600	7000.0338101	6999.8782813	0.6401147	-0.0800000	0.2588223	0.2772772	0.1266959	0.0000000	0.0000000
7000.6209600	7000.0338101	6999.8782813	0.6201007	-0.0800000	0.3641591	0.2771764	0.1286587	0.0000000	0.0000000
7000.6209600	7000.0338101	6999.8782813	0.6000867	-0.0800000	0.3827443	0.2764440	0.1315020	0.0000000	0.0000000
7000.6209600	7000.0338101	6999.8782813	0.5800727	-0.0800000	0.3604138	0.2777738	0.1267719	0.0000000	0.0000000
7000.6209600	7000.0338101	6999.8782813	0.5600587	-0.0800000	0.2827786	0.2764943	0.1248284	0.0000000	0.0000000
7000.6209600	7000.0338101	6999.8782813	0.5400447	-0.0800000	0.2721774	0.2765129	0.1305358	0.0000000	0.0000000
7000.6209600	7000.0338101	6999.8782813	0.5200307	-0.0800000	0.3596991	0.2763137	0.1292820	0.0000000	0.0000000
7000.6209600	7000.0338101	6999.8782813	0.5000167	-0.0800000	0.3947444	0.2752173	0.1289861	0.0000000	0.0000000
7000.6209600	7000.0338101	6999.8782813	0.4800027	-0.0800000	0.3747371	0.2762023	0.1260300	0.0000000	0.0000000
7000.6209600	7000.0338101	6999.8782813	0.4599887	-0.0800000	0.2679064	0.2724484	0.1275128	0.0000000	0.0000000
7000.6209600	7000.0338101	6999.8782813	0.4399746	-0.0800000	0.2757457	0.2739501	0.1318374	0.0000000	0.0000000
7000.6209600	7000.0338101	6999.8782813	0.4199606	-0.0800000	0.3665532	0.2739950	0.1310656	0.0000000	0.0000000
7000.6209600	7000.0338101	6999.8782813	0.3999466	-0.0800000	0.4007811	0.2753243	0.1252751	0.0000000	0.0000000
7000.6209600	7000.0338101	6999.8782813	0.3799326	-0.0800000	0.3696023	0.2735354	0.1257473	0.0000000	0.0000000
7000.6209600	7000.0338101	6999.8782813	0.3599186	-0.0800000	0.2861124	0.2745592	0.1275341	0.0000000	0.0000000
7000.6209600	7000.0338101	6999.8782813	0.3399046	-0.0800000	0.2865892	0.2741654	0.1315778	0.0000000	0.0000000
7000.6209600	7000.0338101	6999.8782813	0.3198906	-0.0800000	0.4017184	0.2756616	0.1290911	0.0000000	0.0000000
7000.6209600	7000.0338101	6999.8782813	0.2998766	-0.0800000	0.4172528	0.2749460	0.1301431	0.0000000	0.0000000
7000.6209600	7000.0338101	6999.8782813	0.2798626	-0.0800000	0.3458660	0.2738047	0.1249008	0.0000000	0.0000000
7000.6209600	7000.0338101	6999.8782813	0.2598486	-0.0800000	0.2859587	0.2744663	0.1245271	0.0000000	0.0000000
7000.6209600	7000.0338101	6999.8782813	0.2398346	-0.0800000	0.2830889	0.2732736	0.1331079	0.0000000	0.0000000
7000.6209600	7000.0338101	6999.8782813	0.2201541	-0.0800000	0.4112070	0.2733772	0.1309253	0.0000000	0.0000000
7000.6209600	7000.0338101	6999.8782813	0.2001401	-0.0800000	0.3937957	0.2733932	0.1272384	0.0000000	0.0000000
7000.6209600	7000.0338101	6999.8782813	0.1801261	-0.0800000	0.3835701	0.2733839	0.1284491	0.0000000	0.0000000
7000.6209600	7000.0338101	6999.8782813	0.1601121	-0.0800000	0.2934141	0.2746348	0.1286630	0.0000000	0.0000000
7000.6209600	7000.0338101	6999.8782813	0.1400981	-0.0800000	0.2989417	0.2748698	0.1250665	0.0000000	0.0000000
7000.6209600	7000.0338101	6999.8782813	0.1200841	-0.0800000	0.4061053	0.2732206	0.1237931	0.0000000	0.0000000
7000.6209600	7000.0338101	6999.8782813	0.1000700	-0.0800000	0.4226992	0.2744688	0.1251052	0.0000000	0.0000000
7000.6209600	7000.0338101	6999.8782813	0.0800560	-0.0800000	0.3665187	0.2767295	0.1237296	0.0000000	0.0000000
7000.6209600	7000.0338101	6999.8782813	0.0600420	-0.0800000	0.2982319	0.2762821	0.1232601	0.0000000	0.0000000
7000.6209600	7000.0338101	6999.8782813	0.0400280	-0.0800000	0.3048396	0.2752500	0.1248708	0.0000000	0.0000000
7000.6209600	7000.0338101	6999.8782813	0.0200140	-0.0800000	0.4303689	0.2739073	0.1310734	0.0000000	0.0000000
7000.6209600	7000.0338101	6999.8782813	0.0000000	-0.0800000	0.4146335	0.2745269	0.1248285	0.0000000	0.0000000
7000.6209600	7000.0338101	6999.8782813	-0.0200140	-0.0800000	0.4087986	0.2763594	0.1238896	0.0000000	0.0000000
7000.6209600	7000.0338101	6999.8782813	-0.0400280	-0.0800000	0.3071136	0.2739832	0.1294495	0.0000000	0.0000000
7000.6209600	7000.0338101	6999.8782813	-0.0600420	-0.0800000	0.2999158	0.2740055	0.1238346	0.0000000	0.0000000
7000.6209600	7000.0338101	6999.8782813	-0.0800560	-0.0800000	0.3923013	0.2718630	0.1302457	0.0000000	0.0000000
7000.6209600	7000.0338101	6999.8782813	-0.1000700	-0.0800000	0.3966212	0.2711747	0.1331013	0.0000000	0.0000000
7000.6209600	7000.0338101	6999.8782813	-0.1200841	-0.0800000	0.3879922	0.2731912	0.1286277	0.0000000	0.0000000
7000.6209600	7000.0338101	6999.8782813	-0.1400981	-0.0800000	0.3058888	0.2736824	0.1276318	0.0000000	0.0000000
7000.6209600	7000.0338101	6999.8782813	-0.1601121	-0.0800000	0.2830188	0.2740095	0.1248240	0.0000000	0.0000000
7000.6209600	7000.0338101	6999.8782813	-0.1801261	-0.0800000	0.3552698	0.2740973	0.1309969	0.0000000	0.0000000
7000.6209600	7000.0338101	6999.8782813	-0.2001401	-0.0800000	0.3502355	0.2749512	0.1285074	0.0000000	0.0000000
7000.6209600	7000.0338101	6999.8782813	-0.2201541	-0.0800000	0.4183102	0.2754083	0.1292072	0.0000000	0.0000000
7000.6209600	7000.0338101	6999.8782813	-0.2398346	-0.0800000	0.3732467	0.2752726	0.1269421	0.0000000	0.0000000
7000.6209600	7000.0338101	6999.8782813	-0.2598486	-0.0800000	0.3263427	0.2756128	0.1207936	0.0000000	0.0000000
7000.6209600	7000.0338101	6999.8782813	-0.2798626	-0.0800000	0.2489851	0.2762734	0.1237568	0.0000000	0.0000000
7000.6209600	7000.0338101	6999.8782813	-0.2998766	-0.0800000	0.2474292	0.2733302	0.1272140	0.0000000	0.0000000
7000.6209600	7000.0338101	6999.8782813	-0.3198906	-0.0800000	0.3189803	0.2721821	0.1313843	0.0000000	0.0000000
7000.6209600	7000.0338101	6999.8782813	-0.3399046	-0.0800000	0.3575211	0.2733097	0.1301196	0.0000000	0.0000000
7000.6209600	7000.0338101	6999.8782813	-0.3599186	-0.0800000	0.3320217	0.2744843	0.1232860	0.0000000	0.0000000
7000.6209600	7000.0338101	6999.8782813	-0.3799326	-0.0800000	0.2308013	0.2753530	0.1281089	0.0000000	0.0000000
7000.6209600	7000.0338101	6999.8782813	-0.3999466	-0.0800000	0.2237812	0.2742589	0.1287294	0.0000000	0.0000000
7000.6209600	7000.0338101	6999.8782813	-0.4199606	-0.0800000	0.2382410	0.2751046	0.1253951	0.0000000	0.0000000
7000.6209600	7000.0338101	6999.8782813	-0.4399746	-0.0800000	0.3160991	0.2754491	0.1262864	0.0000000	0.0000000
7000.6209600	7000.0338101	6999.8782813	-0.4599887	-0.0800000	0.3201608	0.2753102	0.1278453	0.0000000	0.0000000
7000.6209600	7000.0338101	6999.8782813	-0.4800027	-0.0800000	0.2085017	0.2779294	0.1212874	0.0000000	0.0000000
7000.6209600	7000.0338101	6999.8782813	-0.5000167	-0.0800000	0.1826415	0.2751403	0.1223611	0.0000000	0.0000000
7000.6209600	7000.0338101	6999.8782813	-0.5200307	-0.0800000	0.2031422	0.2727537	0.1306465	0.0000000	0.0000000
7000.6209600	7000.0338101	6999.8782813	-0.5400447	-0.0800000	0.2746118	0.2734926	0.1321083	0.0000000	0.0000000
7000.6209600	7000.0338101	6999.8782813	-0.5600587	-0.0800000	0.2728622	0.2739910	0.1268752	0.0000000	0.0000000
7000.6209600	7000.0338101	6999.8782813	-0.5800727	-0.0800000	0.1713107	0.2743901	0.1276002	0.0000000	0.0000000
7000.6209600	7000.0338101	6999.8782813	-0.6000867	-0.0800000	0.1513827	0.2748066	0.1215157	0.0000000	0.0000000
7000.6209600	7000.0338101	6999.8782813	-0.6201007	-0.0800000	0.1829639	0.2733163	0.1276005	0.0000000	0.0000000
7000.6209600	7000.0338101	6999.8782813	-0.6401147	-0.0800000	0.2386738	0.2737939	0.1316936	0.0000000	0.0000000
7000.6209600	7000.0338101	6999.8782813	-0.6601288	-0.0800000	0.2455681	0.2729984	0.1327043	0.0000000	0.0000000
7000.6209600	7000.0338101	6999.8782813	-0.6801428	-0.0800000	0.1480370	0.2723649	0.1284852	0.0000000	0.0000000
7000.6209600	7000.0338101	6999.8782813	-0.7001568	-0.0800000	0.1393906	0.2739833	0.1271991	0.0000000	0.0000000
7000.6209600	7000.0338101	6999.8782813	-0.7198372	-0.0800000	0.1391085	0.2731660	0.1267483	0.0000000	0.0000000
7000.6209600	7000.0338101	6999.8782813	-0.7398512	-0.0800000	0.2042666	0.2744327	0.1215593	0.0000000	0.0000000
7000.6209600	7000.0338101	6999.8782813	-0.7598652	-0.0800000	0.2065278	0.2730801	0.1300162	0.0000000	0.0000000
7000.6209600	7000.0338101	6999.8782813	-0.7798792	-0.0800000	0.1379617	0.2715712	0.1315330	0.0000000	0.0000000
7000.6209600	7000.0338101	6999.8782813	-0.7998933	-0.0800000	0.1098879	0.2717744	0.1291602	0.0000000	0.0000000
7000.6209600	7000.0338101	6999.8782813	-0.8199073	-0.0800000	0.1498353	0.2740697	0.1250817	0.0000000	0.0000000
7000.6209600	7000.0338101	6999.8782813	-0.8399213	-0.0800000	0.1739287	0.2758502	0.1244744	0.0000000	0.0000000
7000.6209600	7000.0338101	6999.8782813	-0.8599353	-0.0800000	0.1535361	0.2732664	0.1258877	0.0000000	0.0000000
7000.6209600	7000.0338101	6999.8782813	-0.8799493	-0.0800000	0.1116123	0.2745343	0.1275144	0.0000000	0.0000000
7000.6209600	7000.0338101	6999.8782813	-0.8999633	-0.0800000	0.1307278	0.2743004	0.1266628	0.0000000	0.0000000
7000.6209600	7000.0338101	6999.8782813	-0.9199773	-0.0800000	0.1568489	0.2731957	0.1278354	0.0000000	0.0000000
7000.6209600	7000.0338101	6999.8782813	-0.9399913	-0.0800000	0.1175049	0.2713000	0.1297249	0.0000000	0.0000000
7000.6209600	7000.0338101	6999.8782813	-0.9600053	-0.0800000	0.0947019	0.2731759	0.1280758	0.0000000	0.0000000
7000.6209600	7000.0338101	6999.8782813	-0.9800193	-0.0800000	0.1032697	0.2742700	0.1231895	0.0000000	0.0000000
7000.6209600	7000.0338101	6999.8782813	-1.0000334	-0.0800000	0.1279352	0.2732842	0.1264672	0.0000000	0.0000000
