7000.6209600	7000.0338101	6999.8782813	1.0000334	0.9600053	0.1203370	0.2752264	0.1417853	0.0000000	0.9600000
7000.6209600	7000.0338101	6999.8782813	0.9800193	0.9600000	0.1298883	0.2736936	0.1400765	0.0000000	0.0000000
7000.6209600	7000.0338101	6999.8782813	0.9600053	0.9600000	0.1504631	0.2767179	0.1401260	0.0000000	0.0000000
7000.6209600	7000.0338101	6999.8782813	0.9399913	0.9600000	0.1546100	0.2751980	0.1406123	0.0000000	0.0000000
7000.6209600	7000.0338101	6999.8782813	0.9199773	0.9600000	0.1219780	0.2735522	0.1375546	0.0000000	0.0000000
7000.6209600	7000.0338101	6999.8782813	0.8999633	0.9600000	0.1147075	0.2739987	0.1394806	0.0000000	0.0000000
7000.6209600	7000.0338101	6999.8782813	0.8799493	0.9600000	0.1180017	0.2732504	0.1387461	0.0000000	0.0000000
7000.6209600	7000.0338101	6999.8782813	0.8599353	0.9600000	0.1359918	0.2736768	0.1397770	0.0000000	0.0000000
7000.6209600	7000.0338101	6999.8782813	0.8399213	0.9600000	0.1436207	0.2749988	0.1384232	0.0000000	0.0000000
7000.6209600	7000.0338101	6999.8782813	0.8199073	0.9600000	0.1128147	0.2725839	0.1363153	0.0000000	0.0000000
7000.6209600	7000.0338101	6999.8782813	0.7998933	0.9600000	0.1061956	0.2734363	0.1383251	0.0000000	0.0000000
7000.6209600	7000.0338101	6999.8782813	0.7798792	0.9600000	0.1108799	0.2740997	0.1407631	0.0000000	0.0000000
7000.6209600	7000.0338101	6999.8782813	0.7598652	0.9600000	0.1274370	0.2718451	0.1375262	0.0000000	0.0000000
7000.6209600	7000.0338101	6999.8782813	0.7398512	0.9600000	0.1372881	0.2732666	0.1402638	0.0000000	0.0000000
7000.6209600	7000.0338101	6999.8782813	0.7198372	0.9600000	0.1081278	0.2735563	0.1378750	0.0000000	0.0000000
7000.6209600	7000.0338101	6999.8782813	0.7001568	0.9600000	0.1063597	0.2747141	0.1400461	0.0000000	0.0000000
7000.6209600	7000.0338101	6999.8782813	0.6801428	0.9600000	0.0916553	0.2734272	0.1384391	0.0000000	0.0000000
7000.6209600	7000.0338101	6999.8782813	0.6601288	0.9600000	0.1228320	0.2753638	0.1396716	0.0000000	0.0000000
7000.6209600	7000.0338101	6999.8782813	0.6401147	0.9600000	0.1259071	0.2754739	0.1383231	0.0000000	0.0000000
7000.6209600	7000.0338101	6999.8782813	0.6201007	0.9600000	0.1008695	0.2747966	0.1364958	0.0000000	0.0000000
7000.6209600	7000.0338101	6999.8782813	0.6000867	0.9600000	0.0941152	0.2752618	0.1382299	0.0000000	0.0000000
7000.6209600	7000.0338101	6999.8782813	0.5800727	0.9600000	0.0853793	0.2754690	0.1385470	0.0000000	0.0000000
7000.6209600	7000.0338101	6999.8782813	0.5600587	0.9600000	0.1087340	0.2739606	0.1364016	0.0000000	0.0000000
7000.6209600	7000.0338101	6999.8782813	0.5400447	0.9600000	0.1135077	0.2729342	0.1376886	0.0000000	0.0000000
7000.6209600	7000.0338101	6999.8782813	0.5200307	0.9600000	0.0901584	0.2718086	0.1380817	0.0000000	0.0000000
7000.6209600	7000.0338101	6999.8782813	0.5000167	0.9600000	0.0829664	0.2745890	0.1377404	0.0000000	0.0000000
7000.6209600	7000.0338101	6999.8782813	0.4800027	0.9600000	0.0740739	0.2756548	0.1390956	0.0000000	0.0000000
7000.6209600	7000.0338101	6999.8782813	0.4599887	0.9600000	0.0926312	0.2735796	0.1374960	0.0000000	0.0000000
7000.6209600	7000.0338101	6999.8782813	0.4399746	0.9600000	0.0984720	0.2747614	0.1378928	0.0000000	0.0000000
7000.6209600	7000.0338101	6999.8782813	0.4199606	0.9600000	0.0833536	0.2762128	0.1384238	0.0000000	0.0000000
7000.6209600	7000.0338101	6999.8782813	0.3999466	0.9600000	0.0710636	0.2739736	0.1369659	0.0000000	0.0000000
7000.6209600	7000.0338101	6999.8782813	0.3799326	0.9600000	0.0612407	0.2755933	0.1383143	0.0000000	0.0000000
7000.6209600	7000.0338101	6999.8782813	0.3599186	0.9600000	0.0884552	0.2741976	0.1384727	0.0000000	0.0000000
7000.6209600	7000.0338101	6999.8782813	0.3399046	0.9600000	0.0922163	0.2757402	0.1407072	0.0000000	0.0000000
7000.6209600	7000.0338101	6999.8782813	0.3198906	0.9600000	0.0672144	0.2761776	0.1393027	0.0000000	0.0000000
7000.6209600	7000.0338101	6999.8782813	0.2998766	0.9600000	0.0599564	0.2758446	0.1370844	0.0000000	0.0000000
7000.6209600	7000.0338101	6999.8782813	0.2798626	0.9600000	0.0586591	0.2756630	0.1373398	0.0000000	0.0000000
7000.6209600	7000.0338101	6999.8782813	0.2598486	0.9600000	0.0801594	0.2756134	0.1396224	0.0000000	0.0000000
7000.6209600	7000.0338101	6999.8782813	0.2398346	0.9600000	0.0814915	0.2738436	0.1372408	0.0000000	0.0000000
7000.6209600	7000.0338101	6999.8782813	0.2201541	0.9600000	0.0563383	0.2727067	0.1361703	0.0000000	0.0000000
7000.6209600	7000.0338101	6999.8782813	0.2001401	0.9600000	0.0520920	0.2733563	0.1385432	0.0000000	0.0000000
7000.6209600	7000.0338101	6999.8782813	0.1801261	0.9600000	0.0426537	0.2731367	0.1359106	0.0000000	0.0000000
7000.6209600	7000.0338101	6999.8782813	0.1601121	0.9600000	0.0637052	0.2735436	0.1355970	0.0000000	0.0000000
7000.6209600	7000.0338101	6999.8782813	0.1400981	0.9600000	0.0700559	0.2731129	0.1340901	0.0000000	0.0000000
7000.6209600	7000.0338101	6999.8782813	0.1200841	0.9600000	0.0428242	0.2749329	0.1372206	0.0000000	0.0000000
7000.6209600	7000.0338101	6999.8782813	0.1000700	0.9600000	0.0382280	0.2735424	0.1368582	0.0000000	0.0000000
7000.6209600	7000.0338101	6999.8782813	0.0800560	0.9600000	0.0426113	0.2734866	0.1358761	0.0000000	0.0000000
7000.6209600	7000.0338101	6999.8782813	0.0600420	0.9600000	0.0595164	0.2749095	0.1371691	0.0000000	0.0000000
7000.6209600	7000.0338101	6999.8782813	0.0400280	0.9600000	0.0628972	0.2742416	0.1377488	0.0000000	0.0000000
7000.6209600	7000.0338101	6999.8782813	0.0200140	0.9600000	0.0391006	0.2737261	0.1372244	0.0000000	0.0000000
7000.6209600	7000.0338101	6999.8782813	0.0000000	0.9600000	0.0303605	0.2727511	0.1348789	0.0000000	0.0000000
7000.6209600	7000.0338101	6999.8782813	-0.0200140	0.9600000	0.0274125	0.2732137	0.1358877	0.0000000	0.0000000
7000.6209600	7000.0338101	6999.8782813	-0.0400280	0.9600000	0.0485203	0.2723361	0.1357098	0.0000000	0.0000000
7000.6209600	7000.0338101	6999.8782813	-0.0600420	0.9600000	0.0504254	0.2752523	0.1385347	0.0000000	0.0000000
7000.6209600	7000.0338101	6999.8782813	-0.0800560	0.9600000	0.0342504	0.2750339	0.1372029	0.0000000	0.0000000
7000.6209600	7000.0338101	6999.8782813	-0.1000700	0.9600000	0.0270116	0.2741522	0.1374480	0.0000000	0.0000000
7000.6209600	7000.0338101	6999.8782813	-0.1200841	0.9600000	0.0217679	0.2736427	0.1385966	0.0000000	0.0000000
7000.6209600	7000.0338101	6999.8782813	-0.1400981	0.9600000	0.0287091	0.2716399	0.1352000	0.0000000	0.0000000
7000.6209600	7000.0338101	6999.8782813	-0.1601121	0.9600000	0.0342344	0.2733140	0.1350629	0.0000000	0.0000000
7000.6209600	7000.0338101	6999.8782813	-0.1801261	0.9600000	0.0434454	0.2722295	0.1370997	0.0000000	0.0000000
7000.6209600	7000.0338101	6999.8782813	-0.2001401	0.9600000	0.0320059	0.2734855	0.1368735	0.0000000	0.0000000
7000.6209600	7000.0338101	6999.8782813	-0.2201541	0.9600000	0.0190739	0.2749857	0.1372197	0.0000000	0.0000000
7000.6209600	7000.0338101	6999.8782813	-0.2398346	0.9600000	0.0155087	0.2742042	0.1394091	0.0000000	0.0000000
7000.6209600	7000.0338101	6999.8782813	-0.2598486	0.9600000	0.0129158	0.2756343	0.1367307	0.0000000	0.0000000
7000.6209600	7000.0338101	6999.8782813	-0.2798626	0.9600000	0.0296356	0.2754464	0.1363903	0.0000000	0.0000000
7000.6209600	7000.0338101	6999.8782813	-0.2998766	0.9600000	0.0280880	0.2754373	0.1347911	0.0000000	0.0000000
7000.6209600	7000.0338101	6999.8782813	-0.3198906	0.9600000	0.0259563	0.2740612	0.1357192	0.0000000	0.0000000
7000.6209600	7000.0338101	6999.8782813	-0.3399046	0.9600000	0.0107075	0.2750797	0.1369558	0.0000000	0.0000000
7000.6209600	7000.0338101	6999.8782813	-0.3599186	0.9600000	0.0074630	0.2731494	0.1387133	0.0000000	0.0000000
7000.6209600	7000.0338101	6999.8782813	-0.3799326	0.9600000	0.0164313	0.2741982	0.1379656	0.0000000	0.0000000
7000.6209600	7000.0338101	6999.8782813	-0.3999466	0.9600000	0.0192482	0.2739214	0.1347384	0.0000000	0.0000000
7000.6209600	7000.0338101	6999.8782813	-0.4199606	0.9600000	0.0188544	0.2754357	0.1366909	0.0000000	0.0000000
7000.6209600	7000.0338101	6999.8782813	-0.4399746	0.9600000	0.0067979	0.2744926	0.1329860	0.0000000	0.0000000
7000.6209600	7000.0338101	6999.8782813	-0.4599887	0.9600000	0.0054785	0.2725500	0.1369338	0.0000000	0.0000000
7000.6209600	7000.0338101	6999.8782813	-0.4800027	0.9600000	0.0072684	0.2734622	0.1342836	0.0000000	0.0000000
7000.6209600	7000.0338101	6999.8782813	-0.5000167	0.9600000	0.0082538	0.2742628	0.1303575	0.0000000	0.0000000
7000.6209600	7000.0338101	6999.8782813	-0.5200307	0.9600000	0.0108414	0.2731251	0.1328347	0.0000000	0.0000000
7000.6209600	7000.0338101	6999.8782813	-0.5400447	0.9600000	0.0037800	0.2743188	0.1336442	0.0000000	0.0000000
7000.6209600	7000.0338101	6999.8782813	-0.5600587	0.9600000	0.0023154	0.2746470	0.1348131	0.0000000	0.0000000
7000.6209600	7000.0338101	6999.8782813	-0.5800727	0.9600000	0.0039642	0.2748986	0.1314972	0.0000000	0.0000000
7000.6209600	7000.0338101	6999.8782813	-0.6000867	0.9600000	0.0060072	0.2744662	0.1346442	0.0000000	0.0000000
7000.6209600	7000.0338101	6999.8782813	-0.6201007	0.9600000	0.0058351	0.2717109	0.1348920	0.0000000	0.0000000
7000.6209600	7000.0338101	6999.8782813	-0.6401147	0.9600000	0.0019263	0.2706218	0.1333940	0.0000000	0.0000000
7000.6209600	7000.0338101	6999.8782813	-0.6601288	0.9600000	0.0009773	0.2715728	0.1339333	0.0000000	0.0000000
7000.6209600	7000.0338101	6999.8782813	-0.6801428	0.9600000	0.0034706	0.2727772	0.1361573	0.0000000	0.0000000
7000.6209600	7000.0338101	6999.8782813	-0.7001568	0.9600000	0.0037069	0.2736571	0.1347676	0.0000000	0.0000000
7000.6209600	7000.0338101	6999.8782813	-0.7198372	0.9600000	0.0035465	0.2737599	0.1344100	0.0000000	0.0000000
7000.6209600	7000.0338101	6999.8782813	-0.7398512	0.9600000	0.0005129	0.2741501	0.1368239	0.0000000	0.0000000
7000.6209600	7000.0338101	6999.8782813	-0.7598652	0.9600000	0.0005651	0.2741791	0.1317439	0.0000000	0.0000000
7000.6209600	7000.0338101	6999.8782813	-0.7798792	0.9600000	0.0019500	0.2721476	0.1373220	0.0000000	0.0000000
7000.6209600	7000.0338101	6999.8782813	-0.7998933	0.9600000	0.0017289	0.2722695	0.1368451	0.0000000	0.0000000
7000.6209600	7000.0338101	6999.8782813	-0.8199073	0.9600000	0.0012544	0.2728241	0.1352772	0.0000000	0.0000000
7000.6209600	7000.0338101	6999.8782813	-0.8399213	0.9600000	0.0002302	0.2730780	0.1317440	0.0000000	0.0000000
7000.6209600	7000.0338101	6999.8782813	-0.8599353	0.9600000	0.0004995	0.2754240	0.1366067	0.0000000	0.0000000
7000.6209600	7000.0338101	6999.8782813	-0.8799493	0.9600000	0.0010607	0.2735529	0.1356617	0.0000000	0.0000000
7000.6209600	7000.0338101	6999.8782813	-0.8999633	0.9600000	0.0008145	0.2747959	0.1336144	0.0000000	0.0000000
7000.6209600	7000.0338101	6999.8782813	-0.9199773	0.9600000	0.0004061	0.2735613	0.1338184	0.0000000	0.0000000
7000.6209600	7000.0338101	6999.8782813	-0.9399913	0.9600000	0.0004569	0.2744861	0.1309854	0.0000000	0.0000000
7000.6209600	7000.0338101	6999.8782813	-0.9600053	0.9600000	0.0005542	0.2730298	0.1329063	0.0000000	0.0000000
7000.6209600	7000.0338101	6999.8782813	-0.9800193	0.9600000	0.0005430	0.2746105	0.1359150	0.0000000	0.0000000
7000.6209600	7000.0338101	6999.8782813	-1.0000334	0.9600000	0.0003652	0.2737271	0.1382710	0.0000000	0.0000000
