7000.6209600	7000.0338101	6999.8782813	1.0000334	-0.1801261	0.3104047	0.2740129	0.1290022	0.0000000	-0.1800000
7000.6209600	7000.0338101	6999.8782813	0.9800193	-0.1800000	0.2762469	0.2733745	0.1329032	0.0000000	0.0000000
7000.6209600	7000.0338101	6999.8782813	0.9600053	-0.1800000	0.2174568	0.2736405	0.1307874	0.0000000	0.0000000
7000.6209600	7000.0338101	6999.8782813	0.9399913	-0.1800000	0.2167217	0.2757128	0.1293601	0.0000000	0.0000000
7000.6209600	7000.0338101	6999.8782813	0.9199773	-0.1800000	0.2932300	0.2749271	0.1249557	0.0000000	0.0000000
7000.6209600	7000.0338101	6999.8782813	0.8999633	-0.1800000	0.3068301	0.2751884	0.1225743	0.0000000	0.0000000
7000.6209600	7000.0338101	6999.8782813	0.8799493	-0.1800000	0.2650299	0.2716870	0.1263721	0.0000000	0.0000000
7000.6209600	7000.0338101	6999.8782813	0.8599353	-0.1800000	0.2278484	0.2732653	0.1308477	0.0000000	0.0000000
7000.6209600	7000.0338101	6999.8782813	0.8399213	-0.1800000	0.2258175	0.2727628	0.1308123	0.0000000	0.0000000
7000.6209600	7000.0338101	6999.8782813	0.8199073	-0.1800000	0.3366436	0.2746354	0.1299806	0.0000000	0.0000000
7000.6209600	7000.0338101	6999.8782813	0.7998933	-0.1800000	0.3458433	0.2753868	0.1276932	0.0000000	0.0000000
7000.6209600	7000.0338101	6999.8782813	0.7798792	-0.1800000	0.2860887	0.2754427	0.1263094	0.0000000	0.0000000
7000.6209600	7000.0338101	6999.8782813	0.7598652	-0.1800000	0.2188229	0.2733669	0.1252417	0.0000000	0.0000000
7000.6209600	7000.0338101	6999.8782813	0.7398512	-0.1800000	0.2290176	0.2728857	0.1311714	0.0000000	0.0000000
7000.6209600	7000.0338101	6999.8782813	0.7198372	-0.1800000	0.3506127	0.2728236	0.1316398	0.0000000	0.0000000
7000.6209600	7000.0338101	6999.8782813	0.7001568	-0.1800000	0.3520273	0.2738765	0.1328018	0.0000000	0.0000000
7000.6209600	7000.0338101	6999.8782813	0.6801428	-0.1800000	0.3270800	0.2739310	0.1252070	0.0000000	0.0000000
7000.6209600	7000.0338101	6999.8782813	0.6601288	-0.1800000	0.2482904	0.2735626	0.1256173	0.0000000	0.0000000
7000.6209600	7000.0338101	6999.8782813	0.6401147	-0.1800000	0.2416309	0.2735061	0.1286055	0.0000000	0.0000000
7000.6209600	7000.0338101	6999.8782813	0.6201007	-0.1800000	0.3374058	0.2730487	0.1274093	0.0000000	0.0000000
7000.6209600	7000.0338101	6999.8782813	0.6000867	-0.1800000	0.3555568	0.2739250	0.1292512	0.0000000	0.0000000
7000.6209600	7000.0338101	6999.8782813	0.5800727	-0.1800000	0.3339152	0.2740660	0.1244004	0.0000000	0.0000000
7000.6209600	7000.0338101	6999.8782813	0.5600587	-0.1800000	0.2602745	0.2726901	0.1258358	0.0000000	0.0000000
7000.6209600	7000.0338101	6999.8782813	0.5400447	-0.1800000	0.2429446	0.2729399	0.1266538	0.0000000	0.0000000
7000.6209600	7000.0338101	6999.8782813	0.5200307	-0.1800000	0.3451370	0.2718541	0.1311445	0.0000000	0.0000000
7000.6209600	7000.0338101	6999.8782813	0.5000167	-0.1800000	0.3731896	0.2727596	0.1314894	0.0000000	0.0000000
7000.6209600	7000.0338101	6999.8782813	0.4800027	-0.1800000	0.3592457	0.2747875	0.1256128	0.0000000	0.0000000
7000.6209600	7000.0338101	6999.8782813	0.4599887	-0.1800000	0.2742942	0.2736748	0.1237205	0.0000000	0.0000000
7000.6209600	7000.0338101	6999.8782813	0.4399746	-0.1800000	0.2580662	0.2731852	0.1255427	0.0000000	0.0000000
7000.6209600	7000.0338101	6999.8782813	0.4199606	-0.1800000	0.3632625	0.2730720	0.1277375	0.0000000	0.0000000
7000.6209600	7000.0338101	6999.8782813	0.3999466	-0.1800000	0.3745557	0.2709113	0.1332747	0.0000000	0.0000000
7000.6209600	7000.0338101	6999.8782813	0.3799326	-0.1800000	0.3576715	0.2743322	0.1306799	0.0000000	0.0000000
7000.6209600	7000.0338101	6999.8782813	0.3599186	-0.1800000	0.2842778	0.2728354	0.1293990	0.0000000	0.0000000
7000.6209600	7000.0338101	6999.8782813	0.3399046	-0.1800000	0.2757357	0.2730846	0.1270812	0.0000000	0.0000000
7000.6209600	7000.0338101	6999.8782813	0.3198906	-0.1800000	0.3859327	0.2737214	0.1238451	0.0000000	0.0000000
7000.6209600	7000.0338101	6999.8782813	0.2998766	-0.1800000	0.3966770	0.2725608	0.1307742	0.0000000	0.0000000
7000.6209600	7000.0338101	6999.8782813	0.2798626	-0.1800000	0.3478604	0.2743859	0.1306757	0.0000000	0.0000000
7000.6209600	7000.0338101	6999.8782813	0.2598486	-0.1800000	0.2823877	0.2729657	0.1316110	0.0000000	0.0000000
7000.6209600	7000.0338101	6999.8782813	0.2398346	-0.1800000	0.3044995	0.2734374	0.1276512	0.0000000	0.0000000
7000.6209600	7000.0338101	6999.8782813	0.2201541	-0.1800000	0.4092601	0.2708656	0.1312437	0.0000000	0.0000000
7000.6209600	7000.0338101	6999.8782813	0.2001401	-0.1800000	0.3943719	0.2743539	0.1214764	0.0000000	0.0000000
7000.6209600	7000.0338101	6999.8782813	0.1801261	-0.1800000	0.3638546	0.2711465	0.1307358	0.0000000	0.0000000
7000.6209600	7000.0338101	6999.8782813	0.1601121	-0.1800000	0.2886982	0.2722382	0.1269325	0.0000000	0.0000000
7000.6209600	7000.0338101	6999.8782813	0.1400981	-0.1800000	0.3078199	0.2739147	0.1277543	0.0000000	0.0000000
7000.6209600	7000.0338101	6999.8782813	0.1200841	-0.1800000	0.4250151	0.2737036	0.1252385	0.0000000	0.0000000
7000.6209600	7000.0338101	6999.8782813	0.1000700	-0.1800000	0.3787957	0.2744174	0.1167163	0.0000000	0.0000000
7000.6209600	7000.0338101	6999.8782813	0.0800560	-0.1800000	0.3770396	0.2733365	0.1283263	0.0000000	0.0000000
7000.6209600	7000.0338101	6999.8782813	0.0600420	-0.1800000	0.2890830	0.2710481	0.1303452	0.0000000	0.0000000
7000.6209600	7000.0338101	6999.8782813	0.0400280	-0.1800000	0.3048843	0.2711591	0.1315636	0.0000000	0.0000000
7000.6209600	7000.0338101	6999.8782813	0.0200140	-0.1800000	0.4183669	0.2723611	0.1273776	0.0000000	0.0000000
7000.6209600	7000.0338101	6999.8782813	0.0000000	-0.1800000	0.4291718	0.2723679	0.1252222	0.0000000	0.0000000
7000.6209600	7000.0338101	6999.8782813	-0.0200140	-0.1800000	0.3826531	0.2720854	0.1242599	0.0000000	0.0000000
7000.6209600	7000.0338101	6999.8782813	-0.0400280	-0.1800000	0.2883086	0.2721971	0.1307540	0.0000000	0.0000000
7000.6209600	7000.0338101	6999.8782813	-0.0600420	-0.1800000	0.2813599	0.2726122	0.1315521	0.0000000	0.0000000
7000.6209600	7000.0338101	6999.8782813	-0.0800560	-0.1800000	0.4164330	0.2726978	0.1282289	0.0000000	0.0000000
7000.6209600	7000.0338101	6999.8782813	-0.1000700	-0.1800000	0.4079440	0.2726339	0.1257982	0.0000000	0.0000000
7000.6209600	7000.0338101	6999.8782813	-0.1200841	-0.1800000	0.3686565	0.2712732	0.1212827	0.0000000	0.0000000
7000.6209600	7000.0338101	6999.8782813	-0.1400981	-0.1800000	0.3187262	0.2727324	0.1269526	0.0000000	0.0000000
7000.6209600	7000.0338101	6999.8782813	-0.1601121	-0.1800000	0.2967452	0.2718015	0.1326350	0.0000000	0.0000000
7000.6209600	7000.0338101	6999.8782813	-0.1801261	-0.1800000	0.3789113	0.2726436	0.1313206	0.0000000	0.0000000
7000.6209600	7000.0338101	6999.8782813	-0.2001401	-0.1800000	0.3803403	0.2724985	0.1310958	0.0000000	0.0000000
7000.6209600	7000.0338101	6999.8782813	-0.2201541	-0.1800000	0.4182289	0.2730474	0.1253456	0.0000000	0.0000000
7000.6209600	7000.0338101	6999.8782813	-0.2398346	-0.1800000	0.3899692	0.2705349	0.1313845	0.0000000	0.0000000
7000.6209600	7000.0338101	6999.8782813	-0.2598486	-0.1800000	0.3787219	0.2716782	0.1333235	0.0000000	0.0000000
7000.6209600	7000.0338101	6999.8782813	-0.2798626	-0.1800000	0.2856326	0.2720961	0.1344045	0.0000000	0.0000000
7000.6209600	7000.0338101	6999.8782813	-0.2998766	-0.1800000	0.2792758	0.2706627	0.1311128	0.0000000	0.0000000
7000.6209600	7000.0338101	6999.8782813	-0.3198906	-0.1800000	0.3115455	0.2734205	0.1285140	0.0000000	0.0000000
7000.6209600	7000.0338101	6999.8782813	-0.3399046	-0.1800000	0.3544791	0.2738103	0.1184237	0.0000000	0.0000000
7000.6209600	7000.0338101	6999.8782813	-0.3599186	-0.1800000	0.3815778	0.2735485	0.1304609	0.0000000	0.0000000
7000.6209600	7000.0338101	6999.8782813	-0.3799326	-0.1800000	0.2693939	0.2705284	0.1334977	0.0000000	0.0000000
7000.6209600	7000.0338101	6999.8782813	-0.3999466	-0.1800000	0.2432101	0.2710287	0.1319866	0.0000000	0.0000000
7000.6209600	7000.0338101	6999.8782813	-0.4199606	-0.1800000	0.2655631	0.2715854	0.1305466	0.0000000	0.0000000
7000.6209600	7000.0338101	6999.8782813	-0.4399746	-0.1800000	0.3287710	0.2726697	0.1221656	0.0000000	0.0000000
7000.6209600	7000.0338101	6999.8782813	-0.4599887	-0.1800000	0.3494219	0.2708842	0.1316014	0.0000000	0.0000000
7000.6209600	7000.0338101	6999.8782813	-0.4800027	-0.1800000	0.2251007	0.2724396	0.1316340	0.0000000	0.0000000
7000.6209600	7000.0338101	6999.8782813	-0.5000167	-0.1800000	0.2094757	0.2721666	0.1284202	0.0000000	0.0000000
7000.6209600	7000.0338101	6999.8782813	-0.5200307	-0.1800000	0.2201466	0.2726991	0.1299222	0.0000000	0.0000000
7000.6209600	7000.0338101	6999.8782813	-0.5400447	-0.1800000	0.3135720	0.2730052	0.1283082	0.0000000	0.0000000
7000.6209600	7000.0338101	6999.8782813	-0.5600587	-0.1800000	0.3185031	0.2714561	0.1322942	0.0000000	0.0000000
7000.6209600	7000.0338101	6999.8782813	-0.5800727	-0.1800000	0.1921638	0.2714739	0.1310704	0.0000000	0.0000000
7000.6209600	7000.0338101	6999.8782813	-0.6000867	-0.1800000	0.1889928	0.2718925	0.1315062	0.0000000	0.0000000
7000.6209600	7000.0338101	6999.8782813	-0.6201007	-0.1800000	0.2065692	0.2730355	0.1327372	0.0000000	0.0000000
7000.6209600	7000.0338101	6999.8782813	-0.6401147	-0.1800000	0.2955013	0.2739088	0.1274829	0.0000000	0.0000000
7000.6209600	7000.0338101	6999.8782813	-0.6601288	-0.1800000	0.2657662	0.2722955	0.1312568	0.0000000	0.0000000
7000.6209600	7000.0338101	6999.8782813	-0.6801428	-0.1800000	0.1743958	0.2711138	0.1302648	0.0000000	0.0000000
7000.6209600	7000.0338101	6999.8782813	-0.7001568	-0.1800000	0.1581884	0.2728428	0.1213236	0.0000000	0.0000000
7000.6209600	7000.0338101	6999.8782813	-0.7198372	-0.1800000	0.1796165	0.2721544	0.1250465	0.0000000	0.0000000
7000.6209600	7000.0338101	6999.8782813	-0.7398512	-0.1800000	0.2499867	0.2707920	0.1322313	0.0000000	0.0000000
7000.6209600	7000.0338101	6999.8782813	-0.7598652	-0.1800000	0.2365585	0.2723153	0.1293196	0.0000000	0.0000000
7000.6209600	7000.0338101	6999.8782813	-0.7798792	-0.1800000	0.1486080	0.2715120	0.1344559	0.0000000	0.0000000
7000.6209600	7000.0338101	6999.8782813	-0.7998933	-0.1800000	0.1432787	0.2713700	0.1302946	0.0000000	0.0000000
7000.6209600	7000.0338101	6999.8782813	-0.8199073	-0.1800000	0.1731796	0.2754067	0.1183732	0.0000000	0.0000000
7000.6209600	7000.0338101	6999.8782813	-0.8399213	-0.1800000	0.1956857	0.2740037	0.1212001	0.0000000	0.0000000
7000.6209600	7000.0338101	6999.8782813	-0.8599353	-0.1800000	0.1831798	0.2711377	0.1366688	0.0000000	0.0000000
7000.6209600	7000.0338101	6999.8782813	-0.8799493	-0.1800000	0.1453901	0.2722430	0.1348911	0.0000000	0.0000000
7000.6209600	7000.0338101	6999.8782813	-0.8999633	-0.1800000	0.1564995	0.2724854	0.1286553	0.0000000	0.0000000
7000.6209600	7000.0338101	6999.8782813	-0.9199773	-0.1800000	0.1690961	0.2711221	0.1289711	0.0000000	0.0000000
7000.6209600	7000.0338101	6999.8782813	-0.9399913	-0.1800000	0.1363721	0.2725028	0.1273774	0.0000000	0.0000000
7000.6209600	7000.0338101	6999.8782813	-0.9600053	-0.1800000	0.1188098	0.2720486	0.1330614	0.0000000	0.0000000
7000.6209600	7000.0338101	6999.8782813	-0.9800193	-0.1800000	0.1430929	0.2713706	0.1323674	0.0000000	0.0000000
7000.6209600	7000.0338101	6999.8782813	-1.0000334	-0.1800000	0.1612186	0.2728900	0.1308250	0.0000000	0.0000000
