7000.6209600	7000.0338101	6999.8782813	1.0000334	-0.2398346	0.1969440	0.2712953	0.1318325	0.0000000	-0.2400000
7000.6209600	7000.0338101	6999.8782813	0.9800193	-0.2400000	0.2474504	0.2700327	0.1334229	0.0000000	0.0000000
7000.6209600	7000.0338101	6999.8782813	0.9600053	-0.2400000	0.3109221	0.2700266	0.1354567	0.0000000	0.0000000
7000.6209600	7000.0338101	6999.8782813	0.9399913	-0.2400000	0.3012766	0.2702931	0.1330592	0.0000000	0.0000000
7000.6209600	7000.0338101	6999.8782813	0.9199773	-0.2400000	0.2364637	0.2699526	0.1342117	0.0000000	0.0000000
7000.6209600	7000.0338101	6999.8782813	0.8999633	-0.2400000	0.2156113	0.2684830	0.1329668	0.0000000	0.0000000
7000.6209600	7000.0338101	6999.8782813	0.8799493	-0.2400000	0.2574155	0.2697540	0.1321838	0.0000000	0.0000000
7000.6209600	7000.0338101	6999.8782813	0.8599353	-0.2400000	0.3219557	0.2719283	0.1313021	0.0000000	0.0000000
7000.6209600	7000.0338101	6999.8782813	0.8399213	-0.2400000	0.3321483	0.2716860	0.1338885	0.0000000	0.0000000
7000.6209600	7000.0338101	6999.8782813	0.8199073	-0.2400000	0.2153822	0.2707390	0.1306785	0.0000000	0.0000000
7000.6209600	7000.0338101	6999.8782813	0.7998933	-0.2400000	0.2124034	0.2699468	0.1316798	0.0000000	0.0000000
7000.6209600	7000.0338101	6999.8782813	0.7798792	-0.2400000	0.2507355	0.2694111	0.1295621	0.0000000	0.0000000
7000.6209600	7000.0338101	6999.8782813	0.7598652	-0.2400000	0.2788425	0.2731105	0.1220924	0.0000000	0.0000000
7000.6209600	7000.0338101	6999.8782813	0.7398512	-0.2400000	0.3218981	0.2704099	0.1274950	0.0000000	0.0000000
7000.6209600	7000.0338101	6999.8782813	0.7198372	-0.2400000	0.2177069	0.2724535	0.1277869	0.0000000	0.0000000
7000.6209600	7000.0338101	6999.8782813	0.7001568	-0.2400000	0.2382902	0.2716110	0.1306664	0.0000000	0.0000000
7000.6209600	7000.0338101	6999.8782813	0.6801428	-0.2400000	0.2611801	0.2709337	0.1329082	0.0000000	0.0000000
7000.6209600	7000.0338101	6999.8782813	0.6601288	-0.2400000	0.3239282	0.2690652	0.1328304	0.0000000	0.0000000
7000.6209600	7000.0338101	6999.8782813	0.6401147	-0.2400000	0.3415140	0.2714957	0.1311382	0.0000000	0.0000000
7000.6209600	7000.0338101	6999.8782813	0.6201007	-0.2400000	0.2520314	0.2709373	0.1303429	0.0000000	0.0000000
7000.6209600	7000.0338101	6999.8782813	0.6000867	-0.2400000	0.2300366	0.2698812	0.1297988	0.0000000	0.0000000
7000.6209600	7000.0338101	6999.8782813	0.5800727	-0.2400000	0.2423826	0.2707537	0.1324868	0.0000000	0.0000000
7000.6209600	7000.0338101	6999.8782813	0.5600587	-0.2400000	0.3396237	0.2710721	0.1335720	0.0000000	0.0000000
7000.6209600	7000.0338101	6999.8782813	0.5400447	-0.2400000	0.3580389	0.2716638	0.1302651	0.0000000	0.0000000
7000.6209600	7000.0338101	6999.8782813	0.5200307	-0.2400000	0.2546416	0.2711547	0.1319697	0.0000000	0.0000000
7000.6209600	7000.0338101	6999.8782813	0.5000167	-0.2400000	0.2505002	0.2701858	0.1317072	0.0000000	0.0000000
7000.6209600	7000.0338101	6999.8782813	0.4800027	-0.2400000	0.2866593	0.2702964	0.1307561	0.0000000	0.0000000
7000.6209600	7000.0338101	6999.8782813	0.4599887	-0.2400000	0.3479512	0.2714391	0.1275337	0.0000000	0.0000000
7000.6209600	7000.0338101	6999.8782813	0.4399746	-0.2400000	0.3803196	0.2704113	0.1311050	0.0000000	0.0000000
7000.6209600	7000.0338101	6999.8782813	0.4199606	-0.2400000	0.2601588	0.2703324	0.1314014	0.0000000	0.0000000
7000.6209600	7000.0338101	6999.8782813	0.3999466	-0.2400000	0.2614493	0.2707687	0.1326090	0.0000000	0.0000000
7000.6209600	7000.0338101	6999.8782813	0.3799326	-0.2400000	0.3024342	0.2692107	0.1316027	0.0000000	0.0000000
7000.6209600	7000.0338101	6999.8782813	0.3599186	-0.2400000	0.3838738	0.2690787	0.1329448	0.0000000	0.0000000
7000.6209600	7000.0338101	6999.8782813	0.3399046	-0.2400000	0.3997977	0.2693933	0.1357095	0.0000000	0.0000000
7000.6209600	7000.0338101	6999.8782813	0.3198906	-0.2400000	0.2511394	0.2678212	0.1300469	0.0000000	0.0000000
7000.6209600	7000.0338101	6999.8782813	0.2998766	-0.2400000	0.2341511	0.2699895	0.1271152	0.0000000	0.0000000
7000.6209600	7000.0338101	6999.8782813	0.2798626	-0.2400000	0.3278290	0.2711544	0.1292921	0.0000000	0.0000000
7000.6209600	7000.0338101	6999.8782813	0.2598486	-0.2400000	0.4180303	0.2716990	0.1334602	0.0000000	0.0000000
7000.6209600	7000.0338101	6999.8782813	0.2398346	-0.2400000	0.4112720	0.2700889	0.1349670	0.0000000	0.0000000
7000.6209600	7000.0338101	6999.8782813	0.2201541	-0.2400000	0.2701492	0.2692604	0.1321157	0.0000000	0.0000000
7000.6209600	7000.0338101	6999.8782813	0.2001401	-0.2400000	0.2655375	0.2720704	0.1274910	0.0000000	0.0000000
7000.6209600	7000.0338101	6999.8782813	0.1801261	-0.2400000	0.3397932	0.2690996	0.1349487	0.0000000	0.0000000
7000.6209600	7000.0338101	6999.8782813	0.1601121	-0.2400000	0.4439369	0.2723895	0.1340056	0.0000000	0.0000000
7000.6209600	7000.0338101	6999.8782813	0.1400981	-0.2400000	0.3975170	0.2713210	0.1307452	0.0000000	0.0000000
7000.6209600	7000.0338101	6999.8782813	0.1200841	-0.2400000	0.2732146	0.2700819	0.1327550	0.0000000	0.0000000
7000.6209600	7000.0338101	6999.8782813	0.1000700	-0.2400000	0.2912681	0.2710208	0.1319912	0.0000000	0.0000000
7000.6209600	7000.0338101	6999.8782813	0.0800560	-0.2400000	0.3622161	0.2712020	0.1304512	0.0000000	0.0000000
7000.6209600	7000.0338101	6999.8782813	0.0600420	-0.2400000	0.4098405	0.2709056	0.1299623	0.0000000	0.0000000
7000.6209600	7000.0338101	6999.8782813	0.0400280	-0.2400000	0.4270782	0.2700399	0.1332902	0.0000000	0.0000000
7000.6209600	7000.0338101	6999.8782813	0.0200140	-0.2400000	0.2733672	0.2694155	0.1318997	0.0000000	0.0000000
7000.6209600	7000.0338101	6999.8782813	0.0000000	-0.2400000	0.3033708	0.2707076	0.1277761	0.0000000	0.0000000
7000.6209600	7000.0338101	6999.8782813	-0.0200140	-0.2400000	0.3348373	0.2704485	0.1309302	0.0000000	0.0000000
7000.6209600	7000.0338101	6999.8782813	-0.0400280	-0.2400000	0.4034785	0.2709606	0.1302695	0.0000000	0.0000000
7000.6209600	7000.0338101	6999.8782813	-0.0600420	-0.2400000	0.4292606	0.2710005	0.1308945	0.0000000	0.0000000
7000.6209600	7000.0338101	6999.8782813	-0.0800560	-0.2400000	0.3149640	0.2724976	0.1296221	0.0000000	0.0000000
7000.6209600	7000.0338101	6999.8782813	-0.1000700	-0.2400000	0.2854482	0.2736217	0.1214667	0.0000000	0.0000000
7000.6209600	7000.0338101	6999.8782813	-0.1200841	-0.2400000	0.3316146	0.2721744	0.1309741	0.0000000	0.0000000
7000.6209600	7000.0338101	6999.8782813	-0.1400981	-0.2400000	0.4390920	0.2714032	0.1343234	0.0000000	0.0000000
7000.6209600	7000.0338101	6999.8782813	-0.1601121	-0.2400000	0.4341210	0.2712561	0.1325282	0.0000000	0.0000000
7000.6209600	7000.0338101	6999.8782813	-0.1801261	-0.2400000	0.3393607	0.2724230	0.1294166	0.0000000	0.0000000
7000.6209600	7000.0338101	6999.8782813	-0.2001401	-0.2400000	0.3190452	0.2697501	0.1304833	0.0000000	0.0000000
7000.6209600	7000.0338101	6999.8782813	-0.2201541	-0.2400000	0.2801990	0.2703333	0.1273231	0.0000000	0.0000000
7000.6209600	7000.0338101	6999.8782813	-0.2398346	-0.2400000	0.2965579	0.2729634	0.1239469	0.0000000	0.0000000
7000.6209600	7000.0338101	6999.8782813	-0.2598486	-0.2400000	0.3345343	0.2748129	0.1252380	0.0000000	0.0000000
7000.6209600	7000.0338101	6999.8782813	-0.2798626	-0.2400000	0.4043546	0.2740157	0.1292606	0.0000000	0.0000000
7000.6209600	7000.0338101	6999.8782813	-0.2998766	-0.2400000	0.4015273	0.2742922	0.1303588	0.0000000	0.0000000
7000.6209600	7000.0338101	6999.8782813	-0.3198906	-0.2400000	0.3500889	0.2745330	0.1265453	0.0000000	0.0000000
7000.6209600	7000.0338101	6999.8782813	-0.3399046	-0.2400000	0.2915396	0.2745466	0.1244978	0.0000000	0.0000000
7000.6209600	7000.0338101	6999.8782813	-0.3599186	-0.2400000	0.2618876	0.2743823	0.1245867	0.0000000	0.0000000
7000.6209600	7000.0338101	6999.8782813	-0.3799326	-0.2400000	0.3880472	0.2759087	0.1280677	0.0000000	0.0000000
7000.6209600	7000.0338101	6999.8782813	-0.3999466	-0.2400000	0.4056030	0.2760526	0.1258662	0.0000000	0.0000000
7000.6209600	7000.0338101	6999.8782813	-0.4199606	-0.2400000	0.3409115	0.2750516	0.1282240	0.0000000	0.0000000
7000.6209600	7000.0338101	6999.8782813	-0.4399746	-0.2400000	0.2573429	0.2735878	0.1331857	0.0000000	0.0000000
7000.6209600	7000.0338101	6999.8782813	-0.4599887	-0.2400000	0.2584534	0.2742358	0.1275996	0.0000000	0.0000000
7000.6209600	7000.0338101	6999.8782813	-0.4800027	-0.2400000	0.3779762	0.2751765	0.1307128	0.0000000	0.0000000
7000.6209600	7000.0338101	6999.8782813	-0.5000167	-0.2400000	0.3717456	0.2741903	0.1269412	0.0000000	0.0000000
7000.6209600	7000.0338101	6999.8782813	-0.5200307	-0.2400000	0.3240834	0.2765803	0.1263876	0.0000000	0.0000000
7000.6209600	7000.0338101	6999.8782813	-0.5400447	-0.2400000	0.2322749	0.2770999	0.1239729	0.0000000	0.0000000
7000.6209600	7000.0338101	6999.8782813	-0.5600587	-0.2400000	0.2240632	0.2744590	0.1327166	0.0000000	0.0000000
7000.6209600	7000.0338101	6999.8782813	-0.5800727	-0.2400000	0.3126860	0.2775953	0.1219816	0.0000000	0.0000000
7000.6209600	7000.0338101	6999.8782813	-0.6000867	-0.2400000	0.3150422	0.2750886	0.1280125	0.0000000	0.0000000
7000.6209600	7000.0338101	6999.8782813	-0.6201007	-0.2400000	0.2832476	0.2770823	0.1266403	0.0000000	0.0000000
7000.6209600	7000.0338101	6999.8782813	-0.6401147	-0.2400000	0.2031139	0.2773822	0.1249377	0.0000000	0.0000000
7000.6209600	7000.0338101	6999.8782813	-0.6601288	-0.2400000	0.2039675	0.2771680	0.1237389	0.0000000	0.0000000
7000.6209600	7000.0338101	6999.8782813	-0.6801428	-0.2400000	0.2920272	0.2756272	0.1246936	0.0000000	0.0000000
7000.6209600	7000.0338101	6999.8782813	-0.7001568	-0.2400000	0.2659409	0.2760256	0.1273660	0.0000000	0.0000000
7000.6209600	7000.0338101	6999.8782813	-0.7198372	-0.2400000	0.2374923	0.2756752	0.1295466	0.0000000	0.0000000
7000.6209600	7000.0338101	6999.8782813	-0.7398512	-0.2400000	0.1600062	0.2765483	0.1270509	0.0000000	0.0000000
7000.6209600	7000.0338101	6999.8782813	-0.7598652	-0.2400000	0.1838733	0.2763462	0.1271129	0.0000000	0.0000000
7000.6209600	7000.0338101	6999.8782813	-0.7798792	-0.2400000	0.2494026	0.2771476	0.1247683	0.0000000	0.0000000
7000.6209600	7000.0338101	6999.8782813	-0.7998933	-0.2400000	0.2260605	0.2747021	0.1286604	0.0000000	0.0000000
7000.6209600	7000.0338101	6999.8782813	-0.8199073	-0.2400000	0.1664690	0.2759980	0.1250702	0.0000000	0.0000000
7000.6209600	7000.0338101	6999.8782813	-0.8399213	-0.2400000	0.1711095	0.2762832	0.1279657	0.0000000	0.0000000
7000.6209600	7000.0338101	6999.8782813	-0.8599353	-0.2400000	0.1967187	0.2784619	0.1275159	0.0000000	0.0000000
7000.6209600	7000.0338101	6999.8782813	-0.8799493	-0.2400000	0.2008438	0.2793430	0.1252946	0.0000000	0.0000000
7000.6209600	7000.0338101	6999.8782813	-0.8999633	-0.2400000	0.1576415	0.2768180	0.1279268	0.0000000	0.0000000
7000.6209600	7000.0338101	6999.8782813	-0.9199773	-0.2400000	0.1036844	0.2774490	0.1222015	0.0000000	0.0000000
7000.6209600	7000.0338101	6999.8782813	-0.9399913	-0.2400000	0.1793215	0.2775345	0.1253044	0.0000000	0.0000000
7000.6209600	7000.0338101	6999.8782813	-0.9600053	-0.2400000	0.1933345	0.2793542	0.1259424	0.0000000	0.0000000
7000.6209600	7000.0338101	6999.8782813	-0.9800193	-0.2400000	0.1382032	0.2787732	0.1248739	0.0000000	0.0000000
7000.6209600	7000.0338101	6999.8782813	-1.0000334	-0.2400000	0.1019984	0.2800112	0.1259406	0.0000000	0.0000000
