7000.6209600	7000.0338101	6999.8782813	1.0000334	-0.5600587	0.1005647	0.2722347	0.1302590	0.0000000	-0.5600000
7000.6209600	7000.0338101	6999.8782813	0.9800193	-0.5600000	0.0821644	0.2710815	0.1330042	0.0000000	0.0000000
7000.6209600	7000.0338101	6999.8782813	0.9600053	-0.5600000	0.0995754	0.2736676	0.1327117	0.0000000	0.0000000
7000.6209600	7000.0338101	6999.8782813	0.9399913	-0.5600000	0.1010913	0.2722181	0.1325204	0.0000000	0.0000000
7000.6209600	7000.0338101	6999.8782813	0.9199773	-0.5600000	0.1525317	0.2735110	0.1321819	0.0000000	0.0000000
7000.6209600	7000.0338101	6999.8782813	0.8999633	-0.5600000	0.1483511	0.2720444	0.1321746	0.0000000	0.0000000
7000.6209600	7000.0338101	6999.8782813	0.8799493	-0.5600000	0.0982781	0.2707867	0.1347500	0.0000000	0.0000000
7000.6209600	7000.0338101	6999.8782813	0.8599353	-0.5600000	0.1005045	0.2735216	0.1327323	0.0000000	0.0000000
7000.6209600	7000.0338101	6999.8782813	0.8399213	-0.5600000	0.1262164	0.2719805	0.1324015	0.0000000	0.0000000
7000.6209600	7000.0338101	6999.8782813	0.8199073	-0.5600000	0.1615867	0.2737948	0.1259019	0.0000000	0.0000000
7000.6209600	7000.0338101	6999.8782813	0.7998933	-0.5600000	0.1390022	0.2726427	0.1233895	0.0000000	0.0000000
7000.6209600	7000.0338101	6999.8782813	0.7798792	-0.5600000	0.1083658	0.2733910	0.1268894	0.0000000	0.0000000
7000.6209600	7000.0338101	6999.8782813	0.7598652	-0.5600000	0.1161725	0.2723750	0.1321172	0.0000000	0.0000000
7000.6209600	7000.0338101	6999.8782813	0.7398512	-0.5600000	0.1475140	0.2740120	0.1294413	0.0000000	0.0000000
7000.6209600	7000.0338101	6999.8782813	0.7198372	-0.5600000	0.1829973	0.2748096	0.1307474	0.0000000	0.0000000
7000.6209600	7000.0338101	6999.8782813	0.7001568	-0.5600000	0.1780377	0.2746372	0.1285582	0.0000000	0.0000000
7000.6209600	7000.0338101	6999.8782813	0.6801428	-0.5600000	0.1345607	0.2731467	0.1264344	0.0000000	0.0000000
7000.6209600	7000.0338101	6999.8782813	0.6601288	-0.5600000	0.1229615	0.2707882	0.1324399	0.0000000	0.0000000
7000.6209600	7000.0338101	6999.8782813	0.6401147	-0.5600000	0.1490483	0.2726056	0.1325566	0.0000000	0.0000000
7000.6209600	7000.0338101	6999.8782813	0.6201007	-0.5600000	0.2054958	0.2725760	0.1292292	0.0000000	0.0000000
7000.6209600	7000.0338101	6999.8782813	0.6000867	-0.5600000	0.2067451	0.2734003	0.1292441	0.0000000	0.0000000
7000.6209600	7000.0338101	6999.8782813	0.5800727	-0.5600000	0.1545591	0.2717438	0.1319598	0.0000000	0.0000000
7000.6209600	7000.0338101	6999.8782813	0.5600587	-0.5600000	0.1524482	0.2736329	0.1285220	0.0000000	0.0000000
7000.6209600	7000.0338101	6999.8782813	0.5400447	-0.5600000	0.1745145	0.2717129	0.1286372	0.0000000	0.0000000
7000.6209600	7000.0338101	6999.8782813	0.5200307	-0.5600000	0.2300200	0.2706475	0.1305991	0.0000000	0.0000000
7000.6209600	7000.0338101	6999.8782813	0.5000167	-0.5600000	0.2206023	0.2711912	0.1287694	0.0000000	0.0000000
7000.6209600	7000.0338101	6999.8782813	0.4800027	-0.5600000	0.1606533	0.2738916	0.1305371	0.0000000	0.0000000
7000.6209600	7000.0338101	6999.8782813	0.4599887	-0.5600000	0.1719578	0.2723965	0.1314199	0.0000000	0.0000000
7000.6209600	7000.0338101	6999.8782813	0.4399746	-0.5600000	0.1960015	0.2731661	0.1321401	0.0000000	0.0000000
7000.6209600	7000.0338101	6999.8782813	0.4199606	-0.5600000	0.2393822	0.2736598	0.1265287	0.0000000	0.0000000
7000.6209600	7000.0338101	6999.8782813	0.3999466	-0.5600000	0.2208595	0.2711864	0.1303735	0.0000000	0.0000000
7000.6209600	7000.0338101	6999.8782813	0.3799326	-0.5600000	0.1725171	0.2721354	0.1314642	0.0000000	0.0000000
7000.6209600	7000.0338101	6999.8782813	0.3599186	-0.5600000	0.1879678	0.2707286	0.1324312	0.0000000	0.0000000
7000.6209600	7000.0338101	6999.8782813	0.3399046	-0.5600000	0.2273734	0.2713145	0.1328778	0.0000000	0.0000000
7000.6209600	7000.0338101	6999.8782813	0.3198906	-0.5600000	0.2490884	0.2725916	0.1295150	0.0000000	0.0000000
7000.6209600	7000.0338101	6999.8782813	0.2998766	-0.5600000	0.2436207	0.2736559	0.1238121	0.0000000	0.0000000
7000.6209600	7000.0338101	6999.8782813	0.2798626	-0.5600000	0.1924169	0.2748350	0.1267169	0.0000000	0.0000000
7000.6209600	7000.0338101	6999.8782813	0.2598486	-0.5600000	0.2247231	0.2709856	0.1269561	0.0000000	0.0000000
7000.6209600	7000.0338101	6999.8782813	0.2398346	-0.5600000	0.2508461	0.2717325	0.1301975	0.0000000	0.0000000
7000.6209600	7000.0338101	6999.8782813	0.2201541	-0.5600000	0.2687993	0.2730970	0.1317117	0.0000000	0.0000000
7000.6209600	7000.0338101	6999.8782813	0.2001401	-0.5600000	0.2434668	0.2713477	0.1318779	0.0000000	0.0000000
7000.6209600	7000.0338101	6999.8782813	0.1801261	-0.5600000	0.1931921	0.2721356	0.1283478	0.0000000	0.0000000
7000.6209600	7000.0338101	6999.8782813	0.1601121	-0.5600000	0.2183319	0.2708322	0.1269506	0.0000000	0.0000000
7000.6209600	7000.0338101	6999.8782813	0.1400981	-0.5600000	0.2903743	0.2709341	0.1355912	0.0000000	0.0000000
7000.6209600	7000.0338101	6999.8782813	0.1200841	-0.5600000	0.2842576	0.2721880	0.1337238	0.0000000	0.0000000
7000.6209600	7000.0338101	6999.8782813	0.1000700	-0.5600000	0.2699216	0.2714403	0.1332262	0.0000000	0.0000000
7000.6209600	7000.0338101	6999.8782813	0.0800560	-0.5600000	0.2176846	0.2722743	0.1305763	0.0000000	0.0000000
7000.6209600	7000.0338101	6999.8782813	0.0600420	-0.5600000	0.2780300	0.2729551	0.1288655	0.0000000	0.0000000
7000.6209600	7000.0338101	6999.8782813	0.0400280	-0.5600000	0.3007549	0.2693909	0.1343806	0.0000000	0.0000000
7000.6209600	7000.0338101	6999.8782813	0.0200140	-0.5600000	0.3089730	0.2704787	0.1336117	0.0000000	0.0000000
7000.6209600	7000.0338101	6999.8782813	0.0000000	-0.5600000	0.2821814	0.2682742	0.1359689	0.0000000	0.0000000
7000.6209600	7000.0338101	6999.8782813	-0.0200140	-0.5600000	0.2726631	0.2707109	0.1344491	0.0000000	0.0000000
7000.6209600	7000.0338101	6999.8782813	-0.0400280	-0.5600000	0.2901339	0.2711432	0.1309535	0.0000000	0.0000000
7000.6209600	7000.0338101	6999.8782813	-0.0600420	-0.5600000	0.3246920	0.2692770	0.1352461	0.0000000	0.0000000
7000.6209600	7000.0338101	6999.8782813	-0.0800560	-0.5600000	0.3486029	0.2692251	0.1365944	0.0000000	0.0000000
7000.6209600	7000.0338101	6999.8782813	-0.1000700	-0.5600000	0.3381088	0.2691077	0.1351772	0.0000000	0.0000000
7000.6209600	7000.0338101	6999.8782813	-0.1200841	-0.5600000	0.2720560	0.2722415	0.1319639	0.0000000	0.0000000
7000.6209600	7000.0338101	6999.8782813	-0.1400981	-0.5600000	0.2727607	0.2709307	0.1328021	0.0000000	0.0000000
7000.6209600	7000.0338101	6999.8782813	-0.1601121	-0.5600000	0.3004607	0.2707679	0.1329277	0.0000000	0.0000000
7000.6209600	7000.0338101	6999.8782813	-0.1801261	-0.5600000	0.3867521	0.2704368	0.1363938	0.0000000	0.0000000
7000.6209600	7000.0338101	6999.8782813	-0.2001401	-0.5600000	0.3720133	0.2731711	0.1295638	0.0000000	0.0000000
7000.6209600	7000.0338101	6999.8782813	-0.2201541	-0.5600000	0.3114460	0.2699835	0.1284381	0.0000000	0.0000000
7000.6209600	7000.0338101	6999.8782813	-0.2398346	-0.5600000	0.2913987	0.2711085	0.1333042	0.0000000	0.0000000
7000.6209600	7000.0338101	6999.8782813	-0.2598486	-0.5600000	0.2892772	0.2711875	0.1355664	0.0000000	0.0000000
7000.6209600	7000.0338101	6999.8782813	-0.2798626	-0.5600000	0.3667980	0.2717118	0.1332211	0.0000000	0.0000000
7000.6209600	7000.0338101	6999.8782813	-0.2998766	-0.5600000	0.3729628	0.2722032	0.1288661	0.0000000	0.0000000
7000.6209600	7000.0338101	6999.8782813	-0.3198906	-0.5600000	0.3950988	0.2714615	0.1317618	0.0000000	0.0000000
7000.6209600	7000.0338101	6999.8782813	-0.3399046	-0.5600000	0.3262085	0.2716056	0.1341859	0.0000000	0.0000000
7000.6209600	7000.0338101	6999.8782813	-0.3599186	-0.5600000	0.3087853	0.2714006	0.1343212	0.0000000	0.0000000
7000.6209600	7000.0338101	6999.8782813	-0.3799326	-0.5600000	0.3403158	0.2713861	0.1343624	0.0000000	0.0000000
7000.6209600	7000.0338101	6999.8782813	-0.3999466	-0.5600000	0.3474908	0.2717284	0.1305062	0.0000000	0.0000000
7000.6209600	7000.0338101	6999.8782813	-0.4199606	-0.5600000	0.3727460	0.2725634	0.1243844	0.0000000	0.0000000
7000.6209600	7000.0338101	6999.8782813	-0.4399746	-0.5600000	0.3799503	0.2724224	0.1284844	0.0000000	0.0000000
7000.6209600	7000.0338101	6999.8782813	-0.4599887	-0.5600000	0.3447307	0.2719952	0.1339799	0.0000000	0.0000000
7000.6209600	7000.0338101	6999.8782813	-0.4800027	-0.5600000	0.3386779	0.2717415	0.1360967	0.0000000	0.0000000
7000.6209600	7000.0338101	6999.8782813	-0.5000167	-0.5600000	0.3449182	0.2720101	0.1329398	0.0000000	0.0000000
7000.6209600	7000.0338101	6999.8782813	-0.5200307	-0.5600000	0.4300872	0.2732834	0.1324838	0.0000000	0.0000000
7000.6209600	7000.0338101	6999.8782813	-0.5400447	-0.5600000	0.3858529	0.2715724	0.1339722	0.0000000	0.0000000
7000.6209600	7000.0338101	6999.8782813	-0.5600587	-0.5600000	0.3579875	0.2714843	0.1320493	0.0000000	0.0000000
7000.6209600	7000.0338101	6999.8782813	-0.5800727	-0.5600000	0.3155660	0.2713628	0.1309966	0.0000000	0.0000000
7000.6209600	7000.0338101	6999.8782813	-0.6000867	-0.5600000	0.3770107	0.2710299	0.1299977	0.0000000	0.0000000
7000.6209600	7000.0338101	6999.8782813	-0.6201007	-0.5600000	0.4093728	0.2724146	0.1313229	0.0000000	0.0000000
7000.6209600	7000.0338101	6999.8782813	-0.6401147	-0.5600000	0.3435085	0.2714175	0.1325590	0.0000000	0.0000000
7000.6209600	7000.0338101	6999.8782813	-0.6601288	-0.5600000	0.3188993	0.2714181	0.1262786	0.0000000	0.0000000
7000.6209600	7000.0338101	6999.8782813	-0.6801428	-0.5600000	0.3550132	0.2716525	0.1341537	0.0000000	0.0000000
7000.6209600	7000.0338101	6999.8782813	-0.7001568	-0.5600000	0.3731210	0.2704719	0.1335460	0.0000000	0.0000000
7000.6209600	7000.0338101	6999.8782813	-0.7198372	-0.5600000	0.4008137	0.2712578	0.1332782	0.0000000	0.0000000
7000.6209600	7000.0338101	6999.8782813	-0.7398512	-0.5600000	0.3084706	0.2723658	0.1294431	0.0000000	0.0000000
7000.6209600	7000.0338101	6999.8782813	-0.7598652	-0.5600000	0.2895867	0.2701445	0.1332155	0.0000000	0.0000000
7000.6209600	7000.0338101	6999.8782813	-0.7798792	-0.5600000	0.3135857	0.2696648	0.1330450	0.0000000	0.0000000
7000.6209600	7000.0338101	6999.8782813	-0.7998933	-0.5600000	0.3360286	0.2715363	0.1277146	0.0000000	0.0000000
7000.6209600	7000.0338101	6999.8782813	-0.8199073	-0.5600000	0.3481321	0.2701392	0.1310339	0.0000000	0.0000000
7000.6209600	7000.0338101	6999.8782813	-0.8399213	-0.5600000	0.2471321	0.2702216	0.1311096	0.0000000	0.0000000
7000.6209600	7000.0338101	6999.8782813	-0.8599353	-0.5600000	0.2264874	0.2715413	0.1285385	0.0000000	0.0000000
7000.6209600	7000.0338101	6999.8782813	-0.8799493	-0.5600000	0.3366771	0.2730673	0.1278177	0.0000000	0.0000000
7000.6209600	7000.0338101	6999.8782813	-0.8999633	-0.5600000	0.3372046	0.2709467	0.1325269	0.0000000	0.0000000
7000.6209600	7000.0338101	6999.8782813	-0.9199773	-0.5600000	0.2988033	0.2703025	0.1360874	0.0000000	0.0000000
7000.6209600	7000.0338101	6999.8782813	-0.9399913	-0.5600000	0.2348846	0.2731287	0.1286359	0.0000000	0.0000000
7000.6209600	7000.0338101	6999.8782813	-0.9600053	-0.5600000	0.2459913	0.2727130	0.1292212	0.0000000	0.0000000
7000.6209600	7000.0338101	6999.8782813	-0.9800193	-0.5600000	0.3041160	0.2728334	0.1296311	0.0000000	0.0000000
7000.6209600	7000.0338101	6999.8782813	-1.0000334	-0.5600000	0.2686956	0.2722487	0.1261024	0.0000000	0.0000000
