7000.6209600	7000.0338101	6999.8782813	1.0000334	-0.3799326	0.2125922	0.2747363	0.1265823	0.0000000	-0.3800000
7000.6209600	7000.0338101	6999.8782813	0.9800193	-0.3800000	0.1790531	0.2724393	0.1303138	0.0000000	0.0000000
7000.6209600	7000.0338101	6999.8782813	0.9600053	-0.3800000	0.1450359	0.2744908	0.1205461	0.0000000	0.0000000
7000.6209600	7000.0338101	6999.8782813	0.9399913	-0.3800000	0.1536205	0.2727424	0.1276707	0.0000000	0.0000000
7000.6209600	7000.0338101	6999.8782813	0.9199773	-0.3800000	0.2337032	0.2722401	0.1283016	0.0000000	0.0000000
7000.6209600	7000.0338101	6999.8782813	0.8999633	-0.3800000	0.2482698	0.2718120	0.1273721	0.0000000	0.0000000
7000.6209600	7000.0338101	6999.8782813	0.8799493	-0.3800000	0.2101000	0.2727267	0.1284879	0.0000000	0.0000000
7000.6209600	7000.0338101	6999.8782813	0.8599353	-0.3800000	0.1632802	0.2718975	0.1304447	0.0000000	0.0000000
7000.6209600	7000.0338101	6999.8782813	0.8399213	-0.3800000	0.1780868	0.2711389	0.1320676	0.0000000	0.0000000
7000.6209600	7000.0338101	6999.8782813	0.8199073	-0.3800000	0.2468970	0.2715747	0.1326958	0.0000000	0.0000000
7000.6209600	7000.0338101	6999.8782813	0.7998933	-0.3800000	0.2681290	0.2720538	0.1328340	0.0000000	0.0000000
7000.6209600	7000.0338101	6999.8782813	0.7798792	-0.3800000	0.2239136	0.2700876	0.1336211	0.0000000	0.0000000
7000.6209600	7000.0338101	6999.8782813	0.7598652	-0.3800000	0.1713267	0.2705734	0.1323458	0.0000000	0.0000000
7000.6209600	7000.0338101	6999.8782813	0.7398512	-0.3800000	0.1875531	0.2694907	0.1327202	0.0000000	0.0000000
7000.6209600	7000.0338101	6999.8782813	0.7198372	-0.3800000	0.2850648	0.2720011	0.1261102	0.0000000	0.0000000
7000.6209600	7000.0338101	6999.8782813	0.7001568	-0.3800000	0.2982607	0.2727273	0.1324448	0.0000000	0.0000000
7000.6209600	7000.0338101	6999.8782813	0.6801428	-0.3800000	0.2688391	0.2710327	0.1303259	0.0000000	0.0000000
7000.6209600	7000.0338101	6999.8782813	0.6601288	-0.3800000	0.1858490	0.2705531	0.1311943	0.0000000	0.0000000
7000.6209600	7000.0338101	6999.8782813	0.6401147	-0.3800000	0.1937145	0.2729624	0.1256766	0.0000000	0.0000000
7000.6209600	7000.0338101	6999.8782813	0.6201007	-0.3800000	0.2793141	0.2721982	0.1265635	0.0000000	0.0000000
7000.6209600	7000.0338101	6999.8782813	0.6000867	-0.3800000	0.3043453	0.2729771	0.1251161	0.0000000	0.0000000
7000.6209600	7000.0338101	6999.8782813	0.5800727	-0.3800000	0.2599120	0.2732075	0.1298975	0.0000000	0.0000000
7000.6209600	7000.0338101	6999.8782813	0.5600587	-0.3800000	0.2219495	0.2721960	0.1336068	0.0000000	0.0000000
7000.6209600	7000.0338101	6999.8782813	0.5400447	-0.3800000	0.2043599	0.2702849	0.1335745	0.0000000	0.0000000
7000.6209600	7000.0338101	6999.8782813	0.5200307	-0.3800000	0.2808442	0.2728135	0.1214513	0.0000000	0.0000000
7000.6209600	7000.0338101	6999.8782813	0.5000167	-0.3800000	0.3017589	0.2733383	0.1246414	0.0000000	0.0000000
7000.6209600	7000.0338101	6999.8782813	0.4800027	-0.3800000	0.2680930	0.2715653	0.1315366	0.0000000	0.0000000
7000.6209600	7000.0338101	6999.8782813	0.4599887	-0.3800000	0.2277172	0.2721216	0.1263737	0.0000000	0.0000000
7000.6209600	7000.0338101	6999.8782813	0.4399746	-0.3800000	0.2266534	0.2720626	0.1318594	0.0000000	0.0000000
7000.6209600	7000.0338101	6999.8782813	0.4199606	-0.3800000	0.3372260	0.2715829	0.1321149	0.0000000	0.0000000
7000.6209600	7000.0338101	6999.8782813	0.3999466	-0.3800000	0.3345814	0.2713743	0.1275728	0.0000000	0.0000000
7000.6209600	7000.0338101	6999.8782813	0.3799326	-0.3800000	0.2775103	0.2725718	0.1276132	0.0000000	0.0000000
7000.6209600	7000.0338101	6999.8782813	0.3599186	-0.3800000	0.2352703	0.2721444	0.1358390	0.0000000	0.0000000
7000.6209600	7000.0338101	6999.8782813	0.3399046	-0.3800000	0.2313207	0.2716146	0.1322611	0.0000000	0.0000000
7000.6209600	7000.0338101	6999.8782813	0.3198906	-0.3800000	0.3675442	0.2737981	0.1313685	0.0000000	0.0000000
7000.6209600	7000.0338101	6999.8782813	0.2998766	-0.3800000	0.3764838	0.2717075	0.1325698	0.0000000	0.0000000
7000.6209600	7000.0338101	6999.8782813	0.2798626	-0.3800000	0.2781530	0.2683295	0.1339406	0.0000000	0.0000000
7000.6209600	7000.0338101	6999.8782813	0.2598486	-0.3800000	0.2431903	0.2700734	0.1297684	0.0000000	0.0000000
7000.6209600	7000.0338101	6999.8782813	0.2398346	-0.3800000	0.2680786	0.2710948	0.1307137	0.0000000	0.0000000
7000.6209600	7000.0338101	6999.8782813	0.2201541	-0.3800000	0.3554320	0.2701229	0.1322134	0.0000000	0.0000000
7000.6209600	7000.0338101	6999.8782813	0.2001401	-0.3800000	0.3661776	0.2704270	0.1327052	0.0000000	0.0000000
7000.6209600	7000.0338101	6999.8782813	0.1801261	-0.3800000	0.2949177	0.2685247	0.1300975	0.0000000	0.0000000
7000.6209600	7000.0338101	6999.8782813	0.1601121	-0.3800000	0.2598392	0.2698788	0.1323088	0.0000000	0.0000000
7000.6209600	7000.0338101	6999.8782813	0.1400981	-0.3800000	0.2978328	0.2721531	0.1282451	0.0000000	0.0000000
7000.6209600	7000.0338101	6999.8782813	0.1200841	-0.3800000	0.3874485	0.2685555	0.1325597	0.0000000	0.0000000
7000.6209600	7000.0338101	6999.8782813	0.1000700	-0.3800000	0.3564800	0.2686965	0.1288831	0.0000000	0.0000000
7000.6209600	7000.0338101	6999.8782813	0.0800560	-0.3800000	0.3229076	0.2706343	0.1341868	0.0000000	0.0000000
7000.6209600	7000.0338101	6999.8782813	0.0600420	-0.3800000	0.2577584	0.2705199	0.1307606	0.0000000	0.0000000
7000.6209600	7000.0338101	6999.8782813	0.0400280	-0.3800000	0.3174087	0.2711042	0.1339492	0.0000000	0.0000000
7000.6209600	7000.0338101	6999.8782813	0.0200140	-0.3800000	0.4151206	0.2724364	0.1350325	0.0000000	0.0000000
7000.6209600	7000.0338101	6999.8782813	0.0000000	-0.3800000	0.4053862	0.2709474	0.1328416	0.0000000	0.0000000
7000.6209600	7000.0338101	6999.8782813	-0.0200140	-0.3800000	0.3513561	0.2715352	0.1332981	0.0000000	0.0000000
7000.6209600	7000.0338101	6999.8782813	-0.0400280	-0.3800000	0.2701860	0.2710038	0.1299152	0.0000000	0.0000000
7000.6209600	7000.0338101	6999.8782813	-0.0600420	-0.3800000	0.3110940	0.2716666	0.1325786	0.0000000	0.0000000
7000.6209600	7000.0338101	6999.8782813	-0.0800560	-0.3800000	0.4222329	0.2723969	0.1307159	0.0000000	0.0000000
7000.6209600	7000.0338101	6999.8782813	-0.1000700	-0.3800000	0.4494409	0.2713055	0.1321162	0.0000000	0.0000000
7000.6209600	7000.0338101	6999.8782813	-0.1200841	-0.3800000	0.3769832	0.2717843	0.1297596	0.0000000	0.0000000
7000.6209600	7000.0338101	6999.8782813	-0.1400981	-0.3800000	0.2815398	0.2725691	0.1293398	0.0000000	0.0000000
7000.6209600	7000.0338101	6999.8782813	-0.1601121	-0.3800000	0.2992676	0.2715315	0.1303938	0.0000000	0.0000000
7000.6209600	7000.0338101	6999.8782813	-0.1801261	-0.3800000	0.3811069	0.2735498	0.1258888	0.0000000	0.0000000
7000.6209600	7000.0338101	6999.8782813	-0.2001401	-0.3800000	0.4350173	0.2738594	0.1261345	0.0000000	0.0000000
7000.6209600	7000.0338101	6999.8782813	-0.2201541	-0.3800000	0.4482308	0.2733145	0.1343538	0.0000000	0.0000000
7000.6209600	7000.0338101	6999.8782813	-0.2398346	-0.3800000	0.3924984	0.2714924	0.1324873	0.0000000	0.0000000
7000.6209600	7000.0338101	6999.8782813	-0.2598486	-0.3800000	0.3518458	0.2711703	0.1346561	0.0000000	0.0000000
7000.6209600	7000.0338101	6999.8782813	-0.2798626	-0.3800000	0.3647423	0.2729176	0.1333137	0.0000000	0.0000000
7000.6209600	7000.0338101	6999.8782813	-0.2998766	-0.3800000	0.3718871	0.2748593	0.1298577	0.0000000	0.0000000
7000.6209600	7000.0338101	6999.8782813	-0.3198906	-0.3800000	0.4367296	0.2738669	0.1337050	0.0000000	0.0000000
7000.6209600	7000.0338101	6999.8782813	-0.3399046	-0.3800000	0.4363011	0.2727371	0.1308613	0.0000000	0.0000000
7000.6209600	7000.0338101	6999.8782813	-0.3599186	-0.3800000	0.4190222	0.2737723	0.1321819	0.0000000	0.0000000
7000.6209600	7000.0338101	6999.8782813	-0.3799326	-0.3800000	0.3148912	0.2747972	0.1326597	0.0000000	0.0000000
7000.6209600	7000.0338101	6999.8782813	-0.3999466	-0.3800000	0.3222426	0.2727256	0.1290308	0.0000000	0.0000000
7000.6209600	7000.0338101	6999.8782813	-0.4199606	-0.3800000	0.3731294	0.2746663	0.1286180	0.0000000	0.0000000
7000.6209600	7000.0338101	6999.8782813	-0.4399746	-0.3800000	0.4494410	0.2754521	0.1337285	0.0000000	0.0000000
7000.6209600	7000.0338101	6999.8782813	-0.4599887	-0.3800000	0.4324154	0.2759269	0.1340394	0.0000000	0.0000000
7000.6209600	7000.0338101	6999.8782813	-0.4800027	-0.3800000	0.3085511	0.2730282	0.1368489	0.0000000	0.0000000
7000.6209600	7000.0338101	6999.8782813	-0.5000167	-0.3800000	0.3034832	0.2754667	0.1320236	0.0000000	0.0000000
7000.6209600	7000.0338101	6999.8782813	-0.5200307	-0.3800000	0.3463809	0.2759480	0.1345098	0.0000000	0.0000000
7000.6209600	7000.0338101	6999.8782813	-0.5400447	-0.3800000	0.3992126	0.2752870	0.1278937	0.0000000	0.0000000
7000.6209600	7000.0338101	6999.8782813	-0.5600587	-0.3800000	0.4021720	0.2754110	0.1304731	0.0000000	0.0000000
7000.6209600	7000.0338101	6999.8782813	-0.5800727	-0.3800000	0.2524377	0.2762589	0.1271182	0.0000000	0.0000000
7000.6209600	7000.0338101	6999.8782813	-0.6000867	-0.3800000	0.2608075	0.2771212	0.1276992	0.0000000	0.0000000
7000.6209600	7000.0338101	6999.8782813	-0.6201007	-0.3800000	0.3271986	0.2759615	0.1282135	0.0000000	0.0000000
7000.6209600	7000.0338101	6999.8782813	-0.6401147	-0.3800000	0.3898433	0.2763295	0.1342750	0.0000000	0.0000000
7000.6209600	7000.0338101	6999.8782813	-0.6601288	-0.3800000	0.3322788	0.2790881	0.1254705	0.0000000	0.0000000
7000.6209600	7000.0338101	6999.8782813	-0.6801428	-0.3800000	0.2373473	0.2755609	0.1290585	0.0000000	0.0000000
7000.6209600	7000.0338101	6999.8782813	-0.7001568	-0.3800000	0.2750786	0.2764775	0.1274958	0.0000000	0.0000000
7000.6209600	7000.0338101	6999.8782813	-0.7198372	-0.3800000	0.2981467	0.2768026	0.1289537	0.0000000	0.0000000
7000.6209600	7000.0338101	6999.8782813	-0.7398512	-0.3800000	0.3119844	0.2772731	0.1328976	0.0000000	0.0000000
7000.6209600	7000.0338101	6999.8782813	-0.7598652	-0.3800000	0.2794875	0.2772627	0.1257397	0.0000000	0.0000000
7000.6209600	7000.0338101	6999.8782813	-0.7798792	-0.3800000	0.2013567	0.2767244	0.1273501	0.0000000	0.0000000
7000.6209600	7000.0338101	6999.8782813	-0.7998933	-0.3800000	0.2537024	0.2772806	0.1252719	0.0000000	0.0000000
7000.6209600	7000.0338101	6999.8782813	-0.8199073	-0.3800000	0.2880278	0.2786908	0.1289570	0.0000000	0.0000000
7000.6209600	7000.0338101	6999.8782813	-0.8399213	-0.3800000	0.2308618	0.2771423	0.1249009	0.0000000	0.0000000
7000.6209600	7000.0338101	6999.8782813	-0.8599353	-0.3800000	0.2051075	0.2766971	0.1302964	0.0000000	0.0000000
7000.6209600	7000.0338101	6999.8782813	-0.8799493	-0.3800000	0.2161757	0.2772278	0.1290433	0.0000000	0.0000000
7000.6209600	7000.0338101	6999.8782813	-0.8999633	-0.3800000	0.2620446	0.2789397	0.1246897	0.0000000	0.0000000
7000.6209600	7000.0338101	6999.8782813	-0.9199773	-0.3800000	0.2544269	0.2776593	0.1237023	0.0000000	0.0000000
7000.6209600	7000.0338101	6999.8782813	-0.9399913	-0.3800000	0.1818048	0.2781400	0.1250620	0.0000000	0.0000000
7000.6209600	7000.0338101	6999.8782813	-0.9600053	-0.3800000	0.1454103	0.2780460	0.1263558	0.0000000	0.0000000
7000.6209600	7000.0338101	6999.8782813	-0.9800193	-0.3800000	0.2273025	0.2766254	0.1274062	0.0000000	0.0000000
7000.6209600	7000.0338101	6999.8782813	-1.0000334	-0.3800000	0.2367332	0.2783151	0.1268965	0.0000000	0.0000000
