7000.6209600	7000.0338101	6999.8782813	1.0000334	-0.3198906	0.1995726	0.2732953	0.1323615	0.0000000	-0.3200000
7000.6209600	7000.0338101	6999.8782813	0.9800193	-0.3200000	0.2327378	0.2735916	0.1300100	0.0000000	0.0000000
7000.6209600	7000.0338101	6999.8782813	0.9600053	-0.3200000	0.2383309	0.2724098	0.1297473	0.0000000	0.0000000
7000.6209600	7000.0338101	6999.8782813	0.9399913	-0.3200000	0.2195583	0.2751772	0.1196520	0.0000000	0.0000000
7000.6209600	7000.0338101	6999.8782813	0.9199773	-0.3200000	0.1834812	0.2714303	0.1330870	0.0000000	0.0000000
7000.6209600	7000.0338101	6999.8782813	0.8999633	-0.3200000	0.1897333	0.2728610	0.1324672	0.0000000	0.0000000
7000.6209600	7000.0338101	6999.8782813	0.8799493	-0.3200000	0.2395425	0.2726743	0.1305819	0.0000000	0.0000000
7000.6209600	7000.0338101	6999.8782813	0.8599353	-0.3200000	0.2780260	0.2734585	0.1294482	0.0000000	0.0000000
7000.6209600	7000.0338101	6999.8782813	0.8399213	-0.3200000	0.2590895	0.2724258	0.1304620	0.0000000	0.0000000
7000.6209600	7000.0338101	6999.8782813	0.8199073	-0.3200000	0.1806217	0.2723134	0.1296508	0.0000000	0.0000000
7000.6209600	7000.0338101	6999.8782813	0.7998933	-0.3200000	0.1873877	0.2740529	0.1286260	0.0000000	0.0000000
7000.6209600	7000.0338101	6999.8782813	0.7798792	-0.3200000	0.2655828	0.2729482	0.1299340	0.0000000	0.0000000
7000.6209600	7000.0338101	6999.8782813	0.7598652	-0.3200000	0.2831991	0.2722083	0.1293030	0.0000000	0.0000000
7000.6209600	7000.0338101	6999.8782813	0.7398512	-0.3200000	0.2614109	0.2746887	0.1320579	0.0000000	0.0000000
7000.6209600	7000.0338101	6999.8782813	0.7198372	-0.3200000	0.1938998	0.2748459	0.1300984	0.0000000	0.0000000
7000.6209600	7000.0338101	6999.8782813	0.7001568	-0.3200000	0.1925424	0.2735895	0.1301561	0.0000000	0.0000000
7000.6209600	7000.0338101	6999.8782813	0.6801428	-0.3200000	0.2481807	0.2718434	0.1305736	0.0000000	0.0000000
7000.6209600	7000.0338101	6999.8782813	0.6601288	-0.3200000	0.2958274	0.2745311	0.1267272	0.0000000	0.0000000
7000.6209600	7000.0338101	6999.8782813	0.6401147	-0.3200000	0.3038495	0.2741199	0.1295228	0.0000000	0.0000000
7000.6209600	7000.0338101	6999.8782813	0.6201007	-0.3200000	0.2130419	0.2737419	0.1311245	0.0000000	0.0000000
7000.6209600	7000.0338101	6999.8782813	0.6000867	-0.3200000	0.2169852	0.2720707	0.1302034	0.0000000	0.0000000
7000.6209600	7000.0338101	6999.8782813	0.5800727	-0.3200000	0.2663276	0.2736816	0.1283320	0.0000000	0.0000000
7000.6209600	7000.0338101	6999.8782813	0.5600587	-0.3200000	0.3163737	0.2741975	0.1296162	0.0000000	0.0000000
7000.6209600	7000.0338101	6999.8782813	0.5400447	-0.3200000	0.2998772	0.2719854	0.1305135	0.0000000	0.0000000
7000.6209600	7000.0338101	6999.8782813	0.5200307	-0.3200000	0.2182517	0.2730009	0.1294276	0.0000000	0.0000000
7000.6209600	7000.0338101	6999.8782813	0.5000167	-0.3200000	0.2247054	0.2748918	0.1254265	0.0000000	0.0000000
7000.6209600	7000.0338101	6999.8782813	0.4800027	-0.3200000	0.2866694	0.2740752	0.1266185	0.0000000	0.0000000
7000.6209600	7000.0338101	6999.8782813	0.4599887	-0.3200000	0.3272096	0.2735070	0.1308125	0.0000000	0.0000000
7000.6209600	7000.0338101	6999.8782813	0.4399746	-0.3200000	0.3067532	0.2722616	0.1281400	0.0000000	0.0000000
7000.6209600	7000.0338101	6999.8782813	0.4199606	-0.3200000	0.2193049	0.2725155	0.1281816	0.0000000	0.0000000
7000.6209600	7000.0338101	6999.8782813	0.3999466	-0.3200000	0.2348904	0.2738508	0.1314838	0.0000000	0.0000000
7000.6209600	7000.0338101	6999.8782813	0.3799326	-0.3200000	0.3064266	0.2745321	0.1292598	0.0000000	0.0000000
7000.6209600	7000.0338101	6999.8782813	0.3599186	-0.3200000	0.3519760	0.2734642	0.1285553	0.0000000	0.0000000
7000.6209600	7000.0338101	6999.8782813	0.3399046	-0.3200000	0.3286833	0.2742317	0.1263110	0.0000000	0.0000000
7000.6209600	7000.0338101	6999.8782813	0.3198906	-0.3200000	0.2483383	0.2724485	0.1275792	0.0000000	0.0000000
7000.6209600	7000.0338101	6999.8782813	0.2998766	-0.3200000	0.2781830	0.2734414	0.1279042	0.0000000	0.0000000
7000.6209600	7000.0338101	6999.8782813	0.2798626	-0.3200000	0.3679850	0.2743840	0.1315856	0.0000000	0.0000000
7000.6209600	7000.0338101	6999.8782813	0.2598486	-0.3200000	0.3518280	0.2724341	0.1308925	0.0000000	0.0000000
7000.6209600	7000.0338101	6999.8782813	0.2398346	-0.3200000	0.3075452	0.2720917	0.1279818	0.0000000	0.0000000
7000.6209600	7000.0338101	6999.8782813	0.2201541	-0.3200000	0.2399998	0.2713329	0.1281388	0.0000000	0.0000000
7000.6209600	7000.0338101	6999.8782813	0.2001401	-0.3200000	0.2568986	0.2732244	0.1278604	0.0000000	0.0000000
7000.6209600	7000.0338101	6999.8782813	0.1801261	-0.3200000	0.3434854	0.2724635	0.1304712	0.0000000	0.0000000
7000.6209600	7000.0338101	6999.8782813	0.1601121	-0.3200000	0.3839368	0.2736801	0.1325541	0.0000000	0.0000000
7000.6209600	7000.0338101	6999.8782813	0.1400981	-0.3200000	0.3545342	0.2746648	0.1270630	0.0000000	0.0000000
7000.6209600	7000.0338101	6999.8782813	0.1200841	-0.3200000	0.2804401	0.2733018	0.1263762	0.0000000	0.0000000
7000.6209600	7000.0338101	6999.8782813	0.1000700	-0.3200000	0.3023746	0.2756544	0.1233843	0.0000000	0.0000000
7000.6209600	7000.0338101	6999.8782813	0.0800560	-0.3200000	0.3430632	0.2747184	0.1252562	0.0000000	0.0000000
7000.6209600	7000.0338101	6999.8782813	0.0600420	-0.3200000	0.3944463	0.2741543	0.1273627	0.0000000	0.0000000
7000.6209600	7000.0338101	6999.8782813	0.0400280	-0.3200000	0.3657057	0.2719944	0.1294463	0.0000000	0.0000000
7000.6209600	7000.0338101	6999.8782813	0.0200140	-0.3200000	0.2753945	0.2727341	0.1304778	0.0000000	0.0000000
7000.6209600	7000.0338101	6999.8782813	0.0000000	-0.3200000	0.3072007	0.2736570	0.1277953	0.0000000	0.0000000
7000.6209600	7000.0338101	6999.8782813	-0.0200140	-0.3200000	0.3964905	0.2728394	0.1271310	0.0000000	0.0000000
7000.6209600	7000.0338101	6999.8782813	-0.0400280	-0.3200000	0.4104150	0.2745980	0.1260975	0.0000000	0.0000000
7000.6209600	7000.0338101	6999.8782813	-0.0600420	-0.3200000	0.4068400	0.2740745	0.1292053	0.0000000	0.0000000
7000.6209600	7000.0338101	6999.8782813	-0.0800560	-0.3200000	0.2947900	0.2732810	0.1278396	0.0000000	0.0000000
7000.6209600	7000.0338101	6999.8782813	-0.1000700	-0.3200000	0.2792878	0.2731008	0.1314117	0.0000000	0.0000000
7000.6209600	7000.0338101	6999.8782813	-0.1200841	-0.3200000	0.3565393	0.2737449	0.1309063	0.0000000	0.0000000
7000.6209600	7000.0338101	6999.8782813	-0.1400981	-0.3200000	0.4253821	0.2739238	0.1262046	0.0000000	0.0000000
7000.6209600	7000.0338101	6999.8782813	-0.1601121	-0.3200000	0.4251570	0.2758278	0.1231752	0.0000000	0.0000000
7000.6209600	7000.0338101	6999.8782813	-0.1801261	-0.3200000	0.3156342	0.2735311	0.1240044	0.0000000	0.0000000
7000.6209600	7000.0338101	6999.8782813	-0.2001401	-0.3200000	0.3069778	0.2741644	0.1256578	0.0000000	0.0000000
7000.6209600	7000.0338101	6999.8782813	-0.2201541	-0.3200000	0.3216216	0.2711085	0.1319813	0.0000000	0.0000000
7000.6209600	7000.0338101	6999.8782813	-0.2398346	-0.3200000	0.3869923	0.2722805	0.1308430	0.0000000	0.0000000
7000.6209600	7000.0338101	6999.8782813	-0.2598486	-0.3200000	0.3684204	0.2726836	0.1284392	0.0000000	0.0000000
7000.6209600	7000.0338101	6999.8782813	-0.2798626	-0.3200000	0.3697170	0.2744695	0.1226566	0.0000000	0.0000000
7000.6209600	7000.0338101	6999.8782813	-0.2998766	-0.3200000	0.3735487	0.2720195	0.1301082	0.0000000	0.0000000
7000.6209600	7000.0338101	6999.8782813	-0.3198906	-0.3200000	0.3049783	0.2725562	0.1315978	0.0000000	0.0000000
7000.6209600	7000.0338101	6999.8782813	-0.3399046	-0.3200000	0.2995231	0.2724164	0.1312484	0.0000000	0.0000000
7000.6209600	7000.0338101	6999.8782813	-0.3599186	-0.3200000	0.3317971	0.2723718	0.1306770	0.0000000	0.0000000
7000.6209600	7000.0338101	6999.8782813	-0.3799326	-0.3200000	0.4275780	0.2739552	0.1270944	0.0000000	0.0000000
7000.6209600	7000.0338101	6999.8782813	-0.3999466	-0.3200000	0.3650737	0.2727529	0.1254749	0.0000000	0.0000000
7000.6209600	7000.0338101	6999.8782813	-0.4199606	-0.3200000	0.3369567	0.2732716	0.1264519	0.0000000	0.0000000
7000.6209600	7000.0338101	6999.8782813	-0.4399746	-0.3200000	0.2830719	0.2724994	0.1315171	0.0000000	0.0000000
7000.6209600	7000.0338101	6999.8782813	-0.4599887	-0.3200000	0.2834542	0.2711896	0.1301912	0.0000000	0.0000000
7000.6209600	7000.0338101	6999.8782813	-0.4800027	-0.3200000	0.3808870	0.2744902	0.1226810	0.0000000	0.0000000
7000.6209600	7000.0338101	6999.8782813	-0.5000167	-0.3200000	0.3820529	0.2740588	0.1258749	0.0000000	0.0000000
7000.6209600	7000.0338101	6999.8782813	-0.5200307	-0.3200000	0.3344001	0.2741532	0.1260282	0.0000000	0.0000000
7000.6209600	7000.0338101	6999.8782813	-0.5400447	-0.3200000	0.2564858	0.2725839	0.1284047	0.0000000	0.0000000
7000.6209600	7000.0338101	6999.8782813	-0.5600587	-0.3200000	0.2558784	0.2746925	0.1320140	0.0000000	0.0000000
7000.6209600	7000.0338101	6999.8782813	-0.5800727	-0.3200000	0.3654470	0.2741448	0.1283826	0.0000000	0.0000000
7000.6209600	7000.0338101	6999.8782813	-0.6000867	-0.3200000	0.3345336	0.2712799	0.1318134	0.0000000	0.0000000
7000.6209600	7000.0338101	6999.8782813	-0.6201007	-0.3200000	0.2556244	0.2748329	0.1203981	0.0000000	0.0000000
7000.6209600	7000.0338101	6999.8782813	-0.6401147	-0.3200000	0.2374069	0.2728939	0.1298040	0.0000000	0.0000000
7000.6209600	7000.0338101	6999.8782813	-0.6601288	-0.3200000	0.2551418	0.2717762	0.1339037	0.0000000	0.0000000
7000.6209600	7000.0338101	6999.8782813	-0.6801428	-0.3200000	0.3368553	0.2732279	0.1308389	0.0000000	0.0000000
7000.6209600	7000.0338101	6999.8782813	-0.7001568	-0.3200000	0.2977491	0.2732932	0.1301716	0.0000000	0.0000000
7000.6209600	7000.0338101	6999.8782813	-0.7198372	-0.3200000	0.2658718	0.2731030	0.1300580	0.0000000	0.0000000
7000.6209600	7000.0338101	6999.8782813	-0.7398512	-0.3200000	0.2087856	0.2712864	0.1335001	0.0000000	0.0000000
7000.6209600	7000.0338101	6999.8782813	-0.7598652	-0.3200000	0.2377158	0.2717513	0.1327865	0.0000000	0.0000000
7000.6209600	7000.0338101	6999.8782813	-0.7798792	-0.3200000	0.2952783	0.2726686	0.1301937	0.0000000	0.0000000
7000.6209600	7000.0338101	6999.8782813	-0.7998933	-0.3200000	0.2419440	0.2725087	0.1280485	0.0000000	0.0000000
7000.6209600	7000.0338101	6999.8782813	-0.8199073	-0.3200000	0.1860245	0.2734469	0.1265043	0.0000000	0.0000000
7000.6209600	7000.0338101	6999.8782813	-0.8399213	-0.3200000	0.2183207	0.2728507	0.1283075	0.0000000	0.0000000
7000.6209600	7000.0338101	6999.8782813	-0.8599353	-0.3200000	0.2403704	0.2740605	0.1280010	0.0000000	0.0000000
7000.6209600	7000.0338101	6999.8782813	-0.8799493	-0.3200000	0.2208428	0.2724324	0.1320563	0.0000000	0.0000000
7000.6209600	7000.0338101	6999.8782813	-0.8999633	-0.3200000	0.1841052	0.2718741	0.1339486	0.0000000	0.0000000
7000.6209600	7000.0338101	6999.8782813	-0.9199773	-0.3200000	0.1546798	0.2728116	0.1338636	0.0000000	0.0000000
7000.6209600	7000.0338101	6999.8782813	-0.9399913	-0.3200000	0.2193562	0.2736394	0.1319337	0.0000000	0.0000000
7000.6209600	7000.0338101	6999.8782813	-0.9600053	-0.3200000	0.2221772	0.2725322	0.1283593	0.0000000	0.0000000
7000.6209600	7000.0338101	6999.8782813	-0.9800193	-0.3200000	0.1405898	0.2734616	0.1270425	0.0000000	0.0000000
7000.6209600	7000.0338101	6999.8782813	-1.0000334	-0.3200000	0.1392297	0.2738770	0.1250359	0.0000000	0.0000000
