7000.6209600	7000.0338101	6999.8782813	1.0000334	-0.3399046	0.1747343	0.2737979	0.1241556	0.0000000	-0.3400000
7000.6209600	7000.0338101	6999.8782813	0.9800193	-0.3400000	0.2153733	0.2729825	0.1278892	0.0000000	0.0000000
7000.6209600	7000.0338101	6999.8782813	0.9600053	-0.3400000	0.2611409	0.2725184	0.1323729	0.0000000	0.0000000
7000.6209600	7000.0338101	6999.8782813	0.9399913	-0.3400000	0.2761331	0.2719957	0.1366483	0.0000000	0.0000000
7000.6209600	7000.0338101	6999.8782813	0.9199773	-0.3400000	0.1735797	0.2719469	0.1277306	0.0000000	0.0000000
7000.6209600	7000.0338101	6999.8782813	0.8999633	-0.3400000	0.1882839	0.2721422	0.1297565	0.0000000	0.0000000
7000.6209600	7000.0338101	6999.8782813	0.8799493	-0.3400000	0.2106414	0.2742380	0.1277848	0.0000000	0.0000000
7000.6209600	7000.0338101	6999.8782813	0.8599353	-0.3400000	0.2700288	0.2732950	0.1271172	0.0000000	0.0000000
7000.6209600	7000.0338101	6999.8782813	0.8399213	-0.3400000	0.2585350	0.2744644	0.1237739	0.0000000	0.0000000
7000.6209600	7000.0338101	6999.8782813	0.8199073	-0.3400000	0.1708593	0.2737023	0.1234717	0.0000000	0.0000000
7000.6209600	7000.0338101	6999.8782813	0.7998933	-0.3400000	0.1883066	0.2746451	0.1252869	0.0000000	0.0000000
7000.6209600	7000.0338101	6999.8782813	0.7798792	-0.3400000	0.2557125	0.2718540	0.1359594	0.0000000	0.0000000
7000.6209600	7000.0338101	6999.8782813	0.7598652	-0.3400000	0.3072061	0.2717169	0.1343390	0.0000000	0.0000000
7000.6209600	7000.0338101	6999.8782813	0.7398512	-0.3400000	0.2860933	0.2717926	0.1323430	0.0000000	0.0000000
7000.6209600	7000.0338101	6999.8782813	0.7198372	-0.3400000	0.1958817	0.2713223	0.1317098	0.0000000	0.0000000
7000.6209600	7000.0338101	6999.8782813	0.7001568	-0.3400000	0.1909255	0.2709602	0.1320239	0.0000000	0.0000000
7000.6209600	7000.0338101	6999.8782813	0.6801428	-0.3400000	0.2253176	0.2713246	0.1334142	0.0000000	0.0000000
7000.6209600	7000.0338101	6999.8782813	0.6601288	-0.3400000	0.2985656	0.2745945	0.1230541	0.0000000	0.0000000
7000.6209600	7000.0338101	6999.8782813	0.6401147	-0.3400000	0.3240750	0.2716398	0.1319104	0.0000000	0.0000000
7000.6209600	7000.0338101	6999.8782813	0.6201007	-0.3400000	0.2340251	0.2709673	0.1352386	0.0000000	0.0000000
7000.6209600	7000.0338101	6999.8782813	0.6000867	-0.3400000	0.2298933	0.2724154	0.1343947	0.0000000	0.0000000
7000.6209600	7000.0338101	6999.8782813	0.5800727	-0.3400000	0.2406066	0.2709794	0.1327986	0.0000000	0.0000000
7000.6209600	7000.0338101	6999.8782813	0.5600587	-0.3400000	0.3354200	0.2724077	0.1339761	0.0000000	0.0000000
7000.6209600	7000.0338101	6999.8782813	0.5400447	-0.3400000	0.3166576	0.2761337	0.1205964	0.0000000	0.0000000
7000.6209600	7000.0338101	6999.8782813	0.5200307	-0.3400000	0.2393115	0.2733285	0.1332747	0.0000000	0.0000000
7000.6209600	7000.0338101	6999.8782813	0.5000167	-0.3400000	0.2439132	0.2735116	0.1373896	0.0000000	0.0000000
7000.6209600	7000.0338101	6999.8782813	0.4800027	-0.3400000	0.2532667	0.2696304	0.1343123	0.0000000	0.0000000
7000.6209600	7000.0338101	6999.8782813	0.4599887	-0.3400000	0.3251700	0.2747029	0.1220172	0.0000000	0.0000000
7000.6209600	7000.0338101	6999.8782813	0.4399746	-0.3400000	0.3365052	0.2747841	0.1235907	0.0000000	0.0000000
7000.6209600	7000.0338101	6999.8782813	0.4199606	-0.3400000	0.2381642	0.2741063	0.1311256	0.0000000	0.0000000
7000.6209600	7000.0338101	6999.8782813	0.3999466	-0.3400000	0.2351737	0.2762058	0.1288448	0.0000000	0.0000000
7000.6209600	7000.0338101	6999.8782813	0.3799326	-0.3400000	0.2830020	0.2743687	0.1320000	0.0000000	0.0000000
7000.6209600	7000.0338101	6999.8782813	0.3599186	-0.3400000	0.3559807	0.2748618	0.1311703	0.0000000	0.0000000
7000.6209600	7000.0338101	6999.8782813	0.3399046	-0.3400000	0.3370568	0.2763416	0.1203345	0.0000000	0.0000000
7000.6209600	7000.0338101	6999.8782813	0.3198906	-0.3400000	0.2486442	0.2772297	0.1249954	0.0000000	0.0000000
7000.6209600	7000.0338101	6999.8782813	0.2998766	-0.3400000	0.2538446	0.2765438	0.1255121	0.0000000	0.0000000
7000.6209600	7000.0338101	6999.8782813	0.2798626	-0.3400000	0.3181887	0.2745265	0.1295629	0.0000000	0.0000000
7000.6209600	7000.0338101	6999.8782813	0.2598486	-0.3400000	0.3797311	0.2775870	0.1310060	0.0000000	0.0000000
7000.6209600	7000.0338101	6999.8782813	0.2398346	-0.3400000	0.3508455	0.2760138	0.1267985	0.0000000	0.0000000
7000.6209600	7000.0338101	6999.8782813	0.2201541	-0.3400000	0.2425410	0.2796831	0.1236586	0.0000000	0.0000000
7000.6209600	7000.0338101	6999.8782813	0.2001401	-0.3400000	0.2558893	0.2764149	0.1208937	0.0000000	0.0000000
7000.6209600	7000.0338101	6999.8782813	0.1801261	-0.3400000	0.3168325	0.2762441	0.1305294	0.0000000	0.0000000
7000.6209600	7000.0338101	6999.8782813	0.1601121	-0.3400000	0.3816248	0.2757113	0.1283922	0.0000000	0.0000000
7000.6209600	7000.0338101	6999.8782813	0.1400981	-0.3400000	0.3659181	0.2772124	0.1217432	0.0000000	0.0000000
7000.6209600	7000.0338101	6999.8782813	0.1200841	-0.3400000	0.2587957	0.2794281	0.1238691	0.0000000	0.0000000
7000.6209600	7000.0338101	6999.8782813	0.1000700	-0.3400000	0.2652621	0.2775731	0.1242906	0.0000000	0.0000000
7000.6209600	7000.0338101	6999.8782813	0.0800560	-0.3400000	0.3692789	0.2792853	0.1254264	0.0000000	0.0000000
7000.6209600	7000.0338101	6999.8782813	0.0600420	-0.3400000	0.4250410	0.2770144	0.1293877	0.0000000	0.0000000
7000.6209600	7000.0338101	6999.8782813	0.0400280	-0.3400000	0.3780946	0.2779335	0.1248997	0.0000000	0.0000000
7000.6209600	7000.0338101	6999.8782813	0.0200140	-0.3400000	0.2798899	0.2781847	0.1265790	0.0000000	0.0000000
7000.6209600	7000.0338101	6999.8782813	0.0000000	-0.3400000	0.2919851	0.2790814	0.1268912	0.0000000	0.0000000
7000.6209600	7000.0338101	6999.8782813	-0.0200140	-0.3400000	0.3424995	0.2758654	0.1289889	0.0000000	0.0000000
7000.6209600	7000.0338101	6999.8782813	-0.0400280	-0.3400000	0.4237928	0.2765466	0.1301925	0.0000000	0.0000000
7000.6209600	7000.0338101	6999.8782813	-0.0600420	-0.3400000	0.4054320	0.2765149	0.1311404	0.0000000	0.0000000
7000.6209600	7000.0338101	6999.8782813	-0.0800560	-0.3400000	0.2903573	0.2776597	0.1238453	0.0000000	0.0000000
7000.6209600	7000.0338101	6999.8782813	-0.1000700	-0.3400000	0.3036172	0.2769471	0.1341835	0.0000000	0.0000000
7000.6209600	7000.0338101	6999.8782813	-0.1200841	-0.3400000	0.3366578	0.2792762	0.1314066	0.0000000	0.0000000
7000.6209600	7000.0338101	6999.8782813	-0.1400981	-0.3400000	0.4242725	0.2775750	0.1265192	0.0000000	0.0000000
7000.6209600	7000.0338101	6999.8782813	-0.1601121	-0.3400000	0.4459318	0.2786001	0.1252654	0.0000000	0.0000000
7000.6209600	7000.0338101	6999.8782813	-0.1801261	-0.3400000	0.3112740	0.2777217	0.1233052	0.0000000	0.0000000
7000.6209600	7000.0338101	6999.8782813	-0.2001401	-0.3400000	0.3122616	0.2795603	0.1242671	0.0000000	0.0000000
7000.6209600	7000.0338101	6999.8782813	-0.2201541	-0.3400000	0.2997170	0.2796818	0.1257855	0.0000000	0.0000000
7000.6209600	7000.0338101	6999.8782813	-0.2398346	-0.3400000	0.3763129	0.2780294	0.1255398	0.0000000	0.0000000
7000.6209600	7000.0338101	6999.8782813	-0.2598486	-0.3400000	0.3578839	0.2792708	0.1281307	0.0000000	0.0000000
7000.6209600	7000.0338101	6999.8782813	-0.2798626	-0.3400000	0.4171620	0.2787913	0.1284303	0.0000000	0.0000000
7000.6209600	7000.0338101	6999.8782813	-0.2998766	-0.3400000	0.3870465	0.2783494	0.1260956	0.0000000	0.0000000
7000.6209600	7000.0338101	6999.8782813	-0.3198906	-0.3400000	0.3038437	0.2770204	0.1296404	0.0000000	0.0000000
7000.6209600	7000.0338101	6999.8782813	-0.3399046	-0.3400000	0.3023059	0.2810709	0.1291902	0.0000000	0.0000000
7000.6209600	7000.0338101	6999.8782813	-0.3599186	-0.3400000	0.3027621	0.2783976	0.1251234	0.0000000	0.0000000
7000.6209600	7000.0338101	6999.8782813	-0.3799326	-0.3400000	0.4250308	0.2812847	0.1258612	0.0000000	0.0000000
7000.6209600	7000.0338101	6999.8782813	-0.3999466	-0.3400000	0.4310847	0.2779172	0.1311779	0.0000000	0.0000000
7000.6209600	7000.0338101	6999.8782813	-0.4199606	-0.3400000	0.3579604	0.2792808	0.1324607	0.0000000	0.0000000
7000.6209600	7000.0338101	6999.8782813	-0.4399746	-0.3400000	0.2635537	0.2782324	0.1306656	0.0000000	0.0000000
7000.6209600	7000.0338101	6999.8782813	-0.4599887	-0.3400000	0.2893522	0.2809752	0.1299108	0.0000000	0.0000000
7000.6209600	7000.0338101	6999.8782813	-0.4800027	-0.3400000	0.3946213	0.2777350	0.1302129	0.0000000	0.0000000
7000.6209600	7000.0338101	6999.8782813	-0.5000167	-0.3400000	0.4068411	0.2800089	0.1306410	0.0000000	0.0000000
7000.6209600	7000.0338101	6999.8782813	-0.5200307	-0.3400000	0.3346157	0.2783114	0.1276606	0.0000000	0.0000000
7000.6209600	7000.0338101	6999.8782813	-0.5400447	-0.3400000	0.2677068	0.2791753	0.1264550	0.0000000	0.0000000
7000.6209600	7000.0338101	6999.8782813	-0.5600587	-0.3400000	0.2576213	0.2808287	0.1267014	0.0000000	0.0000000
7000.6209600	7000.0338101	6999.8782813	-0.5800727	-0.3400000	0.3555720	0.2811047	0.1243990	0.0000000	0.0000000
7000.6209600	7000.0338101	6999.8782813	-0.6000867	-0.3400000	0.3549623	0.2772488	0.1298568	0.0000000	0.0000000
7000.6209600	7000.0338101	6999.8782813	-0.6201007	-0.3400000	0.2964286	0.2774761	0.1308374	0.0000000	0.0000000
7000.6209600	7000.0338101	6999.8782813	-0.6401147	-0.3400000	0.2162327	0.2773162	0.1310530	0.0000000	0.0000000
7000.6209600	7000.0338101	6999.8782813	-0.6601288	-0.3400000	0.2235099	0.2777958	0.1245768	0.0000000	0.0000000
7000.6209600	7000.0338101	6999.8782813	-0.6801428	-0.3400000	0.3443011	0.2770101	0.1269064	0.0000000	0.0000000
7000.6209600	7000.0338101	6999.8782813	-0.7001568	-0.3400000	0.2944783	0.2767614	0.1305454	0.0000000	0.0000000
7000.6209600	7000.0338101	6999.8782813	-0.7198372	-0.3400000	0.2571215	0.2788663	0.1299878	0.0000000	0.0000000
7000.6209600	7000.0338101	6999.8782813	-0.7398512	-0.3400000	0.1942640	0.2771074	0.1279371	0.0000000	0.0000000
7000.6209600	7000.0338101	6999.8782813	-0.7598652	-0.3400000	0.2198772	0.2801163	0.1259319	0.0000000	0.0000000
7000.6209600	7000.0338101	6999.8782813	-0.7798792	-0.3400000	0.2900007	0.2787715	0.1229296	0.0000000	0.0000000
7000.6209600	7000.0338101	6999.8782813	-0.7998933	-0.3400000	0.2596973	0.2773083	0.1263916	0.0000000	0.0000000
7000.6209600	7000.0338101	6999.8782813	-0.8199073	-0.3400000	0.2036212	0.2773389	0.1308827	0.0000000	0.0000000
7000.6209600	7000.0338101	6999.8782813	-0.8399213	-0.3400000	0.2136077	0.2761913	0.1325632	0.0000000	0.0000000
7000.6209600	7000.0338101	6999.8782813	-0.8599353	-0.3400000	0.2301785	0.2784404	0.1308591	0.0000000	0.0000000
7000.6209600	7000.0338101	6999.8782813	-0.8799493	-0.3400000	0.2276663	0.2769600	0.1291583	0.0000000	0.0000000
7000.6209600	7000.0338101	6999.8782813	-0.8999633	-0.3400000	0.1836215	0.2767087	0.1347052	0.0000000	0.0000000
7000.6209600	7000.0338101	6999.8782813	-0.9199773	-0.3400000	0.1401819	0.2754998	0.1333651	0.0000000	0.0000000
7000.6209600	7000.0338101	6999.8782813	-0.9399913	-0.3400000	0.2094883	0.2751125	0.1331418	0.0000000	0.0000000
7000.6209600	7000.0338101	6999.8782813	-0.9600053	-0.3400000	0.2186771	0.2761620	0.1277802	0.0000000	0.0000000
7000.6209600	7000.0338101	6999.8782813	-0.9800193	-0.3400000	0.1646587	0.2763274	0.1255361	0.0000000	0.0000000
7000.6209600	7000.0338101	6999.8782813	-1.0000334	-0.3400000	0.1390750	0.2748815	0.1358289	0.0000000	0.0000000
