7000.6209600	7000.0338101	6999.8782813	1.0000334	-0.5400447	0.1117719	0.2726937	0.1293070	0.0000000	-0.5400000
7000.6209600	7000.0338101	6999.8782813	0.9800193	-0.5400000	0.1474043	0.2726877	0.1322861	0.0000000	0.0000000
7000.6209600	7000.0338101	6999.8782813	0.9600053	-0.5400000	0.1661802	0.2725283	0.1329282	0.0000000	0.0000000
7000.6209600	7000.0338101	6999.8782813	0.9399913	-0.5400000	0.1586642	0.2728016	0.1327516	0.0000000	0.0000000
7000.6209600	7000.0338101	6999.8782813	0.9199773	-0.5400000	0.1079775	0.2746399	0.1291593	0.0000000	0.0000000
7000.6209600	7000.0338101	6999.8782813	0.8999633	-0.5400000	0.1002938	0.2746958	0.1297532	0.0000000	0.0000000
7000.6209600	7000.0338101	6999.8782813	0.8799493	-0.5400000	0.1330402	0.2734801	0.1359054	0.0000000	0.0000000
7000.6209600	7000.0338101	6999.8782813	0.8599353	-0.5400000	0.1990239	0.2752612	0.1370723	0.0000000	0.0000000
7000.6209600	7000.0338101	6999.8782813	0.8399213	-0.5400000	0.1946173	0.2746482	0.1342310	0.0000000	0.0000000
7000.6209600	7000.0338101	6999.8782813	0.8199073	-0.5400000	0.1226152	0.2745305	0.1350602	0.0000000	0.0000000
7000.6209600	7000.0338101	6999.8782813	0.7998933	-0.5400000	0.1083684	0.2745359	0.1314830	0.0000000	0.0000000
7000.6209600	7000.0338101	6999.8782813	0.7798792	-0.5400000	0.1578333	0.2742633	0.1280962	0.0000000	0.0000000
7000.6209600	7000.0338101	6999.8782813	0.7598652	-0.5400000	0.1987815	0.2767190	0.1275408	0.0000000	0.0000000
7000.6209600	7000.0338101	6999.8782813	0.7398512	-0.5400000	0.1860092	0.2750532	0.1327212	0.0000000	0.0000000
7000.6209600	7000.0338101	6999.8782813	0.7198372	-0.5400000	0.1117584	0.2757809	0.1301521	0.0000000	0.0000000
7000.6209600	7000.0338101	6999.8782813	0.7001568	-0.5400000	0.1215144	0.2752026	0.1332882	0.0000000	0.0000000
7000.6209600	7000.0338101	6999.8782813	0.6801428	-0.5400000	0.1506376	0.2744631	0.1260977	0.0000000	0.0000000
7000.6209600	7000.0338101	6999.8782813	0.6601288	-0.5400000	0.2274561	0.2754390	0.1345267	0.0000000	0.0000000
7000.6209600	7000.0338101	6999.8782813	0.6401147	-0.5400000	0.2204252	0.2740804	0.1349983	0.0000000	0.0000000
7000.6209600	7000.0338101	6999.8782813	0.6201007	-0.5400000	0.1335685	0.2762427	0.1297606	0.0000000	0.0000000
7000.6209600	7000.0338101	6999.8782813	0.6000867	-0.5400000	0.1344399	0.2751327	0.1302267	0.0000000	0.0000000
7000.6209600	7000.0338101	6999.8782813	0.5800727	-0.5400000	0.1796381	0.2755396	0.1274039	0.0000000	0.0000000
7000.6209600	7000.0338101	6999.8782813	0.5600587	-0.5400000	0.2360353	0.2750481	0.1322347	0.0000000	0.0000000
7000.6209600	7000.0338101	6999.8782813	0.5400447	-0.5400000	0.2557299	0.2768014	0.1337590	0.0000000	0.0000000
7000.6209600	7000.0338101	6999.8782813	0.5200307	-0.5400000	0.1581917	0.2766105	0.1289419	0.0000000	0.0000000
7000.6209600	7000.0338101	6999.8782813	0.5000167	-0.5400000	0.1575239	0.2770743	0.1328912	0.0000000	0.0000000
7000.6209600	7000.0338101	6999.8782813	0.4800027	-0.5400000	0.2110530	0.2769767	0.1332294	0.0000000	0.0000000
7000.6209600	7000.0338101	6999.8782813	0.4599887	-0.5400000	0.2963379	0.2771831	0.1389059	0.0000000	0.0000000
7000.6209600	7000.0338101	6999.8782813	0.4399746	-0.5400000	0.2798143	0.2761400	0.1344048	0.0000000	0.0000000
7000.6209600	7000.0338101	6999.8782813	0.4199606	-0.5400000	0.1954723	0.2766820	0.1364198	0.0000000	0.0000000
7000.6209600	7000.0338101	6999.8782813	0.3999466	-0.5400000	0.1804935	0.2790986	0.1273639	0.0000000	0.0000000
7000.6209600	7000.0338101	6999.8782813	0.3799326	-0.5400000	0.2449532	0.2760114	0.1325819	0.0000000	0.0000000
7000.6209600	7000.0338101	6999.8782813	0.3599186	-0.5400000	0.2747880	0.2770914	0.1296970	0.0000000	0.0000000
7000.6209600	7000.0338101	6999.8782813	0.3399046	-0.5400000	0.2723597	0.2768735	0.1356622	0.0000000	0.0000000
7000.6209600	7000.0338101	6999.8782813	0.3198906	-0.5400000	0.1903972	0.2752145	0.1352969	0.0000000	0.0000000
7000.6209600	7000.0338101	6999.8782813	0.2998766	-0.5400000	0.2100726	0.2752585	0.1352451	0.0000000	0.0000000
7000.6209600	7000.0338101	6999.8782813	0.2798626	-0.5400000	0.2706971	0.2766534	0.1295118	0.0000000	0.0000000
7000.6209600	7000.0338101	6999.8782813	0.2598486	-0.5400000	0.2907706	0.2756725	0.1325471	0.0000000	0.0000000
7000.6209600	7000.0338101	6999.8782813	0.2398346	-0.5400000	0.2594918	0.2768032	0.1325585	0.0000000	0.0000000
7000.6209600	7000.0338101	6999.8782813	0.2201541	-0.5400000	0.1955231	0.2768436	0.1296438	0.0000000	0.0000000
7000.6209600	7000.0338101	6999.8782813	0.2001401	-0.5400000	0.2228671	0.2752473	0.1369968	0.0000000	0.0000000
7000.6209600	7000.0338101	6999.8782813	0.1801261	-0.5400000	0.3015171	0.2766172	0.1324930	0.0000000	0.0000000
7000.6209600	7000.0338101	6999.8782813	0.1601121	-0.5400000	0.3198641	0.2779165	0.1331021	0.0000000	0.0000000
7000.6209600	7000.0338101	6999.8782813	0.1400981	-0.5400000	0.3135503	0.2775322	0.1330607	0.0000000	0.0000000
7000.6209600	7000.0338101	6999.8782813	0.1200841	-0.5400000	0.2292050	0.2764700	0.1270914	0.0000000	0.0000000
7000.6209600	7000.0338101	6999.8782813	0.1000700	-0.5400000	0.2213182	0.2756710	0.1298911	0.0000000	0.0000000
7000.6209600	7000.0338101	6999.8782813	0.0800560	-0.5400000	0.3209872	0.2764244	0.1311442	0.0000000	0.0000000
7000.6209600	7000.0338101	6999.8782813	0.0600420	-0.5400000	0.3083969	0.2758583	0.1285255	0.0000000	0.0000000
7000.6209600	7000.0338101	6999.8782813	0.0400280	-0.5400000	0.3141381	0.2769021	0.1343508	0.0000000	0.0000000
7000.6209600	7000.0338101	6999.8782813	0.0200140	-0.5400000	0.2521527	0.2762397	0.1307656	0.0000000	0.0000000
7000.6209600	7000.0338101	6999.8782813	0.0000000	-0.5400000	0.2507301	0.2766027	0.1270388	0.0000000	0.0000000
7000.6209600	7000.0338101	6999.8782813	-0.0200140	-0.5400000	0.3430828	0.2765088	0.1311937	0.0000000	0.0000000
7000.6209600	7000.0338101	6999.8782813	-0.0400280	-0.5400000	0.3498625	0.2765710	0.1330162	0.0000000	0.0000000
7000.6209600	7000.0338101	6999.8782813	-0.0600420	-0.5400000	0.3383108	0.2738397	0.1342703	0.0000000	0.0000000
7000.6209600	7000.0338101	6999.8782813	-0.0800560	-0.5400000	0.2256959	0.2765822	0.1300884	0.0000000	0.0000000
7000.6209600	7000.0338101	6999.8782813	-0.1000700	-0.5400000	0.2317931	0.2763934	0.1280829	0.0000000	0.0000000
7000.6209600	7000.0338101	6999.8782813	-0.1200841	-0.5400000	0.3135433	0.2763721	0.1321311	0.0000000	0.0000000
7000.6209600	7000.0338101	6999.8782813	-0.1400981	-0.5400000	0.3820173	0.2744656	0.1348118	0.0000000	0.0000000
7000.6209600	7000.0338101	6999.8782813	-0.1601121	-0.5400000	0.3745087	0.2738787	0.1324449	0.0000000	0.0000000
7000.6209600	7000.0338101	6999.8782813	-0.1801261	-0.5400000	0.2626301	0.2764523	0.1301547	0.0000000	0.0000000
7000.6209600	7000.0338101	6999.8782813	-0.2001401	-0.5400000	0.2383994	0.2759976	0.1247448	0.0000000	0.0000000
7000.6209600	7000.0338101	6999.8782813	-0.2201541	-0.5400000	0.2727709	0.2746810	0.1316870	0.0000000	0.0000000
7000.6209600	7000.0338101	6999.8782813	-0.2398346	-0.5400000	0.3295089	0.2737592	0.1333329	0.0000000	0.0000000
7000.6209600	7000.0338101	6999.8782813	-0.2598486	-0.5400000	0.3893888	0.2762448	0.1337722	0.0000000	0.0000000
7000.6209600	7000.0338101	6999.8782813	-0.2798626	-0.5400000	0.3667625	0.2757595	0.1302653	0.0000000	0.0000000
7000.6209600	7000.0338101	6999.8782813	-0.2998766	-0.5400000	0.3403899	0.2751736	0.1291862	0.0000000	0.0000000
7000.6209600	7000.0338101	6999.8782813	-0.3198906	-0.5400000	0.2682140	0.2747347	0.1217490	0.0000000	0.0000000
7000.6209600	7000.0338101	6999.8782813	-0.3399046	-0.5400000	0.3121594	0.2737217	0.1314730	0.0000000	0.0000000
7000.6209600	7000.0338101	6999.8782813	-0.3599186	-0.5400000	0.3279978	0.2733600	0.1319116	0.0000000	0.0000000
7000.6209600	7000.0338101	6999.8782813	-0.3799326	-0.5400000	0.3875798	0.2730667	0.1323604	0.0000000	0.0000000
7000.6209600	7000.0338101	6999.8782813	-0.3999466	-0.5400000	0.3854617	0.2738333	0.1289663	0.0000000	0.0000000
7000.6209600	7000.0338101	6999.8782813	-0.4199606	-0.5400000	0.3307181	0.2738306	0.1291576	0.0000000	0.0000000
7000.6209600	7000.0338101	6999.8782813	-0.4399746	-0.5400000	0.2706219	0.2731755	0.1291926	0.0000000	0.0000000
7000.6209600	7000.0338101	6999.8782813	-0.4599887	-0.5400000	0.3044619	0.2737362	0.1315706	0.0000000	0.0000000
7000.6209600	7000.0338101	6999.8782813	-0.4800027	-0.5400000	0.4068225	0.2735292	0.1324528	0.0000000	0.0000000
7000.6209600	7000.0338101	6999.8782813	-0.5000167	-0.5400000	0.3887758	0.2742502	0.1297622	0.0000000	0.0000000
7000.6209600	7000.0338101	6999.8782813	-0.5200307	-0.5400000	0.3643202	0.2736106	0.1288971	0.0000000	0.0000000
7000.6209600	7000.0338101	6999.8782813	-0.5400447	-0.5400000	0.2647000	0.2725830	0.1265276	0.0000000	0.0000000
7000.6209600	7000.0338101	6999.8782813	-0.5600587	-0.5400000	0.2917109	0.2735352	0.1290310	0.0000000	0.0000000
7000.6209600	7000.0338101	6999.8782813	-0.5800727	-0.5400000	0.3935730	0.2719802	0.1336340	0.0000000	0.0000000
7000.6209600	7000.0338101	6999.8782813	-0.6000867	-0.5400000	0.3416283	0.2722599	0.1290144	0.0000000	0.0000000
7000.6209600	7000.0338101	6999.8782813	-0.6201007	-0.5400000	0.2993374	0.2749082	0.1294263	0.0000000	0.0000000
7000.6209600	7000.0338101	6999.8782813	-0.6401147	-0.5400000	0.2805876	0.2728680	0.1296398	0.0000000	0.0000000
7000.6209600	7000.0338101	6999.8782813	-0.6601288	-0.5400000	0.2725714	0.2718203	0.1312361	0.0000000	0.0000000
7000.6209600	7000.0338101	6999.8782813	-0.6801428	-0.5400000	0.3344152	0.2719963	0.1298901	0.0000000	0.0000000
7000.6209600	7000.0338101	6999.8782813	-0.7001568	-0.5400000	0.3308586	0.2720393	0.1298817	0.0000000	0.0000000
7000.6209600	7000.0338101	6999.8782813	-0.7198372	-0.5400000	0.3099542	0.2715289	0.1316748	0.0000000	0.0000000
7000.6209600	7000.0338101	6999.8782813	-0.7398512	-0.5400000	0.2397791	0.2716891	0.1322588	0.0000000	0.0000000
7000.6209600	7000.0338101	6999.8782813	-0.7598652	-0.5400000	0.2924230	0.2735729	0.1299321	0.0000000	0.0000000
7000.6209600	7000.0338101	6999.8782813	-0.7798792	-0.5400000	0.3470449	0.2745734	0.1297771	0.0000000	0.0000000
7000.6209600	7000.0338101	6999.8782813	-0.7998933	-0.5400000	0.2970673	0.2733572	0.1298043	0.0000000	0.0000000
7000.6209600	7000.0338101	6999.8782813	-0.8199073	-0.5400000	0.2514919	0.2720980	0.1302303	0.0000000	0.0000000
7000.6209600	7000.0338101	6999.8782813	-0.8399213	-0.5400000	0.2772028	0.2726438	0.1309944	0.0000000	0.0000000
7000.6209600	7000.0338101	6999.8782813	-0.8599353	-0.5400000	0.2896021	0.2726595	0.1329763	0.0000000	0.0000000
7000.6209600	7000.0338101	6999.8782813	-0.8799493	-0.5400000	0.2826876	0.2737340	0.1297159	0.0000000	0.0000000
7000.6209600	7000.0338101	6999.8782813	-0.8999633	-0.5400000	0.2398688	0.2734545	0.1326102	0.0000000	0.0000000
7000.6209600	7000.0338101	6999.8782813	-0.9199773	-0.5400000	0.2015619	0.2739847	0.1301393	0.0000000	0.0000000
7000.6209600	7000.0338101	6999.8782813	-0.9399913	-0.5400000	0.2856178	0.2725175	0.1303544	0.0000000	0.0000000
7000.6209600	7000.0338101	6999.8782813	-0.9600053	-0.5400000	0.2840435	0.2722850	0.1316782	0.0000000	0.0000000
7000.6209600	7000.0338101	6999.8782813	-0.9800193	-0.5400000	0.1882161	0.2741569	0.1301279	0.0000000	0.0000000
7000.6209600	7000.0338101	6999.8782813	-1.0000334	-0.5400000	0.1772775	0.2727372	0.1296716	0.0000000	0.0000000
