7000.6209600	7000.0338101	6999.8782813	1.0000334	0.4599887	0.2714720	0.2730708	0.1355686	0.0000000	0.4600000
7000.6209600	7000.0338101	6999.8782813	0.9800193	0.4600000	0.3093942	0.2710212	0.1327767	0.0000000	0.0000000
7000.6209600	7000.0338101	6999.8782813	0.9600053	0.4600000	0.3369388	0.2737350	0.1270439	0.0000000	0.0000000
7000.6209600	7000.0338101	6999.8782813	0.9399913	0.4600000	0.3403708	0.2716642	0.1338867	0.0000000	0.0000000
7000.6209600	7000.0338101	6999.8782813	0.9199773	0.4600000	0.2555890	0.2726343	0.1328962	0.0000000	0.0000000
7000.6209600	7000.0338101	6999.8782813	0.8999633	0.4600000	0.2408431	0.2746570	0.1253296	0.0000000	0.0000000
7000.6209600	7000.0338101	6999.8782813	0.8799493	0.4600000	0.2889011	0.2722599	0.1341938	0.0000000	0.0000000
7000.6209600	7000.0338101	6999.8782813	0.8599353	0.4600000	0.3411519	0.2743263	0.1319709	0.0000000	0.0000000
7000.6209600	7000.0338101	6999.8782813	0.8399213	0.4600000	0.3169297	0.2716614	0.1294081	0.0000000	0.0000000
7000.6209600	7000.0338101	6999.8782813	0.8199073	0.4600000	0.2418531	0.2738962	0.1284362	0.0000000	0.0000000
7000.6209600	7000.0338101	6999.8782813	0.7998933	0.4600000	0.2374636	0.2745359	0.1280603	0.0000000	0.0000000
7000.6209600	7000.0338101	6999.8782813	0.7798792	0.4600000	0.3040881	0.2735088	0.1340670	0.0000000	0.0000000
7000.6209600	7000.0338101	6999.8782813	0.7598652	0.4600000	0.3426309	0.2739476	0.1330393	0.0000000	0.0000000
7000.6209600	7000.0338101	6999.8782813	0.7398512	0.4600000	0.3249176	0.2752614	0.1300984	0.0000000	0.0000000
7000.6209600	7000.0338101	6999.8782813	0.7198372	0.4600000	0.2324363	0.2748857	0.1249009	0.0000000	0.0000000
7000.6209600	7000.0338101	6999.8782813	0.7001568	0.4600000	0.2179683	0.2735946	0.1254663	0.0000000	0.0000000
7000.6209600	7000.0338101	6999.8782813	0.6801428	0.4600000	0.2666339	0.2738971	0.1288563	0.0000000	0.0000000
7000.6209600	7000.0338101	6999.8782813	0.6601288	0.4600000	0.3526720	0.2731906	0.1356290	0.0000000	0.0000000
7000.6209600	7000.0338101	6999.8782813	0.6401147	0.4600000	0.3504622	0.2738459	0.1331982	0.0000000	0.0000000
7000.6209600	7000.0338101	6999.8782813	0.6201007	0.4600000	0.2558889	0.2744196	0.1328784	0.0000000	0.0000000
7000.6209600	7000.0338101	6999.8782813	0.6000867	0.4600000	0.2319271	0.2750417	0.1267324	0.0000000	0.0000000
7000.6209600	7000.0338101	6999.8782813	0.5800727	0.4600000	0.2477584	0.2755530	0.1301199	0.0000000	0.0000000
7000.6209600	7000.0338101	6999.8782813	0.5600587	0.4600000	0.3478137	0.2739519	0.1340530	0.0000000	0.0000000
7000.6209600	7000.0338101	6999.8782813	0.5400447	0.4600000	0.3486875	0.2748319	0.1346531	0.0000000	0.0000000
7000.6209600	7000.0338101	6999.8782813	0.5200307	0.4600000	0.2433936	0.2782734	0.1299121	0.0000000	0.0000000
7000.6209600	7000.0338101	6999.8782813	0.5000167	0.4600000	0.2125708	0.2766836	0.1266250	0.0000000	0.0000000
7000.6209600	7000.0338101	6999.8782813	0.4800027	0.4600000	0.2452748	0.2761177	0.1247211	0.0000000	0.0000000
7000.6209600	7000.0338101	6999.8782813	0.4599887	0.4600000	0.3413456	0.2751500	0.1326132	0.0000000	0.0000000
7000.6209600	7000.0338101	6999.8782813	0.4399746	0.4600000	0.3299729	0.2761854	0.1268794	0.0000000	0.0000000
7000.6209600	7000.0338101	6999.8782813	0.4199606	0.4600000	0.2266454	0.2743070	0.1317987	0.0000000	0.0000000
7000.6209600	7000.0338101	6999.8782813	0.3999466	0.4600000	0.2032257	0.2743365	0.1320901	0.0000000	0.0000000
7000.6209600	7000.0338101	6999.8782813	0.3799326	0.4600000	0.2504912	0.2760627	0.1324691	0.0000000	0.0000000
7000.6209600	7000.0338101	6999.8782813	0.3599186	0.4600000	0.3169161	0.2782012	0.1273097	0.0000000	0.0000000
7000.6209600	7000.0338101	6999.8782813	0.3399046	0.4600000	0.3082782	0.2771886	0.1291322	0.0000000	0.0000000
7000.6209600	7000.0338101	6999.8782813	0.3198906	0.4600000	0.1836711	0.2753887	0.1272213	0.0000000	0.0000000
7000.6209600	7000.0338101	6999.8782813	0.2998766	0.4600000	0.1806228	0.2775392	0.1263212	0.0000000	0.0000000
7000.6209600	7000.0338101	6999.8782813	0.2798626	0.4600000	0.2551716	0.2775508	0.1273751	0.0000000	0.0000000
7000.6209600	7000.0338101	6999.8782813	0.2598486	0.4600000	0.2977092	0.2789703	0.1274417	0.0000000	0.0000000
7000.6209600	7000.0338101	6999.8782813	0.2398346	0.4600000	0.2689382	0.2775204	0.1258368	0.0000000	0.0000000
7000.6209600	7000.0338101	6999.8782813	0.2201541	0.4600000	0.1835732	0.2770450	0.1300344	0.0000000	0.0000000
7000.6209600	7000.0338101	6999.8782813	0.2001401	0.4600000	0.1901088	0.2747795	0.1329163	0.0000000	0.0000000
7000.6209600	7000.0338101	6999.8782813	0.1801261	0.4600000	0.2317653	0.2756483	0.1314103	0.0000000	0.0000000
7000.6209600	7000.0338101	6999.8782813	0.1601121	0.4600000	0.2718706	0.2772762	0.1305901	0.0000000	0.0000000
7000.6209600	7000.0338101	6999.8782813	0.1400981	0.4600000	0.2562351	0.2784102	0.1352115	0.0000000	0.0000000
7000.6209600	7000.0338101	6999.8782813	0.1200841	0.4600000	0.1615979	0.2794674	0.1279403	0.0000000	0.0000000
7000.6209600	7000.0338101	6999.8782813	0.1000700	0.4600000	0.1664117	0.2775264	0.1287706	0.0000000	0.0000000
7000.6209600	7000.0338101	6999.8782813	0.0800560	0.4600000	0.2066194	0.2762261	0.1345665	0.0000000	0.0000000
7000.6209600	7000.0338101	6999.8782813	0.0600420	0.4600000	0.2447991	0.2781610	0.1307546	0.0000000	0.0000000
7000.6209600	7000.0338101	6999.8782813	0.0400280	0.4600000	0.2177415	0.2797552	0.1272186	0.0000000	0.0000000
7000.6209600	7000.0338101	6999.8782813	0.0200140	0.4600000	0.1424131	0.2786554	0.1290485	0.0000000	0.0000000
7000.6209600	7000.0338101	6999.8782813	0.0000000	0.4600000	0.1365271	0.2774725	0.1320594	0.0000000	0.0000000
7000.6209600	7000.0338101	6999.8782813	-0.0200140	0.4600000	0.2002520	0.2775847	0.1327095	0.0000000	0.0000000
7000.6209600	7000.0338101	6999.8782813	-0.0400280	0.4600000	0.2221716	0.2759391	0.1345046	0.0000000	0.0000000
7000.6209600	7000.0338101	6999.8782813	-0.0600420	0.4600000	0.2046664	0.2766499	0.1331924	0.0000000	0.0000000
7000.6209600	7000.0338101	6999.8782813	-0.0800560	0.4600000	0.1084596	0.2772679	0.1260836	0.0000000	0.0000000
7000.6209600	7000.0338101	6999.8782813	-0.1000700	0.4600000	0.1121749	0.2781691	0.1297820	0.0000000	0.0000000
7000.6209600	7000.0338101	6999.8782813	-0.1200841	0.4600000	0.1432659	0.2771207	0.1337855	0.0000000	0.0000000
7000.6209600	7000.0338101	6999.8782813	-0.1400981	0.4600000	0.1878608	0.2795662	0.1278013	0.0000000	0.0000000
7000.6209600	7000.0338101	6999.8782813	-0.1601121	0.4600000	0.1769396	0.2801960	0.1248560	0.0000000	0.0000000
7000.6209600	7000.0338101	6999.8782813	-0.1801261	0.4600000	0.1133810	0.2774274	0.1284271	0.0000000	0.0000000
7000.6209600	7000.0338101	6999.8782813	-0.2001401	0.4600000	0.1057437	0.2771461	0.1320065	0.0000000	0.0000000
7000.6209600	7000.0338101	6999.8782813	-0.2201541	0.4600000	0.0964707	0.2784805	0.1297391	0.0000000	0.0000000
7000.6209600	7000.0338101	6999.8782813	-0.2398346	0.4600000	0.1294604	0.2797216	0.1341758	0.0000000	0.0000000
7000.6209600	7000.0338101	6999.8782813	-0.2598486	0.4600000	0.1350574	0.2794209	0.1328090	0.0000000	0.0000000
7000.6209600	7000.0338101	6999.8782813	-0.2798626	0.4600000	0.1539441	0.2794961	0.1318295	0.0000000	0.0000000
7000.6209600	7000.0338101	6999.8782813	-0.2998766	0.4600000	0.1387001	0.2785701	0.1285474	0.0000000	0.0000000
7000.6209600	7000.0338101	6999.8782813	-0.3198906	0.4600000	0.0907792	0.2812834	0.1275448	0.0000000	0.0000000
7000.6209600	7000.0338101	6999.8782813	-0.3399046	0.4600000	0.0695137	0.2780177	0.1313323	0.0000000	0.0000000
7000.6209600	7000.0338101	6999.8782813	-0.3599186	0.4600000	0.0826566	0.2804509	0.1303345	0.0000000	0.0000000
7000.6209600	7000.0338101	6999.8782813	-0.3799326	0.4600000	0.1388223	0.2809729	0.1298086	0.0000000	0.0000000
7000.6209600	7000.0338101	6999.8782813	-0.3999466	0.4600000	0.1331382	0.2810145	0.1316770	0.0000000	0.0000000
7000.6209600	7000.0338101	6999.8782813	-0.4199606	0.4600000	0.0911083	0.2807117	0.1269075	0.0000000	0.0000000
7000.6209600	7000.0338101	6999.8782813	-0.4399746	0.4600000	0.0551901	0.2802582	0.1291849	0.0000000	0.0000000
7000.6209600	7000.0338101	6999.8782813	-0.4599887	0.4600000	0.0535579	0.2788076	0.1301886	0.0000000	0.0000000
7000.6209600	7000.0338101	6999.8782813	-0.4800027	0.4600000	0.1216829	0.2799895	0.1343257	0.0000000	0.0000000
7000.6209600	7000.0338101	6999.8782813	-0.5000167	0.4600000	0.1167186	0.2812405	0.1312252	0.0000000	0.0000000
7000.6209600	7000.0338101	6999.8782813	-0.5200307	0.4600000	0.0881573	0.2787249	0.1325786	0.0000000	0.0000000
7000.6209600	7000.0338101	6999.8782813	-0.5400447	0.4600000	0.0395986	0.2781917	0.1313975	0.0000000	0.0000000
7000.6209600	7000.0338101	6999.8782813	-0.5600587	0.4600000	0.0388878	0.2789080	0.1304493	0.0000000	0.0000000
7000.6209600	7000.0338101	6999.8782813	-0.5800727	0.4600000	0.0923729	0.2785699	0.1355073	0.0000000	0.0000000
7000.6209600	7000.0338101	6999.8782813	-0.6000867	0.4600000	0.0862334	0.2792802	0.1339352	0.0000000	0.0000000
7000.6209600	7000.0338101	6999.8782813	-0.6201007	0.4600000	0.0574773	0.2785640	0.1308925	0.0000000	0.0000000
7000.6209600	7000.0338101	6999.8782813	-0.6401147	0.4600000	0.0262771	0.2810964	0.1246221	0.0000000	0.0000000
7000.6209600	7000.0338101	6999.8782813	-0.6601288	0.4600000	0.0347341	0.2775364	0.1298912	0.0000000	0.0000000
7000.6209600	7000.0338101	6999.8782813	-0.6801428	0.4600000	0.0710231	0.2769518	0.1318225	0.0000000	0.0000000
7000.6209600	7000.0338101	6999.8782813	-0.7001568	0.4600000	0.0592815	0.2778241	0.1316292	0.0000000	0.0000000
7000.6209600	7000.0338101	6999.8782813	-0.7198372	0.4600000	0.0478121	0.2782543	0.1306133	0.0000000	0.0000000
7000.6209600	7000.0338101	6999.8782813	-0.7398512	0.4600000	0.0168673	0.2785287	0.1339569	0.0000000	0.0000000
7000.6209600	7000.0338101	6999.8782813	-0.7598652	0.4600000	0.0225208	0.2794094	0.1346731	0.0000000	0.0000000
7000.6209600	7000.0338101	6999.8782813	-0.7798792	0.4600000	0.0512416	0.2780962	0.1265591	0.0000000	0.0000000
7000.6209600	7000.0338101	6999.8782813	-0.7998933	0.4600000	0.0390107	0.2779456	0.1293572	0.0000000	0.0000000
7000.6209600	7000.0338101	6999.8782813	-0.8199073	0.4600000	0.0171534	0.2777574	0.1325586	0.0000000	0.0000000
7000.6209600	7000.0338101	6999.8782813	-0.8399213	0.4600000	0.0232208	0.2786033	0.1282412	0.0000000	0.0000000
7000.6209600	7000.0338101	6999.8782813	-0.8599353	0.4600000	0.0352200	0.2781501	0.1312645	0.0000000	0.0000000
7000.6209600	7000.0338101	6999.8782813	-0.8799493	0.4600000	0.0303036	0.2778278	0.1301376	0.0000000	0.0000000
7000.6209600	7000.0338101	6999.8782813	-0.8999633	0.4600000	0.0134735	0.2760330	0.1300210	0.0000000	0.0000000
7000.6209600	7000.0338101	6999.8782813	-0.9199773	0.4600000	0.0054424	0.2772435	0.1300687	0.0000000	0.0000000
7000.6209600	7000.0338101	6999.8782813	-0.9399913	0.4600000	0.0252164	0.2758687	0.1293676	0.0000000	0.0000000
7000.6209600	7000.0338101	6999.8782813	-0.9600053	0.4600000	0.0292603	0.2772269	0.1298593	0.0000000	0.0000000
7000.6209600	7000.0338101	6999.8782813	-0.9800193	0.4600000	0.0092625	0.2767009	0.1311333	0.0000000	0.0000000
7000.6209600	7000.0338101	6999.8782813	-1.0000334	0.4600000	0.0033793	0.2787869	0.1251974	0.0000000	0.0000000
