7000.6209600	7000.0338101	6999.8782813	1.0000334	-0.6601288	0.0844946	0.2722589	0.1321348	0.0000000	-0.6600000
7000.6209600	7000.0338101	6999.8782813	0.9800193	-0.6600000	0.0619761	0.2713418	0.1327346	0.0000000	0.0000000
7000.6209600	7000.0338101	6999.8782813	0.9600053	-0.6600000	0.0685767	0.2707466	0.1322018	0.0000000	0.0000000
7000.6209600	7000.0338101	6999.8782813	0.9399913	-0.6600000	0.0770568	0.2719476	0.1322045	0.0000000	0.0000000
7000.6209600	7000.0338101	6999.8782813	0.9199773	-0.6600000	0.1194818	0.2728229	0.1311415	0.0000000	0.0000000
7000.6209600	7000.0338101	6999.8782813	0.8999633	-0.6600000	0.1157458	0.2709808	0.1321055	0.0000000	0.0000000
7000.6209600	7000.0338101	6999.8782813	0.8799493	-0.6600000	0.0797290	0.2710360	0.1322595	0.0000000	0.0000000
7000.6209600	7000.0338101	6999.8782813	0.8599353	-0.6600000	0.0751311	0.2721692	0.1326936	0.0000000	0.0000000
7000.6209600	7000.0338101	6999.8782813	0.8399213	-0.6600000	0.0943077	0.2710903	0.1323176	0.0000000	0.0000000
7000.6209600	7000.0338101	6999.8782813	0.8199073	-0.6600000	0.1309435	0.2714283	0.1323359	0.0000000	0.0000000
7000.6209600	7000.0338101	6999.8782813	0.7998933	-0.6600000	0.1237236	0.2707568	0.1327919	0.0000000	0.0000000
7000.6209600	7000.0338101	6999.8782813	0.7798792	-0.6600000	0.0810319	0.2701650	0.1329897	0.0000000	0.0000000
7000.6209600	7000.0338101	6999.8782813	0.7598652	-0.6600000	0.0877097	0.2708319	0.1344689	0.0000000	0.0000000
7000.6209600	7000.0338101	6999.8782813	0.7398512	-0.6600000	0.1173724	0.2698970	0.1345625	0.0000000	0.0000000
7000.6209600	7000.0338101	6999.8782813	0.7198372	-0.6600000	0.1447496	0.2699923	0.1326307	0.0000000	0.0000000
7000.6209600	7000.0338101	6999.8782813	0.7001568	-0.6600000	0.1411908	0.2695465	0.1325883	0.0000000	0.0000000
7000.6209600	7000.0338101	6999.8782813	0.6801428	-0.6600000	0.1063518	0.2697800	0.1331592	0.0000000	0.0000000
7000.6209600	7000.0338101	6999.8782813	0.6601288	-0.6600000	0.0950961	0.2706687	0.1330156	0.0000000	0.0000000
7000.6209600	7000.0338101	6999.8782813	0.6401147	-0.6600000	0.1243866	0.2707184	0.1333942	0.0000000	0.0000000
7000.6209600	7000.0338101	6999.8782813	0.6201007	-0.6600000	0.1691289	0.2696058	0.1354933	0.0000000	0.0000000
7000.6209600	7000.0338101	6999.8782813	0.6000867	-0.6600000	0.1657593	0.2696792	0.1344894	0.0000000	0.0000000
7000.6209600	7000.0338101	6999.8782813	0.5800727	-0.6600000	0.1206793	0.2691072	0.1342373	0.0000000	0.0000000
7000.6209600	7000.0338101	6999.8782813	0.5600587	-0.6600000	0.1222123	0.2697227	0.1323799	0.0000000	0.0000000
7000.6209600	7000.0338101	6999.8782813	0.5400447	-0.6600000	0.1409843	0.2683044	0.1344204	0.0000000	0.0000000
7000.6209600	7000.0338101	6999.8782813	0.5200307	-0.6600000	0.1982357	0.2703445	0.1342726	0.0000000	0.0000000
7000.6209600	7000.0338101	6999.8782813	0.5000167	-0.6600000	0.1855306	0.2693528	0.1336097	0.0000000	0.0000000
7000.6209600	7000.0338101	6999.8782813	0.4800027	-0.6600000	0.1354647	0.2682319	0.1334728	0.0000000	0.0000000
7000.6209600	7000.0338101	6999.8782813	0.4599887	-0.6600000	0.1333098	0.2700698	0.1345859	0.0000000	0.0000000
7000.6209600	7000.0338101	6999.8782813	0.4399746	-0.6600000	0.1702045	0.2692412	0.1340734	0.0000000	0.0000000
7000.6209600	7000.0338101	6999.8782813	0.4199606	-0.6600000	0.2153669	0.2688995	0.1342629	0.0000000	0.0000000
7000.6209600	7000.0338101	6999.8782813	0.3999466	-0.6600000	0.2036044	0.2687650	0.1342897	0.0000000	0.0000000
7000.6209600	7000.0338101	6999.8782813	0.3799326	-0.6600000	0.1531754	0.2690304	0.1349583	0.0000000	0.0000000
7000.6209600	7000.0338101	6999.8782813	0.3599186	-0.6600000	0.1596484	0.2684434	0.1342416	0.0000000	0.0000000
7000.6209600	7000.0338101	6999.8782813	0.3399046	-0.6600000	0.1722114	0.2691495	0.1337838	0.0000000	0.0000000
7000.6209600	7000.0338101	6999.8782813	0.3198906	-0.6600000	0.2328340	0.2675791	0.1344631	0.0000000	0.0000000
7000.6209600	7000.0338101	6999.8782813	0.2998766	-0.6600000	0.2204321	0.2698936	0.1356700	0.0000000	0.0000000
7000.6209600	7000.0338101	6999.8782813	0.2798626	-0.6600000	0.1670704	0.2677343	0.1349010	0.0000000	0.0000000
7000.6209600	7000.0338101	6999.8782813	0.2598486	-0.6600000	0.1945927	0.2689867	0.1358363	0.0000000	0.0000000
7000.6209600	7000.0338101	6999.8782813	0.2398346	-0.6600000	0.2232599	0.2696376	0.1339288	0.0000000	0.0000000
7000.6209600	7000.0338101	6999.8782813	0.2201541	-0.6600000	0.2530413	0.2692271	0.1339193	0.0000000	0.0000000
7000.6209600	7000.0338101	6999.8782813	0.2001401	-0.6600000	0.2473406	0.2702711	0.1341345	0.0000000	0.0000000
7000.6209600	7000.0338101	6999.8782813	0.1801261	-0.6600000	0.1870565	0.2689246	0.1336727	0.0000000	0.0000000
7000.6209600	7000.0338101	6999.8782813	0.1601121	-0.6600000	0.2205336	0.2691422	0.1341221	0.0000000	0.0000000
7000.6209600	7000.0338101	6999.8782813	0.1400981	-0.6600000	0.2484194	0.2685347	0.1342639	0.0000000	0.0000000
7000.6209600	7000.0338101	6999.8782813	0.1200841	-0.6600000	0.2763398	0.2676980	0.1351477	0.0000000	0.0000000
7000.6209600	7000.0338101	6999.8782813	0.1000700	-0.6600000	0.2663844	0.2688597	0.1335387	0.0000000	0.0000000
7000.6209600	7000.0338101	6999.8782813	0.0800560	-0.6600000	0.2107184	0.2690237	0.1348507	0.0000000	0.0000000
7000.6209600	7000.0338101	6999.8782813	0.0600420	-0.6600000	0.2369116	0.2682311	0.1337379	0.0000000	0.0000000
7000.6209600	7000.0338101	6999.8782813	0.0400280	-0.6600000	0.2605354	0.2680702	0.1346217	0.0000000	0.0000000
7000.6209600	7000.0338101	6999.8782813	0.0200140	-0.6600000	0.2961414	0.2686107	0.1356061	0.0000000	0.0000000
7000.6209600	7000.0338101	6999.8782813	0.0000000	-0.6600000	0.2952794	0.2692688	0.1356758	0.0000000	0.0000000
7000.6209600	7000.0338101	6999.8782813	-0.0200140	-0.6600000	0.2461604	0.2691840	0.1343877	0.0000000	0.0000000
7000.6209600	7000.0338101	6999.8782813	-0.0400280	-0.6600000	0.2579188	0.2670585	0.1357390	0.0000000	0.0000000
7000.6209600	7000.0338101	6999.8782813	-0.0600420	-0.6600000	0.2788391	0.2692815	0.1355726	0.0000000	0.0000000
7000.6209600	7000.0338101	6999.8782813	-0.0800560	-0.6600000	0.3454639	0.2689835	0.1357473	0.0000000	0.0000000
7000.6209600	7000.0338101	6999.8782813	-0.1000700	-0.6600000	0.3346289	0.2696747	0.1359205	0.0000000	0.0000000
7000.6209600	7000.0338101	6999.8782813	-0.1200841	-0.6600000	0.2683188	0.2693538	0.1335002	0.0000000	0.0000000
7000.6209600	7000.0338101	6999.8782813	-0.1400981	-0.6600000	0.2600076	0.2689618	0.1346873	0.0000000	0.0000000
7000.6209600	7000.0338101	6999.8782813	-0.1601121	-0.6600000	0.2721106	0.2696720	0.1339832	0.0000000	0.0000000
7000.6209600	7000.0338101	6999.8782813	-0.1801261	-0.6600000	0.3612616	0.2694789	0.1345125	0.0000000	0.0000000
7000.6209600	7000.0338101	6999.8782813	-0.2001401	-0.6600000	0.3752751	0.2688707	0.1348765	0.0000000	0.0000000
7000.6209600	7000.0338101	6999.8782813	-0.2201541	-0.6600000	0.3407142	0.2682501	0.1349353	0.0000000	0.0000000
7000.6209600	7000.0338101	6999.8782813	-0.2398346	-0.6600000	0.2983495	0.2676748	0.1338938	0.0000000	0.0000000
7000.6209600	7000.0338101	6999.8782813	-0.2598486	-0.6600000	0.2929778	0.2697620	0.1339076	0.0000000	0.0000000
7000.6209600	7000.0338101	6999.8782813	-0.2798626	-0.6600000	0.3646671	0.2691356	0.1353328	0.0000000	0.0000000
7000.6209600	7000.0338101	6999.8782813	-0.2998766	-0.6600000	0.3524471	0.2684393	0.1351425	0.0000000	0.0000000
7000.6209600	7000.0338101	6999.8782813	-0.3198906	-0.6600000	0.3909633	0.2687256	0.1334702	0.0000000	0.0000000
7000.6209600	7000.0338101	6999.8782813	-0.3399046	-0.6600000	0.3582422	0.2682689	0.1338636	0.0000000	0.0000000
7000.6209600	7000.0338101	6999.8782813	-0.3599186	-0.6600000	0.3376814	0.2678339	0.1335760	0.0000000	0.0000000
7000.6209600	7000.0338101	6999.8782813	-0.3799326	-0.6600000	0.3172258	0.2674384	0.1341923	0.0000000	0.0000000
7000.6209600	7000.0338101	6999.8782813	-0.3999466	-0.6600000	0.3307118	0.2664292	0.1325658	0.0000000	0.0000000
7000.6209600	7000.0338101	6999.8782813	-0.4199606	-0.6600000	0.3857118	0.2670734	0.1334102	0.0000000	0.0000000
7000.6209600	7000.0338101	6999.8782813	-0.4399746	-0.6600000	0.4145891	0.2676956	0.1349740	0.0000000	0.0000000
7000.6209600	7000.0338101	6999.8782813	-0.4599887	-0.6600000	0.3824843	0.2668733	0.1317467	0.0000000	0.0000000
7000.6209600	7000.0338101	6999.8782813	-0.4800027	-0.6600000	0.3029734	0.2679094	0.1342659	0.0000000	0.0000000
7000.6209600	7000.0338101	6999.8782813	-0.5000167	-0.6600000	0.3218417	0.2680509	0.1356239	0.0000000	0.0000000
7000.6209600	7000.0338101	6999.8782813	-0.5200307	-0.6600000	0.3729883	0.2672863	0.1323231	0.0000000	0.0000000
7000.6209600	7000.0338101	6999.8782813	-0.5400447	-0.6600000	0.4234834	0.2672468	0.1342445	0.0000000	0.0000000
7000.6209600	7000.0338101	6999.8782813	-0.5600587	-0.6600000	0.3985120	0.2672976	0.1334733	0.0000000	0.0000000
7000.6209600	7000.0338101	6999.8782813	-0.5800727	-0.6600000	0.3198950	0.2679587	0.1352476	0.0000000	0.0000000
7000.6209600	7000.0338101	6999.8782813	-0.6000867	-0.6600000	0.3484418	0.2679457	0.1357455	0.0000000	0.0000000
7000.6209600	7000.0338101	6999.8782813	-0.6201007	-0.6600000	0.4157601	0.2681904	0.1354829	0.0000000	0.0000000
7000.6209600	7000.0338101	6999.8782813	-0.6401147	-0.6600000	0.4320105	0.2682621	0.1359805	0.0000000	0.0000000
7000.6209600	7000.0338101	6999.8782813	-0.6601288	-0.6600000	0.3584480	0.2662981	0.1348218	0.0000000	0.0000000
7000.6209600	7000.0338101	6999.8782813	-0.6801428	-0.6600000	0.3346882	0.2684768	0.1340981	0.0000000	0.0000000
7000.6209600	7000.0338101	6999.8782813	-0.7001568	-0.6600000	0.3537028	0.2683093	0.1333998	0.0000000	0.0000000
7000.6209600	7000.0338101	6999.8782813	-0.7198372	-0.6600000	0.3961918	0.2685896	0.1346426	0.0000000	0.0000000
7000.6209600	7000.0338101	6999.8782813	-0.7398512	-0.6600000	0.4111498	0.2662877	0.1357498	0.0000000	0.0000000
7000.6209600	7000.0338101	6999.8782813	-0.7598652	-0.6600000	0.3718982	0.2678741	0.1344161	0.0000000	0.0000000
7000.6209600	7000.0338101	6999.8782813	-0.7798792	-0.6600000	0.3355724	0.2674746	0.1351343	0.0000000	0.0000000
7000.6209600	7000.0338101	6999.8782813	-0.7998933	-0.6600000	0.3792970	0.2678149	0.1354292	0.0000000	0.0000000
7000.6209600	7000.0338101	6999.8782813	-0.8199073	-0.6600000	0.4060007	0.2694696	0.1354938	0.0000000	0.0000000
7000.6209600	7000.0338101	6999.8782813	-0.8399213	-0.6600000	0.3491981	0.2687773	0.1348583	0.0000000	0.0000000
7000.6209600	7000.0338101	6999.8782813	-0.8599353	-0.6600000	0.3083606	0.2685439	0.1352527	0.0000000	0.0000000
7000.6209600	7000.0338101	6999.8782813	-0.8799493	-0.6600000	0.3525861	0.2680792	0.1348398	0.0000000	0.0000000
7000.6209600	7000.0338101	6999.8782813	-0.8999633	-0.6600000	0.3781042	0.2685192	0.1355824	0.0000000	0.0000000
7000.6209600	7000.0338101	6999.8782813	-0.9199773	-0.6600000	0.3741125	0.2685961	0.1343258	0.0000000	0.0000000
7000.6209600	7000.0338101	6999.8782813	-0.9399913	-0.6600000	0.2773252	0.2679325	0.1328569	0.0000000	0.0000000
7000.6209600	7000.0338101	6999.8782813	-0.9600053	-0.6600000	0.2524321	0.2674309	0.1355154	0.0000000	0.0000000
7000.6209600	7000.0338101	6999.8782813	-0.9800193	-0.6600000	0.3581473	0.2675134	0.1350491	0.0000000	0.0000000
7000.6209600	7000.0338101	6999.8782813	-1.0000334	-0.6600000	0.3632246	0.2679135	0.1345811	0.0000000	0.0000000
