7000.6209600	7000.0338101	6999.8782813	1.0000334	-0.7198372	0.0607589	0.2660665	0.1365073	0.0000000	-0.7200000
7000.6209600	7000.0338101	6999.8782813	0.9800193	-0.7200000	0.0799375	0.2638776	0.1339387	0.0000000	0.0000000
7000.6209600	7000.0338101	6999.8782813	0.9600053	-0.7200000	0.0899546	0.2647905	0.1334993	0.0000000	0.0000000
7000.6209600	7000.0338101	6999.8782813	0.9399913	-0.7200000	0.0913175	0.2654744	0.1355331	0.0000000	0.0000000
7000.6209600	7000.0338101	6999.8782813	0.9199773	-0.7200000	0.0520743	0.2652963	0.1336820	0.0000000	0.0000000
7000.6209600	7000.0338101	6999.8782813	0.8999633	-0.7200000	0.0507118	0.2654130	0.1349619	0.0000000	0.0000000
7000.6209600	7000.0338101	6999.8782813	0.8799493	-0.7200000	0.0827841	0.2649703	0.1342552	0.0000000	0.0000000
7000.6209600	7000.0338101	6999.8782813	0.8599353	-0.7200000	0.1048905	0.2659779	0.1363219	0.0000000	0.0000000
7000.6209600	7000.0338101	6999.8782813	0.8399213	-0.7200000	0.1018350	0.2668236	0.1370925	0.0000000	0.0000000
7000.6209600	7000.0338101	6999.8782813	0.8199073	-0.7200000	0.0606185	0.2663848	0.1372383	0.0000000	0.0000000
7000.6209600	7000.0338101	6999.8782813	0.7998933	-0.7200000	0.0574066	0.2658019	0.1350085	0.0000000	0.0000000
7000.6209600	7000.0338101	6999.8782813	0.7798792	-0.7200000	0.0956711	0.2647664	0.1340277	0.0000000	0.0000000
7000.6209600	7000.0338101	6999.8782813	0.7598652	-0.7200000	0.1156272	0.2660825	0.1350980	0.0000000	0.0000000
7000.6209600	7000.0338101	6999.8782813	0.7398512	-0.7200000	0.1088910	0.2659883	0.1352634	0.0000000	0.0000000
7000.6209600	7000.0338101	6999.8782813	0.7198372	-0.7200000	0.0657329	0.2664849	0.1359519	0.0000000	0.0000000
7000.6209600	7000.0338101	6999.8782813	0.7001568	-0.7200000	0.0695419	0.2665769	0.1348363	0.0000000	0.0000000
7000.6209600	7000.0338101	6999.8782813	0.6801428	-0.7200000	0.1095391	0.2654215	0.1337255	0.0000000	0.0000000
7000.6209600	7000.0338101	6999.8782813	0.6601288	-0.7200000	0.1336204	0.2644862	0.1341710	0.0000000	0.0000000
7000.6209600	7000.0338101	6999.8782813	0.6401147	-0.7200000	0.1330028	0.2651967	0.1329346	0.0000000	0.0000000
7000.6209600	7000.0338101	6999.8782813	0.6201007	-0.7200000	0.0819540	0.2662517	0.1364353	0.0000000	0.0000000
7000.6209600	7000.0338101	6999.8782813	0.6000867	-0.7200000	0.0911173	0.2656919	0.1333151	0.0000000	0.0000000
7000.6209600	7000.0338101	6999.8782813	0.5800727	-0.7200000	0.1094333	0.2662030	0.1318939	0.0000000	0.0000000
7000.6209600	7000.0338101	6999.8782813	0.5600587	-0.7200000	0.1565728	0.2667278	0.1338372	0.0000000	0.0000000
7000.6209600	7000.0338101	6999.8782813	0.5400447	-0.7200000	0.1617799	0.2648655	0.1354901	0.0000000	0.0000000
7000.6209600	7000.0338101	6999.8782813	0.5200307	-0.7200000	0.0959022	0.2654907	0.1342094	0.0000000	0.0000000
7000.6209600	7000.0338101	6999.8782813	0.5000167	-0.7200000	0.1051559	0.2678333	0.1357048	0.0000000	0.0000000
7000.6209600	7000.0338101	6999.8782813	0.4800027	-0.7200000	0.1554629	0.2644498	0.1334640	0.0000000	0.0000000
7000.6209600	7000.0338101	6999.8782813	0.4599887	-0.7200000	0.1855917	0.2662000	0.1351462	0.0000000	0.0000000
7000.6209600	7000.0338101	6999.8782813	0.4399746	-0.7200000	0.1742792	0.2671497	0.1363812	0.0000000	0.0000000
7000.6209600	7000.0338101	6999.8782813	0.4199606	-0.7200000	0.1153062	0.2663729	0.1356119	0.0000000	0.0000000
7000.6209600	7000.0338101	6999.8782813	0.3999466	-0.7200000	0.1277312	0.2654907	0.1365791	0.0000000	0.0000000
7000.6209600	7000.0338101	6999.8782813	0.3799326	-0.7200000	0.1794340	0.2641471	0.1335830	0.0000000	0.0000000
7000.6209600	7000.0338101	6999.8782813	0.3599186	-0.7200000	0.1818265	0.2653831	0.1323621	0.0000000	0.0000000
7000.6209600	7000.0338101	6999.8782813	0.3399046	-0.7200000	0.1818577	0.2661464	0.1340060	0.0000000	0.0000000
7000.6209600	7000.0338101	6999.8782813	0.3198906	-0.7200000	0.1343901	0.2657858	0.1345898	0.0000000	0.0000000
7000.6209600	7000.0338101	6999.8782813	0.2998766	-0.7200000	0.1491201	0.2651946	0.1345319	0.0000000	0.0000000
7000.6209600	7000.0338101	6999.8782813	0.2798626	-0.7200000	0.2138777	0.2645509	0.1327457	0.0000000	0.0000000
7000.6209600	7000.0338101	6999.8782813	0.2598486	-0.7200000	0.2176095	0.2649222	0.1342952	0.0000000	0.0000000
7000.6209600	7000.0338101	6999.8782813	0.2398346	-0.7200000	0.1948619	0.2662177	0.1350981	0.0000000	0.0000000
7000.6209600	7000.0338101	6999.8782813	0.2201541	-0.7200000	0.1589319	0.2636282	0.1333251	0.0000000	0.0000000
7000.6209600	7000.0338101	6999.8782813	0.2001401	-0.7200000	0.1758708	0.2641672	0.1322217	0.0000000	0.0000000
7000.6209600	7000.0338101	6999.8782813	0.1801261	-0.7200000	0.2252064	0.2647531	0.1332485	0.0000000	0.0000000
7000.6209600	7000.0338101	6999.8782813	0.1601121	-0.7200000	0.2334369	0.2635491	0.1306293	0.0000000	0.0000000
7000.6209600	7000.0338101	6999.8782813	0.1400981	-0.7200000	0.2287164	0.2636737	0.1335153	0.0000000	0.0000000
7000.6209600	7000.0338101	6999.8782813	0.1200841	-0.7200000	0.1814901	0.2637590	0.1309456	0.0000000	0.0000000
7000.6209600	7000.0338101	6999.8782813	0.1000700	-0.7200000	0.1955055	0.2634138	0.1330155	0.0000000	0.0000000
7000.6209600	7000.0338101	6999.8782813	0.0800560	-0.7200000	0.2541451	0.2625933	0.1305851	0.0000000	0.0000000
7000.6209600	7000.0338101	6999.8782813	0.0600420	-0.7200000	0.2572655	0.2648154	0.1334950	0.0000000	0.0000000
7000.6209600	7000.0338101	6999.8782813	0.0400280	-0.7200000	0.2310203	0.2655068	0.1310795	0.0000000	0.0000000
7000.6209600	7000.0338101	6999.8782813	0.0200140	-0.7200000	0.2054821	0.2643779	0.1319486	0.0000000	0.0000000
7000.6209600	7000.0338101	6999.8782813	0.0000000	-0.7200000	0.2171467	0.2654434	0.1326543	0.0000000	0.0000000
7000.6209600	7000.0338101	6999.8782813	-0.0200140	-0.7200000	0.2680466	0.2652456	0.1333124	0.0000000	0.0000000
7000.6209600	7000.0338101	6999.8782813	-0.0400280	-0.7200000	0.3002173	0.2657456	0.1352306	0.0000000	0.0000000
7000.6209600	7000.0338101	6999.8782813	-0.0600420	-0.7200000	0.2897030	0.2641660	0.1326974	0.0000000	0.0000000
7000.6209600	7000.0338101	6999.8782813	-0.0800560	-0.7200000	0.2271775	0.2659584	0.1343031	0.0000000	0.0000000
7000.6209600	7000.0338101	6999.8782813	-0.1000700	-0.7200000	0.2298778	0.2647064	0.1333274	0.0000000	0.0000000
7000.6209600	7000.0338101	6999.8782813	-0.1200841	-0.7200000	0.2643475	0.2638818	0.1336348	0.0000000	0.0000000
7000.6209600	7000.0338101	6999.8782813	-0.1400981	-0.7200000	0.3292546	0.2662582	0.1318149	0.0000000	0.0000000
7000.6209600	7000.0338101	6999.8782813	-0.1601121	-0.7200000	0.3324303	0.2656597	0.1337229	0.0000000	0.0000000
7000.6209600	7000.0338101	6999.8782813	-0.1801261	-0.7200000	0.2437782	0.2650381	0.1347527	0.0000000	0.0000000
7000.6209600	7000.0338101	6999.8782813	-0.2001401	-0.7200000	0.2492457	0.2661528	0.1346528	0.0000000	0.0000000
7000.6209600	7000.0338101	6999.8782813	-0.2201541	-0.7200000	0.2670535	0.2657889	0.1348088	0.0000000	0.0000000
7000.6209600	7000.0338101	6999.8782813	-0.2398346	-0.7200000	0.3280911	0.2661962	0.1349791	0.0000000	0.0000000
7000.6209600	7000.0338101	6999.8782813	-0.2598486	-0.7200000	0.3389451	0.2648040	0.1302633	0.0000000	0.0000000
7000.6209600	7000.0338101	6999.8782813	-0.2798626	-0.7200000	0.3129155	0.2651537	0.1322452	0.0000000	0.0000000
7000.6209600	7000.0338101	6999.8782813	-0.2998766	-0.7200000	0.3102809	0.2652810	0.1336892	0.0000000	0.0000000
7000.6209600	7000.0338101	6999.8782813	-0.3198906	-0.7200000	0.2634872	0.2649904	0.1330101	0.0000000	0.0000000
7000.6209600	7000.0338101	6999.8782813	-0.3399046	-0.7200000	0.3131600	0.2646912	0.1343286	0.0000000	0.0000000
7000.6209600	7000.0338101	6999.8782813	-0.3599186	-0.7200000	0.3466377	0.2656740	0.1333257	0.0000000	0.0000000
7000.6209600	7000.0338101	6999.8782813	-0.3799326	-0.7200000	0.3840516	0.2636993	0.1359465	0.0000000	0.0000000
7000.6209600	7000.0338101	6999.8782813	-0.3999466	-0.7200000	0.3531500	0.2648739	0.1337548	0.0000000	0.0000000
7000.6209600	7000.0338101	6999.8782813	-0.4199606	-0.7200000	0.3222039	0.2640491	0.1322855	0.0000000	0.0000000
7000.6209600	7000.0338101	6999.8782813	-0.4399746	-0.7200000	0.2813043	0.2650645	0.1302338	0.0000000	0.0000000
7000.6209600	7000.0338101	6999.8782813	-0.4599887	-0.7200000	0.3055509	0.2662740	0.1319840	0.0000000	0.0000000
7000.6209600	7000.0338101	6999.8782813	-0.4800027	-0.7200000	0.4059189	0.2656670	0.1321084	0.0000000	0.0000000
7000.6209600	7000.0338101	6999.8782813	-0.5000167	-0.7200000	0.4072686	0.2651414	0.1334678	0.0000000	0.0000000
7000.6209600	7000.0338101	6999.8782813	-0.5200307	-0.7200000	0.3542039	0.2664236	0.1330286	0.0000000	0.0000000
7000.6209600	7000.0338101	6999.8782813	-0.5400447	-0.7200000	0.3062921	0.2664817	0.1331661	0.0000000	0.0000000
7000.6209600	7000.0338101	6999.8782813	-0.5600587	-0.7200000	0.3302068	0.2664200	0.1344132	0.0000000	0.0000000
7000.6209600	7000.0338101	6999.8782813	-0.5800727	-0.7200000	0.4167280	0.2665173	0.1346638	0.0000000	0.0000000
7000.6209600	7000.0338101	6999.8782813	-0.6000867	-0.7200000	0.4006753	0.2663778	0.1338027	0.0000000	0.0000000
7000.6209600	7000.0338101	6999.8782813	-0.6201007	-0.7200000	0.3448912	0.2676366	0.1360156	0.0000000	0.0000000
7000.6209600	7000.0338101	6999.8782813	-0.6401147	-0.7200000	0.3316808	0.2651838	0.1360330	0.0000000	0.0000000
7000.6209600	7000.0338101	6999.8782813	-0.6601288	-0.7200000	0.3811177	0.2660614	0.1356294	0.0000000	0.0000000
7000.6209600	7000.0338101	6999.8782813	-0.6801428	-0.7200000	0.4022343	0.2660126	0.1335718	0.0000000	0.0000000
7000.6209600	7000.0338101	6999.8782813	-0.7001568	-0.7200000	0.3756304	0.2670787	0.1345802	0.0000000	0.0000000
7000.6209600	7000.0338101	6999.8782813	-0.7198372	-0.7200000	0.3382365	0.2666700	0.1347222	0.0000000	0.0000000
7000.6209600	7000.0338101	6999.8782813	-0.7398512	-0.7200000	0.3521315	0.2670630	0.1357419	0.0000000	0.0000000
7000.6209600	7000.0338101	6999.8782813	-0.7598652	-0.7200000	0.3820525	0.2688540	0.1358190	0.0000000	0.0000000
7000.6209600	7000.0338101	6999.8782813	-0.7798792	-0.7200000	0.3940500	0.2679915	0.1363772	0.0000000	0.0000000
7000.6209600	7000.0338101	6999.8782813	-0.7998933	-0.7200000	0.3475760	0.2686461	0.1375406	0.0000000	0.0000000
7000.6209600	7000.0338101	6999.8782813	-0.8199073	-0.7200000	0.3125011	0.2675717	0.1365936	0.0000000	0.0000000
7000.6209600	7000.0338101	6999.8782813	-0.8399213	-0.7200000	0.3906055	0.2685710	0.1359983	0.0000000	0.0000000
7000.6209600	7000.0338101	6999.8782813	-0.8599353	-0.7200000	0.3996877	0.2682041	0.1362012	0.0000000	0.0000000
7000.6209600	7000.0338101	6999.8782813	-0.8799493	-0.7200000	0.3313329	0.2689441	0.1370940	0.0000000	0.0000000
7000.6209600	7000.0338101	6999.8782813	-0.8999633	-0.7200000	0.2855040	0.2696227	0.1357745	0.0000000	0.0000000
7000.6209600	7000.0338101	6999.8782813	-0.9199773	-0.7200000	0.2973464	0.2684500	0.1357837	0.0000000	0.0000000
7000.6209600	7000.0338101	6999.8782813	-0.9399913	-0.7200000	0.4115969	0.2688164	0.1376071	0.0000000	0.0000000
7000.6209600	7000.0338101	6999.8782813	-0.9600053	-0.7200000	0.3872107	0.2697627	0.1377356	0.0000000	0.0000000
7000.6209600	7000.0338101	6999.8782813	-0.9800193	-0.7200000	0.2613569	0.2696022	0.1359366	0.0000000	0.0000000
7000.6209600	7000.0338101	6999.8782813	-1.0000334	-0.7200000	0.2638964	0.2700903	0.1355591	0.0000000	0.0000000
