7000.6209600	7000.0338101	6999.8782813	1.0000334	-0.8399213	0.0271868	0.2647371	0.1348282	0.0000000	-0.8400000
7000.6209600	7000.0338101	6999.8782813	0.9800193	-0.8400000	0.0400521	0.2635348	0.1356462	0.0000000	0.0000000
7000.6209600	7000.0338101	6999.8782813	0.9600053	-0.8400000	0.0553717	0.2638209	0.1333246	0.0000000	0.0000000
7000.6209600	7000.0338101	6999.8782813	0.9399913	-0.8400000	0.0527397	0.2643137	0.1318491	0.0000000	0.0000000
7000.6209600	7000.0338101	6999.8782813	0.9199773	-0.8400000	0.0276663	0.2647574	0.1341824	0.0000000	0.0000000
7000.6209600	7000.0338101	6999.8782813	0.8999633	-0.8400000	0.0240940	0.2631715	0.1329314	0.0000000	0.0000000
7000.6209600	7000.0338101	6999.8782813	0.8799493	-0.8400000	0.0378190	0.2634052	0.1314082	0.0000000	0.0000000
7000.6209600	7000.0338101	6999.8782813	0.8599353	-0.8400000	0.0552994	0.2634130	0.1305413	0.0000000	0.0000000
7000.6209600	7000.0338101	6999.8782813	0.8399213	-0.8400000	0.0588766	0.2633591	0.1330480	0.0000000	0.0000000
7000.6209600	7000.0338101	6999.8782813	0.8199073	-0.8400000	0.0306992	0.2649639	0.1355852	0.0000000	0.0000000
7000.6209600	7000.0338101	6999.8782813	0.7998933	-0.8400000	0.0306735	0.2647300	0.1351421	0.0000000	0.0000000
7000.6209600	7000.0338101	6999.8782813	0.7798792	-0.8400000	0.0549786	0.2642550	0.1354078	0.0000000	0.0000000
7000.6209600	7000.0338101	6999.8782813	0.7598652	-0.8400000	0.0766245	0.2625095	0.1357458	0.0000000	0.0000000
7000.6209600	7000.0338101	6999.8782813	0.7398512	-0.8400000	0.0722949	0.2645232	0.1340289	0.0000000	0.0000000
7000.6209600	7000.0338101	6999.8782813	0.7198372	-0.8400000	0.0383899	0.2631992	0.1345049	0.0000000	0.0000000
7000.6209600	7000.0338101	6999.8782813	0.7001568	-0.8400000	0.0381288	0.2639102	0.1339922	0.0000000	0.0000000
7000.6209600	7000.0338101	6999.8782813	0.6801428	-0.8400000	0.0524331	0.2635181	0.1341071	0.0000000	0.0000000
7000.6209600	7000.0338101	6999.8782813	0.6601288	-0.8400000	0.0854819	0.2621241	0.1351752	0.0000000	0.0000000
7000.6209600	7000.0338101	6999.8782813	0.6401147	-0.8400000	0.0899799	0.2640929	0.1325974	0.0000000	0.0000000
7000.6209600	7000.0338101	6999.8782813	0.6201007	-0.8400000	0.0484935	0.2628079	0.1332271	0.0000000	0.0000000
7000.6209600	7000.0338101	6999.8782813	0.6000867	-0.8400000	0.0457139	0.2644879	0.1305167	0.0000000	0.0000000
7000.6209600	7000.0338101	6999.8782813	0.5800727	-0.8400000	0.0562295	0.2635396	0.1304691	0.0000000	0.0000000
7000.6209600	7000.0338101	6999.8782813	0.5600587	-0.8400000	0.0912612	0.2624467	0.1254796	0.0000000	0.0000000
7000.6209600	7000.0338101	6999.8782813	0.5400447	-0.8400000	0.1050137	0.2632229	0.1323939	0.0000000	0.0000000
7000.6209600	7000.0338101	6999.8782813	0.5200307	-0.8400000	0.0533207	0.2622784	0.1313163	0.0000000	0.0000000
7000.6209600	7000.0338101	6999.8782813	0.5000167	-0.8400000	0.0587043	0.2636592	0.1325492	0.0000000	0.0000000
7000.6209600	7000.0338101	6999.8782813	0.4800027	-0.8400000	0.0956055	0.2635894	0.1368881	0.0000000	0.0000000
7000.6209600	7000.0338101	6999.8782813	0.4599887	-0.8400000	0.1302612	0.2628160	0.1359799	0.0000000	0.0000000
7000.6209600	7000.0338101	6999.8782813	0.4399746	-0.8400000	0.1290814	0.2638885	0.1352069	0.0000000	0.0000000
7000.6209600	7000.0338101	6999.8782813	0.4199606	-0.8400000	0.0718326	0.2631302	0.1307269	0.0000000	0.0000000
7000.6209600	7000.0338101	6999.8782813	0.3999466	-0.8400000	0.0740817	0.2632976	0.1303422	0.0000000	0.0000000
7000.6209600	7000.0338101	6999.8782813	0.3799326	-0.8400000	0.1192159	0.2640291	0.1359182	0.0000000	0.0000000
7000.6209600	7000.0338101	6999.8782813	0.3599186	-0.8400000	0.1453695	0.2640073	0.1349047	0.0000000	0.0000000
7000.6209600	7000.0338101	6999.8782813	0.3399046	-0.8400000	0.1466096	0.2637137	0.1345614	0.0000000	0.0000000
7000.6209600	7000.0338101	6999.8782813	0.3198906	-0.8400000	0.0958224	0.2635071	0.1330350	0.0000000	0.0000000
7000.6209600	7000.0338101	6999.8782813	0.2998766	-0.8400000	0.0940771	0.2634161	0.1313320	0.0000000	0.0000000
7000.6209600	7000.0338101	6999.8782813	0.2798626	-0.8400000	0.1323505	0.2635850	0.1287406	0.0000000	0.0000000
7000.6209600	7000.0338101	6999.8782813	0.2598486	-0.8400000	0.1667303	0.2645992	0.1322187	0.0000000	0.0000000
7000.6209600	7000.0338101	6999.8782813	0.2398346	-0.8400000	0.1698550	0.2633472	0.1364584	0.0000000	0.0000000
7000.6209600	7000.0338101	6999.8782813	0.2201541	-0.8400000	0.1047174	0.2639873	0.1326104	0.0000000	0.0000000
7000.6209600	7000.0338101	6999.8782813	0.2001401	-0.8400000	0.1165120	0.2644022	0.1338326	0.0000000	0.0000000
7000.6209600	7000.0338101	6999.8782813	0.1801261	-0.8400000	0.1695060	0.2643318	0.1357334	0.0000000	0.0000000
7000.6209600	7000.0338101	6999.8782813	0.1601121	-0.8400000	0.1990458	0.2641769	0.1343243	0.0000000	0.0000000
7000.6209600	7000.0338101	6999.8782813	0.1400981	-0.8400000	0.1820408	0.2644369	0.1299971	0.0000000	0.0000000
7000.6209600	7000.0338101	6999.8782813	0.1200841	-0.8400000	0.1241866	0.2632537	0.1277025	0.0000000	0.0000000
7000.6209600	7000.0338101	6999.8782813	0.1000700	-0.8400000	0.1560872	0.2630452	0.1340896	0.0000000	0.0000000
7000.6209600	7000.0338101	6999.8782813	0.0800560	-0.8400000	0.1961410	0.2639731	0.1366345	0.0000000	0.0000000
7000.6209600	7000.0338101	6999.8782813	0.0600420	-0.8400000	0.2171763	0.2626719	0.1324042	0.0000000	0.0000000
7000.6209600	7000.0338101	6999.8782813	0.0400280	-0.8400000	0.2106863	0.2647556	0.1342375	0.0000000	0.0000000
7000.6209600	7000.0338101	6999.8782813	0.0200140	-0.8400000	0.1693085	0.2637339	0.1354941	0.0000000	0.0000000
7000.6209600	7000.0338101	6999.8782813	0.0000000	-0.8400000	0.1588112	0.2635122	0.1303422	0.0000000	0.0000000
7000.6209600	7000.0338101	6999.8782813	-0.0200140	-0.8400000	0.2014211	0.2623317	0.1298409	0.0000000	0.0000000
7000.6209600	7000.0338101	6999.8782813	-0.0400280	-0.8400000	0.2531874	0.2641746	0.1316362	0.0000000	0.0000000
7000.6209600	7000.0338101	6999.8782813	-0.0600420	-0.8400000	0.2415214	0.2635880	0.1339698	0.0000000	0.0000000
7000.6209600	7000.0338101	6999.8782813	-0.0800560	-0.8400000	0.1592316	0.2623448	0.1289115	0.0000000	0.0000000
7000.6209600	7000.0338101	6999.8782813	-0.1000700	-0.8400000	0.1865709	0.2638651	0.1346713	0.0000000	0.0000000
7000.6209600	7000.0338101	6999.8782813	-0.1200841	-0.8400000	0.2328878	0.2644557	0.1351488	0.0000000	0.0000000
7000.6209600	7000.0338101	6999.8782813	-0.1400981	-0.8400000	0.2756204	0.2648352	0.1331655	0.0000000	0.0000000
7000.6209600	7000.0338101	6999.8782813	-0.1601121	-0.8400000	0.2704753	0.2632371	0.1300284	0.0000000	0.0000000
7000.6209600	7000.0338101	6999.8782813	-0.1801261	-0.8400000	0.1947510	0.2651272	0.1305371	0.0000000	0.0000000
7000.6209600	7000.0338101	6999.8782813	-0.2001401	-0.8400000	0.2149362	0.2647521	0.1340507	0.0000000	0.0000000
7000.6209600	7000.0338101	6999.8782813	-0.2201541	-0.8400000	0.2181233	0.2634791	0.1340612	0.0000000	0.0000000
7000.6209600	7000.0338101	6999.8782813	-0.2398346	-0.8400000	0.2949991	0.2646107	0.1375292	0.0000000	0.0000000
7000.6209600	7000.0338101	6999.8782813	-0.2598486	-0.8400000	0.2817440	0.2645958	0.1331708	0.0000000	0.0000000
7000.6209600	7000.0338101	6999.8782813	-0.2798626	-0.8400000	0.3011335	0.2642028	0.1346766	0.0000000	0.0000000
7000.6209600	7000.0338101	6999.8782813	-0.2998766	-0.8400000	0.2940004	0.2642795	0.1340887	0.0000000	0.0000000
7000.6209600	7000.0338101	6999.8782813	-0.3198906	-0.8400000	0.2510265	0.2646429	0.1356595	0.0000000	0.0000000
7000.6209600	7000.0338101	6999.8782813	-0.3399046	-0.8400000	0.2441401	0.2639469	0.1334315	0.0000000	0.0000000
7000.6209600	7000.0338101	6999.8782813	-0.3599186	-0.8400000	0.2649081	0.2620369	0.1319446	0.0000000	0.0000000
7000.6209600	7000.0338101	6999.8782813	-0.3799326	-0.8400000	0.3361958	0.2632184	0.1323291	0.0000000	0.0000000
7000.6209600	7000.0338101	6999.8782813	-0.3999466	-0.8400000	0.3420693	0.2635382	0.1357981	0.0000000	0.0000000
7000.6209600	7000.0338101	6999.8782813	-0.4199606	-0.8400000	0.2981243	0.2641958	0.1363826	0.0000000	0.0000000
7000.6209600	7000.0338101	6999.8782813	-0.4399746	-0.8400000	0.2500651	0.2645419	0.1318798	0.0000000	0.0000000
7000.6209600	7000.0338101	6999.8782813	-0.4599887	-0.8400000	0.2783871	0.2632642	0.1325283	0.0000000	0.0000000
7000.6209600	7000.0338101	6999.8782813	-0.4800027	-0.8400000	0.3841982	0.2641470	0.1366107	0.0000000	0.0000000
7000.6209600	7000.0338101	6999.8782813	-0.5000167	-0.8400000	0.3787570	0.2641349	0.1351130	0.0000000	0.0000000
7000.6209600	7000.0338101	6999.8782813	-0.5200307	-0.8400000	0.3452683	0.2641981	0.1369358	0.0000000	0.0000000
7000.6209600	7000.0338101	6999.8782813	-0.5400447	-0.8400000	0.2787539	0.2627543	0.1331156	0.0000000	0.0000000
7000.6209600	7000.0338101	6999.8782813	-0.5600587	-0.8400000	0.3053911	0.2647295	0.1354249	0.0000000	0.0000000
7000.6209600	7000.0338101	6999.8782813	-0.5800727	-0.8400000	0.3998510	0.2634878	0.1334973	0.0000000	0.0000000
7000.6209600	7000.0338101	6999.8782813	-0.6000867	-0.8400000	0.4104946	0.2649692	0.1366910	0.0000000	0.0000000
7000.6209600	7000.0338101	6999.8782813	-0.6201007	-0.8400000	0.3568693	0.2654320	0.1347432	0.0000000	0.0000000
7000.6209600	7000.0338101	6999.8782813	-0.6401147	-0.8400000	0.3083201	0.2658313	0.1362001	0.0000000	0.0000000
7000.6209600	7000.0338101	6999.8782813	-0.6601288	-0.8400000	0.3354208	0.2672114	0.1370286	0.0000000	0.0000000
7000.6209600	7000.0338101	6999.8782813	-0.6801428	-0.8400000	0.4186063	0.2651967	0.1344235	0.0000000	0.0000000
7000.6209600	7000.0338101	6999.8782813	-0.7001568	-0.8400000	0.4130560	0.2654994	0.1368929	0.0000000	0.0000000
7000.6209600	7000.0338101	6999.8782813	-0.7198372	-0.8400000	0.3490458	0.2640267	0.1329233	0.0000000	0.0000000
7000.6209600	7000.0338101	6999.8782813	-0.7398512	-0.8400000	0.3190333	0.2642959	0.1304940	0.0000000	0.0000000
7000.6209600	7000.0338101	6999.8782813	-0.7598652	-0.8400000	0.3575571	0.2653013	0.1356868	0.0000000	0.0000000
7000.6209600	7000.0338101	6999.8782813	-0.7798792	-0.8400000	0.3954698	0.2648257	0.1302749	0.0000000	0.0000000
7000.6209600	7000.0338101	6999.8782813	-0.7998933	-0.8400000	0.3794688	0.2647401	0.1321180	0.0000000	0.0000000
7000.6209600	7000.0338101	6999.8782813	-0.8199073	-0.8400000	0.3200485	0.2633779	0.1261028	0.0000000	0.0000000
7000.6209600	7000.0338101	6999.8782813	-0.8399213	-0.8400000	0.3647499	0.2634887	0.1320817	0.0000000	0.0000000
7000.6209600	7000.0338101	6999.8782813	-0.8599353	-0.8400000	0.3829846	0.2638309	0.1347198	0.0000000	0.0000000
7000.6209600	7000.0338101	6999.8782813	-0.8799493	-0.8400000	0.3736652	0.2643086	0.1320018	0.0000000	0.0000000
7000.6209600	7000.0338101	6999.8782813	-0.8999633	-0.8400000	0.3278042	0.2641826	0.1316376	0.0000000	0.0000000
7000.6209600	7000.0338101	6999.8782813	-0.9199773	-0.8400000	0.2993290	0.2639680	0.1312247	0.0000000	0.0000000
7000.6209600	7000.0338101	6999.8782813	-0.9399913	-0.8400000	0.3942943	0.2650936	0.1350962	0.0000000	0.0000000
7000.6209600	7000.0338101	6999.8782813	-0.9600053	-0.8400000	0.4184738	0.2642827	0.1308638	0.0000000	0.0000000
7000.6209600	7000.0338101	6999.8782813	-0.9800193	-0.8400000	0.3310300	0.2634171	0.1305155	0.0000000	0.0000000
7000.6209600	7000.0338101	6999.8782813	-1.0000334	-0.8400000	0.3044717	0.2627413	0.1334573	0.0000000	0.0000000
