7000.6209600	7000.0338101	6999.8782813	1.0000334	0.5200307	0.2745193	0.2751036	0.1262458	0.0000000	0.5200000
7000.6209600	7000.0338101	6999.8782813	0.9800193	0.5200000	0.2319774	0.2743679	0.1286244	0.0000000	0.0000000
7000.6209600	7000.0338101	6999.8782813	0.9600053	0.5200000	0.2468048	0.2724098	0.1318770	0.0000000	0.0000000
7000.6209600	7000.0338101	6999.8782813	0.9399913	0.5200000	0.2538203	0.2745602	0.1223513	0.0000000	0.0000000
7000.6209600	7000.0338101	6999.8782813	0.9199773	0.5200000	0.3026012	0.2703068	0.1335504	0.0000000	0.0000000
7000.6209600	7000.0338101	6999.8782813	0.8999633	0.5200000	0.2892097	0.2731807	0.1295215	0.0000000	0.0000000
7000.6209600	7000.0338101	6999.8782813	0.8799493	0.5200000	0.2392627	0.2732960	0.1272529	0.0000000	0.0000000
7000.6209600	7000.0338101	6999.8782813	0.8599353	0.5200000	0.2425481	0.2740068	0.1289728	0.0000000	0.0000000
7000.6209600	7000.0338101	6999.8782813	0.8399213	0.5200000	0.2559570	0.2735129	0.1247361	0.0000000	0.0000000
7000.6209600	7000.0338101	6999.8782813	0.8199073	0.5200000	0.2922867	0.2718422	0.1221859	0.0000000	0.0000000
7000.6209600	7000.0338101	6999.8782813	0.7998933	0.5200000	0.2974431	0.2732401	0.1280437	0.0000000	0.0000000
7000.6209600	7000.0338101	6999.8782813	0.7798792	0.5200000	0.2319022	0.2734358	0.1294801	0.0000000	0.0000000
7000.6209600	7000.0338101	6999.8782813	0.7598652	0.5200000	0.2477113	0.2747515	0.1281240	0.0000000	0.0000000
7000.6209600	7000.0338101	6999.8782813	0.7398512	0.5200000	0.2826388	0.2731748	0.1326410	0.0000000	0.0000000
7000.6209600	7000.0338101	6999.8782813	0.7198372	0.5200000	0.3190179	0.2715280	0.1327607	0.0000000	0.0000000
7000.6209600	7000.0338101	6999.8782813	0.7001568	0.5200000	0.3056024	0.2728523	0.1289236	0.0000000	0.0000000
7000.6209600	7000.0338101	6999.8782813	0.6801428	0.5200000	0.2640452	0.2716516	0.1347272	0.0000000	0.0000000
7000.6209600	7000.0338101	6999.8782813	0.6601288	0.5200000	0.2175731	0.2730709	0.1300487	0.0000000	0.0000000
7000.6209600	7000.0338101	6999.8782813	0.6401147	0.5200000	0.2352352	0.2734897	0.1328079	0.0000000	0.0000000
7000.6209600	7000.0338101	6999.8782813	0.6201007	0.5200000	0.3182214	0.2748274	0.1313044	0.0000000	0.0000000
7000.6209600	7000.0338101	6999.8782813	0.6000867	0.5200000	0.3029061	0.2729323	0.1295338	0.0000000	0.0000000
7000.6209600	7000.0338101	6999.8782813	0.5800727	0.5200000	0.2355367	0.2719132	0.1298009	0.0000000	0.0000000
7000.6209600	7000.0338101	6999.8782813	0.5600587	0.5200000	0.2023572	0.2738350	0.1268396	0.0000000	0.0000000
7000.6209600	7000.0338101	6999.8782813	0.5400447	0.5200000	0.1925754	0.2707540	0.1292927	0.0000000	0.0000000
7000.6209600	7000.0338101	6999.8782813	0.5200307	0.5200000	0.3102644	0.2721382	0.1338564	0.0000000	0.0000000
7000.6209600	7000.0338101	6999.8782813	0.5000167	0.5200000	0.3079650	0.2744868	0.1273319	0.0000000	0.0000000
7000.6209600	7000.0338101	6999.8782813	0.4800027	0.5200000	0.2385083	0.2741227	0.1259976	0.0000000	0.0000000
7000.6209600	7000.0338101	6999.8782813	0.4599887	0.5200000	0.2210531	0.2723489	0.1299323	0.0000000	0.0000000
7000.6209600	7000.0338101	6999.8782813	0.4399746	0.5200000	0.2270063	0.2759425	0.1247616	0.0000000	0.0000000
7000.6209600	7000.0338101	6999.8782813	0.4199606	0.5200000	0.2957656	0.2733936	0.1288370	0.0000000	0.0000000
7000.6209600	7000.0338101	6999.8782813	0.3999466	0.5200000	0.2807949	0.2740349	0.1310441	0.0000000	0.0000000
7000.6209600	7000.0338101	6999.8782813	0.3799326	0.5200000	0.2121639	0.2735420	0.1280768	0.0000000	0.0000000
7000.6209600	7000.0338101	6999.8782813	0.3599186	0.5200000	0.1899664	0.2726544	0.1281110	0.0000000	0.0000000
7000.6209600	7000.0338101	6999.8782813	0.3399046	0.5200000	0.2053116	0.2740101	0.1294810	0.0000000	0.0000000
7000.6209600	7000.0338101	6999.8782813	0.3198906	0.5200000	0.2816604	0.2728730	0.1335743	0.0000000	0.0000000
7000.6209600	7000.0338101	6999.8782813	0.2998766	0.5200000	0.2482095	0.2721207	0.1282578	0.0000000	0.0000000
7000.6209600	7000.0338101	6999.8782813	0.2798626	0.5200000	0.1811400	0.2724535	0.1268043	0.0000000	0.0000000
7000.6209600	7000.0338101	6999.8782813	0.2598486	0.5200000	0.1775980	0.2704194	0.1313950	0.0000000	0.0000000
7000.6209600	7000.0338101	6999.8782813	0.2398346	0.5200000	0.2051273	0.2728240	0.1303796	0.0000000	0.0000000
7000.6209600	7000.0338101	6999.8782813	0.2201541	0.5200000	0.2712308	0.2701643	0.1367115	0.0000000	0.0000000
7000.6209600	7000.0338101	6999.8782813	0.2001401	0.5200000	0.2429176	0.2736674	0.1272311	0.0000000	0.0000000
7000.6209600	7000.0338101	6999.8782813	0.1801261	0.5200000	0.1896703	0.2724277	0.1290795	0.0000000	0.0000000
7000.6209600	7000.0338101	6999.8782813	0.1601121	0.5200000	0.1507943	0.2732921	0.1208871	0.0000000	0.0000000
7000.6209600	7000.0338101	6999.8782813	0.1400981	0.5200000	0.1848877	0.2715277	0.1318344	0.0000000	0.0000000
7000.6209600	7000.0338101	6999.8782813	0.1200841	0.5200000	0.2254067	0.2732493	0.1327299	0.0000000	0.0000000
7000.6209600	7000.0338101	6999.8782813	0.1000700	0.5200000	0.1928674	0.2730289	0.1267124	0.0000000	0.0000000
7000.6209600	7000.0338101	6999.8782813	0.0800560	0.5200000	0.1576727	0.2734712	0.1328362	0.0000000	0.0000000
7000.6209600	7000.0338101	6999.8782813	0.0600420	0.5200000	0.1487814	0.2720450	0.1312118	0.0000000	0.0000000
7000.6209600	7000.0338101	6999.8782813	0.0400280	0.5200000	0.1612455	0.2722187	0.1281219	0.0000000	0.0000000
7000.6209600	7000.0338101	6999.8782813	0.0200140	0.5200000	0.1712692	0.2762371	0.1206929	0.0000000	0.0000000
7000.6209600	7000.0338101	6999.8782813	0.0000000	0.5200000	0.1720447	0.2737153	0.1247413	0.0000000	0.0000000
7000.6209600	7000.0338101	6999.8782813	-0.0200140	0.5200000	0.1316549	0.2727499	0.1304779	0.0000000	0.0000000
7000.6209600	7000.0338101	6999.8782813	-0.0400280	0.5200000	0.1063431	0.2704370	0.1255762	0.0000000	0.0000000
7000.6209600	7000.0338101	6999.8782813	-0.0600420	0.5200000	0.1274274	0.2727148	0.1260425	0.0000000	0.0000000
7000.6209600	7000.0338101	6999.8782813	-0.0800560	0.5200000	0.1771205	0.2708237	0.1277625	0.0000000	0.0000000
7000.6209600	7000.0338101	6999.8782813	-0.1000700	0.5200000	0.1721024	0.2730150	0.1272039	0.0000000	0.0000000
7000.6209600	7000.0338101	6999.8782813	-0.1200841	0.5200000	0.1235388	0.2728700	0.1248009	0.0000000	0.0000000
7000.6209600	7000.0338101	6999.8782813	-0.1400981	0.5200000	0.0949680	0.2724469	0.1276398	0.0000000	0.0000000
7000.6209600	7000.0338101	6999.8782813	-0.1601121	0.5200000	0.0898354	0.2739777	0.1240817	0.0000000	0.0000000
7000.6209600	7000.0338101	6999.8782813	-0.1801261	0.5200000	0.1603956	0.2742180	0.1228187	0.0000000	0.0000000
7000.6209600	7000.0338101	6999.8782813	-0.2001401	0.5200000	0.1488525	0.2735433	0.1243236	0.0000000	0.0000000
7000.6209600	7000.0338101	6999.8782813	-0.2201541	0.5200000	0.1405989	0.2701782	0.1343906	0.0000000	0.0000000
7000.6209600	7000.0338101	6999.8782813	-0.2398346	0.5200000	0.0962456	0.2725603	0.1259994	0.0000000	0.0000000
7000.6209600	7000.0338101	6999.8782813	-0.2598486	0.5200000	0.0781481	0.2723091	0.1276926	0.0000000	0.0000000
7000.6209600	7000.0338101	6999.8782813	-0.2798626	0.5200000	0.0903766	0.2718651	0.1319443	0.0000000	0.0000000
7000.6209600	7000.0338101	6999.8782813	-0.2998766	0.5200000	0.0935067	0.2729236	0.1314652	0.0000000	0.0000000
7000.6209600	7000.0338101	6999.8782813	-0.3198906	0.5200000	0.1206113	0.2728151	0.1254396	0.0000000	0.0000000
7000.6209600	7000.0338101	6999.8782813	-0.3399046	0.5200000	0.1056688	0.2712633	0.1291064	0.0000000	0.0000000
7000.6209600	7000.0338101	6999.8782813	-0.3599186	0.5200000	0.0940453	0.2720408	0.1283506	0.0000000	0.0000000
7000.6209600	7000.0338101	6999.8782813	-0.3799326	0.5200000	0.0538447	0.2718038	0.1298921	0.0000000	0.0000000
7000.6209600	7000.0338101	6999.8782813	-0.3999466	0.5200000	0.0601578	0.2702065	0.1314897	0.0000000	0.0000000
7000.6209600	7000.0338101	6999.8782813	-0.4199606	0.5200000	0.0906204	0.2713472	0.1351283	0.0000000	0.0000000
7000.6209600	7000.0338101	6999.8782813	-0.4399746	0.5200000	0.1094443	0.2720055	0.1315885	0.0000000	0.0000000
7000.6209600	7000.0338101	6999.8782813	-0.4599887	0.5200000	0.0864579	0.2729703	0.1254943	0.0000000	0.0000000
7000.6209600	7000.0338101	6999.8782813	-0.4800027	0.5200000	0.0363666	0.2741383	0.1238485	0.0000000	0.0000000
7000.6209600	7000.0338101	6999.8782813	-0.5000167	0.5200000	0.0377061	0.2705729	0.1282203	0.0000000	0.0000000
7000.6209600	7000.0338101	6999.8782813	-0.5200307	0.5200000	0.0565972	0.2699506	0.1304680	0.0000000	0.0000000
7000.6209600	7000.0338101	6999.8782813	-0.5400447	0.5200000	0.0835668	0.2711260	0.1316217	0.0000000	0.0000000
7000.6209600	7000.0338101	6999.8782813	-0.5600587	0.5200000	0.0702496	0.2712689	0.1249438	0.0000000	0.0000000
7000.6209600	7000.0338101	6999.8782813	-0.5800727	0.5200000	0.0264714	0.2709061	0.1310411	0.0000000	0.0000000
7000.6209600	7000.0338101	6999.8782813	-0.6000867	0.5200000	0.0254200	0.2743815	0.1261921	0.0000000	0.0000000
7000.6209600	7000.0338101	6999.8782813	-0.6201007	0.5200000	0.0450948	0.2716217	0.1251777	0.0000000	0.0000000
7000.6209600	7000.0338101	6999.8782813	-0.6401147	0.5200000	0.0598568	0.2720425	0.1288168	0.0000000	0.0000000
7000.6209600	7000.0338101	6999.8782813	-0.6601288	0.5200000	0.0455713	0.2731238	0.1248506	0.0000000	0.0000000
7000.6209600	7000.0338101	6999.8782813	-0.6801428	0.5200000	0.0207731	0.2739703	0.1297222	0.0000000	0.0000000
7000.6209600	7000.0338101	6999.8782813	-0.7001568	0.5200000	0.0246624	0.2721970	0.1312498	0.0000000	0.0000000
7000.6209600	7000.0338101	6999.8782813	-0.7198372	0.5200000	0.0343066	0.2727743	0.1319678	0.0000000	0.0000000
7000.6209600	7000.0338101	6999.8782813	-0.7398512	0.5200000	0.0421237	0.2729269	0.1313865	0.0000000	0.0000000
7000.6209600	7000.0338101	6999.8782813	-0.7598652	0.5200000	0.0264270	0.2752898	0.1196699	0.0000000	0.0000000
7000.6209600	7000.0338101	6999.8782813	-0.7798792	0.5200000	0.0109222	0.2738772	0.1256892	0.0000000	0.0000000
7000.6209600	7000.0338101	6999.8782813	-0.7998933	0.5200000	0.0241635	0.2721487	0.1326481	0.0000000	0.0000000
7000.6209600	7000.0338101	6999.8782813	-0.8199073	0.5200000	0.0358268	0.2723627	0.1322528	0.0000000	0.0000000
7000.6209600	7000.0338101	6999.8782813	-0.8399213	0.5200000	0.0203828	0.2741509	0.1248740	0.0000000	0.0000000
7000.6209600	7000.0338101	6999.8782813	-0.8599353	0.5200000	0.0105393	0.2719806	0.1335941	0.0000000	0.0000000
7000.6209600	7000.0338101	6999.8782813	-0.8799493	0.5200000	0.0240902	0.2739009	0.1305640	0.0000000	0.0000000
7000.6209600	7000.0338101	6999.8782813	-0.8999633	0.5200000	0.0246107	0.2740862	0.1298422	0.0000000	0.0000000
7000.6209600	7000.0338101	6999.8782813	-0.9199773	0.5200000	0.0255073	0.2766318	0.1251642	0.0000000	0.0000000
7000.6209600	7000.0338101	6999.8782813	-0.9399913	0.5200000	0.0037451	0.2750629	0.1308969	0.0000000	0.0000000
7000.6209600	7000.0338101	6999.8782813	-0.9600053	0.5200000	0.0007683	0.2742487	0.1324330	0.0000000	0.0000000
7000.6209600	7000.0338101	6999.8782813	-0.9800193	0.5200000	0.0189857	0.2738716	0.1353047	0.0000000	0.0000000
7000.6209600	7000.0338101	6999.8782813	-1.0000334	0.5200000	0.0195596	0.2743145	0.1298551	0.0000000	0.0000000
