7000.6209600	7000.0338101	6999.8782813	1.0000334	-0.7798792	0.0659432	0.2647108	0.1356611	0.0000000	-0.7800000
7000.6209600	7000.0338101	6999.8782813	0.9800193	-0.7800000	0.0519309	0.2648518	0.1341777	0.0000000	0.0000000
7000.6209600	7000.0338101	6999.8782813	0.9600053	-0.7800000	0.0337833	0.2630526	0.1334380	0.0000000	0.0000000
7000.6209600	7000.0338101	6999.8782813	0.9399913	-0.7800000	0.0388777	0.2642065	0.1342809	0.0000000	0.0000000
7000.6209600	7000.0338101	6999.8782813	0.9199773	-0.7800000	0.0701709	0.2639830	0.1356255	0.0000000	0.0000000
7000.6209600	7000.0338101	6999.8782813	0.8999633	-0.7800000	0.0752238	0.2640852	0.1360735	0.0000000	0.0000000
7000.6209600	7000.0338101	6999.8782813	0.8799493	-0.7800000	0.0637236	0.2635648	0.1347300	0.0000000	0.0000000
7000.6209600	7000.0338101	6999.8782813	0.8599353	-0.7800000	0.0435000	0.2637926	0.1342092	0.0000000	0.0000000
7000.6209600	7000.0338101	6999.8782813	0.8399213	-0.7800000	0.0409974	0.2645927	0.1345686	0.0000000	0.0000000
7000.6209600	7000.0338101	6999.8782813	0.8199073	-0.7800000	0.0849969	0.2649338	0.1349089	0.0000000	0.0000000
7000.6209600	7000.0338101	6999.8782813	0.7998933	-0.7800000	0.0811158	0.2635881	0.1323151	0.0000000	0.0000000
7000.6209600	7000.0338101	6999.8782813	0.7798792	-0.7800000	0.0653684	0.2636550	0.1341165	0.0000000	0.0000000
7000.6209600	7000.0338101	6999.8782813	0.7598652	-0.7800000	0.0456637	0.2635342	0.1333376	0.0000000	0.0000000
7000.6209600	7000.0338101	6999.8782813	0.7398512	-0.7800000	0.0475306	0.2622134	0.1321675	0.0000000	0.0000000
7000.6209600	7000.0338101	6999.8782813	0.7198372	-0.7800000	0.0932802	0.2623950	0.1312067	0.0000000	0.0000000
7000.6209600	7000.0338101	6999.8782813	0.7001568	-0.7800000	0.1011913	0.2635317	0.1337294	0.0000000	0.0000000
7000.6209600	7000.0338101	6999.8782813	0.6801428	-0.7800000	0.0788374	0.2629578	0.1315483	0.0000000	0.0000000
7000.6209600	7000.0338101	6999.8782813	0.6601288	-0.7800000	0.0525472	0.2631991	0.1316609	0.0000000	0.0000000
7000.6209600	7000.0338101	6999.8782813	0.6401147	-0.7800000	0.0579222	0.2629955	0.1325883	0.0000000	0.0000000
7000.6209600	7000.0338101	6999.8782813	0.6201007	-0.7800000	0.1055332	0.2624534	0.1330240	0.0000000	0.0000000
7000.6209600	7000.0338101	6999.8782813	0.6000867	-0.7800000	0.1110732	0.2630009	0.1320914	0.0000000	0.0000000
7000.6209600	7000.0338101	6999.8782813	0.5800727	-0.7800000	0.0976421	0.2625410	0.1327483	0.0000000	0.0000000
7000.6209600	7000.0338101	6999.8782813	0.5600587	-0.7800000	0.0676431	0.2631294	0.1315466	0.0000000	0.0000000
7000.6209600	7000.0338101	6999.8782813	0.5400447	-0.7800000	0.0725215	0.2625048	0.1323059	0.0000000	0.0000000
7000.6209600	7000.0338101	6999.8782813	0.5200307	-0.7800000	0.1339988	0.2638824	0.1341720	0.0000000	0.0000000
7000.6209600	7000.0338101	6999.8782813	0.5000167	-0.7800000	0.1341293	0.2623929	0.1317168	0.0000000	0.0000000
7000.6209600	7000.0338101	6999.8782813	0.4800027	-0.7800000	0.1126449	0.2618517	0.1315262	0.0000000	0.0000000
7000.6209600	7000.0338101	6999.8782813	0.4599887	-0.7800000	0.0836118	0.2616716	0.1313149	0.0000000	0.0000000
7000.6209600	7000.0338101	6999.8782813	0.4399746	-0.7800000	0.0976205	0.2633369	0.1349113	0.0000000	0.0000000
7000.6209600	7000.0338101	6999.8782813	0.4199606	-0.7800000	0.1545991	0.2625972	0.1333607	0.0000000	0.0000000
7000.6209600	7000.0338101	6999.8782813	0.3999466	-0.7800000	0.1589500	0.2632080	0.1332052	0.0000000	0.0000000
7000.6209600	7000.0338101	6999.8782813	0.3799326	-0.7800000	0.1227885	0.2629495	0.1331422	0.0000000	0.0000000
7000.6209600	7000.0338101	6999.8782813	0.3599186	-0.7800000	0.1026873	0.2635616	0.1333285	0.0000000	0.0000000
7000.6209600	7000.0338101	6999.8782813	0.3399046	-0.7800000	0.1201119	0.2632231	0.1347622	0.0000000	0.0000000
7000.6209600	7000.0338101	6999.8782813	0.3198906	-0.7800000	0.1688641	0.2618685	0.1301964	0.0000000	0.0000000
7000.6209600	7000.0338101	6999.8782813	0.2998766	-0.7800000	0.1812260	0.2616957	0.1338839	0.0000000	0.0000000
7000.6209600	7000.0338101	6999.8782813	0.2798626	-0.7800000	0.1367799	0.2626249	0.1315116	0.0000000	0.0000000
7000.6209600	7000.0338101	6999.8782813	0.2598486	-0.7800000	0.1239177	0.2630066	0.1338816	0.0000000	0.0000000
7000.6209600	7000.0338101	6999.8782813	0.2398346	-0.7800000	0.1432631	0.2621658	0.1318629	0.0000000	0.0000000
7000.6209600	7000.0338101	6999.8782813	0.2201541	-0.7800000	0.2020076	0.2627828	0.1328737	0.0000000	0.0000000
7000.6209600	7000.0338101	6999.8782813	0.2001401	-0.7800000	0.2018778	0.2640139	0.1339578	0.0000000	0.0000000
7000.6209600	7000.0338101	6999.8782813	0.1801261	-0.7800000	0.1728478	0.2645739	0.1369124	0.0000000	0.0000000
7000.6209600	7000.0338101	6999.8782813	0.1601121	-0.7800000	0.1468420	0.2625679	0.1324089	0.0000000	0.0000000
7000.6209600	7000.0338101	6999.8782813	0.1400981	-0.7800000	0.1662230	0.2637708	0.1349783	0.0000000	0.0000000
7000.6209600	7000.0338101	6999.8782813	0.1200841	-0.7800000	0.2283474	0.2640018	0.1345562	0.0000000	0.0000000
7000.6209600	7000.0338101	6999.8782813	0.1000700	-0.7800000	0.2339760	0.2635253	0.1360001	0.0000000	0.0000000
7000.6209600	7000.0338101	6999.8782813	0.0800560	-0.7800000	0.1788496	0.2634303	0.1339893	0.0000000	0.0000000
7000.6209600	7000.0338101	6999.8782813	0.0600420	-0.7800000	0.1652627	0.2631912	0.1341957	0.0000000	0.0000000
7000.6209600	7000.0338101	6999.8782813	0.0400280	-0.7800000	0.1838218	0.2634913	0.1333776	0.0000000	0.0000000
7000.6209600	7000.0338101	6999.8782813	0.0200140	-0.7800000	0.2448302	0.2627129	0.1325189	0.0000000	0.0000000
7000.6209600	7000.0338101	6999.8782813	0.0000000	-0.7800000	0.2435455	0.2623093	0.1320894	0.0000000	0.0000000
7000.6209600	7000.0338101	6999.8782813	-0.0200140	-0.7800000	0.1983344	0.2624930	0.1324515	0.0000000	0.0000000
7000.6209600	7000.0338101	6999.8782813	-0.0400280	-0.7800000	0.2046891	0.2633613	0.1351750	0.0000000	0.0000000
7000.6209600	7000.0338101	6999.8782813	-0.0600420	-0.7800000	0.2009199	0.2632855	0.1341003	0.0000000	0.0000000
7000.6209600	7000.0338101	6999.8782813	-0.0800560	-0.7800000	0.2799611	0.2634669	0.1336954	0.0000000	0.0000000
7000.6209600	7000.0338101	6999.8782813	-0.1000700	-0.7800000	0.2805402	0.2636414	0.1325411	0.0000000	0.0000000
7000.6209600	7000.0338101	6999.8782813	-0.1200841	-0.7800000	0.2527169	0.2621276	0.1312975	0.0000000	0.0000000
7000.6209600	7000.0338101	6999.8782813	-0.1400981	-0.7800000	0.2146117	0.2665159	0.1376267	0.0000000	0.0000000
7000.6209600	7000.0338101	6999.8782813	-0.1601121	-0.7800000	0.2207150	0.2656676	0.1366876	0.0000000	0.0000000
7000.6209600	7000.0338101	6999.8782813	-0.1801261	-0.7800000	0.2816050	0.2649703	0.1363835	0.0000000	0.0000000
7000.6209600	7000.0338101	6999.8782813	-0.2001401	-0.7800000	0.3145828	0.2640472	0.1338606	0.0000000	0.0000000
7000.6209600	7000.0338101	6999.8782813	-0.2201541	-0.7800000	0.3055452	0.2634502	0.1329550	0.0000000	0.0000000
7000.6209600	7000.0338101	6999.8782813	-0.2398346	-0.7800000	0.2854634	0.2631896	0.1342422	0.0000000	0.0000000
7000.6209600	7000.0338101	6999.8782813	-0.2598486	-0.7800000	0.2569354	0.2620459	0.1317664	0.0000000	0.0000000
7000.6209600	7000.0338101	6999.8782813	-0.2798626	-0.7800000	0.2545908	0.2638451	0.1314861	0.0000000	0.0000000
7000.6209600	7000.0338101	6999.8782813	-0.2998766	-0.7800000	0.3021477	0.2636115	0.1367196	0.0000000	0.0000000
7000.6209600	7000.0338101	6999.8782813	-0.3198906	-0.7800000	0.3172500	0.2636644	0.1333694	0.0000000	0.0000000
7000.6209600	7000.0338101	6999.8782813	-0.3399046	-0.7800000	0.3471067	0.2629990	0.1344552	0.0000000	0.0000000
7000.6209600	7000.0338101	6999.8782813	-0.3599186	-0.7800000	0.3184181	0.2625596	0.1320830	0.0000000	0.0000000
7000.6209600	7000.0338101	6999.8782813	-0.3799326	-0.7800000	0.2644657	0.2621542	0.1349149	0.0000000	0.0000000
7000.6209600	7000.0338101	6999.8782813	-0.3999466	-0.7800000	0.2702841	0.2616647	0.1316749	0.0000000	0.0000000
7000.6209600	7000.0338101	6999.8782813	-0.4199606	-0.7800000	0.3220146	0.2627355	0.1337048	0.0000000	0.0000000
7000.6209600	7000.0338101	6999.8782813	-0.4399746	-0.7800000	0.3653743	0.2629493	0.1330416	0.0000000	0.0000000
7000.6209600	7000.0338101	6999.8782813	-0.4599887	-0.7800000	0.3443574	0.2625255	0.1288234	0.0000000	0.0000000
7000.6209600	7000.0338101	6999.8782813	-0.4800027	-0.7800000	0.2700170	0.2604898	0.1286100	0.0000000	0.0000000
7000.6209600	7000.0338101	6999.8782813	-0.5000167	-0.7800000	0.2825389	0.2643718	0.1350978	0.0000000	0.0000000
7000.6209600	7000.0338101	6999.8782813	-0.5200307	-0.7800000	0.3231111	0.2624934	0.1316882	0.0000000	0.0000000
7000.6209600	7000.0338101	6999.8782813	-0.5400447	-0.7800000	0.3853146	0.2638112	0.1335287	0.0000000	0.0000000
7000.6209600	7000.0338101	6999.8782813	-0.5600587	-0.7800000	0.3980680	0.2636359	0.1343688	0.0000000	0.0000000
7000.6209600	7000.0338101	6999.8782813	-0.5800727	-0.7800000	0.2957273	0.2622343	0.1339613	0.0000000	0.0000000
7000.6209600	7000.0338101	6999.8782813	-0.6000867	-0.7800000	0.3154730	0.2627584	0.1336708	0.0000000	0.0000000
7000.6209600	7000.0338101	6999.8782813	-0.6201007	-0.7800000	0.3498854	0.2629233	0.1316654	0.0000000	0.0000000
7000.6209600	7000.0338101	6999.8782813	-0.6401147	-0.7800000	0.3955344	0.2632524	0.1304523	0.0000000	0.0000000
7000.6209600	7000.0338101	6999.8782813	-0.6601288	-0.7800000	0.3774742	0.2621826	0.1298353	0.0000000	0.0000000
7000.6209600	7000.0338101	6999.8782813	-0.6801428	-0.7800000	0.3158717	0.2624441	0.1344432	0.0000000	0.0000000
7000.6209600	7000.0338101	6999.8782813	-0.7001568	-0.7800000	0.3074882	0.2612860	0.1282874	0.0000000	0.0000000
7000.6209600	7000.0338101	6999.8782813	-0.7198372	-0.7800000	0.3619331	0.2615638	0.1316743	0.0000000	0.0000000
7000.6209600	7000.0338101	6999.8782813	-0.7398512	-0.7800000	0.4216591	0.2626703	0.1349446	0.0000000	0.0000000
7000.6209600	7000.0338101	6999.8782813	-0.7598652	-0.7800000	0.3891935	0.2636414	0.1340254	0.0000000	0.0000000
7000.6209600	7000.0338101	6999.8782813	-0.7798792	-0.7800000	0.3266732	0.2640524	0.1348248	0.0000000	0.0000000
7000.6209600	7000.0338101	6999.8782813	-0.7998933	-0.7800000	0.3297228	0.2633158	0.1308772	0.0000000	0.0000000
7000.6209600	7000.0338101	6999.8782813	-0.8199073	-0.7800000	0.3886437	0.2625085	0.1296385	0.0000000	0.0000000
7000.6209600	7000.0338101	6999.8782813	-0.8399213	-0.7800000	0.3791439	0.2619014	0.1317643	0.0000000	0.0000000
7000.6209600	7000.0338101	6999.8782813	-0.8599353	-0.7800000	0.3423861	0.2626431	0.1331770	0.0000000	0.0000000
7000.6209600	7000.0338101	6999.8782813	-0.8799493	-0.7800000	0.3419685	0.2624004	0.1318721	0.0000000	0.0000000
7000.6209600	7000.0338101	6999.8782813	-0.8999633	-0.7800000	0.3714719	0.2619769	0.1283845	0.0000000	0.0000000
7000.6209600	7000.0338101	6999.8782813	-0.9199773	-0.7800000	0.3929955	0.2628320	0.1328926	0.0000000	0.0000000
7000.6209600	7000.0338101	6999.8782813	-0.9399913	-0.7800000	0.3285518	0.2631841	0.1341035	0.0000000	0.0000000
7000.6209600	7000.0338101	6999.8782813	-0.9600053	-0.7800000	0.2968856	0.2636105	0.1332112	0.0000000	0.0000000
7000.6209600	7000.0338101	6999.8782813	-0.9800193	-0.7800000	0.3744672	0.2635109	0.1343591	0.0000000	0.0000000
7000.6209600	7000.0338101	6999.8782813	-1.0000334	-0.7800000	0.3797606	0.2627434	0.1312140	0.0000000	0.0000000
