7000.6209600	7000.0338101	6999.8782813	1.0000334	-0.5200307	0.1072532	0.2727825	0.1306111	0.0000000	-0.5200000
7000.6209600	7000.0338101	6999.8782813	0.9800193	-0.5200000	0.1459917	0.2729087	0.1315575	0.0000000	0.0000000
7000.6209600	7000.0338101	6999.8782813	0.9600053	-0.5200000	0.1696860	0.2720073	0.1321589	0.0000000	0.0000000
7000.6209600	7000.0338101	6999.8782813	0.9399913	-0.5200000	0.1683634	0.2703618	0.1320247	0.0000000	0.0000000
7000.6209600	7000.0338101	6999.8782813	0.9199773	-0.5200000	0.0969125	0.2692196	0.1291613	0.0000000	0.0000000
7000.6209600	7000.0338101	6999.8782813	0.8999633	-0.5200000	0.0978632	0.2689480	0.1307850	0.0000000	0.0000000
7000.6209600	7000.0338101	6999.8782813	0.8799493	-0.5200000	0.1428430	0.2680753	0.1295514	0.0000000	0.0000000
7000.6209600	7000.0338101	6999.8782813	0.8599353	-0.5200000	0.1798535	0.2700702	0.1326517	0.0000000	0.0000000
7000.6209600	7000.0338101	6999.8782813	0.8399213	-0.5200000	0.1871033	0.2713373	0.1307537	0.0000000	0.0000000
7000.6209600	7000.0338101	6999.8782813	0.8199073	-0.5200000	0.1162675	0.2711023	0.1315479	0.0000000	0.0000000
7000.6209600	7000.0338101	6999.8782813	0.7998933	-0.5200000	0.1180240	0.2712362	0.1299504	0.0000000	0.0000000
7000.6209600	7000.0338101	6999.8782813	0.7798792	-0.5200000	0.1678313	0.2708357	0.1295104	0.0000000	0.0000000
7000.6209600	7000.0338101	6999.8782813	0.7598652	-0.5200000	0.1950403	0.2713363	0.1275789	0.0000000	0.0000000
7000.6209600	7000.0338101	6999.8782813	0.7398512	-0.5200000	0.1745168	0.2726210	0.1235809	0.0000000	0.0000000
7000.6209600	7000.0338101	6999.8782813	0.7198372	-0.5200000	0.1237913	0.2709395	0.1289277	0.0000000	0.0000000
7000.6209600	7000.0338101	6999.8782813	0.7001568	-0.5200000	0.1275509	0.2692711	0.1328934	0.0000000	0.0000000
7000.6209600	7000.0338101	6999.8782813	0.6801428	-0.5200000	0.1665624	0.2701230	0.1331105	0.0000000	0.0000000
7000.6209600	7000.0338101	6999.8782813	0.6601288	-0.5200000	0.2200442	0.2706836	0.1325448	0.0000000	0.0000000
7000.6209600	7000.0338101	6999.8782813	0.6401147	-0.5200000	0.2220004	0.2710746	0.1312213	0.0000000	0.0000000
7000.6209600	7000.0338101	6999.8782813	0.6201007	-0.5200000	0.1120543	0.2715482	0.1199131	0.0000000	0.0000000
7000.6209600	7000.0338101	6999.8782813	0.6000867	-0.5200000	0.1456643	0.2698184	0.1294600	0.0000000	0.0000000
7000.6209600	7000.0338101	6999.8782813	0.5800727	-0.5200000	0.1858218	0.2699221	0.1321711	0.0000000	0.0000000
7000.6209600	7000.0338101	6999.8782813	0.5600587	-0.5200000	0.2239705	0.2699119	0.1315819	0.0000000	0.0000000
7000.6209600	7000.0338101	6999.8782813	0.5400447	-0.5200000	0.2349257	0.2708604	0.1322534	0.0000000	0.0000000
7000.6209600	7000.0338101	6999.8782813	0.5200307	-0.5200000	0.1636599	0.2704453	0.1333748	0.0000000	0.0000000
7000.6209600	7000.0338101	6999.8782813	0.5000167	-0.5200000	0.1524608	0.2708445	0.1298228	0.0000000	0.0000000
7000.6209600	7000.0338101	6999.8782813	0.4800027	-0.5200000	0.1999486	0.2721245	0.1272052	0.0000000	0.0000000
7000.6209600	7000.0338101	6999.8782813	0.4599887	-0.5200000	0.2554935	0.2715260	0.1309507	0.0000000	0.0000000
7000.6209600	7000.0338101	6999.8782813	0.4399746	-0.5200000	0.2579546	0.2718512	0.1328077	0.0000000	0.0000000
7000.6209600	7000.0338101	6999.8782813	0.4199606	-0.5200000	0.1589374	0.2715930	0.1328319	0.0000000	0.0000000
7000.6209600	7000.0338101	6999.8782813	0.3999466	-0.5200000	0.1881476	0.2701772	0.1338854	0.0000000	0.0000000
7000.6209600	7000.0338101	6999.8782813	0.3799326	-0.5200000	0.2596007	0.2709992	0.1341354	0.0000000	0.0000000
7000.6209600	7000.0338101	6999.8782813	0.3599186	-0.5200000	0.2940806	0.2691725	0.1330610	0.0000000	0.0000000
7000.6209600	7000.0338101	6999.8782813	0.3399046	-0.5200000	0.2724016	0.2694320	0.1329557	0.0000000	0.0000000
7000.6209600	7000.0338101	6999.8782813	0.3198906	-0.5200000	0.1966991	0.2707053	0.1319255	0.0000000	0.0000000
7000.6209600	7000.0338101	6999.8782813	0.2998766	-0.5200000	0.2047355	0.2704852	0.1327302	0.0000000	0.0000000
7000.6209600	7000.0338101	6999.8782813	0.2798626	-0.5200000	0.2737102	0.2719463	0.1279449	0.0000000	0.0000000
7000.6209600	7000.0338101	6999.8782813	0.2598486	-0.5200000	0.2871857	0.2693591	0.1329944	0.0000000	0.0000000
7000.6209600	7000.0338101	6999.8782813	0.2398346	-0.5200000	0.2895192	0.2727009	0.1292721	0.0000000	0.0000000
7000.6209600	7000.0338101	6999.8782813	0.2201541	-0.5200000	0.2118544	0.2720201	0.1319517	0.0000000	0.0000000
7000.6209600	7000.0338101	6999.8782813	0.2001401	-0.5200000	0.2258375	0.2724440	0.1344816	0.0000000	0.0000000
7000.6209600	7000.0338101	6999.8782813	0.1801261	-0.5200000	0.2972306	0.2717129	0.1351350	0.0000000	0.0000000
7000.6209600	7000.0338101	6999.8782813	0.1601121	-0.5200000	0.3459608	0.2719349	0.1338015	0.0000000	0.0000000
7000.6209600	7000.0338101	6999.8782813	0.1400981	-0.5200000	0.3142657	0.2730719	0.1262665	0.0000000	0.0000000
7000.6209600	7000.0338101	6999.8782813	0.1200841	-0.5200000	0.2270518	0.2737986	0.1305602	0.0000000	0.0000000
7000.6209600	7000.0338101	6999.8782813	0.1000700	-0.5200000	0.2250997	0.2709020	0.1300598	0.0000000	0.0000000
7000.6209600	7000.0338101	6999.8782813	0.0800560	-0.5200000	0.3181591	0.2704546	0.1338939	0.0000000	0.0000000
7000.6209600	7000.0338101	6999.8782813	0.0600420	-0.5200000	0.3544271	0.2705289	0.1334388	0.0000000	0.0000000
7000.6209600	7000.0338101	6999.8782813	0.0400280	-0.5200000	0.3288013	0.2704984	0.1340691	0.0000000	0.0000000
7000.6209600	7000.0338101	6999.8782813	0.0200140	-0.5200000	0.2629811	0.2703325	0.1346783	0.0000000	0.0000000
7000.6209600	7000.0338101	6999.8782813	0.0000000	-0.5200000	0.2702109	0.2721646	0.1297566	0.0000000	0.0000000
7000.6209600	7000.0338101	6999.8782813	-0.0200140	-0.5200000	0.3307419	0.2707719	0.1306943	0.0000000	0.0000000
7000.6209600	7000.0338101	6999.8782813	-0.0400280	-0.5200000	0.3650690	0.2692476	0.1328315	0.0000000	0.0000000
7000.6209600	7000.0338101	6999.8782813	-0.0600420	-0.5200000	0.3618717	0.2712620	0.1345072	0.0000000	0.0000000
7000.6209600	7000.0338101	6999.8782813	-0.0800560	-0.5200000	0.2836752	0.2704097	0.1341671	0.0000000	0.0000000
7000.6209600	7000.0338101	6999.8782813	-0.1000700	-0.5200000	0.2661033	0.2678530	0.1317194	0.0000000	0.0000000
7000.6209600	7000.0338101	6999.8782813	-0.1200841	-0.5200000	0.3106112	0.2676670	0.1311155	0.0000000	0.0000000
7000.6209600	7000.0338101	6999.8782813	-0.1400981	-0.5200000	0.3928031	0.2689320	0.1313390	0.0000000	0.0000000
7000.6209600	7000.0338101	6999.8782813	-0.1601121	-0.5200000	0.3851949	0.2690962	0.1317111	0.0000000	0.0000000
7000.6209600	7000.0338101	6999.8782813	-0.1801261	-0.5200000	0.2854607	0.2708668	0.1335652	0.0000000	0.0000000
7000.6209600	7000.0338101	6999.8782813	-0.2001401	-0.5200000	0.2973485	0.2721270	0.1320244	0.0000000	0.0000000
7000.6209600	7000.0338101	6999.8782813	-0.2201541	-0.5200000	0.2846569	0.2702118	0.1310793	0.0000000	0.0000000
7000.6209600	7000.0338101	6999.8782813	-0.2398346	-0.5200000	0.3962457	0.2706183	0.1373043	0.0000000	0.0000000
7000.6209600	7000.0338101	6999.8782813	-0.2598486	-0.5200000	0.3939242	0.2741152	0.1354185	0.0000000	0.0000000
7000.6209600	7000.0338101	6999.8782813	-0.2798626	-0.5200000	0.4015486	0.2717297	0.1302179	0.0000000	0.0000000
7000.6209600	7000.0338101	6999.8782813	-0.2998766	-0.5200000	0.3810038	0.2707721	0.1352726	0.0000000	0.0000000
7000.6209600	7000.0338101	6999.8782813	-0.3198906	-0.5200000	0.3203744	0.2703813	0.1364054	0.0000000	0.0000000
7000.6209600	7000.0338101	6999.8782813	-0.3399046	-0.5200000	0.3376864	0.2712139	0.1313374	0.0000000	0.0000000
7000.6209600	7000.0338101	6999.8782813	-0.3599186	-0.5200000	0.3385333	0.2719456	0.1312997	0.0000000	0.0000000
7000.6209600	7000.0338101	6999.8782813	-0.3799326	-0.5200000	0.4435260	0.2706132	0.1367983	0.0000000	0.0000000
7000.6209600	7000.0338101	6999.8782813	-0.3999466	-0.5200000	0.4169388	0.2718376	0.1283479	0.0000000	0.0000000
7000.6209600	7000.0338101	6999.8782813	-0.4199606	-0.5200000	0.3570365	0.2711082	0.1331482	0.0000000	0.0000000
7000.6209600	7000.0338101	6999.8782813	-0.4399746	-0.5200000	0.3209183	0.2719221	0.1315978	0.0000000	0.0000000
7000.6209600	7000.0338101	6999.8782813	-0.4599887	-0.5200000	0.3260463	0.2713812	0.1342571	0.0000000	0.0000000
7000.6209600	7000.0338101	6999.8782813	-0.4800027	-0.5200000	0.4580751	0.2712883	0.1367148	0.0000000	0.0000000
7000.6209600	7000.0338101	6999.8782813	-0.5000167	-0.5200000	0.4559434	0.2730479	0.1355468	0.0000000	0.0000000
7000.6209600	7000.0338101	6999.8782813	-0.5200307	-0.5200000	0.3620983	0.2718221	0.1331492	0.0000000	0.0000000
7000.6209600	7000.0338101	6999.8782813	-0.5400447	-0.5200000	0.2897821	0.2692736	0.1317291	0.0000000	0.0000000
7000.6209600	7000.0338101	6999.8782813	-0.5600587	-0.5200000	0.3134757	0.2694283	0.1323033	0.0000000	0.0000000
7000.6209600	7000.0338101	6999.8782813	-0.5800727	-0.5200000	0.4518929	0.2714976	0.1338995	0.0000000	0.0000000
7000.6209600	7000.0338101	6999.8782813	-0.6000867	-0.5200000	0.4200991	0.2703361	0.1305536	0.0000000	0.0000000
7000.6209600	7000.0338101	6999.8782813	-0.6201007	-0.5200000	0.3383021	0.2700063	0.1342839	0.0000000	0.0000000
7000.6209600	7000.0338101	6999.8782813	-0.6401147	-0.5200000	0.3192731	0.2690344	0.1362013	0.0000000	0.0000000
7000.6209600	7000.0338101	6999.8782813	-0.6601288	-0.5200000	0.3357986	0.2683955	0.1357213	0.0000000	0.0000000
7000.6209600	7000.0338101	6999.8782813	-0.6801428	-0.5200000	0.4181929	0.2700818	0.1352086	0.0000000	0.0000000
7000.6209600	7000.0338101	6999.8782813	-0.7001568	-0.5200000	0.3895964	0.2690836	0.1343773	0.0000000	0.0000000
7000.6209600	7000.0338101	6999.8782813	-0.7198372	-0.5200000	0.3557167	0.2695339	0.1354855	0.0000000	0.0000000
7000.6209600	7000.0338101	6999.8782813	-0.7398512	-0.5200000	0.2765457	0.2692845	0.1344340	0.0000000	0.0000000
7000.6209600	7000.0338101	6999.8782813	-0.7598652	-0.5200000	0.2995229	0.2690884	0.1305577	0.0000000	0.0000000
7000.6209600	7000.0338101	6999.8782813	-0.7798792	-0.5200000	0.3539513	0.2702937	0.1338711	0.0000000	0.0000000
7000.6209600	7000.0338101	6999.8782813	-0.7998933	-0.5200000	0.2911276	0.2705542	0.1319609	0.0000000	0.0000000
7000.6209600	7000.0338101	6999.8782813	-0.8199073	-0.5200000	0.2591198	0.2715916	0.1313024	0.0000000	0.0000000
7000.6209600	7000.0338101	6999.8782813	-0.8399213	-0.5200000	0.2729290	0.2704652	0.1316986	0.0000000	0.0000000
7000.6209600	7000.0338101	6999.8782813	-0.8599353	-0.5200000	0.3179850	0.2695881	0.1298119	0.0000000	0.0000000
7000.6209600	7000.0338101	6999.8782813	-0.8799493	-0.5200000	0.2786926	0.2705184	0.1329952	0.0000000	0.0000000
7000.6209600	7000.0338101	6999.8782813	-0.8999633	-0.5200000	0.2279296	0.2694730	0.1330076	0.0000000	0.0000000
7000.6209600	7000.0338101	6999.8782813	-0.9199773	-0.5200000	0.1891836	0.2691621	0.1279054	0.0000000	0.0000000
7000.6209600	7000.0338101	6999.8782813	-0.9399913	-0.5200000	0.2906002	0.2715026	0.1321160	0.0000000	0.0000000
7000.6209600	7000.0338101	6999.8782813	-0.9600053	-0.5200000	0.3076172	0.2715396	0.1342373	0.0000000	0.0000000
7000.6209600	7000.0338101	6999.8782813	-0.9800193	-0.5200000	0.2086853	0.2712926	0.1361632	0.0000000	0.0000000
7000.6209600	7000.0338101	6999.8782813	-1.0000334	-0.5200000	0.1903805	0.2712688	0.1352791	0.0000000	0.0000000
