7000.6209600	7000.0338101	6999.8782813	1.0000334	-0.5000167	0.1609802	0.2758102	0.1234711	0.0000000	-0.5000000
7000.6209600	7000.0338101	6999.8782813	0.9800193	-0.5000000	0.1480209	0.2746771	0.1256387	0.0000000	0.0000000
7000.6209600	7000.0338101	6999.8782813	0.9600053	-0.5000000	0.1226364	0.2747937	0.1312577	0.0000000	0.0000000
7000.6209600	7000.0338101	6999.8782813	0.9399913	-0.5000000	0.1170696	0.2732667	0.1309250	0.0000000	0.0000000
7000.6209600	7000.0338101	6999.8782813	0.9199773	-0.5000000	0.1404771	0.2755132	0.1308265	0.0000000	0.0000000
7000.6209600	7000.0338101	6999.8782813	0.8999633	-0.5000000	0.1493998	0.2751113	0.1305504	0.0000000	0.0000000
7000.6209600	7000.0338101	6999.8782813	0.8799493	-0.5000000	0.1613109	0.2745933	0.1322434	0.0000000	0.0000000
7000.6209600	7000.0338101	6999.8782813	0.8599353	-0.5000000	0.1302065	0.2748999	0.1288085	0.0000000	0.0000000
7000.6209600	7000.0338101	6999.8782813	0.8399213	-0.5000000	0.1132610	0.2741829	0.1244028	0.0000000	0.0000000
7000.6209600	7000.0338101	6999.8782813	0.8199073	-0.5000000	0.1660485	0.2725905	0.1316119	0.0000000	0.0000000
7000.6209600	7000.0338101	6999.8782813	0.7998933	-0.5000000	0.1623730	0.2755306	0.1263625	0.0000000	0.0000000
7000.6209600	7000.0338101	6999.8782813	0.7798792	-0.5000000	0.1845396	0.2723069	0.1332589	0.0000000	0.0000000
7000.6209600	7000.0338101	6999.8782813	0.7598652	-0.5000000	0.1507556	0.2731364	0.1297012	0.0000000	0.0000000
7000.6209600	7000.0338101	6999.8782813	0.7398512	-0.5000000	0.1501018	0.2726863	0.1303903	0.0000000	0.0000000
7000.6209600	7000.0338101	6999.8782813	0.7198372	-0.5000000	0.1925878	0.2735428	0.1308344	0.0000000	0.0000000
7000.6209600	7000.0338101	6999.8782813	0.7001568	-0.5000000	0.1881166	0.2736436	0.1301447	0.0000000	0.0000000
7000.6209600	7000.0338101	6999.8782813	0.6801428	-0.5000000	0.1998170	0.2745569	0.1260890	0.0000000	0.0000000
7000.6209600	7000.0338101	6999.8782813	0.6601288	-0.5000000	0.1615157	0.2736266	0.1221536	0.0000000	0.0000000
7000.6209600	7000.0338101	6999.8782813	0.6401147	-0.5000000	0.1608826	0.2724836	0.1290525	0.0000000	0.0000000
7000.6209600	7000.0338101	6999.8782813	0.6201007	-0.5000000	0.1926675	0.2747526	0.1305895	0.0000000	0.0000000
7000.6209600	7000.0338101	6999.8782813	0.6000867	-0.5000000	0.1989852	0.2730519	0.1320682	0.0000000	0.0000000
7000.6209600	7000.0338101	6999.8782813	0.5800727	-0.5000000	0.2122120	0.2727098	0.1296554	0.0000000	0.0000000
7000.6209600	7000.0338101	6999.8782813	0.5600587	-0.5000000	0.1755095	0.2725992	0.1276877	0.0000000	0.0000000
7000.6209600	7000.0338101	6999.8782813	0.5400447	-0.5000000	0.1599385	0.2737770	0.1293170	0.0000000	0.0000000
7000.6209600	7000.0338101	6999.8782813	0.5200307	-0.5000000	0.2072329	0.2744188	0.1299965	0.0000000	0.0000000
7000.6209600	7000.0338101	6999.8782813	0.5000167	-0.5000000	0.2102485	0.2741730	0.1293696	0.0000000	0.0000000
7000.6209600	7000.0338101	6999.8782813	0.4800027	-0.5000000	0.2436372	0.2737046	0.1294757	0.0000000	0.0000000
7000.6209600	7000.0338101	6999.8782813	0.4599887	-0.5000000	0.1971304	0.2725991	0.1294431	0.0000000	0.0000000
7000.6209600	7000.0338101	6999.8782813	0.4399746	-0.5000000	0.2030323	0.2730527	0.1309427	0.0000000	0.0000000
7000.6209600	7000.0338101	6999.8782813	0.4199606	-0.5000000	0.2283580	0.2726823	0.1303053	0.0000000	0.0000000
7000.6209600	7000.0338101	6999.8782813	0.3999466	-0.5000000	0.2388745	0.2716133	0.1316313	0.0000000	0.0000000
7000.6209600	7000.0338101	6999.8782813	0.3799326	-0.5000000	0.2512617	0.2721586	0.1286359	0.0000000	0.0000000
7000.6209600	7000.0338101	6999.8782813	0.3599186	-0.5000000	0.2107186	0.2730187	0.1310869	0.0000000	0.0000000
7000.6209600	7000.0338101	6999.8782813	0.3399046	-0.5000000	0.2136394	0.2719785	0.1319104	0.0000000	0.0000000
7000.6209600	7000.0338101	6999.8782813	0.3198906	-0.5000000	0.2432863	0.2727449	0.1308881	0.0000000	0.0000000
7000.6209600	7000.0338101	6999.8782813	0.2998766	-0.5000000	0.2797600	0.2733628	0.1295792	0.0000000	0.0000000
7000.6209600	7000.0338101	6999.8782813	0.2798626	-0.5000000	0.2743127	0.2740176	0.1280879	0.0000000	0.0000000
7000.6209600	7000.0338101	6999.8782813	0.2598486	-0.5000000	0.2166428	0.2717671	0.1302506	0.0000000	0.0000000
7000.6209600	7000.0338101	6999.8782813	0.2398346	-0.5000000	0.1895381	0.2738167	0.1203354	0.0000000	0.0000000
7000.6209600	7000.0338101	6999.8782813	0.2201541	-0.5000000	0.2850128	0.2733274	0.1291403	0.0000000	0.0000000
7000.6209600	7000.0338101	6999.8782813	0.2001401	-0.5000000	0.3091849	0.2710320	0.1321501	0.0000000	0.0000000
7000.6209600	7000.0338101	6999.8782813	0.1801261	-0.5000000	0.2833252	0.2734835	0.1322341	0.0000000	0.0000000
7000.6209600	7000.0338101	6999.8782813	0.1601121	-0.5000000	0.2376588	0.2727836	0.1292635	0.0000000	0.0000000
7000.6209600	7000.0338101	6999.8782813	0.1400981	-0.5000000	0.2471846	0.2730043	0.1315837	0.0000000	0.0000000
7000.6209600	7000.0338101	6999.8782813	0.1200841	-0.5000000	0.3288291	0.2734664	0.1326143	0.0000000	0.0000000
7000.6209600	7000.0338101	6999.8782813	0.1000700	-0.5000000	0.3084052	0.2714279	0.1273011	0.0000000	0.0000000
7000.6209600	7000.0338101	6999.8782813	0.0800560	-0.5000000	0.2895149	0.2734722	0.1272880	0.0000000	0.0000000
7000.6209600	7000.0338101	6999.8782813	0.0600420	-0.5000000	0.2526123	0.2712931	0.1305885	0.0000000	0.0000000
7000.6209600	7000.0338101	6999.8782813	0.0400280	-0.5000000	0.2395909	0.2715714	0.1318276	0.0000000	0.0000000
7000.6209600	7000.0338101	6999.8782813	0.0200140	-0.5000000	0.3230265	0.2719701	0.1325878	0.0000000	0.0000000
7000.6209600	7000.0338101	6999.8782813	0.0000000	-0.5000000	0.3196750	0.2713083	0.1317693	0.0000000	0.0000000
7000.6209600	7000.0338101	6999.8782813	-0.0200140	-0.5000000	0.2908981	0.2700432	0.1297822	0.0000000	0.0000000
7000.6209600	7000.0338101	6999.8782813	-0.0400280	-0.5000000	0.2594244	0.2723971	0.1301173	0.0000000	0.0000000
7000.6209600	7000.0338101	6999.8782813	-0.0600420	-0.5000000	0.2462197	0.2726073	0.1292675	0.0000000	0.0000000
7000.6209600	7000.0338101	6999.8782813	-0.0800560	-0.5000000	0.3376143	0.2712988	0.1308501	0.0000000	0.0000000
7000.6209600	7000.0338101	6999.8782813	-0.1000700	-0.5000000	0.3268300	0.2708770	0.1296254	0.0000000	0.0000000
7000.6209600	7000.0338101	6999.8782813	-0.1200841	-0.5000000	0.3606384	0.2709452	0.1319559	0.0000000	0.0000000
7000.6209600	7000.0338101	6999.8782813	-0.1400981	-0.5000000	0.3014163	0.2712322	0.1301876	0.0000000	0.0000000
7000.6209600	7000.0338101	6999.8782813	-0.1601121	-0.5000000	0.2912622	0.2718816	0.1311852	0.0000000	0.0000000
7000.6209600	7000.0338101	6999.8782813	-0.1801261	-0.5000000	0.3395587	0.2726521	0.1294354	0.0000000	0.0000000
7000.6209600	7000.0338101	6999.8782813	-0.2001401	-0.5000000	0.3435092	0.2728054	0.1278545	0.0000000	0.0000000
7000.6209600	7000.0338101	6999.8782813	-0.2201541	-0.5000000	0.3714537	0.2723749	0.1286498	0.0000000	0.0000000
7000.6209600	7000.0338101	6999.8782813	-0.2398346	-0.5000000	0.3709257	0.2711288	0.1293162	0.0000000	0.0000000
7000.6209600	7000.0338101	6999.8782813	-0.2598486	-0.5000000	0.3579784	0.2711063	0.1309716	0.0000000	0.0000000
7000.6209600	7000.0338101	6999.8782813	-0.2798626	-0.5000000	0.2739960	0.2715083	0.1314192	0.0000000	0.0000000
7000.6209600	7000.0338101	6999.8782813	-0.2998766	-0.5000000	0.3142249	0.2708137	0.1320811	0.0000000	0.0000000
7000.6209600	7000.0338101	6999.8782813	-0.3198906	-0.5000000	0.3468081	0.2722345	0.1310223	0.0000000	0.0000000
7000.6209600	7000.0338101	6999.8782813	-0.3399046	-0.5000000	0.3566886	0.2710345	0.1303055	0.0000000	0.0000000
7000.6209600	7000.0338101	6999.8782813	-0.3599186	-0.5000000	0.3377019	0.2696393	0.1266699	0.0000000	0.0000000
7000.6209600	7000.0338101	6999.8782813	-0.3799326	-0.5000000	0.3193711	0.2705432	0.1328409	0.0000000	0.0000000
7000.6209600	7000.0338101	6999.8782813	-0.3999466	-0.5000000	0.2959960	0.2702870	0.1313140	0.0000000	0.0000000
7000.6209600	7000.0338101	6999.8782813	-0.4199606	-0.5000000	0.2784429	0.2704187	0.1299951	0.0000000	0.0000000
7000.6209600	7000.0338101	6999.8782813	-0.4399746	-0.5000000	0.3823040	0.2692327	0.1323668	0.0000000	0.0000000
7000.6209600	7000.0338101	6999.8782813	-0.4599887	-0.5000000	0.3992828	0.2699819	0.1317823	0.0000000	0.0000000
7000.6209600	7000.0338101	6999.8782813	-0.4800027	-0.5000000	0.3435043	0.2713405	0.1314218	0.0000000	0.0000000
7000.6209600	7000.0338101	6999.8782813	-0.5000167	-0.5000000	0.2978400	0.2701912	0.1309106	0.0000000	0.0000000
7000.6209600	7000.0338101	6999.8782813	-0.5200307	-0.5000000	0.2837510	0.2714219	0.1309968	0.0000000	0.0000000
7000.6209600	7000.0338101	6999.8782813	-0.5400447	-0.5000000	0.3767301	0.2706912	0.1332646	0.0000000	0.0000000
7000.6209600	7000.0338101	6999.8782813	-0.5600587	-0.5000000	0.4294235	0.2717253	0.1348076	0.0000000	0.0000000
7000.6209600	7000.0338101	6999.8782813	-0.5800727	-0.5000000	0.3262388	0.2706288	0.1353202	0.0000000	0.0000000
7000.6209600	7000.0338101	6999.8782813	-0.6000867	-0.5000000	0.2973137	0.2710024	0.1339915	0.0000000	0.0000000
7000.6209600	7000.0338101	6999.8782813	-0.6201007	-0.5000000	0.2391892	0.2705393	0.1291317	0.0000000	0.0000000
7000.6209600	7000.0338101	6999.8782813	-0.6401147	-0.5000000	0.3736216	0.2707758	0.1288325	0.0000000	0.0000000
7000.6209600	7000.0338101	6999.8782813	-0.6601288	-0.5000000	0.3908282	0.2702478	0.1339099	0.0000000	0.0000000
7000.6209600	7000.0338101	6999.8782813	-0.6801428	-0.5000000	0.2880778	0.2710016	0.1344048	0.0000000	0.0000000
7000.6209600	7000.0338101	6999.8782813	-0.7001568	-0.5000000	0.2601862	0.2710016	0.1353433	0.0000000	0.0000000
7000.6209600	7000.0338101	6999.8782813	-0.7198372	-0.5000000	0.2440121	0.2690177	0.1315374	0.0000000	0.0000000
7000.6209600	7000.0338101	6999.8782813	-0.7398512	-0.5000000	0.3546476	0.2707595	0.1243398	0.0000000	0.0000000
7000.6209600	7000.0338101	6999.8782813	-0.7598652	-0.5000000	0.3576141	0.2709042	0.1291400	0.0000000	0.0000000
7000.6209600	7000.0338101	6999.8782813	-0.7798792	-0.5000000	0.2568705	0.2705199	0.1327174	0.0000000	0.0000000
7000.6209600	7000.0338101	6999.8782813	-0.7998933	-0.5000000	0.2198351	0.2717515	0.1334532	0.0000000	0.0000000
7000.6209600	7000.0338101	6999.8782813	-0.8199073	-0.5000000	0.2594137	0.2720762	0.1326459	0.0000000	0.0000000
7000.6209600	7000.0338101	6999.8782813	-0.8399213	-0.5000000	0.3253910	0.2707914	0.1309198	0.0000000	0.0000000
7000.6209600	7000.0338101	6999.8782813	-0.8599353	-0.5000000	0.3082916	0.2697491	0.1301906	0.0000000	0.0000000
7000.6209600	7000.0338101	6999.8782813	-0.8799493	-0.5000000	0.2107083	0.2702844	0.1301436	0.0000000	0.0000000
7000.6209600	7000.0338101	6999.8782813	-0.8999633	-0.5000000	0.2228306	0.2709637	0.1303008	0.0000000	0.0000000
7000.6209600	7000.0338101	6999.8782813	-0.9199773	-0.5000000	0.2773503	0.2719202	0.1293655	0.0000000	0.0000000
7000.6209600	7000.0338101	6999.8782813	-0.9399913	-0.5000000	0.2753782	0.2709304	0.1292313	0.0000000	0.0000000
7000.6209600	7000.0338101	6999.8782813	-0.9600053	-0.5000000	0.2362845	0.2706864	0.1302227	0.0000000	0.0000000
7000.6209600	7000.0338101	6999.8782813	-0.9800193	-0.5000000	0.1897474	0.2709911	0.1279551	0.0000000	0.0000000
7000.6209600	7000.0338101	6999.8782813	-1.0000334	-0.5000000	0.2172122	0.2701293	0.1313375	0.0000000	0.0000000
