7000.6209600	7000.0338101	6999.8782813	1.0000334	-1.0000334	0.0270345	0.2666864	0.1348370	0.0000000	-1.0000000
7000.6209600	7000.0338101	6999.8782813	0.9800193	-1.0000000	0.0189633	0.2676136	0.1346361	0.0000000	0.0000000
7000.6209600	7000.0338101	6999.8782813	0.9600053	-1.0000000	0.0119890	0.2663793	0.1365100	0.0000000	0.0000000
7000.6209600	7000.0338101	6999.8782813	0.9399913	-1.0000000	0.0091129	0.2669630	0.1353582	0.0000000	0.0000000
7000.6209600	7000.0338101	6999.8782813	0.9199773	-1.0000000	0.0265408	0.2675514	0.1354340	0.0000000	0.0000000
7000.6209600	7000.0338101	6999.8782813	0.8999633	-1.0000000	0.0280072	0.2666633	0.1363352	0.0000000	0.0000000
7000.6209600	7000.0338101	6999.8782813	0.8799493	-1.0000000	0.0282009	0.2679637	0.1378812	0.0000000	0.0000000
7000.6209600	7000.0338101	6999.8782813	0.8599353	-1.0000000	0.0139441	0.2677125	0.1372926	0.0000000	0.0000000
7000.6209600	7000.0338101	6999.8782813	0.8399213	-1.0000000	0.0103134	0.2662606	0.1359950	0.0000000	0.0000000
7000.6209600	7000.0338101	6999.8782813	0.8199073	-1.0000000	0.0328834	0.2676125	0.1372365	0.0000000	0.0000000
7000.6209600	7000.0338101	6999.8782813	0.7998933	-1.0000000	0.0367061	0.2666694	0.1352374	0.0000000	0.0000000
7000.6209600	7000.0338101	6999.8782813	0.7798792	-1.0000000	0.0286996	0.2679221	0.1365719	0.0000000	0.0000000
7000.6209600	7000.0338101	6999.8782813	0.7598652	-1.0000000	0.0128933	0.2676116	0.1388960	0.0000000	0.0000000
7000.6209600	7000.0338101	6999.8782813	0.7398512	-1.0000000	0.0153402	0.2671927	0.1357582	0.0000000	0.0000000
7000.6209600	7000.0338101	6999.8782813	0.7198372	-1.0000000	0.0397863	0.2694913	0.1380988	0.0000000	0.0000000
7000.6209600	7000.0338101	6999.8782813	0.7001568	-1.0000000	0.0457953	0.2691949	0.1378282	0.0000000	0.0000000
7000.6209600	7000.0338101	6999.8782813	0.6801428	-1.0000000	0.0367002	0.2686472	0.1356737	0.0000000	0.0000000
7000.6209600	7000.0338101	6999.8782813	0.6601288	-1.0000000	0.0219359	0.2679336	0.1362037	0.0000000	0.0000000
7000.6209600	7000.0338101	6999.8782813	0.6401147	-1.0000000	0.0225880	0.2684308	0.1392397	0.0000000	0.0000000
7000.6209600	7000.0338101	6999.8782813	0.6201007	-1.0000000	0.0453926	0.2684805	0.1386658	0.0000000	0.0000000
7000.6209600	7000.0338101	6999.8782813	0.6000867	-1.0000000	0.0493177	0.2668519	0.1356620	0.0000000	0.0000000
7000.6209600	7000.0338101	6999.8782813	0.5800727	-1.0000000	0.0535148	0.2694619	0.1376631	0.0000000	0.0000000
7000.6209600	7000.0338101	6999.8782813	0.5600587	-1.0000000	0.0226202	0.2681921	0.1345131	0.0000000	0.0000000
7000.6209600	7000.0338101	6999.8782813	0.5400447	-1.0000000	0.0290111	0.2672273	0.1363457	0.0000000	0.0000000
7000.6209600	7000.0338101	6999.8782813	0.5200307	-1.0000000	0.0633032	0.2671534	0.1357175	0.0000000	0.0000000
7000.6209600	7000.0338101	6999.8782813	0.5000167	-1.0000000	0.0630549	0.2674664	0.1368539	0.0000000	0.0000000
7000.6209600	7000.0338101	6999.8782813	0.4800027	-1.0000000	0.0562115	0.2684528	0.1369474	0.0000000	0.0000000
7000.6209600	7000.0338101	6999.8782813	0.4599887	-1.0000000	0.0312885	0.2682094	0.1376771	0.0000000	0.0000000
7000.6209600	7000.0338101	6999.8782813	0.4399746	-1.0000000	0.0376375	0.2680876	0.1368547	0.0000000	0.0000000
7000.6209600	7000.0338101	6999.8782813	0.4199606	-1.0000000	0.0760321	0.2669618	0.1350529	0.0000000	0.0000000
7000.6209600	7000.0338101	6999.8782813	0.3999466	-1.0000000	0.0820811	0.2656665	0.1336804	0.0000000	0.0000000
7000.6209600	7000.0338101	6999.8782813	0.3799326	-1.0000000	0.0687612	0.2655908	0.1339412	0.0000000	0.0000000
7000.6209600	7000.0338101	6999.8782813	0.3599186	-1.0000000	0.0405872	0.2659937	0.1323918	0.0000000	0.0000000
7000.6209600	7000.0338101	6999.8782813	0.3399046	-1.0000000	0.0510658	0.2667009	0.1351539	0.0000000	0.0000000
7000.6209600	7000.0338101	6999.8782813	0.3198906	-1.0000000	0.0970734	0.2658047	0.1329271	0.0000000	0.0000000
7000.6209600	7000.0338101	6999.8782813	0.2998766	-1.0000000	0.1034744	0.2644146	0.1336370	0.0000000	0.0000000
7000.6209600	7000.0338101	6999.8782813	0.2798626	-1.0000000	0.0830649	0.2666825	0.1358779	0.0000000	0.0000000
7000.6209600	7000.0338101	6999.8782813	0.2598486	-1.0000000	0.0639999	0.2669788	0.1381853	0.0000000	0.0000000
7000.6209600	7000.0338101	6999.8782813	0.2398346	-1.0000000	0.0705852	0.2668181	0.1365114	0.0000000	0.0000000
7000.6209600	7000.0338101	6999.8782813	0.2201541	-1.0000000	0.1288651	0.2656650	0.1361455	0.0000000	0.0000000
7000.6209600	7000.0338101	6999.8782813	0.2001401	-1.0000000	0.1359871	0.2664435	0.1349972	0.0000000	0.0000000
7000.6209600	7000.0338101	6999.8782813	0.1801261	-1.0000000	0.1146493	0.2664750	0.1378258	0.0000000	0.0000000
7000.6209600	7000.0338101	6999.8782813	0.1601121	-1.0000000	0.0721857	0.2662837	0.1343518	0.0000000	0.0000000
7000.6209600	7000.0338101	6999.8782813	0.1400981	-1.0000000	0.0789044	0.2676975	0.1339039	0.0000000	0.0000000
7000.6209600	7000.0338101	6999.8782813	0.1200841	-1.0000000	0.1532474	0.2683018	0.1338317	0.0000000	0.0000000
7000.6209600	7000.0338101	6999.8782813	0.1000700	-1.0000000	0.1550013	0.2680388	0.1363068	0.0000000	0.0000000
7000.6209600	7000.0338101	6999.8782813	0.0800560	-1.0000000	0.1272239	0.2657482	0.1332373	0.0000000	0.0000000
7000.6209600	7000.0338101	6999.8782813	0.0600420	-1.0000000	0.0943849	0.2665763	0.1328896	0.0000000	0.0000000
7000.6209600	7000.0338101	6999.8782813	0.0400280	-1.0000000	0.1152601	0.2678065	0.1375065	0.0000000	0.0000000
7000.6209600	7000.0338101	6999.8782813	0.0200140	-1.0000000	0.1806956	0.2687480	0.1370513	0.0000000	0.0000000
7000.6209600	7000.0338101	6999.8782813	0.0000000	-1.0000000	0.1835691	0.2678163	0.1357366	0.0000000	0.0000000
7000.6209600	7000.0338101	6999.8782813	-0.0200140	-1.0000000	0.1505209	0.2658558	0.1351420	0.0000000	0.0000000
7000.6209600	7000.0338101	6999.8782813	-0.0400280	-1.0000000	0.1128992	0.2658473	0.1346793	0.0000000	0.0000000
7000.6209600	7000.0338101	6999.8782813	-0.0600420	-1.0000000	0.1254637	0.2660319	0.1343069	0.0000000	0.0000000
7000.6209600	7000.0338101	6999.8782813	-0.0800560	-1.0000000	0.2023534	0.2663026	0.1346475	0.0000000	0.0000000
7000.6209600	7000.0338101	6999.8782813	-0.1000700	-1.0000000	0.2130957	0.2665818	0.1349722	0.0000000	0.0000000
7000.6209600	7000.0338101	6999.8782813	-0.1200841	-1.0000000	0.1966547	0.2657753	0.1298915	0.0000000	0.0000000
7000.6209600	7000.0338101	6999.8782813	-0.1400981	-1.0000000	0.1335072	0.2653658	0.1318561	0.0000000	0.0000000
7000.6209600	7000.0338101	6999.8782813	-0.1601121	-1.0000000	0.1489563	0.2667756	0.1365406	0.0000000	0.0000000
7000.6209600	7000.0338101	6999.8782813	-0.1801261	-1.0000000	0.2191763	0.2667003	0.1370356	0.0000000	0.0000000
7000.6209600	7000.0338101	6999.8782813	-0.2001401	-1.0000000	0.2314832	0.2662791	0.1361106	0.0000000	0.0000000
7000.6209600	7000.0338101	6999.8782813	-0.2201541	-1.0000000	0.2455992	0.2676516	0.1361250	0.0000000	0.0000000
7000.6209600	7000.0338101	6999.8782813	-0.2398346	-1.0000000	0.2071968	0.2669050	0.1347122	0.0000000	0.0000000
7000.6209600	7000.0338101	6999.8782813	-0.2598486	-1.0000000	0.2031041	0.2676305	0.1364528	0.0000000	0.0000000
7000.6209600	7000.0338101	6999.8782813	-0.2798626	-1.0000000	0.1639957	0.2668322	0.1348898	0.0000000	0.0000000
7000.6209600	7000.0338101	6999.8782813	-0.2998766	-1.0000000	0.2106826	0.2669376	0.1363431	0.0000000	0.0000000
7000.6209600	7000.0338101	6999.8782813	-0.3198906	-1.0000000	0.2378745	0.2672369	0.1366075	0.0000000	0.0000000
7000.6209600	7000.0338101	6999.8782813	-0.3399046	-1.0000000	0.2793741	0.2681484	0.1374291	0.0000000	0.0000000
7000.6209600	7000.0338101	6999.8782813	-0.3599186	-1.0000000	0.2656426	0.2686243	0.1360775	0.0000000	0.0000000
7000.6209600	7000.0338101	6999.8782813	-0.3799326	-1.0000000	0.1900066	0.2666576	0.1334816	0.0000000	0.0000000
7000.6209600	7000.0338101	6999.8782813	-0.3999466	-1.0000000	0.1972826	0.2671147	0.1339199	0.0000000	0.0000000
7000.6209600	7000.0338101	6999.8782813	-0.4199606	-1.0000000	0.2300397	0.2657662	0.1365731	0.0000000	0.0000000
7000.6209600	7000.0338101	6999.8782813	-0.4399746	-1.0000000	0.2968087	0.2672654	0.1363890	0.0000000	0.0000000
7000.6209600	7000.0338101	6999.8782813	-0.4599887	-1.0000000	0.3091924	0.2663665	0.1376379	0.0000000	0.0000000
7000.6209600	7000.0338101	6999.8782813	-0.4800027	-1.0000000	0.2327433	0.2674435	0.1363088	0.0000000	0.0000000
7000.6209600	7000.0338101	6999.8782813	-0.5000167	-1.0000000	0.2130106	0.2673954	0.1348046	0.0000000	0.0000000
7000.6209600	7000.0338101	6999.8782813	-0.5200307	-1.0000000	0.2472329	0.2672789	0.1353185	0.0000000	0.0000000
7000.6209600	7000.0338101	6999.8782813	-0.5400447	-1.0000000	0.3174935	0.2665571	0.1336802	0.0000000	0.0000000
7000.6209600	7000.0338101	6999.8782813	-0.5600587	-1.0000000	0.3393669	0.2671515	0.1355400	0.0000000	0.0000000
7000.6209600	7000.0338101	6999.8782813	-0.5800727	-1.0000000	0.2543571	0.2671548	0.1374075	0.0000000	0.0000000
7000.6209600	7000.0338101	6999.8782813	-0.6000867	-1.0000000	0.2608904	0.2675408	0.1391420	0.0000000	0.0000000
7000.6209600	7000.0338101	6999.8782813	-0.6201007	-1.0000000	0.2967631	0.2665568	0.1359794	0.0000000	0.0000000
7000.6209600	7000.0338101	6999.8782813	-0.6401147	-1.0000000	0.3645026	0.2678889	0.1375686	0.0000000	0.0000000
7000.6209600	7000.0338101	6999.8782813	-0.6601288	-1.0000000	0.3431252	0.2669647	0.1353049	0.0000000	0.0000000
7000.6209600	7000.0338101	6999.8782813	-0.6801428	-1.0000000	0.2735177	0.2672162	0.1365294	0.0000000	0.0000000
7000.6209600	7000.0338101	6999.8782813	-0.7001568	-1.0000000	0.2607129	0.2668840	0.1346532	0.0000000	0.0000000
7000.6209600	7000.0338101	6999.8782813	-0.7198372	-1.0000000	0.3181923	0.2669182	0.1340215	0.0000000	0.0000000
7000.6209600	7000.0338101	6999.8782813	-0.7398512	-1.0000000	0.3835433	0.2679978	0.1360161	0.0000000	0.0000000
7000.6209600	7000.0338101	6999.8782813	-0.7598652	-1.0000000	0.3768542	0.2686068	0.1375869	0.0000000	0.0000000
7000.6209600	7000.0338101	6999.8782813	-0.7798792	-1.0000000	0.2943905	0.2676627	0.1375865	0.0000000	0.0000000
7000.6209600	7000.0338101	6999.8782813	-0.7998933	-1.0000000	0.3096069	0.2686506	0.1387803	0.0000000	0.0000000
7000.6209600	7000.0338101	6999.8782813	-0.8199073	-1.0000000	0.3793842	0.2673411	0.1381506	0.0000000	0.0000000
7000.6209600	7000.0338101	6999.8782813	-0.8399213	-1.0000000	0.3892578	0.2673899	0.1358821	0.0000000	0.0000000
7000.6209600	7000.0338101	6999.8782813	-0.8599353	-1.0000000	0.3670271	0.2675492	0.1367490	0.0000000	0.0000000
7000.6209600	7000.0338101	6999.8782813	-0.8799493	-1.0000000	0.3312758	0.2676899	0.1360291	0.0000000	0.0000000
7000.6209600	7000.0338101	6999.8782813	-0.8999633	-1.0000000	0.3581096	0.2659008	0.1339639	0.0000000	0.0000000
7000.6209600	7000.0338101	6999.8782813	-0.9199773	-1.0000000	0.3882087	0.2664110	0.1297356	0.0000000	0.0000000
7000.6209600	7000.0338101	6999.8782813	-0.9399913	-1.0000000	0.3475352	0.2674019	0.1348257	0.0000000	0.0000000
7000.6209600	7000.0338101	6999.8782813	-0.9600053	-1.0000000	0.3380155	0.2660327	0.1390875	0.0000000	0.0000000
7000.6209600	7000.0338101	6999.8782813	-0.9800193	-1.0000000	0.3865455	0.2665153	0.1365687	0.0000000	0.0000000
7000.6209600	7000.0338101	6999.8782813	-1.0000334	-1.0000000	0.4101060	0.2661479	0.1349591	0.0000000	0.0000000
