7000.6209600	7000.0338101	6999.8782813	1.0000334	0.8799493	0.1455094	0.2754545	0.1325310	0.0000000	0.8800000
7000.6209600	7000.0338101	6999.8782813	0.9800193	0.8800000	0.1724492	0.2751305	0.1353473	0.0000000	0.0000000
7000.6209600	7000.0338101	6999.8782813	0.9600053	0.8800000	0.1840287	0.2742842	0.1329830	0.0000000	0.0000000
7000.6209600	7000.0338101	6999.8782813	0.9399913	0.8800000	0.1786733	0.2727754	0.1326454	0.0000000	0.0000000
7000.6209600	7000.0338101	6999.8782813	0.9199773	0.8800000	0.1369769	0.2736440	0.1351331	0.0000000	0.0000000
7000.6209600	7000.0338101	6999.8782813	0.8999633	0.8800000	0.1295978	0.2759323	0.1339548	0.0000000	0.0000000
7000.6209600	7000.0338101	6999.8782813	0.8799493	0.8800000	0.1392866	0.2747600	0.1316960	0.0000000	0.0000000
7000.6209600	7000.0338101	6999.8782813	0.8599353	0.8800000	0.1878258	0.2752518	0.1344585	0.0000000	0.0000000
7000.6209600	7000.0338101	6999.8782813	0.8399213	0.8800000	0.1788276	0.2758003	0.1345977	0.0000000	0.0000000
7000.6209600	7000.0338101	6999.8782813	0.8199073	0.8800000	0.1227539	0.2734346	0.1330537	0.0000000	0.0000000
7000.6209600	7000.0338101	6999.8782813	0.7998933	0.8800000	0.1136058	0.2746219	0.1280386	0.0000000	0.0000000
7000.6209600	7000.0338101	6999.8782813	0.7798792	0.8800000	0.1575994	0.2736857	0.1270038	0.0000000	0.0000000
7000.6209600	7000.0338101	6999.8782813	0.7598652	0.8800000	0.1706978	0.2754542	0.1243533	0.0000000	0.0000000
7000.6209600	7000.0338101	6999.8782813	0.7398512	0.8800000	0.1636154	0.2733723	0.1339075	0.0000000	0.0000000
7000.6209600	7000.0338101	6999.8782813	0.7198372	0.8800000	0.1146946	0.2736443	0.1350875	0.0000000	0.0000000
7000.6209600	7000.0338101	6999.8782813	0.7001568	0.8800000	0.1058390	0.2736974	0.1329680	0.0000000	0.0000000
7000.6209600	7000.0338101	6999.8782813	0.6801428	0.8800000	0.1269608	0.2744174	0.1316101	0.0000000	0.0000000
7000.6209600	7000.0338101	6999.8782813	0.6601288	0.8800000	0.1697233	0.2761702	0.1334011	0.0000000	0.0000000
7000.6209600	7000.0338101	6999.8782813	0.6401147	0.8800000	0.1598048	0.2736282	0.1288313	0.0000000	0.0000000
7000.6209600	7000.0338101	6999.8782813	0.6201007	0.8800000	0.0937073	0.2747014	0.1313252	0.0000000	0.0000000
7000.6209600	7000.0338101	6999.8782813	0.6000867	0.8800000	0.1058828	0.2733792	0.1363267	0.0000000	0.0000000
7000.6209600	7000.0338101	6999.8782813	0.5800727	0.8800000	0.1173201	0.2757026	0.1295210	0.0000000	0.0000000
7000.6209600	7000.0338101	6999.8782813	0.5600587	0.8800000	0.1473351	0.2748478	0.1306119	0.0000000	0.0000000
7000.6209600	7000.0338101	6999.8782813	0.5400447	0.8800000	0.1507749	0.2741440	0.1312115	0.0000000	0.0000000
7000.6209600	7000.0338101	6999.8782813	0.5200307	0.8800000	0.0959421	0.2734271	0.1302654	0.0000000	0.0000000
7000.6209600	7000.0338101	6999.8782813	0.5000167	0.8800000	0.0887742	0.2722484	0.1364279	0.0000000	0.0000000
7000.6209600	7000.0338101	6999.8782813	0.4800027	0.8800000	0.1049792	0.2749950	0.1278428	0.0000000	0.0000000
7000.6209600	7000.0338101	6999.8782813	0.4599887	0.8800000	0.1397639	0.2735386	0.1312056	0.0000000	0.0000000
7000.6209600	7000.0338101	6999.8782813	0.4399746	0.8800000	0.1365238	0.2755565	0.1285559	0.0000000	0.0000000
7000.6209600	7000.0338101	6999.8782813	0.4199606	0.8800000	0.0908710	0.2743593	0.1310099	0.0000000	0.0000000
7000.6209600	7000.0338101	6999.8782813	0.3999466	0.8800000	0.0719680	0.2738842	0.1272848	0.0000000	0.0000000
7000.6209600	7000.0338101	6999.8782813	0.3799326	0.8800000	0.0913075	0.2737394	0.1274890	0.0000000	0.0000000
7000.6209600	7000.0338101	6999.8782813	0.3599186	0.8800000	0.1217861	0.2719806	0.1317216	0.0000000	0.0000000
7000.6209600	7000.0338101	6999.8782813	0.3399046	0.8800000	0.1061826	0.2744529	0.1285149	0.0000000	0.0000000
7000.6209600	7000.0338101	6999.8782813	0.3198906	0.8800000	0.0612611	0.2751962	0.1263242	0.0000000	0.0000000
7000.6209600	7000.0338101	6999.8782813	0.2998766	0.8800000	0.0635112	0.2761917	0.1270303	0.0000000	0.0000000
7000.6209600	7000.0338101	6999.8782813	0.2798626	0.8800000	0.0927030	0.2749695	0.1257795	0.0000000	0.0000000
7000.6209600	7000.0338101	6999.8782813	0.2598486	0.8800000	0.1134672	0.2756393	0.1356086	0.0000000	0.0000000
7000.6209600	7000.0338101	6999.8782813	0.2398346	0.8800000	0.0930969	0.2747468	0.1298523	0.0000000	0.0000000
7000.6209600	7000.0338101	6999.8782813	0.2201541	0.8800000	0.0471089	0.2771382	0.1272557	0.0000000	0.0000000
7000.6209600	7000.0338101	6999.8782813	0.2001401	0.8800000	0.0495803	0.2757235	0.1309999	0.0000000	0.0000000
7000.6209600	7000.0338101	6999.8782813	0.1801261	0.8800000	0.0804276	0.2774711	0.1315312	0.0000000	0.0000000
7000.6209600	7000.0338101	6999.8782813	0.1601121	0.8800000	0.1059722	0.2767334	0.1367965	0.0000000	0.0000000
7000.6209600	7000.0338101	6999.8782813	0.1400981	0.8800000	0.0775353	0.2766455	0.1307588	0.0000000	0.0000000
7000.6209600	7000.0338101	6999.8782813	0.1200841	0.8800000	0.0527318	0.2780217	0.1300668	0.0000000	0.0000000
7000.6209600	7000.0338101	6999.8782813	0.1000700	0.8800000	0.0458082	0.2811166	0.1315261	0.0000000	0.0000000
7000.6209600	7000.0338101	6999.8782813	0.0800560	0.8800000	0.0745364	0.2777665	0.1302903	0.0000000	0.0000000
7000.6209600	7000.0338101	6999.8782813	0.0600420	0.8800000	0.0883319	0.2780099	0.1329907	0.0000000	0.0000000
7000.6209600	7000.0338101	6999.8782813	0.0400280	0.8800000	0.0739623	0.2774961	0.1358868	0.0000000	0.0000000
7000.6209600	7000.0338101	6999.8782813	0.0200140	0.8800000	0.0437448	0.2789763	0.1365601	0.0000000	0.0000000
7000.6209600	7000.0338101	6999.8782813	0.0000000	0.8800000	0.0380640	0.2771234	0.1322808	0.0000000	0.0000000
7000.6209600	7000.0338101	6999.8782813	-0.0200140	0.8800000	0.0700958	0.2782295	0.1368749	0.0000000	0.0000000
7000.6209600	7000.0338101	6999.8782813	-0.0400280	0.8800000	0.0822860	0.2798456	0.1370789	0.0000000	0.0000000
7000.6209600	7000.0338101	6999.8782813	-0.0600420	0.8800000	0.0715634	0.2780858	0.1356948	0.0000000	0.0000000
7000.6209600	7000.0338101	6999.8782813	-0.0800560	0.8800000	0.0393120	0.2763748	0.1396920	0.0000000	0.0000000
7000.6209600	7000.0338101	6999.8782813	-0.1000700	0.8800000	0.0411855	0.2798295	0.1351707	0.0000000	0.0000000
7000.6209600	7000.0338101	6999.8782813	-0.1200841	0.8800000	0.0426405	0.2812610	0.1337283	0.0000000	0.0000000
7000.6209600	7000.0338101	6999.8782813	-0.1400981	0.8800000	0.0640802	0.2807833	0.1362106	0.0000000	0.0000000
7000.6209600	7000.0338101	6999.8782813	-0.1601121	0.8800000	0.0616736	0.2782366	0.1335217	0.0000000	0.0000000
7000.6209600	7000.0338101	6999.8782813	-0.1801261	0.8800000	0.0277552	0.2775547	0.1361455	0.0000000	0.0000000
7000.6209600	7000.0338101	6999.8782813	-0.2001401	0.8800000	0.0208805	0.2746013	0.1326000	0.0000000	0.0000000
7000.6209600	7000.0338101	6999.8782813	-0.2201541	0.8800000	0.0245242	0.2794982	0.1375079	0.0000000	0.0000000
7000.6209600	7000.0338101	6999.8782813	-0.2398346	0.8800000	0.0384764	0.2796687	0.1334291	0.0000000	0.0000000
7000.6209600	7000.0338101	6999.8782813	-0.2598486	0.8800000	0.0453973	0.2773387	0.1372872	0.0000000	0.0000000
7000.6209600	7000.0338101	6999.8782813	-0.2798626	0.8800000	0.0441744	0.2794270	0.1382847	0.0000000	0.0000000
7000.6209600	7000.0338101	6999.8782813	-0.2998766	0.8800000	0.0324313	0.2808325	0.1379135	0.0000000	0.0000000
7000.6209600	7000.0338101	6999.8782813	-0.3198906	0.8800000	0.0198163	0.2800298	0.1391415	0.0000000	0.0000000
7000.6209600	7000.0338101	6999.8782813	-0.3399046	0.8800000	0.0222823	0.2779943	0.1396108	0.0000000	0.0000000
7000.6209600	7000.0338101	6999.8782813	-0.3599186	0.8800000	0.0225253	0.2803229	0.1383542	0.0000000	0.0000000
7000.6209600	7000.0338101	6999.8782813	-0.3799326	0.8800000	0.0428888	0.2804801	0.1371262	0.0000000	0.0000000
7000.6209600	7000.0338101	6999.8782813	-0.3999466	0.8800000	0.0342822	0.2808188	0.1372312	0.0000000	0.0000000
7000.6209600	7000.0338101	6999.8782813	-0.4199606	0.8800000	0.0195754	0.2807258	0.1376187	0.0000000	0.0000000
7000.6209600	7000.0338101	6999.8782813	-0.4399746	0.8800000	0.0076262	0.2828297	0.1364536	0.0000000	0.0000000
7000.6209600	7000.0338101	6999.8782813	-0.4599887	0.8800000	0.0088168	0.2819211	0.1343265	0.0000000	0.0000000
7000.6209600	7000.0338101	6999.8782813	-0.4800027	0.8800000	0.0302711	0.2813258	0.1342279	0.0000000	0.0000000
7000.6209600	7000.0338101	6999.8782813	-0.5000167	0.8800000	0.0261549	0.2819294	0.1343398	0.0000000	0.0000000
7000.6209600	7000.0338101	6999.8782813	-0.5200307	0.8800000	0.0133596	0.2811230	0.1359139	0.0000000	0.0000000
7000.6209600	7000.0338101	6999.8782813	-0.5400447	0.8800000	0.0020066	0.2809878	0.1347202	0.0000000	0.0000000
7000.6209600	7000.0338101	6999.8782813	-0.5600587	0.8800000	0.0036799	0.2805385	0.1346548	0.0000000	0.0000000
7000.6209600	7000.0338101	6999.8782813	-0.5800727	0.8800000	0.0192217	0.2800378	0.1336693	0.0000000	0.0000000
7000.6209600	7000.0338101	6999.8782813	-0.6000867	0.8800000	0.0172401	0.2816428	0.1345266	0.0000000	0.0000000
7000.6209600	7000.0338101	6999.8782813	-0.6201007	0.8800000	0.0078246	0.2814319	0.1357111	0.0000000	0.0000000
7000.6209600	7000.0338101	6999.8782813	-0.6401147	0.8800000	0.0022758	0.2836045	0.1341210	0.0000000	0.0000000
7000.6209600	7000.0338101	6999.8782813	-0.6601288	0.8800000	0.0031920	0.2823563	0.1329724	0.0000000	0.0000000
7000.6209600	7000.0338101	6999.8782813	-0.6801428	0.8800000	0.0119167	0.2812462	0.1344945	0.0000000	0.0000000
7000.6209600	7000.0338101	6999.8782813	-0.7001568	0.8800000	0.0059789	0.2825502	0.1289210	0.0000000	0.0000000
7000.6209600	7000.0338101	6999.8782813	-0.7198372	0.8800000	0.0021360	0.2795319	0.1344850	0.0000000	0.0000000
7000.6209600	7000.0338101	6999.8782813	-0.7398512	0.8800000	0.0018318	0.2795088	0.1369546	0.0000000	0.0000000
7000.6209600	7000.0338101	6999.8782813	-0.7598652	0.8800000	0.0039867	0.2785695	0.1360499	0.0000000	0.0000000
7000.6209600	7000.0338101	6999.8782813	-0.7798792	0.8800000	0.0050544	0.2816073	0.1361981	0.0000000	0.0000000
7000.6209600	7000.0338101	6999.8782813	-0.7998933	0.8800000	0.0021404	0.2819333	0.1401322	0.0000000	0.0000000
7000.6209600	7000.0338101	6999.8782813	-0.8199073	0.8800000	0.0003053	0.2790610	0.1392756	0.0000000	0.0000000
7000.6209600	7000.0338101	6999.8782813	-0.8399213	0.8800000	0.0026606	0.2823945	0.1353510	0.0000000	0.0000000
7000.6209600	7000.0338101	6999.8782813	-0.8599353	0.8800000	0.0040231	0.2815085	0.1367600	0.0000000	0.0000000
7000.6209600	7000.0338101	6999.8782813	-0.8799493	0.8800000	0.0010304	0.2799620	0.1365780	0.0000000	0.0000000
7000.6209600	7000.0338101	6999.8782813	-0.8999633	0.8800000	0.0004082	0.2806956	0.1363903	0.0000000	0.0000000
7000.6209600	7000.0338101	6999.8782813	-0.9199773	0.8800000	0.0003687	0.2803146	0.1349874	0.0000000	0.0000000
7000.6209600	7000.0338101	6999.8782813	-0.9399913	0.8800000	0.0019747	0.2793593	0.1342994	0.0000000	0.0000000
7000.6209600	7000.0338101	6999.8782813	-0.9600053	0.8800000	0.0018248	0.2798870	0.1374147	0.0000000	0.0000000
7000.6209600	7000.0338101	6999.8782813	-0.9800193	0.8800000	0.0003673	0.2795817	0.1347932	0.0000000	0.0000000
7000.6209600	7000.0338101	6999.8782813	-1.0000334	0.8800000	0.0005057	0.2789105	0.1350833	0.0000000	0.0000000
