7000.6209600	7000.0338101	6999.8782813	1.0000334	-0.2598486	0.2284327	0.2766859	0.1302109	0.0000000	-0.2600000
7000.6209600	7000.0338101	6999.8782813	0.9800193	-0.2600000	0.1968805	0.2767545	0.1321959	0.0000000	0.0000000
7000.6209600	7000.0338101	6999.8782813	0.9600053	-0.2600000	0.2006144	0.2770607	0.1295437	0.0000000	0.0000000
7000.6209600	7000.0338101	6999.8782813	0.9399913	-0.2600000	0.2179001	0.2789794	0.1249977	0.0000000	0.0000000
7000.6209600	7000.0338101	6999.8782813	0.9199773	-0.2600000	0.2906595	0.2761774	0.1293723	0.0000000	0.0000000
7000.6209600	7000.0338101	6999.8782813	0.8999633	-0.2600000	0.2911736	0.2776145	0.1308911	0.0000000	0.0000000
7000.6209600	7000.0338101	6999.8782813	0.8799493	-0.2600000	0.2005795	0.2767495	0.1282628	0.0000000	0.0000000
7000.6209600	7000.0338101	6999.8782813	0.8599353	-0.2600000	0.2038169	0.2752520	0.1326232	0.0000000	0.0000000
7000.6209600	7000.0338101	6999.8782813	0.8399213	-0.2600000	0.2286757	0.2770747	0.1266024	0.0000000	0.0000000
7000.6209600	7000.0338101	6999.8782813	0.8199073	-0.2600000	0.2922936	0.2774152	0.1245962	0.0000000	0.0000000
7000.6209600	7000.0338101	6999.8782813	0.7998933	-0.2600000	0.2981304	0.2783722	0.1268864	0.0000000	0.0000000
7000.6209600	7000.0338101	6999.8782813	0.7798792	-0.2600000	0.2303208	0.2771592	0.1256085	0.0000000	0.0000000
7000.6209600	7000.0338101	6999.8782813	0.7598652	-0.2600000	0.2279847	0.2754611	0.1285538	0.0000000	0.0000000
7000.6209600	7000.0338101	6999.8782813	0.7398512	-0.2600000	0.2761499	0.2773586	0.1306415	0.0000000	0.0000000
7000.6209600	7000.0338101	6999.8782813	0.7198372	-0.2600000	0.3131921	0.2766915	0.1259232	0.0000000	0.0000000
7000.6209600	7000.0338101	6999.8782813	0.7001568	-0.2600000	0.3203579	0.2770985	0.1250929	0.0000000	0.0000000
7000.6209600	7000.0338101	6999.8782813	0.6801428	-0.2600000	0.2433437	0.2784144	0.1229934	0.0000000	0.0000000
7000.6209600	7000.0338101	6999.8782813	0.6601288	-0.2600000	0.2192078	0.2767010	0.1241490	0.0000000	0.0000000
7000.6209600	7000.0338101	6999.8782813	0.6401147	-0.2600000	0.2501520	0.2754779	0.1317484	0.0000000	0.0000000
7000.6209600	7000.0338101	6999.8782813	0.6201007	-0.2600000	0.3381533	0.2758038	0.1288264	0.0000000	0.0000000
7000.6209600	7000.0338101	6999.8782813	0.6000867	-0.2600000	0.3307927	0.2757279	0.1310781	0.0000000	0.0000000
7000.6209600	7000.0338101	6999.8782813	0.5800727	-0.2600000	0.2544390	0.2771261	0.1226740	0.0000000	0.0000000
7000.6209600	7000.0338101	6999.8782813	0.5600587	-0.2600000	0.2306489	0.2744719	0.1290024	0.0000000	0.0000000
7000.6209600	7000.0338101	6999.8782813	0.5400447	-0.2600000	0.2542657	0.2765186	0.1329611	0.0000000	0.0000000
7000.6209600	7000.0338101	6999.8782813	0.5200307	-0.2600000	0.3289723	0.2737654	0.1315833	0.0000000	0.0000000
7000.6209600	7000.0338101	6999.8782813	0.5000167	-0.2600000	0.3382679	0.2739769	0.1281814	0.0000000	0.0000000
7000.6209600	7000.0338101	6999.8782813	0.4800027	-0.2600000	0.2553154	0.2759080	0.1266749	0.0000000	0.0000000
7000.6209600	7000.0338101	6999.8782813	0.4599887	-0.2600000	0.2352390	0.2746207	0.1250386	0.0000000	0.0000000
7000.6209600	7000.0338101	6999.8782813	0.4399746	-0.2600000	0.2601290	0.2748516	0.1246632	0.0000000	0.0000000
7000.6209600	7000.0338101	6999.8782813	0.4199606	-0.2600000	0.3555887	0.2743590	0.1312621	0.0000000	0.0000000
7000.6209600	7000.0338101	6999.8782813	0.3999466	-0.2600000	0.3414203	0.2747991	0.1313732	0.0000000	0.0000000
7000.6209600	7000.0338101	6999.8782813	0.3799326	-0.2600000	0.2635220	0.2756959	0.1301168	0.0000000	0.0000000
7000.6209600	7000.0338101	6999.8782813	0.3599186	-0.2600000	0.2684636	0.2757178	0.1258265	0.0000000	0.0000000
7000.6209600	7000.0338101	6999.8782813	0.3399046	-0.2600000	0.2789755	0.2746813	0.1244987	0.0000000	0.0000000
7000.6209600	7000.0338101	6999.8782813	0.3198906	-0.2600000	0.3455754	0.2738344	0.1299795	0.0000000	0.0000000
7000.6209600	7000.0338101	6999.8782813	0.2998766	-0.2600000	0.3081659	0.2726332	0.1305728	0.0000000	0.0000000
7000.6209600	7000.0338101	6999.8782813	0.2798626	-0.2600000	0.2497311	0.2731355	0.1311531	0.0000000	0.0000000
7000.6209600	7000.0338101	6999.8782813	0.2598486	-0.2600000	0.2997944	0.2737269	0.1314448	0.0000000	0.0000000
7000.6209600	7000.0338101	6999.8782813	0.2398346	-0.2600000	0.3429861	0.2733779	0.1280409	0.0000000	0.0000000
7000.6209600	7000.0338101	6999.8782813	0.2201541	-0.2600000	0.3530210	0.2736794	0.1214956	0.0000000	0.0000000
7000.6209600	7000.0338101	6999.8782813	0.2001401	-0.2600000	0.3545170	0.2739523	0.1298905	0.0000000	0.0000000
7000.6209600	7000.0338101	6999.8782813	0.1801261	-0.2600000	0.2788755	0.2726165	0.1327806	0.0000000	0.0000000
7000.6209600	7000.0338101	6999.8782813	0.1601121	-0.2600000	0.3026722	0.2732312	0.1294266	0.0000000	0.0000000
7000.6209600	7000.0338101	6999.8782813	0.1400981	-0.2600000	0.3159624	0.2729016	0.1308114	0.0000000	0.0000000
7000.6209600	7000.0338101	6999.8782813	0.1200841	-0.2600000	0.3677793	0.2737589	0.1302894	0.0000000	0.0000000
7000.6209600	7000.0338101	6999.8782813	0.1000700	-0.2600000	0.3323083	0.2730170	0.1302356	0.0000000	0.0000000
7000.6209600	7000.0338101	6999.8782813	0.0800560	-0.2600000	0.2709429	0.2739296	0.1296099	0.0000000	0.0000000
7000.6209600	7000.0338101	6999.8782813	0.0600420	-0.2600000	0.3423435	0.2745905	0.1281150	0.0000000	0.0000000
7000.6209600	7000.0338101	6999.8782813	0.0400280	-0.2600000	0.3462949	0.2727667	0.1256476	0.0000000	0.0000000
7000.6209600	7000.0338101	6999.8782813	0.0200140	-0.2600000	0.3720883	0.2740065	0.1299252	0.0000000	0.0000000
7000.6209600	7000.0338101	6999.8782813	0.0000000	-0.2600000	0.3464237	0.2731605	0.1320332	0.0000000	0.0000000
7000.6209600	7000.0338101	6999.8782813	-0.0200140	-0.2600000	0.3021521	0.2721211	0.1331427	0.0000000	0.0000000
7000.6209600	7000.0338101	6999.8782813	-0.0400280	-0.2600000	0.3373600	0.2750118	0.1288278	0.0000000	0.0000000
7000.6209600	7000.0338101	6999.8782813	-0.0600420	-0.2600000	0.3532812	0.2768845	0.1251720	0.0000000	0.0000000
7000.6209600	7000.0338101	6999.8782813	-0.0800560	-0.2600000	0.3998346	0.2730175	0.1289703	0.0000000	0.0000000
7000.6209600	7000.0338101	6999.8782813	-0.1000700	-0.2600000	0.3584585	0.2728533	0.1268969	0.0000000	0.0000000
7000.6209600	7000.0338101	6999.8782813	-0.1200841	-0.2600000	0.3141012	0.2733129	0.1319045	0.0000000	0.0000000
7000.6209600	7000.0338101	6999.8782813	-0.1400981	-0.2600000	0.2839025	0.2742179	0.1276462	0.0000000	0.0000000
7000.6209600	7000.0338101	6999.8782813	-0.1601121	-0.2600000	0.2996544	0.2729165	0.1300957	0.0000000	0.0000000
7000.6209600	7000.0338101	6999.8782813	-0.1801261	-0.2600000	0.4002833	0.2758071	0.1269453	0.0000000	0.0000000
7000.6209600	7000.0338101	6999.8782813	-0.2001401	-0.2600000	0.4163665	0.2743699	0.1239128	0.0000000	0.0000000
7000.6209600	7000.0338101	6999.8782813	-0.2201541	-0.2600000	0.3813856	0.2729514	0.1312957	0.0000000	0.0000000
7000.6209600	7000.0338101	6999.8782813	-0.2398346	-0.2600000	0.2973253	0.2712142	0.1317584	0.0000000	0.0000000
7000.6209600	7000.0338101	6999.8782813	-0.2598486	-0.2600000	0.2835469	0.2732937	0.1323754	0.0000000	0.0000000
7000.6209600	7000.0338101	6999.8782813	-0.2798626	-0.2600000	0.3425485	0.2744559	0.1307974	0.0000000	0.0000000
7000.6209600	7000.0338101	6999.8782813	-0.2998766	-0.2600000	0.3488945	0.2737522	0.1281775	0.0000000	0.0000000
7000.6209600	7000.0338101	6999.8782813	-0.3198906	-0.2600000	0.3955586	0.2718979	0.1295210	0.0000000	0.0000000
7000.6209600	7000.0338101	6999.8782813	-0.3399046	-0.2600000	0.3419608	0.2724923	0.1304238	0.0000000	0.0000000
7000.6209600	7000.0338101	6999.8782813	-0.3599186	-0.2600000	0.3144545	0.2720284	0.1316938	0.0000000	0.0000000
7000.6209600	7000.0338101	6999.8782813	-0.3799326	-0.2600000	0.2841837	0.2721733	0.1310367	0.0000000	0.0000000
7000.6209600	7000.0338101	6999.8782813	-0.3999466	-0.2600000	0.2900984	0.2734127	0.1268813	0.0000000	0.0000000
7000.6209600	7000.0338101	6999.8782813	-0.4199606	-0.2600000	0.3613102	0.2716846	0.1283085	0.0000000	0.0000000
7000.6209600	7000.0338101	6999.8782813	-0.4399746	-0.2600000	0.3362432	0.2719086	0.1270978	0.0000000	0.0000000
7000.6209600	7000.0338101	6999.8782813	-0.4599887	-0.2600000	0.3366714	0.2730657	0.1279606	0.0000000	0.0000000
7000.6209600	7000.0338101	6999.8782813	-0.4800027	-0.2600000	0.2437699	0.2735343	0.1275961	0.0000000	0.0000000
7000.6209600	7000.0338101	6999.8782813	-0.5000167	-0.2600000	0.2597379	0.2724856	0.1285347	0.0000000	0.0000000
7000.6209600	7000.0338101	6999.8782813	-0.5200307	-0.2600000	0.3155138	0.2725908	0.1303285	0.0000000	0.0000000
7000.6209600	7000.0338101	6999.8782813	-0.5400447	-0.2600000	0.3420372	0.2740139	0.1299033	0.0000000	0.0000000
7000.6209600	7000.0338101	6999.8782813	-0.5600587	-0.2600000	0.2949686	0.2721954	0.1298374	0.0000000	0.0000000
7000.6209600	7000.0338101	6999.8782813	-0.5800727	-0.2600000	0.2038535	0.2715444	0.1304521	0.0000000	0.0000000
7000.6209600	7000.0338101	6999.8782813	-0.6000867	-0.2600000	0.2207278	0.2735087	0.1276183	0.0000000	0.0000000
7000.6209600	7000.0338101	6999.8782813	-0.6201007	-0.2600000	0.3023829	0.2729374	0.1313376	0.0000000	0.0000000
7000.6209600	7000.0338101	6999.8782813	-0.6401147	-0.2600000	0.2865981	0.2712852	0.1323710	0.0000000	0.0000000
7000.6209600	7000.0338101	6999.8782813	-0.6601288	-0.2600000	0.2389457	0.2685056	0.1319760	0.0000000	0.0000000
7000.6209600	7000.0338101	6999.8782813	-0.6801428	-0.2600000	0.1965945	0.2713643	0.1323893	0.0000000	0.0000000
7000.6209600	7000.0338101	6999.8782813	-0.7001568	-0.2600000	0.2206857	0.2723197	0.1307520	0.0000000	0.0000000
7000.6209600	7000.0338101	6999.8782813	-0.7198372	-0.2600000	0.2465037	0.2730479	0.1295043	0.0000000	0.0000000
7000.6209600	7000.0338101	6999.8782813	-0.7398512	-0.2600000	0.2455630	0.2723893	0.1283354	0.0000000	0.0000000
7000.6209600	7000.0338101	6999.8782813	-0.7598652	-0.2600000	0.2068928	0.2718171	0.1316239	0.0000000	0.0000000
7000.6209600	7000.0338101	6999.8782813	-0.7798792	-0.2600000	0.1837416	0.2727450	0.1303157	0.0000000	0.0000000
7000.6209600	7000.0338101	6999.8782813	-0.7998933	-0.2600000	0.2040273	0.2727007	0.1326188	0.0000000	0.0000000
7000.6209600	7000.0338101	6999.8782813	-0.8199073	-0.2600000	0.2558480	0.2735530	0.1325347	0.0000000	0.0000000
7000.6209600	7000.0338101	6999.8782813	-0.8399213	-0.2600000	0.1767506	0.2743905	0.1253007	0.0000000	0.0000000
7000.6209600	7000.0338101	6999.8782813	-0.8599353	-0.2600000	0.1638541	0.2772554	0.1225217	0.0000000	0.0000000
7000.6209600	7000.0338101	6999.8782813	-0.8799493	-0.2600000	0.2023997	0.2740071	0.1312919	0.0000000	0.0000000
7000.6209600	7000.0338101	6999.8782813	-0.8999633	-0.2600000	0.2072849	0.2723831	0.1295615	0.0000000	0.0000000
7000.6209600	7000.0338101	6999.8782813	-0.9199773	-0.2600000	0.2088934	0.2718365	0.1308707	0.0000000	0.0000000
7000.6209600	7000.0338101	6999.8782813	-0.9399913	-0.2600000	0.1285638	0.2736018	0.1287152	0.0000000	0.0000000
7000.6209600	7000.0338101	6999.8782813	-0.9600053	-0.2600000	0.1078441	0.2735697	0.1198228	0.0000000	0.0000000
7000.6209600	7000.0338101	6999.8782813	-0.9800193	-0.2600000	0.1850865	0.2727606	0.1276508	0.0000000	0.0000000
7000.6209600	7000.0338101	6999.8782813	-1.0000334	-0.2600000	0.1762570	0.2703752	0.1326903	0.0000000	0.0000000
