7000.6209600	7000.0338101	6999.8782813	1.0000334	-0.1601121	0.3108171	0.2762747	0.1274030	0.0000000	-0.1600000
7000.6209600	7000.0338101	6999.8782813	0.9800193	-0.1600000	0.2866210	0.2782469	0.1261962	0.0000000	0.0000000
7000.6209600	7000.0338101	6999.8782813	0.9600053	-0.1600000	0.2392467	0.2770695	0.1267040	0.0000000	0.0000000
7000.6209600	7000.0338101	6999.8782813	0.9399913	-0.1600000	0.2363287	0.2799280	0.1270858	0.0000000	0.0000000
7000.6209600	7000.0338101	6999.8782813	0.9199773	-0.1600000	0.3188660	0.2776177	0.1276689	0.0000000	0.0000000
7000.6209600	7000.0338101	6999.8782813	0.8999633	-0.1600000	0.3248149	0.2768237	0.1265026	0.0000000	0.0000000
7000.6209600	7000.0338101	6999.8782813	0.8799493	-0.1600000	0.3076724	0.2792802	0.1296923	0.0000000	0.0000000
7000.6209600	7000.0338101	6999.8782813	0.8599353	-0.1600000	0.2474288	0.2763606	0.1320487	0.0000000	0.0000000
7000.6209600	7000.0338101	6999.8782813	0.8399213	-0.1600000	0.2409398	0.2783431	0.1282015	0.0000000	0.0000000
7000.6209600	7000.0338101	6999.8782813	0.8199073	-0.1600000	0.3229606	0.2764497	0.1282926	0.0000000	0.0000000
7000.6209600	7000.0338101	6999.8782813	0.7998933	-0.1600000	0.3319900	0.2778524	0.1253960	0.0000000	0.0000000
7000.6209600	7000.0338101	6999.8782813	0.7798792	-0.1600000	0.2965800	0.2774410	0.1305142	0.0000000	0.0000000
7000.6209600	7000.0338101	6999.8782813	0.7598652	-0.1600000	0.2578474	0.2780385	0.1296711	0.0000000	0.0000000
7000.6209600	7000.0338101	6999.8782813	0.7398512	-0.1600000	0.2453118	0.2773998	0.1279419	0.0000000	0.0000000
7000.6209600	7000.0338101	6999.8782813	0.7198372	-0.1600000	0.3495499	0.2781580	0.1280776	0.0000000	0.0000000
7000.6209600	7000.0338101	6999.8782813	0.7001568	-0.1600000	0.3378497	0.2779808	0.1236364	0.0000000	0.0000000
7000.6209600	7000.0338101	6999.8782813	0.6801428	-0.1600000	0.3500806	0.2755089	0.1368419	0.0000000	0.0000000
7000.6209600	7000.0338101	6999.8782813	0.6601288	-0.1600000	0.2568901	0.2769468	0.1303586	0.0000000	0.0000000
7000.6209600	7000.0338101	6999.8782813	0.6401147	-0.1600000	0.2604531	0.2777838	0.1319982	0.0000000	0.0000000
7000.6209600	7000.0338101	6999.8782813	0.6201007	-0.1600000	0.3518131	0.2767708	0.1268970	0.0000000	0.0000000
7000.6209600	7000.0338101	6999.8782813	0.6000867	-0.1600000	0.3661101	0.2776766	0.1256066	0.0000000	0.0000000
7000.6209600	7000.0338101	6999.8782813	0.5800727	-0.1600000	0.3395715	0.2785760	0.1271326	0.0000000	0.0000000
7000.6209600	7000.0338101	6999.8782813	0.5600587	-0.1600000	0.2496851	0.2786125	0.1239478	0.0000000	0.0000000
7000.6209600	7000.0338101	6999.8782813	0.5400447	-0.1600000	0.2516259	0.2781298	0.1269344	0.0000000	0.0000000
7000.6209600	7000.0338101	6999.8782813	0.5200307	-0.1600000	0.3597548	0.2776365	0.1251123	0.0000000	0.0000000
7000.6209600	7000.0338101	6999.8782813	0.5000167	-0.1600000	0.3857839	0.2775081	0.1262004	0.0000000	0.0000000
7000.6209600	7000.0338101	6999.8782813	0.4800027	-0.1600000	0.3337009	0.2791594	0.1263856	0.0000000	0.0000000
7000.6209600	7000.0338101	6999.8782813	0.4599887	-0.1600000	0.2626278	0.2767634	0.1281710	0.0000000	0.0000000
7000.6209600	7000.0338101	6999.8782813	0.4399746	-0.1600000	0.2525710	0.2758887	0.1259194	0.0000000	0.0000000
7000.6209600	7000.0338101	6999.8782813	0.4199606	-0.1600000	0.3818474	0.2754736	0.1284886	0.0000000	0.0000000
7000.6209600	7000.0338101	6999.8782813	0.3999466	-0.1600000	0.3666541	0.2785546	0.1273497	0.0000000	0.0000000
7000.6209600	7000.0338101	6999.8782813	0.3799326	-0.1600000	0.3242601	0.2757993	0.1267324	0.0000000	0.0000000
7000.6209600	7000.0338101	6999.8782813	0.3599186	-0.1600000	0.2677023	0.2770549	0.1284442	0.0000000	0.0000000
7000.6209600	7000.0338101	6999.8782813	0.3399046	-0.1600000	0.2994131	0.2784115	0.1284790	0.0000000	0.0000000
7000.6209600	7000.0338101	6999.8782813	0.3198906	-0.1600000	0.3807904	0.2777946	0.1256121	0.0000000	0.0000000
7000.6209600	7000.0338101	6999.8782813	0.2998766	-0.1600000	0.3735222	0.2786138	0.1237808	0.0000000	0.0000000
7000.6209600	7000.0338101	6999.8782813	0.2798626	-0.1600000	0.3167069	0.2800654	0.1255820	0.0000000	0.0000000
7000.6209600	7000.0338101	6999.8782813	0.2598486	-0.1600000	0.2805381	0.2756116	0.1280673	0.0000000	0.0000000
7000.6209600	7000.0338101	6999.8782813	0.2398346	-0.1600000	0.3201359	0.2761250	0.1285027	0.0000000	0.0000000
7000.6209600	7000.0338101	6999.8782813	0.2201541	-0.1600000	0.4082913	0.2757219	0.1300758	0.0000000	0.0000000
7000.6209600	7000.0338101	6999.8782813	0.2001401	-0.1600000	0.4153998	0.2781902	0.1272008	0.0000000	0.0000000
7000.6209600	7000.0338101	6999.8782813	0.1801261	-0.1600000	0.3119248	0.2772244	0.1208911	0.0000000	0.0000000
7000.6209600	7000.0338101	6999.8782813	0.1601121	-0.1600000	0.2695188	0.2760144	0.1246462	0.0000000	0.0000000
7000.6209600	7000.0338101	6999.8782813	0.1400981	-0.1600000	0.2945997	0.2766829	0.1310338	0.0000000	0.0000000
7000.6209600	7000.0338101	6999.8782813	0.1200841	-0.1600000	0.3945205	0.2747715	0.1306593	0.0000000	0.0000000
7000.6209600	7000.0338101	6999.8782813	0.1000700	-0.1600000	0.3967443	0.2762858	0.1276740	0.0000000	0.0000000
7000.6209600	7000.0338101	6999.8782813	0.0800560	-0.1600000	0.3405331	0.2762583	0.1306252	0.0000000	0.0000000
7000.6209600	7000.0338101	6999.8782813	0.0600420	-0.1600000	0.2906765	0.2771290	0.1236285	0.0000000	0.0000000
7000.6209600	7000.0338101	6999.8782813	0.0400280	-0.1600000	0.3075394	0.2752059	0.1291256	0.0000000	0.0000000
7000.6209600	7000.0338101	6999.8782813	0.0200140	-0.1600000	0.4116624	0.2747231	0.1319138	0.0000000	0.0000000
7000.6209600	7000.0338101	6999.8782813	0.0000000	-0.1600000	0.3906063	0.2765403	0.1291727	0.0000000	0.0000000
7000.6209600	7000.0338101	6999.8782813	-0.0200140	-0.1600000	0.3369978	0.2766425	0.1274648	0.0000000	0.0000000
7000.6209600	7000.0338101	6999.8782813	-0.0400280	-0.1600000	0.2768792	0.2764606	0.1222330	0.0000000	0.0000000
7000.6209600	7000.0338101	6999.8782813	-0.0600420	-0.1600000	0.2795732	0.2762192	0.1216472	0.0000000	0.0000000
7000.6209600	7000.0338101	6999.8782813	-0.0800560	-0.1600000	0.4034580	0.2735815	0.1304467	0.0000000	0.0000000
7000.6209600	7000.0338101	6999.8782813	-0.1000700	-0.1600000	0.4201335	0.2762151	0.1287832	0.0000000	0.0000000
7000.6209600	7000.0338101	6999.8782813	-0.1200841	-0.1600000	0.3587723	0.2743489	0.1276962	0.0000000	0.0000000
7000.6209600	7000.0338101	6999.8782813	-0.1400981	-0.1600000	0.2717089	0.2760730	0.1284176	0.0000000	0.0000000
7000.6209600	7000.0338101	6999.8782813	-0.1601121	-0.1600000	0.2815000	0.2765144	0.1283768	0.0000000	0.0000000
7000.6209600	7000.0338101	6999.8782813	-0.1801261	-0.1600000	0.3800161	0.2754349	0.1297656	0.0000000	0.0000000
7000.6209600	7000.0338101	6999.8782813	-0.2001401	-0.1600000	0.3905267	0.2754240	0.1305559	0.0000000	0.0000000
7000.6209600	7000.0338101	6999.8782813	-0.2201541	-0.1600000	0.3822108	0.2747559	0.1269060	0.0000000	0.0000000
7000.6209600	7000.0338101	6999.8782813	-0.2398346	-0.1600000	0.3103986	0.2742748	0.1241123	0.0000000	0.0000000
7000.6209600	7000.0338101	6999.8782813	-0.2598486	-0.1600000	0.3018048	0.2740183	0.1328916	0.0000000	0.0000000
7000.6209600	7000.0338101	6999.8782813	-0.2798626	-0.1600000	0.2550453	0.2740005	0.1293556	0.0000000	0.0000000
7000.6209600	7000.0338101	6999.8782813	-0.2998766	-0.1600000	0.2719677	0.2745488	0.1272555	0.0000000	0.0000000
7000.6209600	7000.0338101	6999.8782813	-0.3198906	-0.1600000	0.3370261	0.2738928	0.1276350	0.0000000	0.0000000
7000.6209600	7000.0338101	6999.8782813	-0.3399046	-0.1600000	0.3625867	0.2740841	0.1317408	0.0000000	0.0000000
7000.6209600	7000.0338101	6999.8782813	-0.3599186	-0.1600000	0.3547888	0.2755604	0.1319117	0.0000000	0.0000000
7000.6209600	7000.0338101	6999.8782813	-0.3799326	-0.1600000	0.2401427	0.2743167	0.1295909	0.0000000	0.0000000
7000.6209600	7000.0338101	6999.8782813	-0.3999466	-0.1600000	0.2285344	0.2751074	0.1285428	0.0000000	0.0000000
7000.6209600	7000.0338101	6999.8782813	-0.4199606	-0.1600000	0.2523359	0.2731305	0.1298971	0.0000000	0.0000000
7000.6209600	7000.0338101	6999.8782813	-0.4399746	-0.1600000	0.3360568	0.2734453	0.1306854	0.0000000	0.0000000
7000.6209600	7000.0338101	6999.8782813	-0.4599887	-0.1600000	0.3311660	0.2748988	0.1323328	0.0000000	0.0000000
7000.6209600	7000.0338101	6999.8782813	-0.4800027	-0.1600000	0.2014408	0.2741198	0.1317103	0.0000000	0.0000000
7000.6209600	7000.0338101	6999.8782813	-0.5000167	-0.1600000	0.2059816	0.2746703	0.1309587	0.0000000	0.0000000
7000.6209600	7000.0338101	6999.8782813	-0.5200307	-0.1600000	0.2481979	0.2744641	0.1312594	0.0000000	0.0000000
7000.6209600	7000.0338101	6999.8782813	-0.5400447	-0.1600000	0.2905151	0.2744463	0.1280216	0.0000000	0.0000000
7000.6209600	7000.0338101	6999.8782813	-0.5600587	-0.1600000	0.2905599	0.2740278	0.1317467	0.0000000	0.0000000
7000.6209600	7000.0338101	6999.8782813	-0.5800727	-0.1600000	0.1666960	0.2753984	0.1285598	0.0000000	0.0000000
7000.6209600	7000.0338101	6999.8782813	-0.6000867	-0.1600000	0.1654171	0.2727975	0.1315945	0.0000000	0.0000000
7000.6209600	7000.0338101	6999.8782813	-0.6201007	-0.1600000	0.2244828	0.2739901	0.1284373	0.0000000	0.0000000
7000.6209600	7000.0338101	6999.8782813	-0.6401147	-0.1600000	0.2781852	0.2742578	0.1272230	0.0000000	0.0000000
7000.6209600	7000.0338101	6999.8782813	-0.6601288	-0.1600000	0.2414104	0.2745564	0.1266038	0.0000000	0.0000000
7000.6209600	7000.0338101	6999.8782813	-0.6801428	-0.1600000	0.1526567	0.2724009	0.1300647	0.0000000	0.0000000
7000.6209600	7000.0338101	6999.8782813	-0.7001568	-0.1600000	0.1573246	0.2736388	0.1302374	0.0000000	0.0000000
7000.6209600	7000.0338101	6999.8782813	-0.7198372	-0.1600000	0.1901058	0.2738455	0.1280558	0.0000000	0.0000000
7000.6209600	7000.0338101	6999.8782813	-0.7398512	-0.1600000	0.2309165	0.2740820	0.1292023	0.0000000	0.0000000
7000.6209600	7000.0338101	6999.8782813	-0.7598652	-0.1600000	0.2094293	0.2755631	0.1301072	0.0000000	0.0000000
7000.6209600	7000.0338101	6999.8782813	-0.7798792	-0.1600000	0.1328792	0.2732876	0.1325878	0.0000000	0.0000000
7000.6209600	7000.0338101	6999.8782813	-0.7998933	-0.1600000	0.1457510	0.2746487	0.1275001	0.0000000	0.0000000
7000.6209600	7000.0338101	6999.8782813	-0.8199073	-0.1600000	0.1908414	0.2742572	0.1274703	0.0000000	0.0000000
7000.6209600	7000.0338101	6999.8782813	-0.8399213	-0.1600000	0.1588258	0.2744922	0.1248965	0.0000000	0.0000000
7000.6209600	7000.0338101	6999.8782813	-0.8599353	-0.1600000	0.1510800	0.2724437	0.1319745	0.0000000	0.0000000
7000.6209600	7000.0338101	6999.8782813	-0.8799493	-0.1600000	0.1341497	0.2716057	0.1319454	0.0000000	0.0000000
7000.6209600	7000.0338101	6999.8782813	-0.8999633	-0.1600000	0.1546224	0.2727106	0.1325286	0.0000000	0.0000000
7000.6209600	7000.0338101	6999.8782813	-0.9199773	-0.1600000	0.1680945	0.2723224	0.1315569	0.0000000	0.0000000
7000.6209600	7000.0338101	6999.8782813	-0.9399913	-0.1600000	0.1087499	0.2723673	0.1293744	0.0000000	0.0000000
7000.6209600	7000.0338101	6999.8782813	-0.9600053	-0.1600000	0.0909423	0.2742715	0.1300349	0.0000000	0.0000000
7000.6209600	7000.0338101	6999.8782813	-0.9800193	-0.1600000	0.1375815	0.2732528	0.1278147	0.0000000	0.0000000
7000.6209600	7000.0338101	6999.8782813	-1.0000334	-0.1600000	0.1516912	0.2742190	0.1278740	0.0000000	0.0000000
