7000.6209600	7000.0338101	6999.8782813	1.0000334	-0.2998766	0.2777251	0.2743513	0.1346781	0.0000000	-0.3000000
7000.6209600	7000.0338101	6999.8782813	0.9800193	-0.3000000	0.2598116	0.2727655	0.1324631	0.0000000	0.0000000
7000.6209600	7000.0338101	6999.8782813	0.9600053	-0.3000000	0.2076355	0.2749509	0.1318849	0.0000000	0.0000000
7000.6209600	7000.0338101	6999.8782813	0.9399913	-0.3000000	0.1859629	0.2734960	0.1313813	0.0000000	0.0000000
7000.6209600	7000.0338101	6999.8782813	0.9199773	-0.3000000	0.2223594	0.2748556	0.1326848	0.0000000	0.0000000
7000.6209600	7000.0338101	6999.8782813	0.8999633	-0.3000000	0.2391746	0.2751276	0.1315272	0.0000000	0.0000000
7000.6209600	7000.0338101	6999.8782813	0.8799493	-0.3000000	0.2723455	0.2745789	0.1322926	0.0000000	0.0000000
7000.6209600	7000.0338101	6999.8782813	0.8599353	-0.3000000	0.2169186	0.2761842	0.1302976	0.0000000	0.0000000
7000.6209600	7000.0338101	6999.8782813	0.8399213	-0.3000000	0.2076125	0.2755565	0.1335525	0.0000000	0.0000000
7000.6209600	7000.0338101	6999.8782813	0.8199073	-0.3000000	0.2442803	0.2756709	0.1323323	0.0000000	0.0000000
7000.6209600	7000.0338101	6999.8782813	0.7998933	-0.3000000	0.2666464	0.2768113	0.1280560	0.0000000	0.0000000
7000.6209600	7000.0338101	6999.8782813	0.7798792	-0.3000000	0.2880553	0.2771465	0.1303356	0.0000000	0.0000000
7000.6209600	7000.0338101	6999.8782813	0.7598652	-0.3000000	0.1940471	0.2743826	0.1300878	0.0000000	0.0000000
7000.6209600	7000.0338101	6999.8782813	0.7398512	-0.3000000	0.2127654	0.2762361	0.1332457	0.0000000	0.0000000
7000.6209600	7000.0338101	6999.8782813	0.7198372	-0.3000000	0.2788297	0.2762080	0.1321859	0.0000000	0.0000000
7000.6209600	7000.0338101	6999.8782813	0.7001568	-0.3000000	0.2680070	0.2771160	0.1305256	0.0000000	0.0000000
7000.6209600	7000.0338101	6999.8782813	0.6801428	-0.3000000	0.3002582	0.2774608	0.1251675	0.0000000	0.0000000
7000.6209600	7000.0338101	6999.8782813	0.6601288	-0.3000000	0.2306648	0.2810754	0.1281304	0.0000000	0.0000000
7000.6209600	7000.0338101	6999.8782813	0.6401147	-0.3000000	0.2228925	0.2789611	0.1283687	0.0000000	0.0000000
7000.6209600	7000.0338101	6999.8782813	0.6201007	-0.3000000	0.2948737	0.2767196	0.1307863	0.0000000	0.0000000
7000.6209600	7000.0338101	6999.8782813	0.6000867	-0.3000000	0.3268768	0.2777751	0.1295104	0.0000000	0.0000000
7000.6209600	7000.0338101	6999.8782813	0.5800727	-0.3000000	0.3366127	0.2784910	0.1320573	0.0000000	0.0000000
7000.6209600	7000.0338101	6999.8782813	0.5600587	-0.3000000	0.2484299	0.2831198	0.1274601	0.0000000	0.0000000
7000.6209600	7000.0338101	6999.8782813	0.5400447	-0.3000000	0.2335348	0.2801499	0.1257589	0.0000000	0.0000000
7000.6209600	7000.0338101	6999.8782813	0.5200307	-0.3000000	0.2927125	0.2781729	0.1271412	0.0000000	0.0000000
7000.6209600	7000.0338101	6999.8782813	0.5000167	-0.3000000	0.3419882	0.2793118	0.1286010	0.0000000	0.0000000
7000.6209600	7000.0338101	6999.8782813	0.4800027	-0.3000000	0.3476190	0.2788392	0.1300055	0.0000000	0.0000000
7000.6209600	7000.0338101	6999.8782813	0.4599887	-0.3000000	0.2655586	0.2787834	0.1270848	0.0000000	0.0000000
7000.6209600	7000.0338101	6999.8782813	0.4399746	-0.3000000	0.2599545	0.2835297	0.1301382	0.0000000	0.0000000
7000.6209600	7000.0338101	6999.8782813	0.4199606	-0.3000000	0.3255823	0.2789038	0.1286864	0.0000000	0.0000000
7000.6209600	7000.0338101	6999.8782813	0.3999466	-0.3000000	0.3381443	0.2776163	0.1265065	0.0000000	0.0000000
7000.6209600	7000.0338101	6999.8782813	0.3799326	-0.3000000	0.3518495	0.2802192	0.1290775	0.0000000	0.0000000
7000.6209600	7000.0338101	6999.8782813	0.3599186	-0.3000000	0.2549734	0.2791570	0.1245717	0.0000000	0.0000000
7000.6209600	7000.0338101	6999.8782813	0.3399046	-0.3000000	0.2174659	0.2801990	0.1213965	0.0000000	0.0000000
7000.6209600	7000.0338101	6999.8782813	0.3198906	-0.3000000	0.3529810	0.2798584	0.1267549	0.0000000	0.0000000
7000.6209600	7000.0338101	6999.8782813	0.2998766	-0.3000000	0.3674532	0.2779674	0.1300557	0.0000000	0.0000000
7000.6209600	7000.0338101	6999.8782813	0.2798626	-0.3000000	0.3522296	0.2786373	0.1318259	0.0000000	0.0000000
7000.6209600	7000.0338101	6999.8782813	0.2598486	-0.3000000	0.2429526	0.2773485	0.1298308	0.0000000	0.0000000
7000.6209600	7000.0338101	6999.8782813	0.2398346	-0.3000000	0.2202059	0.2779374	0.1254366	0.0000000	0.0000000
7000.6209600	7000.0338101	6999.8782813	0.2201541	-0.3000000	0.3632501	0.2833171	0.1262946	0.0000000	0.0000000
7000.6209600	7000.0338101	6999.8782813	0.2001401	-0.3000000	0.3774431	0.2784703	0.1316803	0.0000000	0.0000000
7000.6209600	7000.0338101	6999.8782813	0.1801261	-0.3000000	0.3619312	0.2778982	0.1315011	0.0000000	0.0000000
7000.6209600	7000.0338101	6999.8782813	0.1601121	-0.3000000	0.2593281	0.2776581	0.1283875	0.0000000	0.0000000
7000.6209600	7000.0338101	6999.8782813	0.1400981	-0.3000000	0.2732386	0.2783564	0.1259259	0.0000000	0.0000000
7000.6209600	7000.0338101	6999.8782813	0.1200841	-0.3000000	0.3766515	0.2778453	0.1274563	0.0000000	0.0000000
7000.6209600	7000.0338101	6999.8782813	0.1000700	-0.3000000	0.3917443	0.2803699	0.1247393	0.0000000	0.0000000
7000.6209600	7000.0338101	6999.8782813	0.0800560	-0.3000000	0.3932206	0.2785739	0.1313661	0.0000000	0.0000000
7000.6209600	7000.0338101	6999.8782813	0.0600420	-0.3000000	0.2970591	0.2783116	0.1294773	0.0000000	0.0000000
7000.6209600	7000.0338101	6999.8782813	0.0400280	-0.3000000	0.2835811	0.2794530	0.1263613	0.0000000	0.0000000
7000.6209600	7000.0338101	6999.8782813	0.0200140	-0.3000000	0.3979073	0.2793511	0.1264961	0.0000000	0.0000000
7000.6209600	7000.0338101	6999.8782813	0.0000000	-0.3000000	0.3808423	0.2789529	0.1209901	0.0000000	0.0000000
7000.6209600	7000.0338101	6999.8782813	-0.0200140	-0.3000000	0.3810909	0.2772318	0.1309890	0.0000000	0.0000000
7000.6209600	7000.0338101	6999.8782813	-0.0400280	-0.3000000	0.2812377	0.2783368	0.1303472	0.0000000	0.0000000
7000.6209600	7000.0338101	6999.8782813	-0.0600420	-0.3000000	0.2700376	0.2774404	0.1306761	0.0000000	0.0000000
7000.6209600	7000.0338101	6999.8782813	-0.0800560	-0.3000000	0.3716354	0.2786874	0.1287048	0.0000000	0.0000000
7000.6209600	7000.0338101	6999.8782813	-0.1000700	-0.3000000	0.4071920	0.2765109	0.1279771	0.0000000	0.0000000
7000.6209600	7000.0338101	6999.8782813	-0.1200841	-0.3000000	0.3986027	0.2780378	0.1282090	0.0000000	0.0000000
7000.6209600	7000.0338101	6999.8782813	-0.1400981	-0.3000000	0.3181138	0.2759125	0.1312987	0.0000000	0.0000000
7000.6209600	7000.0338101	6999.8782813	-0.1601121	-0.3000000	0.2915573	0.2771678	0.1305142	0.0000000	0.0000000
7000.6209600	7000.0338101	6999.8782813	-0.1801261	-0.3000000	0.3576829	0.2762581	0.1313679	0.0000000	0.0000000
7000.6209600	7000.0338101	6999.8782813	-0.2001401	-0.3000000	0.3710902	0.2758060	0.1285131	0.0000000	0.0000000
7000.6209600	7000.0338101	6999.8782813	-0.2201541	-0.3000000	0.4188749	0.2762069	0.1253373	0.0000000	0.0000000
7000.6209600	7000.0338101	6999.8782813	-0.2398346	-0.3000000	0.3770747	0.2761300	0.1235494	0.0000000	0.0000000
7000.6209600	7000.0338101	6999.8782813	-0.2598486	-0.3000000	0.3936149	0.2744124	0.1270663	0.0000000	0.0000000
7000.6209600	7000.0338101	6999.8782813	-0.2798626	-0.3000000	0.2982852	0.2759229	0.1290376	0.0000000	0.0000000
7000.6209600	7000.0338101	6999.8782813	-0.2998766	-0.3000000	0.2784452	0.2763693	0.1271106	0.0000000	0.0000000
7000.6209600	7000.0338101	6999.8782813	-0.3198906	-0.3000000	0.3053533	0.2764762	0.1253320	0.0000000	0.0000000
7000.6209600	7000.0338101	6999.8782813	-0.3399046	-0.3000000	0.4007208	0.2765303	0.1276290	0.0000000	0.0000000
7000.6209600	7000.0338101	6999.8782813	-0.3599186	-0.3000000	0.3963446	0.2766804	0.1296427	0.0000000	0.0000000
7000.6209600	7000.0338101	6999.8782813	-0.3799326	-0.3000000	0.2809293	0.2743104	0.1333721	0.0000000	0.0000000
7000.6209600	7000.0338101	6999.8782813	-0.3999466	-0.3000000	0.2513896	0.2752380	0.1293186	0.0000000	0.0000000
7000.6209600	7000.0338101	6999.8782813	-0.4199606	-0.3000000	0.2643145	0.2760063	0.1285779	0.0000000	0.0000000
7000.6209600	7000.0338101	6999.8782813	-0.4399746	-0.3000000	0.3852305	0.2754757	0.1294963	0.0000000	0.0000000
7000.6209600	7000.0338101	6999.8782813	-0.4599887	-0.3000000	0.3926217	0.2750095	0.1300892	0.0000000	0.0000000
7000.6209600	7000.0338101	6999.8782813	-0.4800027	-0.3000000	0.2696560	0.2740815	0.1306930	0.0000000	0.0000000
7000.6209600	7000.0338101	6999.8782813	-0.5000167	-0.3000000	0.2408613	0.2747059	0.1298721	0.0000000	0.0000000
7000.6209600	7000.0338101	6999.8782813	-0.5200307	-0.3000000	0.2255365	0.2737112	0.1299802	0.0000000	0.0000000
7000.6209600	7000.0338101	6999.8782813	-0.5400447	-0.3000000	0.2984135	0.2761826	0.1272657	0.0000000	0.0000000
7000.6209600	7000.0338101	6999.8782813	-0.5600587	-0.3000000	0.3446255	0.2754437	0.1293021	0.0000000	0.0000000
7000.6209600	7000.0338101	6999.8782813	-0.5800727	-0.3000000	0.2665598	0.2761659	0.1308396	0.0000000	0.0000000
7000.6209600	7000.0338101	6999.8782813	-0.6000867	-0.3000000	0.2386981	0.2737712	0.1281053	0.0000000	0.0000000
7000.6209600	7000.0338101	6999.8782813	-0.6201007	-0.3000000	0.2375979	0.2731115	0.1299124	0.0000000	0.0000000
7000.6209600	7000.0338101	6999.8782813	-0.6401147	-0.3000000	0.3002528	0.2756532	0.1193003	0.0000000	0.0000000
7000.6209600	7000.0338101	6999.8782813	-0.6601288	-0.3000000	0.3235604	0.2745767	0.1258582	0.0000000	0.0000000
7000.6209600	7000.0338101	6999.8782813	-0.6801428	-0.3000000	0.2127048	0.2745468	0.1287463	0.0000000	0.0000000
7000.6209600	7000.0338101	6999.8782813	-0.7001568	-0.3000000	0.1828481	0.2739335	0.1311221	0.0000000	0.0000000
7000.6209600	7000.0338101	6999.8782813	-0.7198372	-0.3000000	0.1770092	0.2743011	0.1303121	0.0000000	0.0000000
7000.6209600	7000.0338101	6999.8782813	-0.7398512	-0.3000000	0.2854326	0.2756901	0.1282579	0.0000000	0.0000000
7000.6209600	7000.0338101	6999.8782813	-0.7598652	-0.3000000	0.2745427	0.2760129	0.1268857	0.0000000	0.0000000
7000.6209600	7000.0338101	6999.8782813	-0.7798792	-0.3000000	0.1780148	0.2749578	0.1305150	0.0000000	0.0000000
7000.6209600	7000.0338101	6999.8782813	-0.7998933	-0.3000000	0.1629254	0.2742109	0.1313639	0.0000000	0.0000000
7000.6209600	7000.0338101	6999.8782813	-0.8199073	-0.3000000	0.1908903	0.2743074	0.1311012	0.0000000	0.0000000
7000.6209600	7000.0338101	6999.8782813	-0.8399213	-0.3000000	0.2551102	0.2757710	0.1306156	0.0000000	0.0000000
7000.6209600	7000.0338101	6999.8782813	-0.8599353	-0.3000000	0.2321493	0.2748911	0.1278521	0.0000000	0.0000000
7000.6209600	7000.0338101	6999.8782813	-0.8799493	-0.3000000	0.1332891	0.2742522	0.1280503	0.0000000	0.0000000
7000.6209600	7000.0338101	6999.8782813	-0.8999633	-0.3000000	0.1613232	0.2737950	0.1333533	0.0000000	0.0000000
7000.6209600	7000.0338101	6999.8782813	-0.9199773	-0.3000000	0.1998846	0.2725339	0.1305781	0.0000000	0.0000000
7000.6209600	7000.0338101	6999.8782813	-0.9399913	-0.3000000	0.1993931	0.2740000	0.1294674	0.0000000	0.0000000
7000.6209600	7000.0338101	6999.8782813	-0.9600053	-0.3000000	0.1640726	0.2735621	0.1271375	0.0000000	0.0000000
7000.6209600	7000.0338101	6999.8782813	-0.9800193	-0.3000000	0.1479366	0.2736556	0.1310923	0.0000000	0.0000000
7000.6209600	7000.0338101	6999.8782813	-1.0000334	-0.3000000	0.1828005	0.2744161	0.1323579	0.0000000	0.0000000
