7000.6209600	7000.0338101	6999.8782813	1.0000334	-0.2201541	0.2035511	0.2733854	0.1316985	0.0000000	-0.2200000
7000.6209600	7000.0338101	6999.8782813	0.9800193	-0.2200000	0.2358446	0.2730216	0.1288120	0.0000000	0.0000000
7000.6209600	7000.0338101	6999.8782813	0.9600053	-0.2200000	0.2911906	0.2748976	0.1235551	0.0000000	0.0000000
7000.6209600	7000.0338101	6999.8782813	0.9399913	-0.2200000	0.2952522	0.2749115	0.1259487	0.0000000	0.0000000
7000.6209600	7000.0338101	6999.8782813	0.9199773	-0.2200000	0.2143519	0.2726650	0.1314008	0.0000000	0.0000000
7000.6209600	7000.0338101	6999.8782813	0.8999633	-0.2200000	0.2045449	0.2725286	0.1312267	0.0000000	0.0000000
7000.6209600	7000.0338101	6999.8782813	0.8799493	-0.2200000	0.2474875	0.2742653	0.1282129	0.0000000	0.0000000
7000.6209600	7000.0338101	6999.8782813	0.8599353	-0.2200000	0.3104988	0.2747805	0.1283199	0.0000000	0.0000000
7000.6209600	7000.0338101	6999.8782813	0.8399213	-0.2200000	0.3127714	0.2736675	0.1321854	0.0000000	0.0000000
7000.6209600	7000.0338101	6999.8782813	0.8199073	-0.2200000	0.2125352	0.2739928	0.1278296	0.0000000	0.0000000
7000.6209600	7000.0338101	6999.8782813	0.7998933	-0.2200000	0.1992399	0.2726388	0.1314493	0.0000000	0.0000000
7000.6209600	7000.0338101	6999.8782813	0.7798792	-0.2200000	0.2731033	0.2739286	0.1319663	0.0000000	0.0000000
7000.6209600	7000.0338101	6999.8782813	0.7598652	-0.2200000	0.3106411	0.2720201	0.1281310	0.0000000	0.0000000
7000.6209600	7000.0338101	6999.8782813	0.7398512	-0.2200000	0.3112782	0.2729302	0.1301260	0.0000000	0.0000000
7000.6209600	7000.0338101	6999.8782813	0.7198372	-0.2200000	0.2241041	0.2712762	0.1310802	0.0000000	0.0000000
7000.6209600	7000.0338101	6999.8782813	0.7001568	-0.2200000	0.2226206	0.2716556	0.1297838	0.0000000	0.0000000
7000.6209600	7000.0338101	6999.8782813	0.6801428	-0.2200000	0.2706295	0.2738309	0.1316614	0.0000000	0.0000000
7000.6209600	7000.0338101	6999.8782813	0.6601288	-0.2200000	0.3167230	0.2740970	0.1266940	0.0000000	0.0000000
7000.6209600	7000.0338101	6999.8782813	0.6401147	-0.2200000	0.3126686	0.2731166	0.1252351	0.0000000	0.0000000
7000.6209600	7000.0338101	6999.8782813	0.6201007	-0.2200000	0.2544244	0.2731416	0.1257791	0.0000000	0.0000000
7000.6209600	7000.0338101	6999.8782813	0.6000867	-0.2200000	0.2615758	0.2738643	0.1291923	0.0000000	0.0000000
7000.6209600	7000.0338101	6999.8782813	0.5800727	-0.2200000	0.2802212	0.2731744	0.1317224	0.0000000	0.0000000
7000.6209600	7000.0338101	6999.8782813	0.5600587	-0.2200000	0.3125651	0.2739845	0.1294679	0.0000000	0.0000000
7000.6209600	7000.0338101	6999.8782813	0.5400447	-0.2200000	0.3175671	0.2753486	0.1243027	0.0000000	0.0000000
7000.6209600	7000.0338101	6999.8782813	0.5200307	-0.2200000	0.2459784	0.2752435	0.1235953	0.0000000	0.0000000
7000.6209600	7000.0338101	6999.8782813	0.5000167	-0.2200000	0.2397838	0.2716044	0.1301062	0.0000000	0.0000000
7000.6209600	7000.0338101	6999.8782813	0.4800027	-0.2200000	0.2816431	0.2733038	0.1315482	0.0000000	0.0000000
7000.6209600	7000.0338101	6999.8782813	0.4599887	-0.2200000	0.3474637	0.2730341	0.1314974	0.0000000	0.0000000
7000.6209600	7000.0338101	6999.8782813	0.4399746	-0.2200000	0.3711113	0.2728610	0.1313156	0.0000000	0.0000000
7000.6209600	7000.0338101	6999.8782813	0.4199606	-0.2200000	0.2732849	0.2720424	0.1309153	0.0000000	0.0000000
7000.6209600	7000.0338101	6999.8782813	0.3999466	-0.2200000	0.2750345	0.2735503	0.1259709	0.0000000	0.0000000
7000.6209600	7000.0338101	6999.8782813	0.3799326	-0.2200000	0.2951116	0.2716791	0.1311783	0.0000000	0.0000000
7000.6209600	7000.0338101	6999.8782813	0.3599186	-0.2200000	0.3619232	0.2721462	0.1329962	0.0000000	0.0000000
7000.6209600	7000.0338101	6999.8782813	0.3399046	-0.2200000	0.3573540	0.2737356	0.1311996	0.0000000	0.0000000
7000.6209600	7000.0338101	6999.8782813	0.3198906	-0.2200000	0.2806068	0.2734739	0.1285984	0.0000000	0.0000000
7000.6209600	7000.0338101	6999.8782813	0.2998766	-0.2200000	0.2805918	0.2727122	0.1312363	0.0000000	0.0000000
7000.6209600	7000.0338101	6999.8782813	0.2798626	-0.2200000	0.3327052	0.2728164	0.1328207	0.0000000	0.0000000
7000.6209600	7000.0338101	6999.8782813	0.2598486	-0.2200000	0.3857345	0.2733025	0.1320288	0.0000000	0.0000000
7000.6209600	7000.0338101	6999.8782813	0.2398346	-0.2200000	0.3916982	0.2738754	0.1300352	0.0000000	0.0000000
7000.6209600	7000.0338101	6999.8782813	0.2201541	-0.2200000	0.2611658	0.2734379	0.1278605	0.0000000	0.0000000
7000.6209600	7000.0338101	6999.8782813	0.2001401	-0.2200000	0.2446034	0.2755499	0.1193591	0.0000000	0.0000000
7000.6209600	7000.0338101	6999.8782813	0.1801261	-0.2200000	0.3426149	0.2717388	0.1319203	0.0000000	0.0000000
7000.6209600	7000.0338101	6999.8782813	0.1601121	-0.2200000	0.3958000	0.2732600	0.1321852	0.0000000	0.0000000
7000.6209600	7000.0338101	6999.8782813	0.1400981	-0.2200000	0.3916748	0.2730470	0.1308547	0.0000000	0.0000000
7000.6209600	7000.0338101	6999.8782813	0.1200841	-0.2200000	0.3019778	0.2734208	0.1274143	0.0000000	0.0000000
7000.6209600	7000.0338101	6999.8782813	0.1000700	-0.2200000	0.2915040	0.2721317	0.1299785	0.0000000	0.0000000
7000.6209600	7000.0338101	6999.8782813	0.0800560	-0.2200000	0.3636669	0.2712963	0.1288875	0.0000000	0.0000000
7000.6209600	7000.0338101	6999.8782813	0.0600420	-0.2200000	0.4072078	0.2718009	0.1325452	0.0000000	0.0000000
7000.6209600	7000.0338101	6999.8782813	0.0400280	-0.2200000	0.4025283	0.2713187	0.1299790	0.0000000	0.0000000
7000.6209600	7000.0338101	6999.8782813	0.0200140	-0.2200000	0.2856621	0.2731635	0.1300955	0.0000000	0.0000000
7000.6209600	7000.0338101	6999.8782813	0.0000000	-0.2200000	0.2886696	0.2748787	0.1266320	0.0000000	0.0000000
7000.6209600	7000.0338101	6999.8782813	-0.0200140	-0.2200000	0.3605789	0.2759753	0.1227098	0.0000000	0.0000000
7000.6209600	7000.0338101	6999.8782813	-0.0400280	-0.2200000	0.4408989	0.2738264	0.1283868	0.0000000	0.0000000
7000.6209600	7000.0338101	6999.8782813	-0.0600420	-0.2200000	0.3879629	0.2712067	0.1228036	0.0000000	0.0000000
7000.6209600	7000.0338101	6999.8782813	-0.0800560	-0.2200000	0.2916698	0.2714164	0.1309468	0.0000000	0.0000000
7000.6209600	7000.0338101	6999.8782813	-0.1000700	-0.2200000	0.3033289	0.2718525	0.1303668	0.0000000	0.0000000
7000.6209600	7000.0338101	6999.8782813	-0.1200841	-0.2200000	0.3065339	0.2725424	0.1299762	0.0000000	0.0000000
7000.6209600	7000.0338101	6999.8782813	-0.1400981	-0.2200000	0.4142905	0.2725389	0.1307665	0.0000000	0.0000000
7000.6209600	7000.0338101	6999.8782813	-0.1601121	-0.2200000	0.4082512	0.2708815	0.1286635	0.0000000	0.0000000
7000.6209600	7000.0338101	6999.8782813	-0.1801261	-0.2200000	0.3240842	0.2719513	0.1303871	0.0000000	0.0000000
7000.6209600	7000.0338101	6999.8782813	-0.2001401	-0.2200000	0.3131274	0.2709017	0.1311096	0.0000000	0.0000000
7000.6209600	7000.0338101	6999.8782813	-0.2201541	-0.2200000	0.2916794	0.2717085	0.1279620	0.0000000	0.0000000
7000.6209600	7000.0338101	6999.8782813	-0.2398346	-0.2200000	0.3333694	0.2728087	0.1269440	0.0000000	0.0000000
7000.6209600	7000.0338101	6999.8782813	-0.2598486	-0.2200000	0.3391063	0.2721261	0.1273879	0.0000000	0.0000000
7000.6209600	7000.0338101	6999.8782813	-0.2798626	-0.2200000	0.4085992	0.2729893	0.1283625	0.0000000	0.0000000
7000.6209600	7000.0338101	6999.8782813	-0.2998766	-0.2200000	0.3867678	0.2718689	0.1312992	0.0000000	0.0000000
7000.6209600	7000.0338101	6999.8782813	-0.3198906	-0.2200000	0.3042856	0.2716908	0.1308401	0.0000000	0.0000000
7000.6209600	7000.0338101	6999.8782813	-0.3399046	-0.2200000	0.2658544	0.2734008	0.1287822	0.0000000	0.0000000
7000.6209600	7000.0338101	6999.8782813	-0.3599186	-0.2200000	0.2709227	0.2723829	0.1241016	0.0000000	0.0000000
7000.6209600	7000.0338101	6999.8782813	-0.3799326	-0.2200000	0.3876882	0.2737125	0.1224637	0.0000000	0.0000000
7000.6209600	7000.0338101	6999.8782813	-0.3999466	-0.2200000	0.3653467	0.2723275	0.1236135	0.0000000	0.0000000
7000.6209600	7000.0338101	6999.8782813	-0.4199606	-0.2200000	0.3336722	0.2686869	0.1328589	0.0000000	0.0000000
7000.6209600	7000.0338101	6999.8782813	-0.4399746	-0.2200000	0.2401991	0.2727168	0.1308643	0.0000000	0.0000000
7000.6209600	7000.0338101	6999.8782813	-0.4599887	-0.2200000	0.2485565	0.2728667	0.1273180	0.0000000	0.0000000
7000.6209600	7000.0338101	6999.8782813	-0.4800027	-0.2200000	0.3420924	0.2733163	0.1281840	0.0000000	0.0000000
7000.6209600	7000.0338101	6999.8782813	-0.5000167	-0.2200000	0.3611180	0.2704230	0.1310071	0.0000000	0.0000000
7000.6209600	7000.0338101	6999.8782813	-0.5200307	-0.2200000	0.3123934	0.2706869	0.1289791	0.0000000	0.0000000
7000.6209600	7000.0338101	6999.8782813	-0.5400447	-0.2200000	0.2106158	0.2700006	0.1314441	0.0000000	0.0000000
7000.6209600	7000.0338101	6999.8782813	-0.5600587	-0.2200000	0.2207620	0.2717261	0.1299912	0.0000000	0.0000000
7000.6209600	7000.0338101	6999.8782813	-0.5800727	-0.2200000	0.3323424	0.2716394	0.1306305	0.0000000	0.0000000
7000.6209600	7000.0338101	6999.8782813	-0.6000867	-0.2200000	0.3221266	0.2713696	0.1260461	0.0000000	0.0000000
7000.6209600	7000.0338101	6999.8782813	-0.6201007	-0.2200000	0.2573059	0.2731721	0.1201022	0.0000000	0.0000000
7000.6209600	7000.0338101	6999.8782813	-0.6401147	-0.2200000	0.1978583	0.2719977	0.1293944	0.0000000	0.0000000
7000.6209600	7000.0338101	6999.8782813	-0.6601288	-0.2200000	0.1881338	0.2732197	0.1247843	0.0000000	0.0000000
7000.6209600	7000.0338101	6999.8782813	-0.6801428	-0.2200000	0.2794760	0.2736423	0.1280851	0.0000000	0.0000000
7000.6209600	7000.0338101	6999.8782813	-0.7001568	-0.2200000	0.2701851	0.2721025	0.1317720	0.0000000	0.0000000
7000.6209600	7000.0338101	6999.8782813	-0.7198372	-0.2200000	0.2285421	0.2713480	0.1325964	0.0000000	0.0000000
7000.6209600	7000.0338101	6999.8782813	-0.7398512	-0.2200000	0.1634290	0.2727516	0.1271885	0.0000000	0.0000000
7000.6209600	7000.0338101	6999.8782813	-0.7598652	-0.2200000	0.1589005	0.2722360	0.1310995	0.0000000	0.0000000
7000.6209600	7000.0338101	6999.8782813	-0.7798792	-0.2200000	0.2477664	0.2710652	0.1326309	0.0000000	0.0000000
7000.6209600	7000.0338101	6999.8782813	-0.7998933	-0.2200000	0.2148846	0.2721473	0.1303759	0.0000000	0.0000000
7000.6209600	7000.0338101	6999.8782813	-0.8199073	-0.2200000	0.1600251	0.2712101	0.1286409	0.0000000	0.0000000
7000.6209600	7000.0338101	6999.8782813	-0.8399213	-0.2200000	0.1431523	0.2728756	0.1317299	0.0000000	0.0000000
7000.6209600	7000.0338101	6999.8782813	-0.8599353	-0.2200000	0.1704646	0.2721028	0.1298636	0.0000000	0.0000000
7000.6209600	7000.0338101	6999.8782813	-0.8799493	-0.2200000	0.1918390	0.2709231	0.1278633	0.0000000	0.0000000
7000.6209600	7000.0338101	6999.8782813	-0.8999633	-0.2200000	0.1504536	0.2724081	0.1264056	0.0000000	0.0000000
7000.6209600	7000.0338101	6999.8782813	-0.9199773	-0.2200000	0.1265656	0.2718834	0.1310480	0.0000000	0.0000000
7000.6209600	7000.0338101	6999.8782813	-0.9399913	-0.2200000	0.1632168	0.2713829	0.1336049	0.0000000	0.0000000
7000.6209600	7000.0338101	6999.8782813	-0.9600053	-0.2200000	0.1618540	0.2696667	0.1339242	0.0000000	0.0000000
7000.6209600	7000.0338101	6999.8782813	-0.9800193	-0.2200000	0.1325764	0.2713915	0.1313967	0.0000000	0.0000000
7000.6209600	7000.0338101	6999.8782813	-1.0000334	-0.2200000	0.1042335	0.2718757	0.1310320	0.0000000	0.0000000
