7000.6209600	7000.0338101	6999.8782813	1.0000334	-0.1000700	0.3038147	0.2720262	0.1271243	0.0000000	-0.1000000
7000.6209600	7000.0338101	6999.8782813	0.9800193	-0.1000000	0.3159612	0.2733569	0.1214829	0.0000000	0.0000000
7000.6209600	7000.0338101	6999.8782813	0.9600053	-0.1000000	0.3214104	0.2749424	0.1241348	0.0000000	0.0000000
7000.6209600	7000.0338101	6999.8782813	0.9399913	-0.1000000	0.3172719	0.2746143	0.1232902	0.0000000	0.0000000
7000.6209600	7000.0338101	6999.8782813	0.9199773	-0.1000000	0.2569854	0.2741339	0.1257067	0.0000000	0.0000000
7000.6209600	7000.0338101	6999.8782813	0.8999633	-0.1000000	0.2771995	0.2723949	0.1290237	0.0000000	0.0000000
7000.6209600	7000.0338101	6999.8782813	0.8799493	-0.1000000	0.3605795	0.2714045	0.1345591	0.0000000	0.0000000
7000.6209600	7000.0338101	6999.8782813	0.8599353	-0.1000000	0.3600491	0.2743298	0.1311672	0.0000000	0.0000000
7000.6209600	7000.0338101	6999.8782813	0.8399213	-0.1000000	0.3136508	0.2747623	0.1344025	0.0000000	0.0000000
7000.6209600	7000.0338101	6999.8782813	0.8199073	-0.1000000	0.2666576	0.2721560	0.1350277	0.0000000	0.0000000
7000.6209600	7000.0338101	6999.8782813	0.7998933	-0.1000000	0.2833794	0.2738560	0.1293451	0.0000000	0.0000000
7000.6209600	7000.0338101	6999.8782813	0.7798792	-0.1000000	0.3575933	0.2725160	0.1293958	0.0000000	0.0000000
7000.6209600	7000.0338101	6999.8782813	0.7598652	-0.1000000	0.3470725	0.2726737	0.1304189	0.0000000	0.0000000
7000.6209600	7000.0338101	6999.8782813	0.7398512	-0.1000000	0.3136395	0.2732438	0.1323142	0.0000000	0.0000000
7000.6209600	7000.0338101	6999.8782813	0.7198372	-0.1000000	0.2692001	0.2715627	0.1313739	0.0000000	0.0000000
7000.6209600	7000.0338101	6999.8782813	0.7001568	-0.1000000	0.2737710	0.2732327	0.1288394	0.0000000	0.0000000
7000.6209600	7000.0338101	6999.8782813	0.6801428	-0.1000000	0.3580864	0.2713960	0.1323944	0.0000000	0.0000000
7000.6209600	7000.0338101	6999.8782813	0.6601288	-0.1000000	0.3672303	0.2707148	0.1338820	0.0000000	0.0000000
7000.6209600	7000.0338101	6999.8782813	0.6401147	-0.1000000	0.3316912	0.2716086	0.1310963	0.0000000	0.0000000
7000.6209600	7000.0338101	6999.8782813	0.6201007	-0.1000000	0.2676362	0.2724900	0.1309105	0.0000000	0.0000000
7000.6209600	7000.0338101	6999.8782813	0.6000867	-0.1000000	0.3083416	0.2716681	0.1334120	0.0000000	0.0000000
7000.6209600	7000.0338101	6999.8782813	0.5800727	-0.1000000	0.3643757	0.2712126	0.1329846	0.0000000	0.0000000
7000.6209600	7000.0338101	6999.8782813	0.5600587	-0.1000000	0.3799489	0.2725422	0.1301246	0.0000000	0.0000000
7000.6209600	7000.0338101	6999.8782813	0.5400447	-0.1000000	0.3567349	0.2713911	0.1347174	0.0000000	0.0000000
7000.6209600	7000.0338101	6999.8782813	0.5200307	-0.1000000	0.2796815	0.2726766	0.1278066	0.0000000	0.0000000
7000.6209600	7000.0338101	6999.8782813	0.5000167	-0.1000000	0.2986740	0.2710837	0.1342610	0.0000000	0.0000000
7000.6209600	7000.0338101	6999.8782813	0.4800027	-0.1000000	0.3830521	0.2729435	0.1320646	0.0000000	0.0000000
7000.6209600	7000.0338101	6999.8782813	0.4599887	-0.1000000	0.3991925	0.2725189	0.1333127	0.0000000	0.0000000
7000.6209600	7000.0338101	6999.8782813	0.4399746	-0.1000000	0.3707633	0.2708027	0.1357554	0.0000000	0.0000000
7000.6209600	7000.0338101	6999.8782813	0.4199606	-0.1000000	0.2943446	0.2729294	0.1323158	0.0000000	0.0000000
7000.6209600	7000.0338101	6999.8782813	0.3999466	-0.1000000	0.2864850	0.2728364	0.1314463	0.0000000	0.0000000
7000.6209600	7000.0338101	6999.8782813	0.3799326	-0.1000000	0.3858756	0.2716556	0.1270959	0.0000000	0.0000000
7000.6209600	7000.0338101	6999.8782813	0.3599186	-0.1000000	0.3808038	0.2735035	0.1299460	0.0000000	0.0000000
7000.6209600	7000.0338101	6999.8782813	0.3399046	-0.1000000	0.3457797	0.2735447	0.1314529	0.0000000	0.0000000
7000.6209600	7000.0338101	6999.8782813	0.3198906	-0.1000000	0.3070540	0.2685452	0.1287751	0.0000000	0.0000000
7000.6209600	7000.0338101	6999.8782813	0.2998766	-0.1000000	0.2917948	0.2693711	0.1238794	0.0000000	0.0000000
7000.6209600	7000.0338101	6999.8782813	0.2798626	-0.1000000	0.3793004	0.2742974	0.1243483	0.0000000	0.0000000
7000.6209600	7000.0338101	6999.8782813	0.2598486	-0.1000000	0.3739160	0.2724373	0.1323947	0.0000000	0.0000000
7000.6209600	7000.0338101	6999.8782813	0.2398346	-0.1000000	0.3198950	0.2731558	0.1319572	0.0000000	0.0000000
7000.6209600	7000.0338101	6999.8782813	0.2201541	-0.1000000	0.3240011	0.2718622	0.1347335	0.0000000	0.0000000
7000.6209600	7000.0338101	6999.8782813	0.2001401	-0.1000000	0.3228884	0.2734258	0.1304326	0.0000000	0.0000000
7000.6209600	7000.0338101	6999.8782813	0.1801261	-0.1000000	0.4073047	0.2707729	0.1297477	0.0000000	0.0000000
7000.6209600	7000.0338101	6999.8782813	0.1601121	-0.1000000	0.3710237	0.2723190	0.1287390	0.0000000	0.0000000
7000.6209600	7000.0338101	6999.8782813	0.1400981	-0.1000000	0.3418401	0.2736180	0.1314230	0.0000000	0.0000000
7000.6209600	7000.0338101	6999.8782813	0.1200841	-0.1000000	0.3058313	0.2733101	0.1269513	0.0000000	0.0000000
7000.6209600	7000.0338101	6999.8782813	0.1000700	-0.1000000	0.3411753	0.2717744	0.1262714	0.0000000	0.0000000
7000.6209600	7000.0338101	6999.8782813	0.0800560	-0.1000000	0.4435332	0.2746425	0.1265737	0.0000000	0.0000000
7000.6209600	7000.0338101	6999.8782813	0.0600420	-0.1000000	0.3813214	0.2738883	0.1317278	0.0000000	0.0000000
7000.6209600	7000.0338101	6999.8782813	0.0400280	-0.1000000	0.3598048	0.2725718	0.1362532	0.0000000	0.0000000
7000.6209600	7000.0338101	6999.8782813	0.0200140	-0.1000000	0.3422767	0.2741693	0.1266273	0.0000000	0.0000000
7000.6209600	7000.0338101	6999.8782813	0.0000000	-0.1000000	0.3689484	0.2730072	0.1310455	0.0000000	0.0000000
7000.6209600	7000.0338101	6999.8782813	-0.0200140	-0.1000000	0.4232115	0.2733340	0.1305585	0.0000000	0.0000000
7000.6209600	7000.0338101	6999.8782813	-0.0400280	-0.1000000	0.3799976	0.2731250	0.1334415	0.0000000	0.0000000
7000.6209600	7000.0338101	6999.8782813	-0.0600420	-0.1000000	0.3920283	0.2740486	0.1340076	0.0000000	0.0000000
7000.6209600	7000.0338101	6999.8782813	-0.0800560	-0.1000000	0.3421150	0.2742720	0.1298352	0.0000000	0.0000000
7000.6209600	7000.0338101	6999.8782813	-0.1000700	-0.1000000	0.3643151	0.2754847	0.1362229	0.0000000	0.0000000
7000.6209600	7000.0338101	6999.8782813	-0.1200841	-0.1000000	0.4331781	0.2746335	0.1319988	0.0000000	0.0000000
7000.6209600	7000.0338101	6999.8782813	-0.1400981	-0.1000000	0.4279047	0.2761688	0.1276603	0.0000000	0.0000000
7000.6209600	7000.0338101	6999.8782813	-0.1601121	-0.1000000	0.3994891	0.2757585	0.1297402	0.0000000	0.0000000
7000.6209600	7000.0338101	6999.8782813	-0.1801261	-0.1000000	0.3162245	0.2759149	0.1349514	0.0000000	0.0000000
7000.6209600	7000.0338101	6999.8782813	-0.2001401	-0.1000000	0.2970139	0.2740815	0.1379940	0.0000000	0.0000000
7000.6209600	7000.0338101	6999.8782813	-0.2201541	-0.1000000	0.3128812	0.2737397	0.1321107	0.0000000	0.0000000
7000.6209600	7000.0338101	6999.8782813	-0.2398346	-0.1000000	0.3497026	0.2748829	0.1249852	0.0000000	0.0000000
7000.6209600	7000.0338101	6999.8782813	-0.2598486	-0.1000000	0.3843540	0.2741377	0.1326002	0.0000000	0.0000000
7000.6209600	7000.0338101	6999.8782813	-0.2798626	-0.1000000	0.3080989	0.2763518	0.1269969	0.0000000	0.0000000
7000.6209600	7000.0338101	6999.8782813	-0.2998766	-0.1000000	0.2946263	0.2758132	0.1333328	0.0000000	0.0000000
7000.6209600	7000.0338101	6999.8782813	-0.3198906	-0.1000000	0.2549806	0.2764243	0.1317272	0.0000000	0.0000000
7000.6209600	7000.0338101	6999.8782813	-0.3399046	-0.1000000	0.3048076	0.2771344	0.1325455	0.0000000	0.0000000
7000.6209600	7000.0338101	6999.8782813	-0.3599186	-0.1000000	0.3344460	0.2775959	0.1289792	0.0000000	0.0000000
7000.6209600	7000.0338101	6999.8782813	-0.3799326	-0.1000000	0.2975385	0.2781031	0.1243035	0.0000000	0.0000000
7000.6209600	7000.0338101	6999.8782813	-0.3999466	-0.1000000	0.2867021	0.2758070	0.1292957	0.0000000	0.0000000
7000.6209600	7000.0338101	6999.8782813	-0.4199606	-0.1000000	0.2395621	0.2762125	0.1315515	0.0000000	0.0000000
7000.6209600	7000.0338101	6999.8782813	-0.4399746	-0.1000000	0.2496165	0.2766298	0.1328475	0.0000000	0.0000000
7000.6209600	7000.0338101	6999.8782813	-0.4599887	-0.1000000	0.2788319	0.2801273	0.1275961	0.0000000	0.0000000
7000.6209600	7000.0338101	6999.8782813	-0.4800027	-0.1000000	0.2696783	0.2762163	0.1255449	0.0000000	0.0000000
7000.6209600	7000.0338101	6999.8782813	-0.5000167	-0.1000000	0.2344692	0.2789138	0.1235857	0.0000000	0.0000000
7000.6209600	7000.0338101	6999.8782813	-0.5200307	-0.1000000	0.1885730	0.2774972	0.1306422	0.0000000	0.0000000
7000.6209600	7000.0338101	6999.8782813	-0.5400447	-0.1000000	0.2074053	0.2766345	0.1333645	0.0000000	0.0000000
7000.6209600	7000.0338101	6999.8782813	-0.5600587	-0.1000000	0.2307571	0.2761969	0.1297378	0.0000000	0.0000000
7000.6209600	7000.0338101	6999.8782813	-0.5800727	-0.1000000	0.2433005	0.2771387	0.1232178	0.0000000	0.0000000
7000.6209600	7000.0338101	6999.8782813	-0.6000867	-0.1000000	0.2162590	0.2773877	0.1308176	0.0000000	0.0000000
7000.6209600	7000.0338101	6999.8782813	-0.6201007	-0.1000000	0.1467136	0.2791105	0.1246672	0.0000000	0.0000000
7000.6209600	7000.0338101	6999.8782813	-0.6401147	-0.1000000	0.1930170	0.2768529	0.1291942	0.0000000	0.0000000
7000.6209600	7000.0338101	6999.8782813	-0.6601288	-0.1000000	0.2100734	0.2783932	0.1270968	0.0000000	0.0000000
7000.6209600	7000.0338101	6999.8782813	-0.6801428	-0.1000000	0.2035186	0.2789480	0.1257454	0.0000000	0.0000000
7000.6209600	7000.0338101	6999.8782813	-0.7001568	-0.1000000	0.1403082	0.2797487	0.1246545	0.0000000	0.0000000
7000.6209600	7000.0338101	6999.8782813	-0.7198372	-0.1000000	0.1446436	0.2807273	0.1290465	0.0000000	0.0000000
7000.6209600	7000.0338101	6999.8782813	-0.7398512	-0.1000000	0.1846747	0.2760691	0.1313657	0.0000000	0.0000000
7000.6209600	7000.0338101	6999.8782813	-0.7598652	-0.1000000	0.1888701	0.2765543	0.1284722	0.0000000	0.0000000
7000.6209600	7000.0338101	6999.8782813	-0.7798792	-0.1000000	0.1526163	0.2765202	0.1322639	0.0000000	0.0000000
7000.6209600	7000.0338101	6999.8782813	-0.7998933	-0.1000000	0.1225953	0.2755077	0.1305853	0.0000000	0.0000000
7000.6209600	7000.0338101	6999.8782813	-0.8199073	-0.1000000	0.1069954	0.2788939	0.1243007	0.0000000	0.0000000
7000.6209600	7000.0338101	6999.8782813	-0.8399213	-0.1000000	0.1721227	0.2769619	0.1274763	0.0000000	0.0000000
7000.6209600	7000.0338101	6999.8782813	-0.8599353	-0.1000000	0.1732192	0.2779637	0.1254840	0.0000000	0.0000000
7000.6209600	7000.0338101	6999.8782813	-0.8799493	-0.1000000	0.1001011	0.2773663	0.1283202	0.0000000	0.0000000
7000.6209600	7000.0338101	6999.8782813	-0.8999633	-0.1000000	0.0842803	0.2788516	0.1290040	0.0000000	0.0000000
7000.6209600	7000.0338101	6999.8782813	-0.9199773	-0.1000000	0.1064127	0.2793708	0.1264353	0.0000000	0.0000000
7000.6209600	7000.0338101	6999.8782813	-0.9399913	-0.1000000	0.1506936	0.2780031	0.1245208	0.0000000	0.0000000
7000.6209600	7000.0338101	6999.8782813	-0.9600053	-0.1000000	0.1448740	0.2765831	0.1313336	0.0000000	0.0000000
7000.6209600	7000.0338101	6999.8782813	-0.9800193	-0.1000000	0.0667168	0.2764353	0.1320007	0.0000000	0.0000000
7000.6209600	7000.0338101	6999.8782813	-1.0000334	-0.1000000	0.0763052	0.2775728	0.1322162	0.0000000	0.0000000
