7000.6209600	7000.0338101	6999.8782813	1.0000334	0.0800560	0.3038434	0.2742612	0.1316716	0.0000000	0.0800000
7000.6209600	7000.0338101	6999.8782813	0.9800193	0.0800000	0.3177834	0.2726052	0.1344323	0.0000000	0.0000000
7000.6209600	7000.0338101	6999.8782813	0.9600053	0.0800000	0.3988971	0.2729540	0.1357273	0.0000000	0.0000000
7000.6209600	7000.0338101	6999.8782813	0.9399913	0.0800000	0.3819114	0.2720240	0.1332784	0.0000000	0.0000000
7000.6209600	7000.0338101	6999.8782813	0.9199773	0.0800000	0.3495391	0.2746163	0.1262427	0.0000000	0.0000000
7000.6209600	7000.0338101	6999.8782813	0.8999633	0.0800000	0.3091982	0.2731678	0.1291873	0.0000000	0.0000000
7000.6209600	7000.0338101	6999.8782813	0.8799493	0.0800000	0.3070430	0.2729888	0.1349554	0.0000000	0.0000000
7000.6209600	7000.0338101	6999.8782813	0.8599353	0.0800000	0.3690291	0.2743889	0.1312472	0.0000000	0.0000000
7000.6209600	7000.0338101	6999.8782813	0.8399213	0.0800000	0.4014519	0.2742771	0.1329681	0.0000000	0.0000000
7000.6209600	7000.0338101	6999.8782813	0.8199073	0.0800000	0.3377002	0.2726003	0.1315338	0.0000000	0.0000000
7000.6209600	7000.0338101	6999.8782813	0.7998933	0.0800000	0.3155674	0.2746469	0.1312085	0.0000000	0.0000000
7000.6209600	7000.0338101	6999.8782813	0.7798792	0.0800000	0.3160383	0.2728440	0.1349567	0.0000000	0.0000000
7000.6209600	7000.0338101	6999.8782813	0.7598652	0.0800000	0.3917321	0.2730774	0.1307297	0.0000000	0.0000000
7000.6209600	7000.0338101	6999.8782813	0.7398512	0.0800000	0.4153358	0.2730989	0.1350740	0.0000000	0.0000000
7000.6209600	7000.0338101	6999.8782813	0.7198372	0.0800000	0.2971191	0.2731349	0.1322783	0.0000000	0.0000000
7000.6209600	7000.0338101	6999.8782813	0.7001568	0.0800000	0.3019258	0.2738262	0.1308362	0.0000000	0.0000000
7000.6209600	7000.0338101	6999.8782813	0.6801428	0.0800000	0.2901367	0.2731667	0.1333069	0.0000000	0.0000000
7000.6209600	7000.0338101	6999.8782813	0.6601288	0.0800000	0.3565887	0.2743730	0.1284612	0.0000000	0.0000000
7000.6209600	7000.0338101	6999.8782813	0.6401147	0.0800000	0.4125371	0.2753435	0.1277670	0.0000000	0.0000000
7000.6209600	7000.0338101	6999.8782813	0.6201007	0.0800000	0.3326339	0.2747013	0.1307719	0.0000000	0.0000000
7000.6209600	7000.0338101	6999.8782813	0.6000867	0.0800000	0.3215669	0.2758146	0.1319551	0.0000000	0.0000000
7000.6209600	7000.0338101	6999.8782813	0.5800727	0.0800000	0.3084674	0.2753655	0.1264048	0.0000000	0.0000000
7000.6209600	7000.0338101	6999.8782813	0.5600587	0.0800000	0.4155945	0.2745238	0.1334100	0.0000000	0.0000000
7000.6209600	7000.0338101	6999.8782813	0.5400447	0.0800000	0.3920743	0.2756514	0.1330891	0.0000000	0.0000000
7000.6209600	7000.0338101	6999.8782813	0.5200307	0.0800000	0.3288678	0.2748601	0.1327004	0.0000000	0.0000000
7000.6209600	7000.0338101	6999.8782813	0.5000167	0.0800000	0.3154866	0.2757380	0.1241049	0.0000000	0.0000000
7000.6209600	7000.0338101	6999.8782813	0.4800027	0.0800000	0.2845885	0.2746281	0.1279156	0.0000000	0.0000000
7000.6209600	7000.0338101	6999.8782813	0.4599887	0.0800000	0.3629618	0.2749161	0.1257329	0.0000000	0.0000000
7000.6209600	7000.0338101	6999.8782813	0.4399746	0.0800000	0.4140686	0.2761898	0.1306675	0.0000000	0.0000000
7000.6209600	7000.0338101	6999.8782813	0.4199606	0.0800000	0.3170955	0.2752750	0.1322684	0.0000000	0.0000000
7000.6209600	7000.0338101	6999.8782813	0.3999466	0.0800000	0.3129642	0.2761455	0.1327488	0.0000000	0.0000000
7000.6209600	7000.0338101	6999.8782813	0.3799326	0.0800000	0.3172401	0.2768478	0.1301448	0.0000000	0.0000000
7000.6209600	7000.0338101	6999.8782813	0.3599186	0.0800000	0.4212123	0.2750092	0.1338500	0.0000000	0.0000000
7000.6209600	7000.0338101	6999.8782813	0.3399046	0.0800000	0.4286592	0.2752111	0.1327992	0.0000000	0.0000000
7000.6209600	7000.0338101	6999.8782813	0.3198906	0.0800000	0.3271244	0.2753196	0.1369342	0.0000000	0.0000000
7000.6209600	7000.0338101	6999.8782813	0.2998766	0.0800000	0.3250734	0.2764667	0.1301472	0.0000000	0.0000000
7000.6209600	7000.0338101	6999.8782813	0.2798626	0.0800000	0.3122365	0.2758948	0.1329738	0.0000000	0.0000000
7000.6209600	7000.0338101	6999.8782813	0.2598486	0.0800000	0.4277201	0.2746056	0.1381826	0.0000000	0.0000000
7000.6209600	7000.0338101	6999.8782813	0.2398346	0.0800000	0.4203376	0.2782701	0.1311062	0.0000000	0.0000000
7000.6209600	7000.0338101	6999.8782813	0.2201541	0.0800000	0.3152360	0.2770730	0.1296078	0.0000000	0.0000000
7000.6209600	7000.0338101	6999.8782813	0.2001401	0.0800000	0.3093827	0.2764117	0.1356300	0.0000000	0.0000000
7000.6209600	7000.0338101	6999.8782813	0.1801261	0.0800000	0.3213561	0.2755411	0.1365721	0.0000000	0.0000000
7000.6209600	7000.0338101	6999.8782813	0.1601121	0.0800000	0.3547371	0.2752933	0.1302416	0.0000000	0.0000000
7000.6209600	7000.0338101	6999.8782813	0.1400981	0.0800000	0.3928984	0.2759153	0.1281069	0.0000000	0.0000000
7000.6209600	7000.0338101	6999.8782813	0.1200841	0.0800000	0.2921765	0.2764667	0.1306212	0.0000000	0.0000000
7000.6209600	7000.0338101	6999.8782813	0.1000700	0.0800000	0.2725109	0.2760658	0.1341593	0.0000000	0.0000000
7000.6209600	7000.0338101	6999.8782813	0.0800560	0.0800000	0.3216173	0.2785232	0.1317289	0.0000000	0.0000000
7000.6209600	7000.0338101	6999.8782813	0.0600420	0.0800000	0.3943809	0.2763837	0.1326815	0.0000000	0.0000000
7000.6209600	7000.0338101	6999.8782813	0.0400280	0.0800000	0.3718259	0.2756604	0.1277572	0.0000000	0.0000000
7000.6209600	7000.0338101	6999.8782813	0.0200140	0.0800000	0.2841281	0.2766313	0.1325553	0.0000000	0.0000000
7000.6209600	7000.0338101	6999.8782813	0.0000000	0.0800000	0.2710981	0.2750358	0.1354608	0.0000000	0.0000000
7000.6209600	7000.0338101	6999.8782813	-0.0200140	0.0800000	0.2775720	0.2763347	0.1337134	0.0000000	0.0000000
7000.6209600	7000.0338101	6999.8782813	-0.0400280	0.0800000	0.3775687	0.2762717	0.1360917	0.0000000	0.0000000
7000.6209600	7000.0338101	6999.8782813	-0.0600420	0.0800000	0.3762585	0.2749565	0.1358270	0.0000000	0.0000000
7000.6209600	7000.0338101	6999.8782813	-0.0800560	0.0800000	0.2744484	0.2747352	0.1348154	0.0000000	0.0000000
7000.6209600	7000.0338101	6999.8782813	-0.1000700	0.0800000	0.2667881	0.2766873	0.1339741	0.0000000	0.0000000
7000.6209600	7000.0338101	6999.8782813	-0.1200841	0.0800000	0.2625385	0.2771323	0.1349591	0.0000000	0.0000000
7000.6209600	7000.0338101	6999.8782813	-0.1400981	0.0800000	0.3307041	0.2751760	0.1343375	0.0000000	0.0000000
7000.6209600	7000.0338101	6999.8782813	-0.1601121	0.0800000	0.3523572	0.2747181	0.1373237	0.0000000	0.0000000
7000.6209600	7000.0338101	6999.8782813	-0.1801261	0.0800000	0.2988341	0.2752690	0.1294238	0.0000000	0.0000000
7000.6209600	7000.0338101	6999.8782813	-0.2001401	0.0800000	0.2713295	0.2731687	0.1349655	0.0000000	0.0000000
7000.6209600	7000.0338101	6999.8782813	-0.2201541	0.0800000	0.2192921	0.2755321	0.1303964	0.0000000	0.0000000
7000.6209600	7000.0338101	6999.8782813	-0.2398346	0.0800000	0.2299653	0.2771161	0.1309156	0.0000000	0.0000000
7000.6209600	7000.0338101	6999.8782813	-0.2598486	0.0800000	0.2421711	0.2754244	0.1352621	0.0000000	0.0000000
7000.6209600	7000.0338101	6999.8782813	-0.2798626	0.0800000	0.3157013	0.2738071	0.1358606	0.0000000	0.0000000
7000.6209600	7000.0338101	6999.8782813	-0.2998766	0.0800000	0.3037498	0.2763071	0.1355874	0.0000000	0.0000000
7000.6209600	7000.0338101	6999.8782813	-0.3198906	0.0800000	0.2392002	0.2758140	0.1345295	0.0000000	0.0000000
7000.6209600	7000.0338101	6999.8782813	-0.3399046	0.0800000	0.1731793	0.2766080	0.1245757	0.0000000	0.0000000
7000.6209600	7000.0338101	6999.8782813	-0.3599186	0.0800000	0.1659987	0.2760120	0.1251964	0.0000000	0.0000000
7000.6209600	7000.0338101	6999.8782813	-0.3799326	0.0800000	0.2626392	0.2734471	0.1323187	0.0000000	0.0000000
7000.6209600	7000.0338101	6999.8782813	-0.3999466	0.0800000	0.2548477	0.2743503	0.1301580	0.0000000	0.0000000
7000.6209600	7000.0338101	6999.8782813	-0.4199606	0.0800000	0.2483057	0.2763411	0.1252618	0.0000000	0.0000000
7000.6209600	7000.0338101	6999.8782813	-0.4399746	0.0800000	0.1589053	0.2776438	0.1289646	0.0000000	0.0000000
7000.6209600	7000.0338101	6999.8782813	-0.4599887	0.0800000	0.1420637	0.2753915	0.1297571	0.0000000	0.0000000
7000.6209600	7000.0338101	6999.8782813	-0.4800027	0.0800000	0.2112321	0.2759104	0.1299924	0.0000000	0.0000000
7000.6209600	7000.0338101	6999.8782813	-0.5000167	0.0800000	0.2195685	0.2755398	0.1297166	0.0000000	0.0000000
7000.6209600	7000.0338101	6999.8782813	-0.5200307	0.0800000	0.1988713	0.2770095	0.1266956	0.0000000	0.0000000
7000.6209600	7000.0338101	6999.8782813	-0.5400447	0.0800000	0.1241414	0.2766776	0.1254365	0.0000000	0.0000000
7000.6209600	7000.0338101	6999.8782813	-0.5600587	0.0800000	0.1034669	0.2746191	0.1248093	0.0000000	0.0000000
7000.6209600	7000.0338101	6999.8782813	-0.5800727	0.0800000	0.1805616	0.2749691	0.1300352	0.0000000	0.0000000
7000.6209600	7000.0338101	6999.8782813	-0.6000867	0.0800000	0.1876493	0.2756653	0.1311396	0.0000000	0.0000000
7000.6209600	7000.0338101	6999.8782813	-0.6201007	0.0800000	0.1682341	0.2741111	0.1306855	0.0000000	0.0000000
7000.6209600	7000.0338101	6999.8782813	-0.6401147	0.0800000	0.1026815	0.2773165	0.1262233	0.0000000	0.0000000
7000.6209600	7000.0338101	6999.8782813	-0.6600000	0.0800000	0.0941947	0.2754340	0.1269796	0.0000000	0.0000000
7000.6209600	7000.0338101	6999.8782813	-0.6801428	0.0800000	0.1651217	0.2741195	0.1309335	0.0000000	0.0000000
7000.6209600	7000.0338101	6999.8782813	-0.7001568	0.0800000	0.1543933	0.2740566	0.1315060	0.0000000	0.0000000
7000.6209600	7000.0338101	6999.8782813	-0.7198372	0.0800000	0.1468884	0.2755085	0.1321534	0.0000000	0.0000000
7000.6209600	7000.0338101	6999.8782813	-0.7398512	0.0800000	0.0723170	0.2755452	0.1317549	0.0000000	0.0000000
7000.6209600	7000.0338101	6999.8782813	-0.7598652	0.0800000	0.0726219	0.2758502	0.1291960	0.0000000	0.0000000
7000.6209600	7000.0338101	6999.8782813	-0.7798792	0.0800000	0.1407880	0.2760770	0.1299811	0.0000000	0.0000000
7000.6209600	7000.0338101	6999.8782813	-0.7998933	0.0800000	0.1255704	0.2746346	0.1303672	0.0000000	0.0000000
7000.6209600	7000.0338101	6999.8782813	-0.8199073	0.0800000	0.0951050	0.2746167	0.1302466	0.0000000	0.0000000
7000.6209600	7000.0338101	6999.8782813	-0.8399213	0.0800000	0.0627451	0.2763192	0.1307128	0.0000000	0.0000000
7000.6209600	7000.0338101	6999.8782813	-0.8599353	0.0800000	0.0718274	0.2754528	0.1281234	0.0000000	0.0000000
7000.6209600	7000.0338101	6999.8782813	-0.8799493	0.0800000	0.1193978	0.2741514	0.1307983	0.0000000	0.0000000
7000.6209600	7000.0338101	6999.8782813	-0.8999633	0.0800000	0.0918776	0.2738994	0.1296809	0.0000000	0.0000000
7000.6209600	7000.0338101	6999.8782813	-0.9199773	0.0800000	0.0556053	0.2755768	0.1313328	0.0000000	0.0000000
7000.6209600	7000.0338101	6999.8782813	-0.9399913	0.0800000	0.0661473	0.2751471	0.1302639	0.0000000	0.0000000
7000.6209600	7000.0338101	6999.8782813	-0.9600053	0.0800000	0.0789987	0.2746676	0.1272443	0.0000000	0.0000000
7000.6209600	7000.0338101	6999.8782813	-0.9800193	0.0800000	0.0768048	0.2757920	0.1229760	0.0000000	0.0000000
7000.6209600	7000.0338101	6999.8782813	-1.0000334	0.0800000	0.0501469	0.2738074	0.1303402	0.0000000	0.0000000
