7000.6209600	7000.0338101	6999.8782813	1.0000334	-0.2001401	0.2832009	0.2702426	0.1327950	0.0000000	-0.2000000
7000.6209600	7000.0338101	6999.8782813	0.9800193	-0.2000000	0.2950757	0.2697955	0.1319814	0.0000000	0.0000000
7000.6209600	7000.0338101	6999.8782813	0.9600053	-0.2000000	0.2888475	0.2713121	0.1348472	0.0000000	0.0000000
7000.6209600	7000.0338101	6999.8782813	0.9399913	-0.2000000	0.2801508	0.2725299	0.1305237	0.0000000	0.0000000
7000.6209600	7000.0338101	6999.8782813	0.9199773	-0.2000000	0.2237330	0.2717501	0.1255022	0.0000000	0.0000000
7000.6209600	7000.0338101	6999.8782813	0.8999633	-0.2000000	0.2373375	0.2750076	0.1194995	0.0000000	0.0000000
7000.6209600	7000.0338101	6999.8782813	0.8799493	-0.2000000	0.3224683	0.2732074	0.1284004	0.0000000	0.0000000
7000.6209600	7000.0338101	6999.8782813	0.8599353	-0.2000000	0.2973668	0.2707615	0.1277866	0.0000000	0.0000000
7000.6209600	7000.0338101	6999.8782813	0.8399213	-0.2000000	0.2684706	0.2726002	0.1277780	0.0000000	0.0000000
7000.6209600	7000.0338101	6999.8782813	0.8199073	-0.2000000	0.2481820	0.2729669	0.1286913	0.0000000	0.0000000
7000.6209600	7000.0338101	6999.8782813	0.7998933	-0.2000000	0.2713607	0.2728815	0.1298313	0.0000000	0.0000000
7000.6209600	7000.0338101	6999.8782813	0.7798792	-0.2000000	0.3257458	0.2741439	0.1238842	0.0000000	0.0000000
7000.6209600	7000.0338101	6999.8782813	0.7598652	-0.2000000	0.3016069	0.2724777	0.1275358	0.0000000	0.0000000
7000.6209600	7000.0338101	6999.8782813	0.7398512	-0.2000000	0.2745004	0.2737954	0.1279946	0.0000000	0.0000000
7000.6209600	7000.0338101	6999.8782813	0.7198372	-0.2000000	0.2472789	0.2730012	0.1283220	0.0000000	0.0000000
7000.6209600	7000.0338101	6999.8782813	0.7001568	-0.2000000	0.2517626	0.2752129	0.1239119	0.0000000	0.0000000
7000.6209600	7000.0338101	6999.8782813	0.6801428	-0.2000000	0.3332217	0.2744674	0.1233146	0.0000000	0.0000000
7000.6209600	7000.0338101	6999.8782813	0.6601288	-0.2000000	0.3210428	0.2740127	0.1224935	0.0000000	0.0000000
7000.6209600	7000.0338101	6999.8782813	0.6401147	-0.2000000	0.2864033	0.2723237	0.1273048	0.0000000	0.0000000
7000.6209600	7000.0338101	6999.8782813	0.6201007	-0.2000000	0.2677593	0.2726919	0.1300038	0.0000000	0.0000000
7000.6209600	7000.0338101	6999.8782813	0.6000867	-0.2000000	0.2765146	0.2737728	0.1285857	0.0000000	0.0000000
7000.6209600	7000.0338101	6999.8782813	0.5800727	-0.2000000	0.3579261	0.2718484	0.1328273	0.0000000	0.0000000
7000.6209600	7000.0338101	6999.8782813	0.5600587	-0.2000000	0.3454968	0.2741917	0.1248500	0.0000000	0.0000000
7000.6209600	7000.0338101	6999.8782813	0.5400447	-0.2000000	0.3009037	0.2740884	0.1257791	0.0000000	0.0000000
7000.6209600	7000.0338101	6999.8782813	0.5200307	-0.2000000	0.2583523	0.2735325	0.1318064	0.0000000	0.0000000
7000.6209600	7000.0338101	6999.8782813	0.5000167	-0.2000000	0.2960513	0.2762754	0.1282361	0.0000000	0.0000000
7000.6209600	7000.0338101	6999.8782813	0.4800027	-0.2000000	0.3618240	0.2759324	0.1241560	0.0000000	0.0000000
7000.6209600	7000.0338101	6999.8782813	0.4599887	-0.2000000	0.3219260	0.2780471	0.1232722	0.0000000	0.0000000
7000.6209600	7000.0338101	6999.8782813	0.4399746	-0.2000000	0.2938948	0.2754188	0.1229014	0.0000000	0.0000000
7000.6209600	7000.0338101	6999.8782813	0.4199606	-0.2000000	0.2774476	0.2754590	0.1246748	0.0000000	0.0000000
7000.6209600	7000.0338101	6999.8782813	0.3999466	-0.2000000	0.3158175	0.2726340	0.1329734	0.0000000	0.0000000
7000.6209600	7000.0338101	6999.8782813	0.3799326	-0.2000000	0.3898922	0.2752516	0.1291447	0.0000000	0.0000000
7000.6209600	7000.0338101	6999.8782813	0.3599186	-0.2000000	0.3325605	0.2728983	0.1343082	0.0000000	0.0000000
7000.6209600	7000.0338101	6999.8782813	0.3399046	-0.2000000	0.3097069	0.2747345	0.1267689	0.0000000	0.0000000
7000.6209600	7000.0338101	6999.8782813	0.3198906	-0.2000000	0.3122625	0.2775670	0.1236421	0.0000000	0.0000000
7000.6209600	7000.0338101	6999.8782813	0.2998766	-0.2000000	0.3408496	0.2762069	0.1307535	0.0000000	0.0000000
7000.6209600	7000.0338101	6999.8782813	0.2798626	-0.2000000	0.4009318	0.2757949	0.1277994	0.0000000	0.0000000
7000.6209600	7000.0338101	6999.8782813	0.2598486	-0.2000000	0.3300703	0.2754573	0.1308135	0.0000000	0.0000000
7000.6209600	7000.0338101	6999.8782813	0.2398346	-0.2000000	0.2680179	0.2757418	0.1268090	0.0000000	0.0000000
7000.6209600	7000.0338101	6999.8782813	0.2201541	-0.2000000	0.3112030	0.2791406	0.1233512	0.0000000	0.0000000
7000.6209600	7000.0338101	6999.8782813	0.2001401	-0.2000000	0.3567714	0.2738633	0.1336080	0.0000000	0.0000000
7000.6209600	7000.0338101	6999.8782813	0.1801261	-0.2000000	0.4174058	0.2733668	0.1313853	0.0000000	0.0000000
7000.6209600	7000.0338101	6999.8782813	0.1601121	-0.2000000	0.3201564	0.2754786	0.1314861	0.0000000	0.0000000
7000.6209600	7000.0338101	6999.8782813	0.1400981	-0.2000000	0.3088501	0.2758832	0.1244716	0.0000000	0.0000000
7000.6209600	7000.0338101	6999.8782813	0.1200841	-0.2000000	0.3467422	0.2750455	0.1284810	0.0000000	0.0000000
7000.6209600	7000.0338101	6999.8782813	0.1000700	-0.2000000	0.3654888	0.2744138	0.1304979	0.0000000	0.0000000
7000.6209600	7000.0338101	6999.8782813	0.0800560	-0.2000000	0.3951978	0.2757527	0.1291904	0.0000000	0.0000000
7000.6209600	7000.0338101	6999.8782813	0.0600420	-0.2000000	0.3250739	0.2749823	0.1300656	0.0000000	0.0000000
7000.6209600	7000.0338101	6999.8782813	0.0400280	-0.2000000	0.2757075	0.2755049	0.1261500	0.0000000	0.0000000
7000.6209600	7000.0338101	6999.8782813	0.0200140	-0.2000000	0.3354915	0.2769760	0.1215088	0.0000000	0.0000000
7000.6209600	7000.0338101	6999.8782813	0.0000000	-0.2000000	0.3848474	0.2757892	0.1288074	0.0000000	0.0000000
7000.6209600	7000.0338101	6999.8782813	-0.0200140	-0.2000000	0.4228728	0.2753990	0.1261958	0.0000000	0.0000000
7000.6209600	7000.0338101	6999.8782813	-0.0400280	-0.2000000	0.3505771	0.2748886	0.1307561	0.0000000	0.0000000
7000.6209600	7000.0338101	6999.8782813	-0.0600420	-0.2000000	0.3319519	0.2771450	0.1305486	0.0000000	0.0000000
7000.6209600	7000.0338101	6999.8782813	-0.0800560	-0.2000000	0.3375299	0.2774398	0.1234731	0.0000000	0.0000000
7000.6209600	7000.0338101	6999.8782813	-0.1000700	-0.2000000	0.3507640	0.2768831	0.1248109	0.0000000	0.0000000
7000.6209600	7000.0338101	6999.8782813	-0.1200841	-0.2000000	0.4258563	0.2804000	0.1280375	0.0000000	0.0000000
7000.6209600	7000.0338101	6999.8782813	-0.1400981	-0.2000000	0.3993097	0.2781604	0.1292500	0.0000000	0.0000000
7000.6209600	7000.0338101	6999.8782813	-0.1601121	-0.2000000	0.3630742	0.2763652	0.1307665	0.0000000	0.0000000
7000.6209600	7000.0338101	6999.8782813	-0.1801261	-0.2000000	0.2886598	0.2758951	0.1308440	0.0000000	0.0000000
7000.6209600	7000.0338101	6999.8782813	-0.2001401	-0.2000000	0.2928136	0.2764379	0.1261676	0.0000000	0.0000000
7000.6209600	7000.0338101	6999.8782813	-0.2201541	-0.2000000	0.3635107	0.2773160	0.1266968	0.0000000	0.0000000
7000.6209600	7000.0338101	6999.8782813	-0.2398346	-0.2000000	0.4036429	0.2775607	0.1287604	0.0000000	0.0000000
7000.6209600	7000.0338101	6999.8782813	-0.2598486	-0.2000000	0.4040270	0.2772323	0.1275798	0.0000000	0.0000000
7000.6209600	7000.0338101	6999.8782813	-0.2798626	-0.2000000	0.2708333	0.2773965	0.1261663	0.0000000	0.0000000
7000.6209600	7000.0338101	6999.8782813	-0.2998766	-0.2000000	0.2731031	0.2759030	0.1289049	0.0000000	0.0000000
7000.6209600	7000.0338101	6999.8782813	-0.3198906	-0.2000000	0.2519529	0.2760808	0.1242487	0.0000000	0.0000000
7000.6209600	7000.0338101	6999.8782813	-0.3399046	-0.2000000	0.3470153	0.2814210	0.1258876	0.0000000	0.0000000
7000.6209600	7000.0338101	6999.8782813	-0.3599186	-0.2000000	0.3623169	0.2767272	0.1328727	0.0000000	0.0000000
7000.6209600	7000.0338101	6999.8782813	-0.3799326	-0.2000000	0.3275551	0.2758197	0.1310458	0.0000000	0.0000000
7000.6209600	7000.0338101	6999.8782813	-0.3999466	-0.2000000	0.2850469	0.2763899	0.1278936	0.0000000	0.0000000
7000.6209600	7000.0338101	6999.8782813	-0.4199606	-0.2000000	0.2417046	0.2769258	0.1267900	0.0000000	0.0000000
7000.6209600	7000.0338101	6999.8782813	-0.4399746	-0.2000000	0.2562067	0.2764611	0.1235802	0.0000000	0.0000000
7000.6209600	7000.0338101	6999.8782813	-0.4599887	-0.2000000	0.3453756	0.2816646	0.1318923	0.0000000	0.0000000
7000.6209600	7000.0338101	6999.8782813	-0.4800027	-0.2000000	0.3140347	0.2746412	0.1321267	0.0000000	0.0000000
7000.6209600	7000.0338101	6999.8782813	-0.5000167	-0.2000000	0.2698870	0.2752650	0.1287550	0.0000000	0.0000000
7000.6209600	7000.0338101	6999.8782813	-0.5200307	-0.2000000	0.2277574	0.2767200	0.1296357	0.0000000	0.0000000
7000.6209600	7000.0338101	6999.8782813	-0.5400447	-0.2000000	0.2356379	0.2758214	0.1238181	0.0000000	0.0000000
7000.6209600	7000.0338101	6999.8782813	-0.5600587	-0.2000000	0.2662024	0.2741116	0.1262523	0.0000000	0.0000000
7000.6209600	7000.0338101	6999.8782813	-0.5800727	-0.2000000	0.2409941	0.2749073	0.1303551	0.0000000	0.0000000
7000.6209600	7000.0338101	6999.8782813	-0.6000867	-0.2000000	0.2247006	0.2749664	0.1294055	0.0000000	0.0000000
7000.6209600	7000.0338101	6999.8782813	-0.6201007	-0.2000000	0.1816976	0.2748195	0.1293268	0.0000000	0.0000000
7000.6209600	7000.0338101	6999.8782813	-0.6401147	-0.2000000	0.2298680	0.2760601	0.1244408	0.0000000	0.0000000
7000.6209600	7000.0338101	6999.8782813	-0.6601288	-0.2000000	0.2579060	0.2733209	0.1282554	0.0000000	0.0000000
7000.6209600	7000.0338101	6999.8782813	-0.6801428	-0.2000000	0.1882698	0.2748737	0.1299277	0.0000000	0.0000000
7000.6209600	7000.0338101	6999.8782813	-0.7001568	-0.2000000	0.1716840	0.2740613	0.1312798	0.0000000	0.0000000
7000.6209600	7000.0338101	6999.8782813	-0.7198372	-0.2000000	0.1469950	0.2735640	0.1301208	0.0000000	0.0000000
7000.6209600	7000.0338101	6999.8782813	-0.7398512	-0.2000000	0.2242520	0.2754172	0.1266542	0.0000000	0.0000000
7000.6209600	7000.0338101	6999.8782813	-0.7598652	-0.2000000	0.2305596	0.2720778	0.1297529	0.0000000	0.0000000
7000.6209600	7000.0338101	6999.8782813	-0.7798792	-0.2000000	0.1587080	0.2727700	0.1295880	0.0000000	0.0000000
7000.6209600	7000.0338101	6999.8782813	-0.7998933	-0.2000000	0.1305321	0.2723986	0.1301204	0.0000000	0.0000000
7000.6209600	7000.0338101	6999.8782813	-0.8199073	-0.2000000	0.1391605	0.2729491	0.1304811	0.0000000	0.0000000
7000.6209600	7000.0338101	6999.8782813	-0.8399213	-0.2000000	0.2074517	0.2745305	0.1262480	0.0000000	0.0000000
7000.6209600	7000.0338101	6999.8782813	-0.8599353	-0.2000000	0.1948300	0.2751593	0.1223041	0.0000000	0.0000000
7000.6209600	7000.0338101	6999.8782813	-0.8799493	-0.2000000	0.1200729	0.2737867	0.1264949	0.0000000	0.0000000
7000.6209600	7000.0338101	6999.8782813	-0.8999633	-0.2000000	0.1120729	0.2737662	0.1321118	0.0000000	0.0000000
7000.6209600	7000.0338101	6999.8782813	-0.9199773	-0.2000000	0.1367809	0.2747168	0.1308007	0.0000000	0.0000000
7000.6209600	7000.0338101	6999.8782813	-0.9399913	-0.2000000	0.1825443	0.2732477	0.1307057	0.0000000	0.0000000
7000.6209600	7000.0338101	6999.8782813	-0.9600053	-0.2000000	0.1566262	0.2737590	0.1292437	0.0000000	0.0000000
7000.6209600	7000.0338101	6999.8782813	-0.9800193	-0.2000000	0.0856622	0.2752023	0.1270645	0.0000000	0.0000000
7000.6209600	7000.0338101	6999.8782813	-1.0000334	-0.2000000	0.1065680	0.2729001	0.1327292	0.0000000	0.0000000
