7000.6209600	7000.0338101	6999.8782813	1.0000334	-0.9800193	0.0252103	0.2664554	0.1347231	0.0000000	-0.9800000
7000.6209600	7000.0338101	6999.8782813	0.9800193	-0.9800000	0.0138137	0.2650594	0.1337524	0.0000000	0.0000000
7000.6209600	7000.0338101	6999.8782813	0.9600053	-0.9800000	0.0115765	0.2671359	0.1344214	0.0000000	0.0000000
7000.6209600	7000.0338101	6999.8782813	0.9399913	-0.9800000	0.0134391	0.2660175	0.1355211	0.0000000	0.0000000
7000.6209600	7000.0338101	6999.8782813	0.9199773	-0.9800000	0.0341191	0.2669821	0.1335582	0.0000000	0.0000000
7000.6209600	7000.0338101	6999.8782813	0.8999633	-0.9800000	0.0351050	0.2670577	0.1348450	0.0000000	0.0000000
7000.6209600	7000.0338101	6999.8782813	0.8799493	-0.9800000	0.0177733	0.2667990	0.1331796	0.0000000	0.0000000
7000.6209600	7000.0338101	6999.8782813	0.8599353	-0.9800000	0.0097638	0.2665946	0.1327145	0.0000000	0.0000000
7000.6209600	7000.0338101	6999.8782813	0.8399213	-0.9800000	0.0167415	0.2662882	0.1328647	0.0000000	0.0000000
7000.6209600	7000.0338101	6999.8782813	0.8199073	-0.9800000	0.0398071	0.2665769	0.1329552	0.0000000	0.0000000
7000.6209600	7000.0338101	6999.8782813	0.7998933	-0.9800000	0.0406632	0.2685787	0.1375038	0.0000000	0.0000000
7000.6209600	7000.0338101	6999.8782813	0.7798792	-0.9800000	0.0166494	0.2659198	0.1343973	0.0000000	0.0000000
7000.6209600	7000.0338101	6999.8782813	0.7598652	-0.9800000	0.0172432	0.2669928	0.1365366	0.0000000	0.0000000
7000.6209600	7000.0338101	6999.8782813	0.7398512	-0.9800000	0.0206522	0.2664700	0.1342208	0.0000000	0.0000000
7000.6209600	7000.0338101	6999.8782813	0.7198372	-0.9800000	0.0501646	0.2686412	0.1373783	0.0000000	0.0000000
7000.6209600	7000.0338101	6999.8782813	0.7001568	-0.9800000	0.0529963	0.2681532	0.1380911	0.0000000	0.0000000
7000.6209600	7000.0338101	6999.8782813	0.6801428	-0.9800000	0.0255253	0.2668136	0.1359426	0.0000000	0.0000000
7000.6209600	7000.0338101	6999.8782813	0.6601288	-0.9800000	0.0167664	0.2670990	0.1354313	0.0000000	0.0000000
7000.6209600	7000.0338101	6999.8782813	0.6401147	-0.9800000	0.0252554	0.2664232	0.1356189	0.0000000	0.0000000
7000.6209600	7000.0338101	6999.8782813	0.6201007	-0.9800000	0.0608252	0.2674142	0.1375195	0.0000000	0.0000000
7000.6209600	7000.0338101	6999.8782813	0.6000867	-0.9800000	0.0586387	0.2664684	0.1348401	0.0000000	0.0000000
7000.6209600	7000.0338101	6999.8782813	0.5800727	-0.9800000	0.0330059	0.2677343	0.1364347	0.0000000	0.0000000
7000.6209600	7000.0338101	6999.8782813	0.5600587	-0.9800000	0.0243854	0.2655416	0.1342168	0.0000000	0.0000000
7000.6209600	7000.0338101	6999.8782813	0.5400447	-0.9800000	0.0286954	0.2667181	0.1341454	0.0000000	0.0000000
7000.6209600	7000.0338101	6999.8782813	0.5200307	-0.9800000	0.0724784	0.2665364	0.1359915	0.0000000	0.0000000
7000.6209600	7000.0338101	6999.8782813	0.5000167	-0.9800000	0.0761318	0.2673903	0.1379021	0.0000000	0.0000000
7000.6209600	7000.0338101	6999.8782813	0.4800027	-0.9800000	0.0475685	0.2672526	0.1337089	0.0000000	0.0000000
7000.6209600	7000.0338101	6999.8782813	0.4599887	-0.9800000	0.0359556	0.2673323	0.1345552	0.0000000	0.0000000
7000.6209600	7000.0338101	6999.8782813	0.4399746	-0.9800000	0.0510975	0.2663627	0.1367014	0.0000000	0.0000000
7000.6209600	7000.0338101	6999.8782813	0.4199606	-0.9800000	0.0885902	0.2669636	0.1371591	0.0000000	0.0000000
7000.6209600	7000.0338101	6999.8782813	0.3999466	-0.9800000	0.0878041	0.2661271	0.1365160	0.0000000	0.0000000
7000.6209600	7000.0338101	6999.8782813	0.3799326	-0.9800000	0.0587163	0.2675054	0.1370013	0.0000000	0.0000000
7000.6209600	7000.0338101	6999.8782813	0.3599186	-0.9800000	0.0550637	0.2659780	0.1347792	0.0000000	0.0000000
7000.6209600	7000.0338101	6999.8782813	0.3399046	-0.9800000	0.0575603	0.2664595	0.1323666	0.0000000	0.0000000
7000.6209600	7000.0338101	6999.8782813	0.3198906	-0.9800000	0.1025072	0.2669860	0.1340320	0.0000000	0.0000000
7000.6209600	7000.0338101	6999.8782813	0.2998766	-0.9800000	0.0981305	0.2656016	0.1333810	0.0000000	0.0000000
7000.6209600	7000.0338101	6999.8782813	0.2798626	-0.9800000	0.0650244	0.2666790	0.1342633	0.0000000	0.0000000
7000.6209600	7000.0338101	6999.8782813	0.2598486	-0.9800000	0.0804667	0.2668981	0.1357187	0.0000000	0.0000000
7000.6209600	7000.0338101	6999.8782813	0.2398346	-0.9800000	0.0884055	0.2648424	0.1338890	0.0000000	0.0000000
7000.6209600	7000.0338101	6999.8782813	0.2201541	-0.9800000	0.1303953	0.2670389	0.1348529	0.0000000	0.0000000
7000.6209600	7000.0338101	6999.8782813	0.2001401	-0.9800000	0.1246726	0.2673090	0.1354330	0.0000000	0.0000000
7000.6209600	7000.0338101	6999.8782813	0.1801261	-0.9800000	0.0929685	0.2666960	0.1357156	0.0000000	0.0000000
7000.6209600	7000.0338101	6999.8782813	0.1601121	-0.9800000	0.0926835	0.2667701	0.1349255	0.0000000	0.0000000
7000.6209600	7000.0338101	6999.8782813	0.1400981	-0.9800000	0.1192161	0.2670194	0.1365013	0.0000000	0.0000000
7000.6209600	7000.0338101	6999.8782813	0.1200841	-0.9800000	0.1478639	0.2675099	0.1355031	0.0000000	0.0000000
7000.6209600	7000.0338101	6999.8782813	0.1000700	-0.9800000	0.1434309	0.2673223	0.1345393	0.0000000	0.0000000
7000.6209600	7000.0338101	6999.8782813	0.0800560	-0.9800000	0.1026415	0.2661472	0.1316400	0.0000000	0.0000000
7000.6209600	7000.0338101	6999.8782813	0.0600420	-0.9800000	0.1118923	0.2675770	0.1346711	0.0000000	0.0000000
7000.6209600	7000.0338101	6999.8782813	0.0400280	-0.9800000	0.1386798	0.2657903	0.1346910	0.0000000	0.0000000
7000.6209600	7000.0338101	6999.8782813	0.0200140	-0.9800000	0.1785089	0.2660972	0.1338536	0.0000000	0.0000000
7000.6209600	7000.0338101	6999.8782813	0.0000000	-0.9800000	0.1801292	0.2672195	0.1363119	0.0000000	0.0000000
7000.6209600	7000.0338101	6999.8782813	-0.0200140	-0.9800000	0.1391704	0.2660284	0.1365127	0.0000000	0.0000000
7000.6209600	7000.0338101	6999.8782813	-0.0400280	-0.9800000	0.1387040	0.2653422	0.1348357	0.0000000	0.0000000
7000.6209600	7000.0338101	6999.8782813	-0.0600420	-0.9800000	0.1656538	0.2667657	0.1372723	0.0000000	0.0000000
7000.6209600	7000.0338101	6999.8782813	-0.0800560	-0.9800000	0.2104518	0.2662625	0.1354760	0.0000000	0.0000000
7000.6209600	7000.0338101	6999.8782813	-0.1000700	-0.9800000	0.2126379	0.2672291	0.1355303	0.0000000	0.0000000
7000.6209600	7000.0338101	6999.8782813	-0.1200841	-0.9800000	0.1615764	0.2655332	0.1362657	0.0000000	0.0000000
7000.6209600	7000.0338101	6999.8782813	-0.1400981	-0.9800000	0.1464083	0.2667510	0.1339995	0.0000000	0.0000000
7000.6209600	7000.0338101	6999.8782813	-0.1601121	-0.9800000	0.1498478	0.2659735	0.1337791	0.0000000	0.0000000
7000.6209600	7000.0338101	6999.8782813	-0.1801261	-0.9800000	0.2418818	0.2652709	0.1342200	0.0000000	0.0000000
7000.6209600	7000.0338101	6999.8782813	-0.2001401	-0.9800000	0.2352269	0.2674230	0.1353652	0.0000000	0.0000000
7000.6209600	7000.0338101	6999.8782813	-0.2201541	-0.9800000	0.2347819	0.2668998	0.1368425	0.0000000	0.0000000
7000.6209600	7000.0338101	6999.8782813	-0.2398346	-0.9800000	0.1826331	0.2667734	0.1345276	0.0000000	0.0000000
7000.6209600	7000.0338101	6999.8782813	-0.2598486	-0.9800000	0.1828982	0.2666833	0.1360664	0.0000000	0.0000000
7000.6209600	7000.0338101	6999.8782813	-0.2798626	-0.9800000	0.2258411	0.2681719	0.1382023	0.0000000	0.0000000
7000.6209600	7000.0338101	6999.8782813	-0.2998766	-0.9800000	0.2297076	0.2670170	0.1378176	0.0000000	0.0000000
7000.6209600	7000.0338101	6999.8782813	-0.3198906	-0.9800000	0.2684664	0.2672108	0.1348802	0.0000000	0.0000000
7000.6209600	7000.0338101	6999.8782813	-0.3399046	-0.9800000	0.2408862	0.2673077	0.1331010	0.0000000	0.0000000
7000.6209600	7000.0338101	6999.8782813	-0.3599186	-0.9800000	0.2464736	0.2677510	0.1367402	0.0000000	0.0000000
7000.6209600	7000.0338101	6999.8782813	-0.3799326	-0.9800000	0.2225826	0.2678195	0.1350085	0.0000000	0.0000000
7000.6209600	7000.0338101	6999.8782813	-0.3999450	-0.9800000	0.2433340	0.2673538	0.1369126	0.0000000	0.0000000
7000.6209600	7000.0338101	6999.8782813	-0.4199606	-0.9800000	0.2697412	0.2663372	0.1350538	0.0000000	0.0000000
7000.6209600	7000.0338101	6999.8782813	-0.4399746	-0.9800000	0.2863241	0.2656425	0.1352516	0.0000000	0.0000000
7000.6209600	7000.0338101	6999.8782813	-0.4599887	-0.9800000	0.2850624	0.2654136	0.1350247	0.0000000	0.0000000
7000.6209600	7000.0338101	6999.8782813	-0.4800027	-0.9800000	0.2212186	0.2673638	0.1349105	0.0000000	0.0000000
7000.6209600	7000.0338101	6999.8782813	-0.5000167	-0.9800000	0.2281951	0.2674475	0.1335920	0.0000000	0.0000000
7000.6209600	7000.0338101	6999.8782813	-0.5200307	-0.9800000	0.2851237	0.2669407	0.1340028	0.0000000	0.0000000
7000.6209600	7000.0338101	6999.8782813	-0.5400447	-0.9800000	0.3171942	0.2671641	0.1359011	0.0000000	0.0000000
7000.6209600	7000.0338101	6999.8782813	-0.5600587	-0.9800000	0.3122009	0.2672133	0.1369546	0.0000000	0.0000000
7000.6209600	7000.0338101	6999.8782813	-0.5800727	-0.9800000	0.2610990	0.2692211	0.1361207	0.0000000	0.0000000
7000.6209600	7000.0338101	6999.8782813	-0.6000867	-0.9800000	0.2796459	0.2670973	0.1342834	0.0000000	0.0000000
7000.6209600	7000.0338101	6999.8782813	-0.6201007	-0.9800000	0.3308055	0.2682766	0.1370876	0.0000000	0.0000000
7000.6209600	7000.0338101	6999.8782813	-0.6401147	-0.9800000	0.3423368	0.2675591	0.1361152	0.0000000	0.0000000
7000.6209600	7000.0338101	6999.8782813	-0.6601288	-0.9800000	0.3313925	0.2681151	0.1376951	0.0000000	0.0000000
7000.6209600	7000.0338101	6999.8782813	-0.6801428	-0.9800000	0.2907168	0.2676675	0.1358982	0.0000000	0.0000000
7000.6209600	7000.0338101	6999.8782813	-0.7001568	-0.9800000	0.3152906	0.2675298	0.1356030	0.0000000	0.0000000
7000.6209600	7000.0338101	6999.8782813	-0.7198372	-0.9800000	0.3765159	0.2678374	0.1359229	0.0000000	0.0000000
7000.6209600	7000.0338101	6999.8782813	-0.7398512	-0.9800000	0.3499266	0.2670901	0.1345507	0.0000000	0.0000000
7000.6209600	7000.0338101	6999.8782813	-0.7598652	-0.9800000	0.3287306	0.2656931	0.1356077	0.0000000	0.0000000
7000.6209600	7000.0338101	6999.8782813	-0.7798792	-0.9800000	0.3238302	0.2678892	0.1384185	0.0000000	0.0000000
7000.6209600	7000.0338101	6999.8782813	-0.7998933	-0.9800000	0.3450953	0.2675049	0.1343113	0.0000000	0.0000000
7000.6209600	7000.0338101	6999.8782813	-0.8199073	-0.9800000	0.4062566	0.2674340	0.1344078	0.0000000	0.0000000
7000.6209600	7000.0338101	6999.8782813	-0.8399213	-0.9800000	0.3533057	0.2668397	0.1353038	0.0000000	0.0000000
7000.6209600	7000.0338101	6999.8782813	-0.8599353	-0.9800000	0.3331620	0.2665068	0.1387343	0.0000000	0.0000000
7000.6209600	7000.0338101	6999.8782813	-0.8799493	-0.9800000	0.3751351	0.2685546	0.1356368	0.0000000	0.0000000
7000.6209600	7000.0338101	6999.8782813	-0.8999633	-0.9800000	0.4125469	0.2675221	0.1365842	0.0000000	0.0000000
7000.6209600	7000.0338101	6999.8782813	-0.9199773	-0.9800000	0.4027374	0.2666217	0.1352933	0.0000000	0.0000000
7000.6209600	7000.0338101	6999.8782813	-0.9399913	-0.9800000	0.3195057	0.2659314	0.1350546	0.0000000	0.0000000
7000.6209600	7000.0338101	6999.8782813	-0.9600053	-0.9800000	0.3147854	0.2672458	0.1355680	0.0000000	0.0000000
7000.6209600	7000.0338101	6999.8782813	-0.9800193	-0.9800000	0.4331499	0.2670427	0.1361782	0.0000000	0.0000000
7000.6209600	7000.0338101	6999.8782813	-1.0000334	-0.9800000	0.4271375	0.2666970	0.1350881	0.0000000	0.0000000
