7000.6209600	7000.0338101	6999.8782813	1.0000334	-0.9199773	0.0263660	0.2647429	0.1362677	0.0000000	-0.9200000
7000.6209600	7000.0338101	6999.8782813	0.9800193	-0.9200000	0.0357386	0.2655219	0.1366716	0.0000000	0.0000000
7000.6209600	7000.0338101	6999.8782813	0.9600053	-0.9200000	0.0392144	0.2641909	0.1338821	0.0000000	0.0000000
7000.6209600	7000.0338101	6999.8782813	0.9399913	-0.9200000	0.0371597	0.2634210	0.1322469	0.0000000	0.0000000
7000.6209600	7000.0338101	6999.8782813	0.9199773	-0.9200000	0.0134943	0.2631412	0.1319398	0.0000000	0.0000000
7000.6209600	7000.0338101	6999.8782813	0.8999633	-0.9200000	0.0133335	0.2634282	0.1314244	0.0000000	0.0000000
7000.6209600	7000.0338101	6999.8782813	0.8799493	-0.9200000	0.0369829	0.2634541	0.1357729	0.0000000	0.0000000
7000.6209600	7000.0338101	6999.8782813	0.8599353	-0.9200000	0.0463422	0.2641702	0.1349983	0.0000000	0.0000000
7000.6209600	7000.0338101	6999.8782813	0.8399213	-0.9200000	0.0390924	0.2649397	0.1328914	0.0000000	0.0000000
7000.6209600	7000.0338101	6999.8782813	0.8199073	-0.9200000	0.0157451	0.2645754	0.1329655	0.0000000	0.0000000
7000.6209600	7000.0338101	6999.8782813	0.7998933	-0.9200000	0.0188741	0.2639971	0.1320862	0.0000000	0.0000000
7000.6209600	7000.0338101	6999.8782813	0.7798792	-0.9200000	0.0472572	0.2638705	0.1348051	0.0000000	0.0000000
7000.6209600	7000.0338101	6999.8782813	0.7598652	-0.9200000	0.0564819	0.2643009	0.1364100	0.0000000	0.0000000
7000.6209600	7000.0338101	6999.8782813	0.7398512	-0.9200000	0.0524279	0.2648307	0.1348893	0.0000000	0.0000000
7000.6209600	7000.0338101	6999.8782813	0.7198372	-0.9200000	0.0268938	0.2642993	0.1368776	0.0000000	0.0000000
7000.6209600	7000.0338101	6999.8782813	0.7001568	-0.9200000	0.0238358	0.2644473	0.1351958	0.0000000	0.0000000
7000.6209600	7000.0338101	6999.8782813	0.6801428	-0.9200000	0.0435590	0.2652156	0.1345564	0.0000000	0.0000000
7000.6209600	7000.0338101	6999.8782813	0.6601288	-0.9200000	0.0663705	0.2643547	0.1341292	0.0000000	0.0000000
7000.6209600	7000.0338101	6999.8782813	0.6401147	-0.9200000	0.0580325	0.2644462	0.1338730	0.0000000	0.0000000
7000.6209600	7000.0338101	6999.8782813	0.6201007	-0.9200000	0.0281077	0.2642877	0.1342023	0.0000000	0.0000000
7000.6209600	7000.0338101	6999.8782813	0.6000867	-0.9200000	0.0334553	0.2644075	0.1347588	0.0000000	0.0000000
7000.6209600	7000.0338101	6999.8782813	0.5800727	-0.9200000	0.0555865	0.2629194	0.1304376	0.0000000	0.0000000
7000.6209600	7000.0338101	6999.8782813	0.5600587	-0.9200000	0.0820187	0.2637111	0.1353519	0.0000000	0.0000000
7000.6209600	7000.0338101	6999.8782813	0.5400447	-0.9200000	0.0779136	0.2649268	0.1359766	0.0000000	0.0000000
7000.6209600	7000.0338101	6999.8782813	0.5200307	-0.9200000	0.0359069	0.2641858	0.1329149	0.0000000	0.0000000
7000.6209600	7000.0338101	6999.8782813	0.5000167	-0.9200000	0.0403301	0.2647601	0.1323508	0.0000000	0.0000000
7000.6209600	7000.0338101	6999.8782813	0.4800027	-0.9200000	0.0661765	0.2646207	0.1323541	0.0000000	0.0000000
7000.6209600	7000.0338101	6999.8782813	0.4599887	-0.9200000	0.0981630	0.2650415	0.1354863	0.0000000	0.0000000
7000.6209600	7000.0338101	6999.8782813	0.4399746	-0.9200000	0.0835372	0.2647789	0.1331260	0.0000000	0.0000000
7000.6209600	7000.0338101	6999.8782813	0.4199606	-0.9200000	0.0490044	0.2645345	0.1331558	0.0000000	0.0000000
7000.6209600	7000.0338101	6999.8782813	0.3999466	-0.9200000	0.0615106	0.2653645	0.1358567	0.0000000	0.0000000
7000.6209600	7000.0338101	6999.8782813	0.3799326	-0.9200000	0.0954613	0.2647687	0.1355088	0.0000000	0.0000000
7000.6209600	7000.0338101	6999.8782813	0.3599186	-0.9200000	0.1166655	0.2651298	0.1353615	0.0000000	0.0000000
7000.6209600	7000.0338101	6999.8782813	0.3399046	-0.9200000	0.1103944	0.2658434	0.1344192	0.0000000	0.0000000
7000.6209600	7000.0338101	6999.8782813	0.3198906	-0.9200000	0.0674337	0.2650565	0.1345398	0.0000000	0.0000000
7000.6209600	7000.0338101	6999.8782813	0.2998766	-0.9200000	0.0873901	0.2645801	0.1352843	0.0000000	0.0000000
7000.6209600	7000.0338101	6999.8782813	0.2798626	-0.9200000	0.1379871	0.2663530	0.1374261	0.0000000	0.0000000
7000.6209600	7000.0338101	6999.8782813	0.2598486	-0.9200000	0.1300857	0.2639376	0.1332513	0.0000000	0.0000000
7000.6209600	7000.0338101	6999.8782813	0.2398346	-0.9200000	0.1126299	0.2636429	0.1319012	0.0000000	0.0000000
7000.6209600	7000.0338101	6999.8782813	0.2201541	-0.9200000	0.0930634	0.2655913	0.1361053	0.0000000	0.0000000
7000.6209600	7000.0338101	6999.8782813	0.2001401	-0.9200000	0.1015248	0.2654894	0.1338589	0.0000000	0.0000000
7000.6209600	7000.0338101	6999.8782813	0.1801261	-0.9200000	0.1493341	0.2648538	0.1352603	0.0000000	0.0000000
7000.6209600	7000.0338101	6999.8782813	0.1601121	-0.9200000	0.1504705	0.2632102	0.1322255	0.0000000	0.0000000
7000.6209600	7000.0338101	6999.8782813	0.1400981	-0.9200000	0.1443307	0.2642045	0.1345521	0.0000000	0.0000000
7000.6209600	7000.0338101	6999.8782813	0.1200841	-0.9200000	0.1208657	0.2660927	0.1372428	0.0000000	0.0000000
7000.6209600	7000.0338101	6999.8782813	0.1000700	-0.9200000	0.1304569	0.2647157	0.1331487	0.0000000	0.0000000
7000.6209600	7000.0338101	6999.8782813	0.0800560	-0.9200000	0.1905944	0.2660502	0.1366364	0.0000000	0.0000000
7000.6209600	7000.0338101	6999.8782813	0.0600420	-0.9200000	0.1854751	0.2662084	0.1367179	0.0000000	0.0000000
7000.6209600	7000.0338101	6999.8782813	0.0400280	-0.9200000	0.1655120	0.2655371	0.1345245	0.0000000	0.0000000
7000.6209600	7000.0338101	6999.8782813	0.0200140	-0.9200000	0.1413004	0.2644697	0.1342933	0.0000000	0.0000000
7000.6209600	7000.0338101	6999.8782813	0.0000000	-0.9200000	0.1499946	0.2657501	0.1341377	0.0000000	0.0000000
7000.6209600	7000.0338101	6999.8782813	-0.0200140	-0.9200000	0.2066719	0.2654642	0.1359594	0.0000000	0.0000000
7000.6209600	7000.0338101	6999.8782813	-0.0400280	-0.9200000	0.2165154	0.2657361	0.1362230	0.0000000	0.0000000
7000.6209600	7000.0338101	6999.8782813	-0.0600420	-0.9200000	0.2187643	0.2661530	0.1377837	0.0000000	0.0000000
7000.6209600	7000.0338101	6999.8782813	-0.0800560	-0.9200000	0.1671436	0.2648268	0.1364308	0.0000000	0.0000000
7000.6209600	7000.0338101	6999.8782813	-0.1000700	-0.9200000	0.1784088	0.2652095	0.1356031	0.0000000	0.0000000
7000.6209600	7000.0338101	6999.8782813	-0.1200841	-0.9200000	0.2228021	0.2655925	0.1364971	0.0000000	0.0000000
7000.6209600	7000.0338101	6999.8782813	-0.1400981	-0.9200000	0.2571639	0.2655548	0.1364015	0.0000000	0.0000000
7000.6209600	7000.0338101	6999.8782813	-0.1601121	-0.9200000	0.2580435	0.2665925	0.1374222	0.0000000	0.0000000
7000.6209600	7000.0338101	6999.8782813	-0.1801261	-0.9200000	0.1804155	0.2648075	0.1365154	0.0000000	0.0000000
7000.6209600	7000.0338101	6999.8782813	-0.2001401	-0.9200000	0.1873569	0.2645095	0.1364338	0.0000000	0.0000000
7000.6209600	7000.0338101	6999.8782813	-0.2201541	-0.9200000	0.2181262	0.2663787	0.1372916	0.0000000	0.0000000
7000.6209600	7000.0338101	6999.8782813	-0.2398346	-0.9200000	0.2547813	0.2665917	0.1355564	0.0000000	0.0000000
7000.6209600	7000.0338101	6999.8782813	-0.2598486	-0.9200000	0.2739878	0.2653752	0.1366897	0.0000000	0.0000000
7000.6209600	7000.0338101	6999.8782813	-0.2798626	-0.9200000	0.2537155	0.2654982	0.1371119	0.0000000	0.0000000
7000.6209600	7000.0338101	6999.8782813	-0.2998766	-0.9200000	0.2581031	0.2646416	0.1375356	0.0000000	0.0000000
7000.6209600	7000.0338101	6999.8782813	-0.3198906	-0.9200000	0.2114896	0.2642118	0.1367422	0.0000000	0.0000000
7000.6209600	7000.0338101	6999.8782813	-0.3399046	-0.9200000	0.2494854	0.2661965	0.1362861	0.0000000	0.0000000
7000.6209600	7000.0338101	6999.8782813	-0.3599186	-0.9200000	0.2688354	0.2653467	0.1354672	0.0000000	0.0000000
7000.6209600	7000.0338101	6999.8782813	-0.3799326	-0.9200000	0.3047502	0.2660277	0.1369453	0.0000000	0.0000000
7000.6209600	7000.0338101	6999.8782813	-0.3999466	-0.9200000	0.2924064	0.2643837	0.1343787	0.0000000	0.0000000
7000.6209600	7000.0338101	6999.8782813	-0.4199606	-0.9200000	0.2634525	0.2655497	0.1349569	0.0000000	0.0000000
7000.6209600	7000.0338101	6999.8782813	-0.4399746	-0.9200000	0.2372324	0.2656337	0.1347175	0.0000000	0.0000000
7000.6209600	7000.0338101	6999.8782813	-0.4599887	-0.9200000	0.2726390	0.2649016	0.1355211	0.0000000	0.0000000
7000.6209600	7000.0338101	6999.8782813	-0.4800027	-0.9200000	0.3442937	0.2646991	0.1331760	0.0000000	0.0000000
7000.6209600	7000.0338101	6999.8782813	-0.5000167	-0.9200000	0.3368286	0.2656595	0.1361136	0.0000000	0.0000000
7000.6209600	7000.0338101	6999.8782813	-0.5200307	-0.9200000	0.2882765	0.2650115	0.1367777	0.0000000	0.0000000
7000.6209600	7000.0338101	6999.8782813	-0.5400447	-0.9200000	0.2525402	0.2648604	0.1336868	0.0000000	0.0000000
7000.6209600	7000.0338101	6999.8782813	-0.5600587	-0.9200000	0.2803981	0.2645183	0.1328191	0.0000000	0.0000000
7000.6209600	7000.0338101	6999.8782813	-0.5800727	-0.9200000	0.3737174	0.2660627	0.1357408	0.0000000	0.0000000
7000.6209600	7000.0338101	6999.8782813	-0.6000867	-0.9200000	0.3610784	0.2660267	0.1356063	0.0000000	0.0000000
7000.6209600	7000.0338101	6999.8782813	-0.6201007	-0.9200000	0.3057769	0.2646293	0.1351750	0.0000000	0.0000000
7000.6209600	7000.0338101	6999.8782813	-0.6401147	-0.9200000	0.3110522	0.2646307	0.1348684	0.0000000	0.0000000
7000.6209600	7000.0338101	6999.8782813	-0.6601288	-0.9200000	0.3198253	0.2650273	0.1326393	0.0000000	0.0000000
7000.6209600	7000.0338101	6999.8782813	-0.6801428	-0.9200000	0.3825807	0.2676116	0.1381941	0.0000000	0.0000000
7000.6209600	7000.0338101	6999.8782813	-0.7001568	-0.9200000	0.3526232	0.2650999	0.1355109	0.0000000	0.0000000
7000.6209600	7000.0338101	6999.8782813	-0.7198372	-0.9200000	0.3133270	0.2651694	0.1335677	0.0000000	0.0000000
7000.6209600	7000.0338101	6999.8782813	-0.7398512	-0.9200000	0.3280782	0.2646353	0.1332566	0.0000000	0.0000000
7000.6209600	7000.0338101	6999.8782813	-0.7598652	-0.9200000	0.3465612	0.2652394	0.1342981	0.0000000	0.0000000
7000.6209600	7000.0338101	6999.8782813	-0.7798792	-0.9200000	0.4153569	0.2656851	0.1365002	0.0000000	0.0000000
7000.6209600	7000.0338101	6999.8782813	-0.7998933	-0.9200000	0.3406478	0.2646017	0.1324039	0.0000000	0.0000000
7000.6209600	7000.0338101	6999.8782813	-0.8199073	-0.9200000	0.3182693	0.2666696	0.1358199	0.0000000	0.0000000
7000.6209600	7000.0338101	6999.8782813	-0.8399213	-0.9200000	0.4074821	0.2669170	0.1381212	0.0000000	0.0000000
7000.6209600	7000.0338101	6999.8782813	-0.8599353	-0.9200000	0.4365245	0.2667941	0.1362701	0.0000000	0.0000000
7000.6209600	7000.0338101	6999.8782813	-0.8799493	-0.9200000	0.3722936	0.2666176	0.1349738	0.0000000	0.0000000
7000.6209600	7000.0338101	6999.8782813	-0.8999633	-0.9200000	0.3212898	0.2660569	0.1350157	0.0000000	0.0000000
7000.6209600	7000.0338101	6999.8782813	-0.9199773	-0.9200000	0.3183727	0.2647799	0.1345078	0.0000000	0.0000000
7000.6209600	7000.0338101	6999.8782813	-0.9399913	-0.9200000	0.4202355	0.2660862	0.1371514	0.0000000	0.0000000
7000.6209600	7000.0338101	6999.8782813	-0.9600053	-0.9200000	0.4462726	0.2654600	0.1359659	0.0000000	0.0000000
7000.6209600	7000.0338101	6999.8782813	-0.9800193	-0.9200000	0.3241506	0.2657297	0.1356616	0.0000000	0.0000000
7000.6209600	7000.0338101	6999.8782813	-1.0000334	-0.9200000	0.3222753	0.2657268	0.1331267	0.0000000	0.0000000
