1599.9894452	1589.9949751	15679.9051758	2.7329130	0.4409753	0.0120518	0.7824260	0.5235470	0.0000000	1590.0000000
1594.9984053	1589.9949751	15674.9862305	2.7231408	0.4206278	0.0211047	0.8584700	0.5206030	0.0000000	0.0000000
1590.0036367	1589.9949751	15669.8213379	2.7132817	0.4006138	0.0304471	0.8610651	0.5300159	0.0000000	0.0000000
1584.9953866	1589.9949751	15664.9023926	2.7034225	0.3802662	0.0372289	0.8734951	0.5058933	0.0000000	0.0000000
1579.9988693	1589.9949751	15659.9890527	2.6935634	0.3602522	0.0363088	0.8406555	0.5155868	0.0000000	0.0000000
1574.9903821	1589.9949751	15654.8409766	2.6837042	0.3399046	0.0356512	0.8304204	0.5154724	0.0000000	0.0000000
1569.9935429	1589.9949751	15649.9380469	2.6738451	0.3198906	0.0312833	0.8089202	0.5162369	0.0000000	0.0000000
1564.9910956	1589.9949751	15644.7899707	2.6639859	0.2995430	0.0333188	0.7933065	0.5180592	0.0000000	0.0000000
1559.9998645	1589.9949751	15639.8870410	2.6541268	0.2791954	0.0301398	0.7647322	0.5119179	0.0000000	0.0000000
1554.9972408	1589.9949751	15634.9912305	2.6442676	0.2591814	0.0307957	0.7644120	0.5075442	0.0000000	0.0000000
1549.9965481	1589.9949751	15629.8597656	2.6344085	0.2388339	0.0325370	0.7494091	0.5181487	0.0000000	0.0000000
1545.0061240	1589.9949751	15624.9726562	2.6245493	0.2188198	0.0305676	0.7316995	0.5100098	0.0000000	0.0000000
1539.9981617	1589.9949751	15619.8411914	2.6146901	0.1984723	0.0287266	0.7234000	0.5153899	0.0000000	0.0000000
1534.9961535	1589.9949751	15614.9540820	2.6048310	0.1781247	0.0259182	0.7516240	0.5157975	0.0000000	0.0000000
1529.9946542	1589.9949751	15609.8322266	2.5949718	0.1581107	0.0209126	0.7323632	0.5183257	0.0000000	0.0000000
1525.0057058	1589.9949751	15604.9611328	2.5851127	0.1377631	0.0142966	0.7218851	0.5200779	0.0000000	0.0000000
1519.9979617	1589.9949751	15599.8464844	2.5752535	0.1177491	0.0116514	0.6995189	0.5253766	0.0000000	0.0000000
1514.9965539	1589.9949751	15594.9753906	2.5653944	0.0974015	0.0096252	0.6912321	0.5160289	0.0000000	0.0000000
1510.0011622	1589.9949751	15589.8607422	2.5555352	0.0770539	0.0123115	0.6820695	0.5181744	0.0000000	0.0000000
1504.9991342	1589.9949751	15584.7578125	2.5456761	0.0570399	0.0123739	0.6918483	0.5234470	0.0000000	0.0000000
1499.9998464	1589.9949751	15579.9023437	2.5358169	0.0366924	0.0157229	0.6986316	0.5124482	0.0000000	0.0000000
1495.0012710	1589.9949751	15574.8041016	2.5259577	0.0166783	0.0204957	0.7037420	0.5190785	0.0000000	0.0000000
1489.9975133	1589.9949751	15569.9486328	2.5160986	-0.0036692	0.0166744	0.7229370	0.5159702	0.0000000	0.0000000
1485.0077631	1589.9949751	15564.8503906	2.5062394	-0.0240168	0.0255432	0.7237053	0.5147094	0.0000000	0.0000000
1480.0039702	1589.9949751	15559.7663867	2.4963803	-0.0440308	0.0401676	0.7058642	0.5224851	0.0000000	0.0000000
1475.0006089	1589.9949751	15554.9267383	2.4865211	-0.0643784	0.0476254	0.7155614	0.5091834	0.0000000	0.0000000
1470.0169428	1589.9949751	15549.8451074	2.4766620	-0.0843924	0.0356650	0.6959384	0.5153428	0.0000000	0.0000000
1465.0063771	1589.9949751	15544.7634766	2.4668028	-0.1047400	0.0224432	0.6800346	0.5237706	0.0000000	0.0000000
1460.0031723	1589.9949751	15539.9238281	2.4569437	-0.1247540	0.0190404	0.6824636	0.5128160	0.0000000	0.0000000
1455.0066100	1589.9949751	15534.8586035	2.4470845	-0.1451016	0.0170958	0.6861183	0.5141159	0.0000000	0.0000000
1449.9959945	1589.9949751	15529.7933789	2.4372254	-0.1654491	0.0192424	0.7021669	0.5082523	0.0000000	0.0000000
1445.0031453	1589.9949751	15524.9693555	2.4273662	-0.1854632	0.0083840	0.6654454	0.5093490	0.0000000	0.0000000
1440.0045771	1589.9949751	15519.9041309	2.4175070	-0.2058107	0.0054054	0.6581137	0.5116086	0.0000000	0.0000000
1435.0050512	1589.9949751	15514.8420312	2.4076479	-0.2258247	0.0104591	0.6518446	0.5063578	0.0000000	0.0000000
1429.9991600	1589.9949751	15509.7932129	2.3977887	-0.2461723	0.0246670	0.6279513	0.5118103	0.0000000	0.0000000
1424.9990761	1589.9949751	15504.9848145	2.3879296	-0.2665199	0.0334052	0.6274974	0.5053529	0.0000000	0.0000000
1420.0059019	1589.9949751	15499.9359961	2.3780704	-0.2865339	0.0363491	0.6252887	0.5100171	0.0000000	0.0000000
1414.9937701	1589.9949751	15494.8871777	2.3682113	-0.3068815	0.0323202	0.6039601	0.5044028	0.0000000	0.0000000
1409.9999070	1589.9949751	15489.8445312	2.3583521	-0.3268955	0.0313674	0.6046036	0.5039182	0.0000000	0.0000000
1405.0002814	1589.9949751	15484.8119141	2.3484930	-0.3472431	0.0235154	0.5940894	0.5122434	0.0000000	0.0000000
1399.9939120	1589.9949751	15479.7792969	2.3386338	-0.3675906	0.0203495	0.5880621	0.5040015	0.0000000	0.0000000
1394.9969913	1589.9949751	15474.9863281	2.3287746	-0.3876047	0.0154640	0.5822888	0.5098512	0.0000000	0.0000000
1389.9976768	1589.9949751	15469.9537109	2.3189155	-0.4079522	0.0143126	0.5684668	0.5097798	0.0000000	0.0000000
1385.0114008	1589.9949751	15464.9302344	2.3090563	-0.4279662	0.0147076	0.5576701	0.5054501	0.0000000	0.0000000
1380.0015352	1589.9949751	15459.9136133	2.2991972	-0.4483138	0.0107472	0.5367429	0.5128848	0.0000000	0.0000000
1374.9977128	1589.9949751	15454.8969922	2.2893380	-0.4686614	0.0091173	0.5400465	0.5060558	0.0000000	0.0000000
1369.9998590	1589.9949751	15449.8803711	2.2794789	-0.4886754	0.0071078	0.5234284	0.5064756	0.0000000	0.0000000
1364.9954405	1589.9949751	15444.8637500	2.2696197	-0.5090230	0.0141804	0.4997213	0.5148930	0.0000000	0.0000000
1360.0097601	1589.9949751	15439.8602441	2.2597606	-0.5290370	0.0302817	0.4862551	0.5162377	0.0000000	0.0000000
1355.0059831	1589.9949751	15434.8598242	2.2499014	-0.5493846	0.0434608	0.4722042	0.5148461	0.0000000	0.0000000
1349.9967869	1589.9949751	15429.8594043	2.2400423	-0.5693986	0.0496658	0.4504255	0.5190270	0.0000000	0.0000000
1345.0035932	1589.9949751	15424.8589844	2.2301831	-0.5897462	0.0450228	0.4480093	0.5121674	0.0000000	0.0000000
1340.0126684	1589.9949751	15419.8593262	2.2203239	-0.6100937	0.0323578	0.4399495	0.5119872	0.0000000	0.0000000
1335.0013764	1589.9949751	15414.8749023	2.2104648	-0.6301077	0.0216154	0.4082418	0.5128232	0.0000000	0.0000000
1330.0043482	1589.9949751	15409.8904785	2.2006056	-0.6504553	0.0253492	0.4083823	0.5038013	0.0000000	0.0000000
1325.0067276	1589.9949751	15404.9060547	2.1907465	-0.6704693	0.0288522	0.3900938	0.5051218	0.0000000	0.0000000
1320.0090417	1589.9949751	15399.9216309	2.1808873	-0.6908169	0.0333925	0.3702371	0.5058313	0.0000000	0.0000000
1314.9983984	1589.9949751	15394.9417773	2.1710282	-0.7111645	0.0343468	0.3452168	0.5033390	0.0000000	0.0000000
1310.0074737	1589.9949751	15389.9733496	2.1611690	-0.7311785	0.0268378	0.3385853	0.5026332	0.0000000	0.0000000
1305.0029693	1589.9949751	15384.7683301	2.1513099	-0.7515261	0.0246508	0.3168479	0.5088010	0.0000000	0.0000000
1300.0127676	1589.9949751	15379.7999023	2.1414507	-0.7715401	0.0227068	0.2999674	0.5034038	0.0000000	0.0000000
1295.0063540	1589.9949751	15374.8314746	2.1315915	-0.7918877	0.0184965	0.2775111	0.4996283	0.0000000	0.0000000
1290.0126310	1589.9949751	15369.8720703	2.1217324	-0.8122352	0.0140640	0.2736491	0.5040577	0.0000000	0.0000000
1285.0068833	1589.9949751	15364.9194336	2.1118732	-0.8322492	0.0121387	0.2623909	0.4988030	0.0000000	0.0000000
1280.0085301	1589.9949751	15359.9667969	2.1020141	-0.8525968	0.0112903	0.2400703	0.5091349	0.0000000	0.0000000
1275.0093966	1589.9949751	15354.7783203	2.0921549	-0.8726108	0.0195063	0.2191007	0.4984454	0.0000000	0.0000000
1270.0086294	1589.9949751	15349.8256836	2.0822958	-0.8929584	0.0379113	0.2046494	0.4988068	0.0000000	0.0000000
1265.0031208	1589.9949751	15344.8864062	2.0724366	-0.9133060	0.0511534	0.1882927	0.5059581	0.0000000	0.0000000
1260.0211049	1589.9949751	15339.9493555	2.0625775	-0.9333200	0.0475594	0.1776863	0.5120995	0.0000000	0.0000000
1255.0147454	1589.9949751	15334.7772070	2.0527183	-0.9536676	0.0426150	0.1691678	0.5050471	0.0000000	0.0000000
1250.0237205	1589.9949751	15329.8401562	2.0428592	-0.9736816	0.0329990	0.1578272	0.5075147	0.0000000	0.0000000
