1599.9954356	1484.9890900	15574.8041016	3.0794890	0.7665366	0.0195138	0.8043659	0.4135861	0.0000000	1485.0000000
1594.9925208	1484.9890900	15569.9486328	3.0696408	0.7461890	0.0386018	0.8723323	0.4065925	0.0000000	0.0000000
1589.9980278	1484.9890900	15564.8503906	3.0597817	0.7261750	0.0468873	0.8822088	0.4058593	0.0000000	0.0000000
1584.9953866	1484.9890900	15559.7663867	3.0499225	0.7058274	0.0420015	0.8848628	0.4062534	0.0000000	0.0000000
1579.9932605	1484.9890900	15554.9267383	3.0400634	0.6858134	0.0345480	0.8466569	0.4147988	0.0000000	0.0000000
1574.9903821	1484.9890900	15549.8451074	3.0302042	0.6654658	0.0348428	0.8459091	0.4132103	0.0000000	0.0000000
1569.9879348	1484.9890900	15544.7634766	3.0203451	0.6451182	0.0279135	0.8532841	0.4121329	0.0000000	0.0000000
1564.9910956	1484.9890900	15539.9238281	3.0104859	0.6251042	0.0260455	0.8031323	0.4226111	0.0000000	0.0000000
1559.9998645	1484.9890900	15534.8586035	3.0006268	0.6047567	0.0211102	0.7760844	0.4105756	0.0000000	0.0000000
1554.9972408	1484.9890900	15529.7933789	2.9907676	0.5847427	0.0229939	0.7701577	0.4116476	0.0000000	0.0000000
1549.9908346	1484.9890900	15524.9693555	2.9809085	0.5643951	0.0241490	0.7537373	0.4197987	0.0000000	0.0000000
1544.9998486	1484.9890900	15519.9041309	2.9710493	0.5440475	0.0390378	0.7659617	0.3997437	0.0000000	0.0000000
1539.9918854	1484.9890900	15514.8420312	2.9611901	0.5240335	0.0414982	0.7523753	0.4115723	0.0000000	0.0000000
1534.9961535	1484.9890900	15509.7932129	2.9513310	0.5036859	0.0558636	0.7395971	0.4147848	0.0000000	0.0000000
1529.9946542	1484.9890900	15504.9848145	2.9414718	0.4836719	0.0736595	0.7615684	0.4094630	0.0000000	0.0000000
1525.0057058	1484.9890900	15499.9359961	2.9316127	0.4633243	0.0729758	0.7430517	0.4109777	0.0000000	0.0000000
1519.9916865	1484.9890900	15494.8871777	2.9217535	0.4429768	0.0926948	0.7312538	0.4074219	0.0000000	0.0000000
1514.9965539	1484.9890900	15489.8445312	2.9118944	0.4229627	0.0908877	0.7200244	0.4131521	0.0000000	0.0000000
1509.9948860	1484.9890900	15484.8119141	2.9020352	0.4026152	0.0873437	0.7156475	0.4119525	0.0000000	0.0000000
1504.9928588	1484.9890900	15479.7792969	2.8921761	0.3826012	0.0813049	0.7084429	0.4098962	0.0000000	0.0000000
1499.9935148	1484.9890900	15474.9863281	2.8823169	0.3622536	0.0828893	0.7214660	0.4167252	0.0000000	0.0000000
1494.9945089	1484.9890900	15469.9537109	2.8724577	0.3419060	0.0729601	0.7159967	0.4088080	0.0000000	0.0000000
1489.9975133	1484.9890900	15464.9302344	2.8625986	0.3218920	0.0456395	0.7231206	0.4112568	0.0000000	0.0000000
1485.0010010	1484.9890900	15459.9136133	2.8527394	0.3015444	0.0418696	0.7072011	0.4241412	0.0000000	0.0000000
1479.9904481	1484.9890900	15454.8969922	2.8428803	0.2815304	0.0527877	0.7039181	0.4179124	0.0000000	0.0000000
1474.9938468	1484.9890900	15449.8803711	2.8330211	0.2611828	0.0835632	0.7012363	0.4241062	0.0000000	0.0000000
1470.0034186	1484.9890900	15444.8637500	2.8231620	0.2411688	0.1064443	0.7033893	0.4133644	0.0000000	0.0000000
1464.9928549	1484.9890900	15439.8602441	2.8133028	0.2208212	0.1114077	0.6757385	0.4159396	0.0000000	0.0000000
1460.0031723	1484.9890900	15434.8598242	2.8034437	0.2004737	0.0918931	0.6857587	0.4150140	0.0000000	0.0000000
1455.0066100	1484.9890900	15429.8594043	2.7935845	0.1804597	0.0601251	0.6826077	0.4116178	0.0000000	0.0000000
1449.9959945	1484.9890900	15424.8589844	2.7837254	0.1601121	0.0253932	0.6671087	0.4189583	0.0000000	0.0000000
1444.9966097	1484.9890900	15419.8593262	2.7738662	0.1400981	0.0138923	0.6720156	0.4144194	0.0000000	0.0000000
1439.9920783	1484.9890900	15414.8749023	2.7640070	0.1197505	0.0434657	0.6536642	0.4184185	0.0000000	0.0000000
1435.0050512	1484.9890900	15409.8904785	2.7541479	0.0994029	0.1356802	0.6490983	0.4109335	0.0000000	0.0000000
1429.9929097	1484.9890900	15404.9060547	2.7442887	0.0793889	0.1904990	0.6291406	0.4118743	0.0000000	0.0000000
1424.9928269	1484.9890900	15399.9216309	2.7344296	0.0590413	0.2069238	0.6126522	0.4156710	0.0000000	0.0000000
1419.9996525	1484.9890900	15394.9417773	2.7245704	0.0390273	0.1657590	0.5994456	0.4190848	0.0000000	0.0000000
1414.9812696	1484.9890900	15389.9733496	2.7147113	0.0186797	0.1299537	0.6020487	0.4201256	0.0000000	0.0000000
1409.9936575	1484.9890900	15384.7683301	2.7048521	-0.0016678	0.0879380	0.5808402	0.4188225	0.0000000	0.0000000
1405.0002814	1484.9890900	15379.7999023	2.6949930	-0.0216818	0.0656473	0.5811099	0.4137857	0.0000000	0.0000000
1399.9876626	1484.9890900	15374.8314746	2.6851338	-0.0420294	0.0466647	0.5579636	0.4111910	0.0000000	0.0000000
1394.9908780	1484.9890900	15369.8720703	2.6752746	-0.0620434	0.0417720	0.5507333	0.4207275	0.0000000	0.0000000
1389.9855886	1484.9890900	15364.9194336	2.6654155	-0.0823910	0.0381282	0.5383136	0.4188145	0.0000000	0.0000000
1385.0053575	1484.9890900	15359.9667969	2.6555563	-0.1027386	0.0334254	0.5332378	0.4207760	0.0000000	0.0000000
1379.9954919	1484.9890900	15354.7783203	2.6456972	-0.1227526	0.0253851	0.5370304	0.4125891	0.0000000	0.0000000
1374.9916695	1484.9890900	15349.8256836	2.6358380	-0.1431002	0.0227260	0.5442329	0.4069614	0.0000000	0.0000000
1369.9938149	1484.9890900	15344.8864062	2.6259789	-0.1631142	0.0350848	0.5165165	0.4100800	0.0000000	0.0000000
1364.9893972	1484.9890900	15339.9493555	2.6161197	-0.1834618	0.0718464	0.5033947	0.4152001	0.0000000	0.0000000
1360.0037170	1484.9890900	15334.7772070	2.6062606	-0.2034758	0.1205339	0.4729988	0.4179915	0.0000000	0.0000000
1354.9999390	1484.9890900	15329.8401562	2.5964014	-0.2238233	0.1525313	0.4615606	0.4156345	0.0000000	0.0000000
1349.9905185	1484.9890900	15324.9053613	2.5865423	-0.2441709	0.1415227	0.4542385	0.4095039	0.0000000	0.0000000
1344.9967843	1484.9890900	15319.9841016	2.5766831	-0.2641849	0.0947585	0.4427175	0.4068185	0.0000000	0.0000000
1340.0058595	1484.9890900	15314.8284961	2.5668239	-0.2845325	0.0879940	0.4364489	0.4081688	0.0000000	0.0000000
1334.9945685	1484.9890900	15309.9072363	2.5569648	-0.3045465	0.1123461	0.4174408	0.4039221	0.0000000	0.0000000
1329.9975394	1484.9890900	15304.9859766	2.5471056	-0.3248941	0.1280594	0.4007987	0.4107767	0.0000000	0.0000000
1325.0067276	1484.9890900	15299.8376953	2.5372465	-0.3452417	0.1239701	0.3778290	0.4101431	0.0000000	0.0000000
1320.0022339	1484.9890900	15294.9318164	2.5273873	-0.3652557	0.0988368	0.3655105	0.4110944	0.0000000	0.0000000
1314.9983984	1484.9890900	15289.7923242	2.5175282	-0.3856033	0.0721936	0.3441506	0.4141963	0.0000000	0.0000000
1309.9938559	1484.9890900	15284.8864453	2.5076690	-0.4056173	0.0426978	0.3322257	0.4083095	0.0000000	0.0000000
1305.0029693	1484.9890900	15279.9805664	2.4978099	-0.4259648	0.0282977	0.3152129	0.4140441	0.0000000	0.0000000
1300.0059589	1484.9890900	15274.8536914	2.4879507	-0.4463124	0.0255958	0.2976514	0.4135646	0.0000000	0.0000000
1294.9989791	1484.9890900	15269.9633984	2.4780915	-0.4663264	0.0333301	0.2823921	0.4102661	0.0000000	0.0000000
1290.0052150	1484.9890900	15264.8402344	2.4682324	-0.4866740	0.0434384	0.2678269	0.4158220	0.0000000	0.0000000
1285.0068833	1484.9890900	15259.9499414	2.4583732	-0.5066880	0.0524353	0.2524576	0.4100178	0.0000000	0.0000000
1280.0011129	1484.9890900	15254.8289746	2.4485141	-0.5270356	0.0725081	0.2348264	0.4117025	0.0000000	0.0000000
1275.0093966	1484.9890900	15249.9540625	2.4386549	-0.5473832	0.1283232	0.2263843	0.4057882	0.0000000	0.0000000
1270.0009934	1484.9890900	15244.8470117	2.4287958	-0.5673972	0.1816823	0.2029735	0.4063550	0.0000000	0.0000000
1264.9950068	1484.9890900	15239.9720996	2.4189366	-0.5877448	0.1822556	0.1894108	0.4065147	0.0000000	0.0000000
1260.0129909	1484.9890900	15234.8650488	2.4090775	-0.6077588	0.1222037	0.1777133	0.4143610	0.0000000	0.0000000
1255.0147454	1484.9890900	15229.9973633	2.3992183	-0.6281063	0.0908241	0.1651859	0.4014829	0.0000000	0.0000000
1250.0156050	1484.9890900	15224.9062109	2.3893592	-0.6484539	0.0508837	0.1502161	0.4082185	0.0000000	0.0000000
