1599.9954356	1539.9992641	15629.8597656	2.8980286	0.5960839	0.0847865	0.8074295	0.4089844	0.0000000	1540.0000000
1594.9984053	1539.9992641	15624.9726562	2.8881408	0.5757363	0.0683490	0.8712064	0.4176751	0.0000000	0.0000000
1590.0036367	1539.9992641	15619.8411914	2.8782817	0.5557223	0.0514417	0.8817247	0.4167188	0.0000000	0.0000000
1584.9953866	1539.9992641	15614.9540820	2.8684225	0.5353748	0.0504340	0.8806421	0.4130252	0.0000000	0.0000000
1579.9988693	1539.9992641	15609.8322266	2.8585634	0.5150272	0.0671865	0.8636489	0.4147681	0.0000000	0.0000000
1574.9903821	1539.9992641	15604.9611328	2.8487042	0.4950132	0.0808904	0.8484288	0.4199075	0.0000000	0.0000000
1569.9935429	1539.9992641	15599.8464844	2.8388451	0.4746656	0.0862789	0.8268231	0.4204056	0.0000000	0.0000000
1564.9910956	1539.9992641	15594.9753906	2.8289859	0.4546516	0.1013964	0.8063621	0.4268442	0.0000000	0.0000000
1559.9998645	1539.9992641	15589.8607422	2.8191268	0.4343040	0.1131234	0.7761360	0.4217909	0.0000000	0.0000000
1554.9972408	1539.9992641	15584.7578125	2.8092676	0.4139564	0.1502888	0.7652673	0.4191984	0.0000000	0.0000000
1549.9965481	1539.9992641	15579.9023437	2.7994085	0.3939424	0.2306927	0.7550569	0.4177267	0.0000000	0.0000000
1545.0061240	1539.9992641	15574.8041016	2.7895493	0.3735948	0.3535750	0.7680856	0.4169065	0.0000000	0.0000000
1539.9981617	1539.9992641	15569.9486328	2.7796901	0.3535808	0.4732780	0.7435510	0.4152961	0.0000000	0.0000000
1534.9961535	1539.9992641	15564.8503906	2.7698310	0.3332333	0.6148303	0.7575392	0.4160223	0.0000000	0.0000000
1530.0009296	1539.9992641	15559.7663867	2.7599718	0.3128857	0.6461029	0.7397105	0.4237704	0.0000000	0.0000000
1525.0057058	1539.9992641	15554.9267383	2.7501127	0.2928717	0.6397837	0.7422051	0.4201174	0.0000000	0.0000000
1519.9979617	1539.9992641	15549.8451074	2.7402535	0.2725241	0.5718093	0.7323394	0.4142930	0.0000000	0.0000000
1514.9965539	1539.9992641	15544.7634766	2.7303944	0.2525101	0.3315162	0.7155833	0.4231347	0.0000000	0.0000000
1510.0011622	1539.9992641	15539.9238281	2.7205352	0.2321625	0.1211337	0.7193540	0.4189845	0.0000000	0.0000000
1504.9991342	1539.9992641	15534.8586035	2.7106761	0.2121485	0.0523623	0.7112339	0.4279574	0.0000000	0.0000000
1499.9998464	1539.9992641	15529.7933789	2.7008169	0.1918009	0.0408210	0.7158206	0.4287999	0.0000000	0.0000000
1495.0012710	1539.9992641	15524.9693555	2.6909577	0.1714534	0.0461006	0.7342661	0.4209854	0.0000000	0.0000000
1489.9975133	1539.9992641	15519.9041309	2.6810986	0.1514393	0.0512311	0.7339352	0.4190936	0.0000000	0.0000000
1485.0010010	1539.9992641	15514.8420312	2.6712394	0.1310918	0.0569283	0.7289210	0.4242207	0.0000000	0.0000000
1480.0039702	1539.9992641	15509.7932129	2.6613803	0.1110778	0.0458152	0.7111028	0.4227202	0.0000000	0.0000000
1475.0006089	1539.9992641	15504.9848145	2.6515211	0.0907302	0.0567710	0.6994465	0.4252257	0.0000000	0.0000000
1470.0101807	1539.9992641	15499.9359961	2.6416620	0.0703826	0.0871384	0.6953223	0.4191716	0.0000000	0.0000000
1464.9996160	1539.9992641	15494.8871777	2.6318028	0.0503686	0.1125563	0.7000180	0.4212910	0.0000000	0.0000000
1460.0031723	1539.9992641	15489.8445312	2.6219437	0.0300210	0.0892257	0.6814644	0.4169118	0.0000000	0.0000000
1455.0133719	1539.9992641	15484.8119141	2.6120845	0.0100070	0.0632649	0.6877400	0.4224613	0.0000000	0.0000000
1449.9959945	1539.9992641	15479.7792969	2.6022254	-0.0103406	0.0499727	0.6770292	0.4163275	0.0000000	0.0000000
1445.0031453	1539.9992641	15474.9863281	2.5923662	-0.0306881	0.0746532	0.6690628	0.4230178	0.0000000	0.0000000
1440.0045771	1539.9992641	15469.9537109	2.5825070	-0.0507022	0.1032908	0.6559669	0.4152576	0.0000000	0.0000000
1435.0050512	1539.9992641	15464.9302344	2.5726479	-0.0710497	0.1376653	0.6502728	0.4130243	0.0000000	0.0000000
1430.0054103	1539.9992641	15459.9136133	2.5627887	-0.0910637	0.1371265	0.6255917	0.4259652	0.0000000	0.0000000
1424.9990761	1539.9992641	15454.8969922	2.5529296	-0.1114113	0.1016115	0.6294964	0.4214320	0.0000000	0.0000000
1420.0059019	1539.9992641	15449.8803711	2.5430704	-0.1317589	0.0833735	0.6257101	0.4194934	0.0000000	0.0000000
1414.9937701	1539.9992641	15444.8637500	2.5332113	-0.1517729	0.0614857	0.6212855	0.4141382	0.0000000	0.0000000
1409.9999070	1539.9992641	15439.8602441	2.5233521	-0.1721205	0.0507833	0.6003259	0.4183721	0.0000000	0.0000000
1405.0002814	1539.9992641	15434.8598242	2.5134930	-0.1921345	0.0551263	0.5838744	0.4236755	0.0000000	0.0000000
1399.9939120	1539.9992641	15429.8594043	2.5036338	-0.2124821	0.0567921	0.5731253	0.4263926	0.0000000	0.0000000
1394.9969913	1539.9992641	15424.8589844	2.4937746	-0.2324961	0.0600656	0.5678529	0.4220167	0.0000000	0.0000000
1389.9916327	1539.9992641	15419.8593262	2.4839155	-0.2528437	0.0514139	0.5485485	0.4198516	0.0000000	0.0000000
1385.0053575	1539.9992641	15414.8749023	2.4740563	-0.2731912	0.0386163	0.5516171	0.4223753	0.0000000	0.0000000
1380.0015352	1539.9992641	15409.8904785	2.4641972	-0.2932052	0.0260547	0.5435828	0.4214667	0.0000000	0.0000000
1374.9977128	1539.9992641	15404.9060547	2.4543380	-0.3135528	0.0232128	0.5199041	0.4237399	0.0000000	0.0000000
1369.9998590	1539.9992641	15399.9216309	2.4444789	-0.3335668	0.0350706	0.5158331	0.4209463	0.0000000	0.0000000
1364.9954405	1539.9992641	15394.9417773	2.4346197	-0.3539144	0.0680792	0.5083735	0.4234481	0.0000000	0.0000000
1360.0097601	1539.9992641	15389.9733496	2.4247606	-0.3742620	0.0958224	0.4865651	0.4240046	0.0000000	0.0000000
1355.0059831	1539.9992641	15384.7683301	2.4149014	-0.3942760	0.1053600	0.4707086	0.4217861	0.0000000	0.0000000
1349.9967869	1539.9992641	15379.7999023	2.4050423	-0.4146236	0.0801986	0.4395090	0.4215438	0.0000000	0.0000000
1345.0035932	1539.9992641	15374.8314746	2.3951831	-0.4346376	0.0652305	0.4424484	0.4268235	0.0000000	0.0000000
1340.0126684	1539.9992641	15369.8720703	2.3853239	-0.4549852	0.0692427	0.4281318	0.4234934	0.0000000	0.0000000
1335.0013764	1539.9992641	15364.9194336	2.3754648	-0.4753327	0.0857976	0.4203707	0.4238771	0.0000000	0.0000000
1330.0043482	1539.9992641	15359.9667969	2.3656056	-0.4953467	0.0909664	0.4006116	0.4145027	0.0000000	0.0000000
1325.0135365	1539.9992641	15354.7783203	2.3557465	-0.5156943	0.0810289	0.3822606	0.4305446	0.0000000	0.0000000
1320.0090417	1539.9992641	15349.8256836	2.3458873	-0.5357083	0.0442074	0.3558787	0.4245502	0.0000000	0.0000000
1315.0052073	1539.9992641	15344.8864062	2.3360282	-0.5560559	0.0276458	0.3448600	0.4244545	0.0000000	0.0000000
1310.0006648	1539.9992641	15339.9493555	2.3261690	-0.5764035	0.0162146	0.3303755	0.4155800	0.0000000	0.0000000
1305.0097771	1539.9992641	15334.7772070	2.3163099	-0.5964175	0.0149528	0.3197654	0.4196006	0.0000000	0.0000000
1300.0059589	1539.9992641	15329.8401562	2.3064507	-0.6167651	0.0189115	0.3042903	0.4167001	0.0000000	0.0000000
1295.0063540	1539.9992641	15324.9053613	2.2965915	-0.6367791	0.0317538	0.2876781	0.4150169	0.0000000	0.0000000
1290.0126310	1539.9992641	15319.9841016	2.2867324	-0.6571267	0.0464841	0.2675127	0.4114937	0.0000000	0.0000000
1285.0142992	1539.9992641	15314.8284961	2.2768732	-0.6774742	0.0499537	0.2464662	0.4157243	0.0000000	0.0000000
1280.0159472	1539.9992641	15309.9072363	2.2670141	-0.6974882	0.0540643	0.2291096	0.4168679	0.0000000	0.0000000
1275.0093966	1539.9992641	15304.9859766	2.2571549	-0.7178358	0.0913132	0.2113086	0.4196864	0.0000000	0.0000000
1270.0086294	1539.9992641	15299.8376953	2.2472958	-0.7378498	0.0981450	0.1940491	0.4093466	0.0000000	0.0000000
1265.0031208	1539.9992641	15294.9318164	2.2374366	-0.7581974	0.0844998	0.1808460	0.4100336	0.0000000	0.0000000
1260.0211049	1539.9992641	15289.7923242	2.2275775	-0.7782114	0.0635806	0.1682151	0.4213936	0.0000000	0.0000000
1255.0147454	1539.9992641	15284.8864453	2.2177183	-0.7985590	0.0365304	0.1470011	0.4270046	0.0000000	0.0000000
1250.0237205	1539.9992641	15279.9805664	2.2078592	-0.8189066	0.0256591	0.1421704	0.4150697	0.0000000	0.0000000
