1599.9954356	1524.9977631	15614.9540820	2.9473965	0.6424497	0.1405497	0.7879158	0.4150835	0.0000000	1525.0000000
1594.9984053	1524.9977631	15609.8322266	2.9376408	0.6224357	0.0477535	0.8583992	0.4209713	0.0000000	0.0000000
1590.0036367	1524.9977631	15604.9611328	2.9277817	0.6020881	0.0196620	0.8680674	0.4117222	0.0000000	0.0000000
1585.0009939	1524.9977631	15599.8464844	2.9179225	0.5817406	0.0281663	0.8823063	0.4077349	0.0000000	0.0000000
1579.9988693	1524.9977631	15594.9753906	2.9080634	0.5617265	0.0464133	0.8547156	0.4068208	0.0000000	0.0000000
1574.9959902	1524.9977631	15589.8607422	2.8982042	0.5413790	0.0711584	0.8369408	0.4070697	0.0000000	0.0000000
1569.9991510	1524.9977631	15584.7578125	2.8883451	0.5213650	0.1086731	0.8221179	0.4092601	0.0000000	0.0000000
1564.9910956	1524.9977631	15579.9023437	2.8784859	0.5010174	0.1499489	0.7931726	0.4085233	0.0000000	0.0000000
1559.9998645	1524.9977631	15574.8041016	2.8686268	0.4806698	0.2444031	0.7714595	0.4063367	0.0000000	0.0000000
1554.9972408	1524.9977631	15569.9486328	2.8587676	0.4606558	0.4036318	0.7522805	0.4109807	0.0000000	0.0000000
1549.9965481	1524.9977631	15564.8503906	2.8489085	0.4403082	0.4936271	0.7566730	0.4047450	0.0000000	0.0000000
1545.0061240	1524.9977631	15559.7663867	2.8390493	0.4202942	0.6760236	0.7555139	0.4023479	0.0000000	0.0000000
1539.9981617	1524.9977631	15554.9267383	2.8291901	0.3999466	0.7435852	0.7432604	0.4016461	0.0000000	0.0000000
1534.9961535	1524.9977631	15549.8451074	2.8193310	0.3795991	0.7302062	0.7448190	0.4049971	0.0000000	0.0000000
1530.0009296	1524.9977631	15544.7634766	2.8094718	0.3595850	0.6452125	0.7344137	0.4061283	0.0000000	0.0000000
1525.0057058	1524.9977631	15539.9238281	2.7996127	0.3392375	0.4841615	0.7362516	0.4069187	0.0000000	0.0000000
1519.9916865	1524.9977631	15534.8586035	2.7897535	0.3192235	0.3199501	0.7258628	0.4078811	0.0000000	0.0000000
1515.0028293	1524.9977631	15529.7933789	2.7798944	0.2988759	0.2582828	0.7061493	0.4153555	0.0000000	0.0000000
1510.0011622	1524.9977631	15524.9693555	2.7700352	0.2788619	0.2028907	0.7206970	0.4100496	0.0000000	0.0000000
1504.9991342	1524.9977631	15519.9041309	2.7601761	0.2585143	0.1747747	0.7171705	0.4065118	0.0000000	0.0000000
1499.9998464	1524.9977631	15514.8420312	2.7503169	0.2381667	0.1564576	0.7234113	0.4129434	0.0000000	0.0000000
1495.0012710	1524.9977631	15509.7932129	2.7404577	0.2181527	0.1209414	0.7252279	0.4083580	0.0000000	0.0000000
1489.9975133	1524.9977631	15504.9848145	2.7305986	0.1978051	0.0918569	0.7247874	0.4104838	0.0000000	0.0000000
1485.0077631	1524.9977631	15499.9359961	2.7207394	0.1777911	0.0729222	0.7144198	0.4094535	0.0000000	0.0000000
1480.0039702	1524.9977631	15494.8871777	2.7108803	0.1574435	0.1097092	0.7126283	0.4093103	0.0000000	0.0000000
1475.0073710	1524.9977631	15489.8445312	2.7010211	0.1370960	0.1807207	0.6960646	0.4082929	0.0000000	0.0000000
1470.0101807	1524.9977631	15484.8119141	2.6911620	0.1170820	0.2842178	0.6958184	0.4094216	0.0000000	0.0000000
1464.9996160	1524.9977631	15479.7792969	2.6813028	0.0967344	0.3120098	0.6863567	0.4155131	0.0000000	0.0000000
1460.0031723	1524.9977631	15474.9863281	2.6714437	0.0767204	0.2222563	0.6813590	0.4074177	0.0000000	0.0000000
1455.0066100	1524.9977631	15469.9537109	2.6615845	0.0563728	0.1396531	0.6693025	0.4125845	0.0000000	0.0000000
1449.9959945	1524.9977631	15464.9302344	2.6517254	0.0360252	0.0815980	0.6881215	0.4153053	0.0000000	0.0000000
1445.0031453	1524.9977631	15459.9136133	2.6418662	0.0160112	0.1163596	0.6664622	0.4051537	0.0000000	0.0000000
1439.9983277	1524.9977631	15454.8969922	2.6320070	-0.0043364	0.2235095	0.6642174	0.4042416	0.0000000	0.0000000
1435.0050512	1524.9977631	15449.8803711	2.6221479	-0.0243504	0.3758181	0.6436240	0.4051204	0.0000000	0.0000000
1429.9991600	1524.9977631	15444.8637500	2.6122887	-0.0446980	0.3803689	0.6278939	0.3996239	0.0000000	0.0000000
1424.9990761	1524.9977631	15439.8602441	2.6024296	-0.0650455	0.3675692	0.6152275	0.3995284	0.0000000	0.0000000
1420.0059019	1524.9977631	15434.8598242	2.5925704	-0.0850595	0.3079236	0.6168994	0.4027836	0.0000000	0.0000000
1414.9937701	1524.9977631	15429.8594043	2.5827113	-0.1054071	0.2680383	0.6171970	0.3979014	0.0000000	0.0000000
1409.9999070	1524.9977631	15424.8589844	2.5728521	-0.1254211	0.1942235	0.5991461	0.4027180	0.0000000	0.0000000
1405.0002814	1524.9977631	15419.8593262	2.5629930	-0.1457687	0.1667568	0.5763428	0.4112069	0.0000000	0.0000000
1399.9939120	1524.9977631	15414.8749023	2.5531338	-0.1661163	0.1546517	0.5718368	0.4103849	0.0000000	0.0000000
1394.9969913	1524.9977631	15409.8904785	2.5432746	-0.1861303	0.1493549	0.5570520	0.4034055	0.0000000	0.0000000
1389.9976768	1524.9977631	15404.9060547	2.5334155	-0.2064779	0.1246707	0.5536969	0.4061793	0.0000000	0.0000000
1385.0053575	1524.9977631	15399.9216309	2.5235563	-0.2264919	0.0913309	0.5373586	0.4104579	0.0000000	0.0000000
1380.0015352	1524.9977631	15394.9417773	2.5136972	-0.2468395	0.0564913	0.5381284	0.4034757	0.0000000	0.0000000
1375.0037561	1524.9977631	15389.9733496	2.5038380	-0.2668535	0.0469714	0.5308861	0.4094209	0.0000000	0.0000000
1369.9998590	1524.9977631	15384.7683301	2.4939789	-0.2872010	0.1097681	0.5191351	0.4042004	0.0000000	0.0000000
1364.9954405	1524.9977631	15379.7999023	2.4841197	-0.3075486	0.2261868	0.4949478	0.4101679	0.0000000	0.0000000
1360.0097601	1524.9977631	15374.8314746	2.4742606	-0.3275626	0.3379045	0.4712323	0.4128179	0.0000000	0.0000000
1354.9999390	1524.9977631	15369.8720703	2.4644014	-0.3479102	0.3998632	0.4703967	0.4154572	0.0000000	0.0000000
1349.9905185	1524.9977631	15364.9194336	2.4545423	-0.3679242	0.3060039	0.4552992	0.4056698	0.0000000	0.0000000
1345.0035932	1524.9977631	15359.9667969	2.4446831	-0.3882718	0.1994868	0.4372633	0.4016163	0.0000000	0.0000000
1340.0058595	1524.9977631	15354.7783203	2.4348239	-0.4086194	0.2019932	0.4315941	0.3982809	0.0000000	0.0000000
1335.0013764	1524.9977631	15349.8256836	2.4249648	-0.4286334	0.2910059	0.4226333	0.3998060	0.0000000	0.0000000
1330.0043482	1524.9977631	15344.8864062	2.4151056	-0.4489810	0.3858644	0.3980597	0.4045460	0.0000000	0.0000000
1325.0067276	1524.9977631	15339.9493555	2.4052465	-0.4689950	0.3336295	0.3811005	0.4020963	0.0000000	0.0000000
1320.0090417	1524.9977631	15334.7772070	2.3953873	-0.4893425	0.2621447	0.3674692	0.4020912	0.0000000	0.0000000
1314.9983984	1524.9977631	15329.8401562	2.3855282	-0.5096901	0.1315692	0.3415862	0.4018129	0.0000000	0.0000000
1310.0006648	1524.9977631	15324.9053613	2.3756690	-0.5297041	0.0688743	0.3216848	0.4013433	0.0000000	0.0000000
1305.0029693	1524.9977631	15319.9841016	2.3658099	-0.5500517	0.0442280	0.3260805	0.3922616	0.0000000	0.0000000
1300.0059589	1524.9977631	15314.8284961	2.3559507	-0.5700657	0.0502349	0.2975383	0.3993418	0.0000000	0.0000000
1295.0063540	1524.9977631	15309.9072363	2.3460915	-0.5904133	0.0857145	0.2803317	0.4003657	0.0000000	0.0000000
1290.0052150	1524.9977631	15304.9859766	2.3362324	-0.6107609	0.1186945	0.2619132	0.3999246	0.0000000	0.0000000
1285.0142992	1524.9977631	15299.8376953	2.3263732	-0.6307749	0.1385444	0.2443075	0.4081968	0.0000000	0.0000000
1280.0085301	1524.9977631	15294.9318164	2.3165141	-0.6511225	0.1841090	0.2247444	0.4047941	0.0000000	0.0000000
1275.0093966	1524.9977631	15289.7923242	2.3066549	-0.6711365	0.3442798	0.2088683	0.4041348	0.0000000	0.0000000
1270.0009934	1524.9977631	15284.8864453	2.2967958	-0.6914840	0.4636537	0.1995397	0.4062181	0.0000000	0.0000000
1265.0031208	1524.9977631	15279.9805664	2.2869366	-0.7114980	0.4530598	0.1869717	0.4091616	0.0000000	0.0000000
1260.0129909	1524.9977631	15274.8536914	2.2770775	-0.7318456	0.3442910	0.1698153	0.4051003	0.0000000	0.0000000
1255.0147454	1524.9977631	15269.9633984	2.2672183	-0.7521932	0.1888230	0.1641708	0.4064292	0.0000000	0.0000000
1250.0156050	1524.9977631	15264.8402344	2.2573592	-0.7722072	0.1035708	0.1515552	0.4105785	0.0000000	0.0000000
