1599.9954356	1499.9890516	15589.8607422	3.0301211	0.7198372	0.0351473	0.7994807	0.4081526	0.0000000	1500.0000000
1594.9984053	1499.9890516	15584.7578125	3.0201408	0.6998232	0.0314039	0.8607411	0.4083296	0.0000000	0.0000000
1590.0036367	1499.9890516	15579.9023437	3.0102817	0.6794756	0.0230046	0.8819699	0.3959606	0.0000000	0.0000000
1584.9953866	1499.9890516	15574.8041016	3.0004225	0.6594616	0.0270760	0.8639207	0.4030816	0.0000000	0.0000000
1580.0044781	1499.9890516	15569.9486328	2.9905634	0.6391140	0.0299312	0.8474260	0.4167852	0.0000000	0.0000000
1574.9903821	1499.9890516	15564.8503906	2.9807042	0.6191000	0.0419137	0.8519777	0.4101930	0.0000000	0.0000000
1569.9935429	1499.9890516	15559.7663867	2.9708451	0.5987525	0.0517145	0.8416309	0.4072756	0.0000000	0.0000000
1564.9910956	1499.9890516	15554.9267383	2.9609859	0.5784049	0.0677020	0.8060167	0.4106775	0.0000000	0.0000000
1559.9998645	1499.9890516	15549.8451074	2.9511268	0.5583909	0.0797828	0.7908884	0.4098776	0.0000000	0.0000000
1554.9972408	1499.9890516	15544.7634766	2.9412676	0.5380433	0.0838835	0.7621447	0.4177763	0.0000000	0.0000000
1549.9965481	1499.9890516	15539.9238281	2.9314085	0.5180293	0.0737694	0.7654246	0.4019143	0.0000000	0.0000000
1545.0061240	1499.9890516	15534.8586035	2.9215493	0.4976817	0.0616829	0.7494411	0.4049855	0.0000000	0.0000000
1539.9981617	1499.9890516	15529.7933789	2.9116901	0.4773341	0.0627222	0.7403482	0.4059891	0.0000000	0.0000000
1534.9961535	1499.9890516	15524.9693555	2.9018310	0.4573201	0.0924034	0.7317228	0.4065775	0.0000000	0.0000000
1529.9946542	1499.9890516	15519.9041309	2.8919718	0.4369725	0.1294995	0.7480834	0.4057692	0.0000000	0.0000000
1525.0057058	1499.9890516	15514.8420312	2.8821127	0.4169585	0.1504203	0.7341033	0.4077273	0.0000000	0.0000000
1519.9979617	1499.9890516	15509.7932129	2.8722535	0.3966110	0.1739869	0.7149080	0.4097360	0.0000000	0.0000000
1514.9965539	1499.9890516	15504.9848145	2.8623944	0.3762634	0.1897803	0.7096934	0.4014692	0.0000000	0.0000000
1510.0011622	1499.9890516	15499.9359961	2.8525352	0.3562494	0.1646984	0.7133134	0.4027774	0.0000000	0.0000000
1504.9991342	1499.9890516	15494.8871777	2.8426761	0.3359018	0.1299022	0.7067800	0.4008595	0.0000000	0.0000000
1499.9935148	1499.9890516	15489.8445312	2.8328169	0.3158878	0.1033617	0.7272390	0.4031168	0.0000000	0.0000000
1494.9945089	1499.9890516	15484.8119141	2.8229577	0.2955402	0.1095298	0.7231581	0.4011697	0.0000000	0.0000000
1489.9975133	1499.9890516	15479.7792969	2.8130986	0.2751926	0.1024878	0.7261348	0.4035205	0.0000000	0.0000000
1485.0010010	1499.9890516	15474.9863281	2.8032394	0.2551786	0.0685198	0.7209594	0.4068585	0.0000000	0.0000000
1480.0039702	1499.9890516	15469.9537109	2.7933803	0.2348310	0.0603492	0.7132527	0.3988010	0.0000000	0.0000000
1475.0006089	1499.9890516	15464.9302344	2.7835211	0.2148170	0.1134413	0.7118523	0.4070410	0.0000000	0.0000000
1470.0101807	1499.9890516	15459.9136133	2.7736620	0.1944695	0.1863201	0.6987901	0.4040889	0.0000000	0.0000000
1464.9928549	1499.9890516	15454.8969922	2.7638028	0.1744555	0.2355573	0.6812155	0.4083431	0.0000000	0.0000000
1460.0031723	1499.9890516	15449.8803711	2.7539437	0.1541079	0.1811167	0.6856713	0.4013867	0.0000000	0.0000000
1455.0066100	1499.9890516	15444.8637500	2.7440845	0.1337603	0.1034176	0.6779143	0.3984795	0.0000000	0.0000000
1449.9959945	1499.9890516	15439.8602441	2.7342254	0.1137463	0.0454012	0.6759113	0.3921600	0.0000000	0.0000000
1445.0031453	1499.9890516	15434.8598242	2.7243662	0.0933987	0.0324756	0.6709096	0.4009190	0.0000000	0.0000000
1439.9983277	1499.9890516	15429.8594043	2.7145070	0.0733847	0.1250588	0.6496310	0.4079014	0.0000000	0.0000000
1435.0050512	1499.9890516	15424.8589844	2.7046479	0.0530371	0.3025076	0.6384225	0.4026364	0.0000000	0.0000000
1429.9991600	1499.9890516	15419.8593262	2.6947887	0.0326895	0.4185906	0.6477467	0.3946964	0.0000000	0.0000000
1424.9990761	1499.9890516	15414.8749023	2.6849296	0.0126755	0.4417637	0.6418241	0.4036464	0.0000000	0.0000000
1420.0059019	1499.9890516	15409.8904785	2.6750704	-0.0076720	0.3749783	0.6170452	0.3973073	0.0000000	0.0000000
1414.9937701	1499.9890516	15404.9060547	2.6652113	-0.0276860	0.2893475	0.6115676	0.4095488	0.0000000	0.0000000
1409.9999070	1499.9890516	15399.9216309	2.6553521	-0.0480336	0.2097451	0.6111721	0.4127213	0.0000000	0.0000000
1405.0002814	1499.9890516	15394.9417773	2.6454930	-0.0683812	0.1636749	0.5933656	0.4049928	0.0000000	0.0000000
1399.9939120	1499.9890516	15389.9733496	2.6356338	-0.0883952	0.1385610	0.5731824	0.4094697	0.0000000	0.0000000
1394.9969913	1499.9890516	15384.7683301	2.6257746	-0.1087428	0.1126475	0.5667647	0.4032004	0.0000000	0.0000000
1389.9976768	1499.9890516	15379.7999023	2.6159155	-0.1287568	0.0959608	0.5592118	0.4034655	0.0000000	0.0000000
1385.0053575	1499.9890516	15374.8314746	2.6060563	-0.1491044	0.0790505	0.5408621	0.4101069	0.0000000	0.0000000
1379.9954919	1499.9890516	15369.8720703	2.5961972	-0.1694519	0.0549272	0.5416918	0.4098574	0.0000000	0.0000000
1375.0037561	1499.9890516	15364.9194336	2.5863380	-0.1894660	0.0389990	0.5263561	0.4059116	0.0000000	0.0000000
1369.9998590	1499.9890516	15359.9667969	2.5764789	-0.2098135	0.0659690	0.5067500	0.4049214	0.0000000	0.0000000
1364.9893972	1499.9890516	15354.7783203	2.5666197	-0.2298275	0.1627751	0.4951234	0.4026116	0.0000000	0.0000000
1360.0097601	1499.9890516	15349.8256836	2.5567606	-0.2501751	0.3060676	0.4798925	0.4061703	0.0000000	0.0000000
1354.9999390	1499.9890516	15344.8864062	2.5469014	-0.2701891	0.3162096	0.4660639	0.4174080	0.0000000	0.0000000
1349.9905185	1499.9890516	15339.9493555	2.5370423	-0.2905367	0.2709205	0.4462874	0.4070297	0.0000000	0.0000000
1345.0035932	1499.9890516	15334.7772070	2.5271831	-0.3108843	0.1951320	0.4246364	0.4093879	0.0000000	0.0000000
1340.0058595	1499.9890516	15329.8401562	2.5173239	-0.3308983	0.1933422	0.4241356	0.4084364	0.0000000	0.0000000
1335.0013764	1499.9890516	15324.9053613	2.5074648	-0.3512459	0.2452948	0.4092308	0.4027446	0.0000000	0.0000000
1330.0043482	1499.9890516	15319.9841016	2.4976056	-0.3712599	0.3027891	0.3978202	0.4011071	0.0000000	0.0000000
1325.0067276	1499.9890516	15314.8284961	2.4877465	-0.3916075	0.3263911	0.3793507	0.4036199	0.0000000	0.0000000
1320.0090417	1499.9890516	15309.9072363	2.4778873	-0.4119550	0.2717690	0.3611713	0.4081414	0.0000000	0.0000000
1315.0052073	1499.9890516	15304.9859766	2.4680282	-0.4319690	0.1672466	0.3515127	0.4073087	0.0000000	0.0000000
1310.0006648	1499.9890516	15299.8376953	2.4581690	-0.4523166	0.0924568	0.3271144	0.4107794	0.0000000	0.0000000
1305.0029693	1499.9890516	15294.9318164	2.4483099	-0.4723306	0.0589882	0.3136472	0.4122239	0.0000000	0.0000000
1300.0059589	1499.9890516	15289.7923242	2.4384507	-0.4926782	0.0571938	0.2971404	0.4024181	0.0000000	0.0000000
1295.0063540	1499.9890516	15284.8864453	2.4285915	-0.5130258	0.0788926	0.2753983	0.4065049	0.0000000	0.0000000
1290.0126310	1499.9890516	15279.9805664	2.4187324	-0.5330398	0.1024020	0.2639937	0.4088066	0.0000000	0.0000000
1285.0068833	1499.9890516	15274.8536914	2.4088732	-0.5533874	0.1238685	0.2420012	0.4165559	0.0000000	0.0000000
1280.0085301	1499.9890516	15269.9633984	2.3990141	-0.5734014	0.1521554	0.2233661	0.4123611	0.0000000	0.0000000
1275.0093966	1499.9890516	15264.8402344	2.3891549	-0.5937490	0.3244314	0.2140103	0.3987406	0.0000000	0.0000000
1270.0009934	1499.9890516	15259.9499414	2.3792958	-0.6140965	0.4766610	0.1935830	0.4078107	0.0000000	0.0000000
1265.0031208	1499.9890516	15254.8289746	2.3694366	-0.6341105	0.4548694	0.1859033	0.4077892	0.0000000	0.0000000
1260.0129909	1499.9890516	15249.9540625	2.3595775	-0.6544581	0.3325552	0.1693447	0.4083047	0.0000000	0.0000000
1255.0147454	1499.9890516	15244.8470117	2.3497183	-0.6744721	0.2178588	0.1572148	0.4098356	0.0000000	0.0000000
1250.0237205	1499.9890516	15239.9720996	2.3398592	-0.6948197	0.1126819	0.1412905	0.4179259	0.0000000	0.0000000
