1.000000	1360.544218	1.000000	1282.051282	1.000000	1360.460300	150.010381	0.000000	150.040569	0.000000	-0.006945	-0.000025	-0.000030	-0.000203	NaN	NaN	NaN	NaN	NaN
2.000000	1360.544218	1.000000	1282.051282	1.000000	1360.460300	150.010381	0.000000	135.030184	0.000000	-0.006117	-0.000024	-0.000031	-0.000200	NaN	NaN	NaN	NaN	NaN
3.000000	1360.544218	1.000000	1282.051282	1.000000	1360.460300	150.010381	0.000000	119.953087	0.000000	-0.007905	-0.000025	-0.000032	-0.000181	NaN	NaN	NaN	NaN	NaN
4.000000	1360.544218	1.000000	1282.051282	1.000000	1360.460300	150.010381	0.000000	104.942703	0.000000	-0.007177	-0.000026	-0.000033	-0.000189	NaN	NaN	NaN	NaN	NaN
5.000000	1360.544218	1.000000	1282.051282	1.000000	1360.460300	150.010381	0.000000	89.932319	0.000000	-0.004980	-0.000028	-0.000031	-0.000193	NaN	NaN	NaN	NaN	NaN
6.000000	1360.544218	1.000000	1282.051282	1.000000	1360.460300	150.010381	0.000000	74.921934	0.000000	-0.002030	-0.000025	-0.000028	-0.000196	NaN	NaN	NaN	NaN	NaN
7.000000	1360.544218	1.000000	1282.051282	1.000000	1360.460300	150.010381	0.000000	60.044976	0.000000	-0.000344	-0.000027	-0.000030	-0.000198	NaN	NaN	NaN	NaN	NaN
8.000000	1360.544218	1.000000	1282.051282	1.000000	1360.460300	150.010381	0.000000	44.967879	0.000000	0.002656	-0.000026	-0.000029	-0.000173	NaN	NaN	NaN	NaN	NaN
9.000000	1360.544218	1.000000	1282.051282	1.000000	1360.460300	150.010381	0.000000	30.090920	0.000000	0.000216	-0.000024	-0.000032	-0.000214	NaN	NaN	NaN	NaN	NaN
10.000000	1360.544218	1.000000	1282.051282	1.000000	1360.460300	150.010381	0.000000	14.947110	0.000000	0.001248	-0.000025	-0.000027	-0.000195	NaN	NaN	NaN	NaN	NaN
11.000000	1360.544218	1.000000	1282.051282	1.000000	1360.460300	150.010381	0.000000	0.003439	0.000000	0.001745	-0.000023	-0.000030	-0.000216	NaN	NaN	NaN	NaN	NaN
12.000000	1360.544218	1.000000	1282.051282	1.000000	1360.460300	150.010381	0.000000	-15.006946	0.000000	0.001641	-0.000027	-0.000031	-0.000204	NaN	NaN	NaN	NaN	NaN
13.000000	1360.544218	1.000000	1282.051282	1.000000	1360.460300	150.010381	0.000000	-30.017330	0.000000	-0.004336	-0.000026	-0.000034	-0.000204	NaN	NaN	NaN	NaN	NaN
14.000000	1360.544218	1.000000	1282.051282	1.000000	1360.460300	150.010381	0.000000	-45.027714	0.000000	-0.006598	-0.000027	-0.000031	-0.000202	NaN	NaN	NaN	NaN	NaN
15.000000	1360.544218	1.000000	1282.051282	1.000000	1360.460300	150.010381	0.000000	-60.038099	0.000000	-0.005778	-0.000025	-0.000029	-0.000203	NaN	NaN	NaN	NaN	NaN
16.000000	1360.544218	1.000000	1282.051282	1.000000	1360.460300	150.010381	0.000000	-74.981770	0.000000	-0.008282	-0.000027	-0.000033	-0.000201	NaN	NaN	NaN	NaN	NaN
17.000000	1360.544218	1.000000	1282.051282	1.000000	1360.460300	150.010381	0.000000	-89.992154	0.000000	-0.006473	-0.000028	-0.000033	-0.000201	NaN	NaN	NaN	NaN	NaN
18.000000	1360.544218	1.000000	1282.051282	1.000000	1360.460300	150.010381	0.000000	-105.135964	0.000000	-0.008775	-0.000027	-0.000031	-0.000193	NaN	NaN	NaN	NaN	NaN
19.000000	1360.544218	1.000000	1282.051282	1.000000	1360.460300	150.010381	0.000000	-120.079636	0.000000	-0.007838	-0.000025	-0.000029	-0.000202	NaN	NaN	NaN	NaN	NaN
20.000000	1360.544218	1.000000	1282.051282	1.000000	1360.460300	150.010381	0.000000	-135.090020	0.000000	-0.008032	-0.000027	-0.000032	-0.000201	NaN	NaN	NaN	NaN	NaN
21.000000	1360.544218	1.000000	1282.051282	1.000000	1360.460300	150.010381	0.000000	-150.100404	0.000000	-0.007900	-0.000027	-0.000032	-0.000211	NaN	NaN	NaN	NaN	NaN
22.000000	1360.544218	1.000000	1282.051282	1.000000	1360.460300	134.999996	0.000000	150.040569	0.000000	-0.007325	-0.000024	-0.000030	-0.000212	NaN	NaN	NaN	NaN	NaN
23.000000	1360.544218	1.000000	1282.051282	1.000000	1360.460300	134.999996	0.000000	135.030184	0.000000	-0.006641	-0.000025	-0.000032	-0.000209	NaN	NaN	NaN	NaN	NaN
24.000000	1360.544218	1.000000	1282.051282	1.000000	1360.460300	134.999996	0.000000	120.086513	0.000000	-0.007498	-0.000024	-0.000030	-0.000204	NaN	NaN	NaN	NaN	NaN
25.000000	1360.544218	1.000000	1282.051282	1.000000	1360.460300	134.999996	0.000000	104.942703	0.000000	-0.007158	-0.000026	-0.000032	-0.000195	NaN	NaN	NaN	NaN	NaN
26.000000	1360.544218	1.000000	1282.051282	1.000000	1360.460300	134.999996	0.000000	90.065744	0.000000	-0.006356	-0.000024	-0.000032	-0.000187	NaN	NaN	NaN	NaN	NaN
27.000000	1360.544218	1.000000	1282.051282	1.000000	1360.460300	134.999996	0.000000	74.921934	0.000000	-0.003107	-0.000025	-0.000031	-0.000209	NaN	NaN	NaN	NaN	NaN
28.000000	1360.544218	1.000000	1282.051282	1.000000	1360.460300	134.999996	0.000000	60.044976	0.000000	0.000643	-0.000026	-0.000033	-0.000202	NaN	NaN	NaN	NaN	NaN
29.000000	1360.544218	1.000000	1282.051282	1.000000	1360.460300	134.999996	0.000000	44.967879	0.000000	0.001250	-0.000026	-0.000033	-0.000182	NaN	NaN	NaN	NaN	NaN
30.000000	1360.544218	1.000000	1282.051282	1.000000	1360.460300	134.999996	0.000000	30.090920	0.000000	-0.000586	-0.000026	-0.000030	-0.000195	NaN	NaN	NaN	NaN	NaN
31.000000	1360.544218	1.000000	1282.051282	1.000000	1360.460300	134.999996	0.000000	14.947110	0.000000	0.003214	-0.000025	-0.000033	-0.000195	NaN	NaN	NaN	NaN	NaN
32.000000	1360.544218	1.000000	1282.051282	1.000000	1360.460300	134.999996	0.000000	0.003439	0.000000	0.005864	-0.000029	-0.000032	-0.000211	NaN	NaN	NaN	NaN	NaN
33.000000	1360.544218	1.000000	1282.051282	1.000000	1360.460300	134.999996	0.000000	-15.006946	0.000000	0.002545	-0.000027	-0.000032	-0.000210	NaN	NaN	NaN	NaN	NaN
34.000000	1360.544218	1.000000	1282.051282	1.000000	1360.460300	134.999996	0.000000	-30.017330	0.000000	-0.003762	-0.000026	-0.000030	-0.000207	NaN	NaN	NaN	NaN	NaN
35.000000	1360.544218	1.000000	1282.051282	1.000000	1360.460300	134.999996	0.000000	-45.027714	0.000000	-0.006274	-0.000025	-0.000031	-0.000202	NaN	NaN	NaN	NaN	NaN
36.000000	1360.544218	1.000000	1282.051282	1.000000	1360.460300	134.999996	0.000000	-60.038099	0.000000	-0.007317	-0.000025	-0.000032	-0.000189	NaN	NaN	NaN	NaN	NaN
37.000000	1360.544218	1.000000	1282.051282	1.000000	1360.460300	134.999996	0.000000	-74.981770	0.000000	-0.007761	-0.000026	-0.000032	-0.000198	NaN	NaN	NaN	NaN	NaN
38.000000	1360.544218	1.000000	1282.051282	1.000000	1360.460300	134.999996	0.000000	-89.992154	0.000000	-0.008557	-0.000026	-0.000032	-0.000182	NaN	NaN	NaN	NaN	NaN
39.000000	1360.544218	1.000000	1282.051282	1.000000	1360.460300	134.999996	0.000000	-105.135964	0.000000	-0.006901	-0.000029	-0.000030	-0.000200	NaN	NaN	NaN	NaN	NaN
40.000000	1360.544218	1.000000	1282.051282	1.000000	1360.460300	134.999996	0.000000	-120.079636	0.000000	-0.006587	-0.000025	-0.000032	-0.000208	NaN	NaN	NaN	NaN	NaN
41.000000	1360.544218	1.000000	1282.051282	1.000000	1360.460300	134.999996	0.000000	-135.090020	0.000000	-0.006311	-0.000025	-0.000032	-0.000194	NaN	NaN	NaN	NaN	NaN
42.000000	1360.544218	1.000000	1282.051282	1.000000	1360.460300	134.999996	0.000000	-150.100404	0.000000	-0.007770	-0.000027	-0.000031	-0.000198	NaN	NaN	NaN	NaN	NaN
43.000000	1360.544218	1.000000	1282.051282	1.000000	1360.460300	119.989612	0.000000	150.040569	0.000000	-0.007949	-0.000026	-0.000029	-0.000184	NaN	NaN	NaN	NaN	NaN
44.000000	1360.544218	1.000000	1282.051282	1.000000	1360.460300	119.989612	0.000000	135.030184	0.000000	-0.007597	-0.000025	-0.000029	-0.000206	NaN	NaN	NaN	NaN	NaN
45.000000	1360.544218	1.000000	1282.051282	1.000000	1360.460300	119.989612	0.000000	120.086513	0.000000	-0.008087	-0.000027	-0.000031	-0.000174	NaN	NaN	NaN	NaN	NaN
46.000000	1360.544218	1.000000	1282.051282	1.000000	1360.460300	119.989612	0.000000	105.076129	0.000000	-0.006597	-0.000027	-0.000033	-0.000212	NaN	NaN	NaN	NaN	NaN
47.000000	1360.544218	1.000000	1282.051282	1.000000	1360.460300	119.989612	0.000000	89.932319	0.000000	-0.005529	-0.000029	-0.000033	-0.000201	NaN	NaN	NaN	NaN	NaN
48.000000	1360.544218	1.000000	1282.051282	1.000000	1360.460300	119.989612	0.000000	74.921934	0.000000	-0.003784	-0.000028	-0.000032	-0.000194	NaN	NaN	NaN	NaN	NaN
49.000000	1360.544218	1.000000	1282.051282	1.000000	1360.460300	119.989612	0.000000	60.044976	0.000000	-0.000605	-0.000026	-0.000033	-0.000195	NaN	NaN	NaN	NaN	NaN
50.000000	1360.544218	1.000000	1282.051282	1.000000	1360.460300	119.989612	0.000000	44.967879	0.000000	0.000681	-0.000028	-0.000033	-0.000192	NaN	NaN	NaN	NaN	NaN
51.000000	1360.544218	1.000000	1282.051282	1.000000	1360.460300	119.989612	0.000000	30.090920	0.000000	0.000357	-0.000027	-0.000032	-0.000201	NaN	NaN	NaN	NaN	NaN
52.000000	1360.544218	1.000000	1282.051282	1.000000	1360.460300	119.989612	0.000000	14.947110	0.000000	0.001325	-0.000025	-0.000030	-0.000185	NaN	NaN	NaN	NaN	NaN
53.000000	1360.544218	1.000000	1282.051282	1.000000	1360.460300	119.989612	0.000000	0.003439	0.000000	0.006690	-0.000024	-0.000031	-0.000197	NaN	NaN	NaN	NaN	NaN
54.000000	1360.544218	1.000000	1282.051282	1.000000	1360.460300	119.989612	0.000000	-15.006946	0.000000	0.005374	-0.000026	-0.000031	-0.000205	NaN	NaN	NaN	NaN	NaN
55.000000	1360.544218	1.000000	1282.051282	1.000000	1360.460300	119.989612	0.000000	-30.017330	0.000000	-0.000838	-0.000026	-0.000032	-0.000197	NaN	NaN	NaN	NaN	NaN
56.000000	1360.544218	1.000000	1282.051282	1.000000	1360.460300	119.989612	0.000000	-45.027714	0.000000	-0.006899	-0.000026	-0.000031	-0.000215	NaN	NaN	NaN	NaN	NaN
57.000000	1360.544218	1.000000	1282.051282	1.000000	1360.460300	119.989612	0.000000	-60.038099	0.000000	-0.007993	-0.000027	-0.000031	-0.000206	NaN	NaN	NaN	NaN	NaN
58.000000	1360.544218	1.000000	1282.051282	1.000000	1360.460300	119.989612	0.000000	-74.915057	0.000000	-0.007459	-0.000025	-0.000032	-0.000205	NaN	NaN	NaN	NaN	NaN
59.000000	1360.544218	1.000000	1282.051282	1.000000	1360.460300	119.989612	0.000000	-89.858729	0.000000	-0.007874	-0.000028	-0.000033	-0.000195	NaN	NaN	NaN	NaN	NaN
60.000000	1360.544218	1.000000	1282.051282	1.000000	1360.460300	119.989612	0.000000	-105.135964	0.000000	-0.007276	-0.000025	-0.000033	-0.000200	NaN	NaN	NaN	NaN	NaN
61.000000	1360.544218	1.000000	1282.051282	1.000000	1360.460300	119.989612	0.000000	-120.079636	0.000000	-0.008185	-0.000030	-0.000031	-0.000195	NaN	NaN	NaN	NaN	NaN
62.000000	1360.544218	1.000000	1282.051282	1.000000	1360.460300	119.989612	0.000000	-135.090020	0.000000	-0.007216	-0.000026	-0.000035	-0.000191	NaN	NaN	NaN	NaN	NaN
63.000000	1360.544218	1.000000	1282.051282	1.000000	1360.460300	119.989612	0.000000	-150.100404	0.000000	-0.007766	-0.000029	-0.000032	-0.000185	NaN	NaN	NaN	NaN	NaN
64.000000	1360.544218	1.000000	1282.051282	1.000000	1360.460300	104.979228	0.000000	150.040569	0.000000	-0.007337	-0.000026	-0.000032	-0.000213	NaN	NaN	NaN	NaN	NaN
65.000000	1360.544218	1.000000	1282.051282	1.000000	1360.460300	104.979228	0.000000	135.030184	0.000000	-0.007110	-0.000027	-0.000032	-0.000196	NaN	NaN	NaN	NaN	NaN
66.000000	1360.544218	1.000000	1282.051282	1.000000	1360.460300	104.979228	0.000000	120.086513	0.000000	-0.007906	-0.000028	-0.000032	-0.000199	NaN	NaN	NaN	NaN	NaN
67.000000	1360.544218	1.000000	1282.051282	1.000000	1360.460300	104.979228	0.000000	104.942703	0.000000	-0.006898	-0.000026	-0.000033	-0.000206	NaN	NaN	NaN	NaN	NaN
68.000000	1360.544218	1.000000	1282.051282	1.000000	1360.460300	104.979228	0.000000	90.065744	0.000000	-0.006860	-0.000027	-0.000031	-0.000225	NaN	NaN	NaN	NaN	NaN
69.000000	1360.544218	1.000000	1282.051282	1.000000	1360.460300	104.979228	0.000000	74.921934	0.000000	-0.004961	-0.000027	-0.000030	-0.000208	NaN	NaN	NaN	NaN	NaN
70.000000	1360.544218	1.000000	1282.051282	1.000000	1360.460300	104.979228	0.000000	60.044976	0.000000	-0.002284	-0.000028	-0.000030	-0.000217	NaN	NaN	NaN	NaN	NaN
71.000000	1360.544218	1.000000	1282.051282	1.000000	1360.460300	104.979228	0.000000	44.967879	0.000000	-0.002095	-0.000026	-0.000034	-0.000179	NaN	NaN	NaN	NaN	NaN
72.000000	1360.544218	1.000000	1282.051282	1.000000	1360.460300	104.979228	0.000000	30.090920	0.000000	-0.002113	-0.000026	-0.000032	-0.000197	NaN	NaN	NaN	NaN	NaN
73.000000	1360.544218	1.000000	1282.051282	1.000000	1360.460300	104.979228	0.000000	14.947110	0.000000	-0.003104	-0.000027	-0.000032	-0.000204	NaN	NaN	NaN	NaN	NaN
74.000000	1360.544218	1.000000	1282.051282	1.000000	1360.460300	104.979228	0.000000	0.003439	0.000000	0.002622	-0.000027	-0.000028	-0.000184	NaN	NaN	NaN	NaN	NaN
75.000000	1360.544218	1.000000	1282.051282	1.000000	1360.460300	104.979228	0.000000	-15.006946	0.000000	0.004601	-0.000024	-0.000031	-0.000196	NaN	NaN	NaN	NaN	NaN
76.000000	1360.544218	1.000000	1282.051282	1.000000	1360.460300	104.979228	0.000000	-30.017330	0.000000	-0.002439	-0.000026	-0.000029	-0.000198	NaN	NaN	NaN	NaN	NaN
77.000000	1360.544218	1.000000	1282.051282	1.000000	1360.460300	104.979228	0.000000	-45.027714	0.000000	-0.005915	-0.000025	-0.000033	-0.000197	NaN	NaN	NaN	NaN	NaN
78.000000	1360.544218	1.000000	1282.051282	1.000000	1360.460300	104.979228	0.000000	-60.038099	0.000000	-0.007515	-0.000025	-0.000031	-0.000208	NaN	NaN	NaN	NaN	NaN
79.000000	1360.544218	1.000000	1282.051282	1.000000	1360.460300	104.979228	0.000000	-74.915057	0.000000	-0.007603	-0.000026	-0.000027	-0.000193	NaN	NaN	NaN	NaN	NaN
80.000000	1360.544218	1.000000	1282.051282	1.000000	1360.460300	104.979228	0.000000	-89.858729	0.000000	-0.007985	-0.000028	-0.000032	-0.000224	NaN	NaN	NaN	NaN	NaN
81.000000	1360.544218	1.000000	1282.051282	1.000000	1360.460300	104.979228	0.000000	-105.135964	0.000000	-0.006386	-0.000026	-0.000034	-0.000205	NaN	NaN	NaN	NaN	NaN
82.000000	1360.544218	1.000000	1282.051282	1.000000	1360.460300	104.979228	0.000000	-120.079636	0.000000	-0.007754	-0.000025	-0.000033	-0.000211	NaN	NaN	NaN	NaN	NaN
83.000000	1360.544218	1.000000	1282.051282	1.000000	1360.460300	104.979228	0.000000	-135.090020	0.000000	-0.007005	-0.000025	-0.000035	-0.000208	NaN	NaN	NaN	NaN	NaN
84.000000	1360.544218	1.000000	1282.051282	1.000000	1360.460300	104.979228	0.000000	-150.100404	0.000000	-0.006848	-0.000027	-0.000035	-0.000205	NaN	NaN	NaN	NaN	NaN
85.000000	1360.544218	1.000000	1282.051282	1.000000	1360.460300	90.035556	0.000000	150.040569	0.000000	-0.006881	-0.000026	-0.000032	-0.000195	NaN	NaN	NaN	NaN	NaN
86.000000	1360.544218	1.000000	1282.051282	1.000000	1360.460300	90.035556	0.000000	135.030184	0.000000	-0.007833	-0.000027	-0.000031	-0.000195	NaN	NaN	NaN	NaN	NaN
87.000000	1360.544218	1.000000	1282.051282	1.000000	1360.460300	90.035556	0.000000	120.086513	0.000000	-0.007213	-0.000027	-0.000034	-0.000207	NaN	NaN	NaN	NaN	NaN
88.000000	1360.544218	1.000000	1282.051282	1.000000	1360.460300	90.035556	0.000000	105.076129	0.000000	-0.007863	-0.000026	-0.000033	-0.000208	NaN	NaN	NaN	NaN	NaN
89.000000	1360.544218	1.000000	1282.051282	1.000000	1360.460300	90.035556	0.000000	90.065744	0.000000	-0.006232	-0.000025	-0.000034	-0.000202	NaN	NaN	NaN	NaN	NaN
90.000000	1360.544218	1.000000	1282.051282	1.000000	1360.460300	90.035556	0.000000	74.921934	0.000000	-0.006009	-0.000028	-0.000031	-0.000189	NaN	NaN	NaN	NaN	NaN
91.000000	1360.544218	1.000000	1282.051282	1.000000	1360.460300	90.035556	0.000000	60.044976	0.000000	-0.006129	-0.000023	-0.000032	-0.000200	NaN	NaN	NaN	NaN	NaN
92.000000	1360.544218	1.000000	1282.051282	1.000000	1360.460300	90.035556	0.000000	44.967879	0.000000	-0.005278	-0.000026	-0.000033	-0.000211	NaN	NaN	NaN	NaN	NaN
93.000000	1360.544218	1.000000	1282.051282	1.000000	1360.460300	90.035556	0.000000	30.090920	0.000000	-0.004401	-0.000025	-0.000030	-0.000204	NaN	NaN	NaN	NaN	NaN
94.000000	1360.544218	1.000000	1282.051282	1.000000	1360.460300	90.035556	0.000000	14.947110	0.000000	-0.004619	-0.000025	-0.000029	-0.000206	NaN	NaN	NaN	NaN	NaN
95.000000	1360.544218	1.000000	1282.051282	1.000000	1360.460300	90.035556	0.000000	0.003439	0.000000	-0.003020	-0.000027	-0.000035	-0.000195	NaN	NaN	NaN	NaN	NaN
96.000000	1360.544218	1.000000	1282.051282	1.000000	1360.460300	90.035556	0.000000	-15.006946	0.000000	-0.000025	-0.000025	-0.000032	-0.000194	NaN	NaN	NaN	NaN	NaN
97.000000	1360.544218	1.000000	1282.051282	1.000000	1360.460300	90.035556	0.000000	-30.017330	0.000000	0.000502	-0.000026	-0.000030	-0.000188	NaN	NaN	NaN	NaN	NaN
98.000000	1360.544218	1.000000	1282.051282	1.000000	1360.460300	90.035556	0.000000	-45.027714	0.000000	-0.004189	-0.000026	-0.000030	-0.000195	NaN	NaN	NaN	NaN	NaN
99.000000	1360.544218	1.000000	1282.051282	1.000000	1360.460300	90.035556	0.000000	-60.038099	0.000000	-0.006898	-0.000025	-0.000032	-0.000213	NaN	NaN	NaN	NaN	NaN
100.000000	1360.544218	1.000000	1282.051282	1.000000	1360.460300	90.035556	0.000000	-74.981770	0.000000	-0.007398	-0.000026	-0.000031	-0.000204	NaN	NaN	NaN	NaN	NaN
101.000000	1360.544218	1.000000	1282.051282	1.000000	1360.460300	90.035556	0.000000	-89.858729	0.000000	-0.006798	-0.000026	-0.000031	-0.000197	NaN	NaN	NaN	NaN	NaN
102.000000	1360.544218	1.000000	1282.051282	1.000000	1360.460300	90.035556	0.000000	-105.135964	0.000000	-0.006389	-0.000025	-0.000032	-0.000206	NaN	NaN	NaN	NaN	NaN
103.000000	1360.544218	1.000000	1282.051282	1.000000	1360.460300	90.035556	0.000000	-120.079636	0.000000	-0.006718	-0.000028	-0.000031	-0.000203	NaN	NaN	NaN	NaN	NaN
104.000000	1360.544218	1.000000	1282.051282	1.000000	1360.460300	90.035556	0.000000	-135.090020	0.000000	-0.008213	-0.000025	-0.000031	-0.000195	NaN	NaN	NaN	NaN	NaN
105.000000	1360.544218	1.000000	1282.051282	1.000000	1360.460300	90.035556	0.000000	-150.100404	0.000000	-0.007985	-0.000025	-0.000032	-0.000193	NaN	NaN	NaN	NaN	NaN
106.000000	1360.544218	1.000000	1282.051282	1.000000	1360.460300	75.025172	0.000000	150.040569	0.000000	-0.007520	-0.000025	-0.000032	-0.000208	NaN	NaN	NaN	NaN	NaN
107.000000	1360.544218	1.000000	1282.051282	1.000000	1360.460300	75.025172	0.000000	135.030184	0.000000	-0.007585	-0.000025	-0.000028	-0.000214	NaN	NaN	NaN	NaN	NaN
108.000000	1360.544218	1.000000	1282.051282	1.000000	1360.460300	75.025172	0.000000	120.086513	0.000000	-0.007998	-0.000026	-0.000029	-0.000188	NaN	NaN	NaN	NaN	NaN
109.000000	1360.544218	1.000000	1282.051282	1.000000	1360.460300	75.025172	0.000000	105.076129	0.000000	-0.007689	-0.000026	-0.000029	-0.000194	NaN	NaN	NaN	NaN	NaN
110.000000	1360.544218	1.000000	1282.051282	1.000000	1360.460300	75.025172	0.000000	90.065744	0.000000	-0.006408	-0.000028	-0.000032	-0.000209	NaN	NaN	NaN	NaN	NaN
111.000000	1360.544218	1.000000	1282.051282	1.000000	1360.460300	75.025172	0.000000	74.921934	0.000000	-0.006246	-0.000027	-0.000031	-0.000203	NaN	NaN	NaN	NaN	NaN
112.000000	1360.544218	1.000000	1282.051282	1.000000	1360.460300	75.025172	0.000000	60.044976	0.000000	-0.005311	-0.000024	-0.000032	-0.000196	NaN	NaN	NaN	NaN	NaN
113.000000	1360.544218	1.000000	1282.051282	1.000000	1360.460300	75.025172	0.000000	44.967879	0.000000	-0.005715	-0.000025	-0.000032	-0.000212	NaN	NaN	NaN	NaN	NaN
114.000000	1360.544218	1.000000	1282.051282	1.000000	1360.460300	75.025172	0.000000	30.090920	0.000000	-0.006195	-0.000028	-0.000032	-0.000200	NaN	NaN	NaN	NaN	NaN
115.000000	1360.544218	1.000000	1282.051282	1.000000	1360.460300	75.025172	0.000000	14.947110	0.000000	-0.005843	-0.000026	-0.000028	-0.000189	NaN	NaN	NaN	NaN	NaN
116.000000	1360.544218	1.000000	1282.051282	1.000000	1360.460300	75.025172	0.000000	0.003439	0.000000	-0.004697	-0.000027	-0.000033	-0.000202	NaN	NaN	NaN	NaN	NaN
117.000000	1360.544218	1.000000	1282.051282	1.000000	1360.460300	75.025172	0.000000	-15.006946	0.000000	-0.000834	-0.000027	-0.000032	-0.000181	NaN	NaN	NaN	NaN	NaN
118.000000	1360.544218	1.000000	1282.051282	1.000000	1360.460300	75.025172	0.000000	-30.017330	0.000000	-0.001284	-0.000024	-0.000032	-0.000185	NaN	NaN	NaN	NaN	NaN
119.000000	1360.544218	1.000000	1282.051282	1.000000	1360.460300	75.025172	0.000000	-45.027714	0.000000	-0.004076	-0.000026	-0.000027	-0.000191	NaN	NaN	NaN	NaN	NaN
120.000000	1360.544218	1.000000	1282.051282	1.000000	1360.460300	75.025172	0.000000	-60.038099	0.000000	-0.006639	-0.000026	-0.000032	-0.000197	NaN	NaN	NaN	NaN	NaN
121.000000	1360.544218	1.000000	1282.051282	1.000000	1360.460300	75.025172	0.000000	-74.981770	0.000000	-0.006780	-0.000027	-0.000032	-0.000194	NaN	NaN	NaN	NaN	NaN
122.000000	1360.544218	1.000000	1282.051282	1.000000	1360.460300	75.025172	0.000000	-89.992154	0.000000	-0.006489	-0.000026	-0.000031	-0.000205	NaN	NaN	NaN	NaN	NaN
123.000000	1360.544218	1.000000	1282.051282	1.000000	1360.460300	75.025172	0.000000	-105.135964	0.000000	-0.007309	-0.000026	-0.000029	-0.000205	NaN	NaN	NaN	NaN	NaN
124.000000	1360.544218	1.000000	1282.051282	1.000000	1360.460300	75.025172	0.000000	-120.079636	0.000000	-0.007053	-0.000025	-0.000032	-0.000210	NaN	NaN	NaN	NaN	NaN
125.000000	1360.544218	1.000000	1282.051282	1.000000	1360.460300	75.025172	0.000000	-135.090020	0.000000	-0.007260	-0.000024	-0.000030	-0.000196	NaN	NaN	NaN	NaN	NaN
126.000000	1360.544218	1.000000	1282.051282	1.000000	1360.460300	75.025172	0.000000	-150.100404	0.000000	-0.008177	-0.000025	-0.000031	-0.000203	NaN	NaN	NaN	NaN	NaN
127.000000	1360.544218	1.000000	1282.051282	1.000000	1360.460300	60.014788	0.000000	149.907143	0.000000	-0.006506	-0.000027	-0.000033	-0.000201	NaN	NaN	NaN	NaN	NaN
128.000000	1360.544218	1.000000	1282.051282	1.000000	1360.460300	60.014788	0.000000	135.030184	0.000000	-0.006836	-0.000027	-0.000032	-0.000216	NaN	NaN	NaN	NaN	NaN
129.000000	1360.544218	1.000000	1282.051282	1.000000	1360.460300	60.014788	0.000000	120.086513	0.000000	-0.008088	-0.000026	-0.000033	-0.000207	NaN	NaN	NaN	NaN	NaN
130.000000	1360.544218	1.000000	1282.051282	1.000000	1360.460300	60.014788	0.000000	105.076129	0.000000	-0.005903	-0.000025	-0.000033	-0.000225	NaN	NaN	NaN	NaN	NaN
131.000000	1360.544218	1.000000	1282.051282	1.000000	1360.460300	60.014788	0.000000	90.065744	0.000000	-0.005922	-0.000028	-0.000030	-0.000212	NaN	NaN	NaN	NaN	NaN
132.000000	1360.544218	1.000000	1282.051282	1.000000	1360.460300	60.014788	0.000000	74.921934	0.000000	-0.006188	-0.000028	-0.000032	-0.000205	NaN	NaN	NaN	NaN	NaN
133.000000	1360.544218	1.000000	1282.051282	1.000000	1360.460300	60.014788	0.000000	60.044976	0.000000	-0.004710	-0.000028	-0.000034	-0.000215	NaN	NaN	NaN	NaN	NaN
134.000000	1360.544218	1.000000	1282.051282	1.000000	1360.460300	60.014788	0.000000	44.967879	0.000000	-0.005080	-0.000027	-0.000032	-0.000208	NaN	NaN	NaN	NaN	NaN
135.000000	1360.544218	1.000000	1282.051282	1.000000	1360.460300	60.014788	0.000000	30.090920	0.000000	-0.005055	-0.000028	-0.000029	-0.000208	NaN	NaN	NaN	NaN	NaN
136.000000	1360.544218	1.000000	1282.051282	1.000000	1360.460300	60.014788	0.000000	14.947110	0.000000	-0.000642	-0.000027	-0.000032	-0.000207	NaN	NaN	NaN	NaN	NaN
137.000000	1360.544218	1.000000	1282.051282	1.000000	1360.460300	60.014788	0.000000	0.003439	0.000000	-0.001377	-0.000026	-0.000032	-0.000209	NaN	NaN	NaN	NaN	NaN
138.000000	1360.544218	1.000000	1282.051282	1.000000	1360.460300	60.014788	0.000000	-15.006946	0.000000	-0.002796	-0.000027	-0.000032	-0.000199	NaN	NaN	NaN	NaN	NaN
139.000000	1360.544218	1.000000	1282.051282	1.000000	1360.460300	60.014788	0.000000	-30.017330	0.000000	-0.003104	-0.000028	-0.000032	-0.000201	NaN	NaN	NaN	NaN	NaN
140.000000	1360.544218	1.000000	1282.051282	1.000000	1360.460300	60.014788	0.000000	-45.027714	0.000000	-0.001648	-0.000025	-0.000033	-0.000218	NaN	NaN	NaN	NaN	NaN
141.000000	1360.544218	1.000000	1282.051282	1.000000	1360.460300	60.014788	0.000000	-60.038099	0.000000	-0.005257	-0.000025	-0.000036	-0.000205	NaN	NaN	NaN	NaN	NaN
142.000000	1360.544218	1.000000	1282.051282	1.000000	1360.460300	60.014788	0.000000	-74.981770	0.000000	-0.007854	-0.000025	-0.000033	-0.000207	NaN	NaN	NaN	NaN	NaN
143.000000	1360.544218	1.000000	1282.051282	1.000000	1360.460300	60.014788	0.000000	-89.992154	0.000000	-0.007746	-0.000027	-0.000027	-0.000200	NaN	NaN	NaN	NaN	NaN
144.000000	1360.544218	1.000000	1282.051282	1.000000	1360.460300	60.014788	0.000000	-105.135964	0.000000	-0.008076	-0.000024	-0.000033	-0.000216	NaN	NaN	NaN	NaN	NaN
145.000000	1360.544218	1.000000	1282.051282	1.000000	1360.460300	60.014788	0.000000	-120.079636	0.000000	-0.007473	-0.000027	-0.000032	-0.000226	NaN	NaN	NaN	NaN	NaN
146.000000	1360.544218	1.000000	1282.051282	1.000000	1360.460300	60.014788	0.000000	-135.090020	0.000000	-0.008185	-0.000025	-0.000033	-0.000205	NaN	NaN	NaN	NaN	NaN
147.000000	1360.544218	1.000000	1282.051282	1.000000	1360.460300	60.014788	0.000000	-150.100404	0.000000	-0.006989	-0.000026	-0.000033	-0.000201	NaN	NaN	NaN	NaN	NaN
148.000000	1360.544218	1.000000	1282.051282	1.000000	1360.460300	45.004403	0.000000	150.040569	0.000000	-0.007708	-0.000026	-0.000031	-0.000209	NaN	NaN	NaN	NaN	NaN
149.000000	1360.544218	1.000000	1282.051282	1.000000	1360.460300	45.004403	0.000000	135.030184	0.000000	-0.006662	-0.000026	-0.000031	-0.000203	NaN	NaN	NaN	NaN	NaN
150.000000	1360.544218	1.000000	1282.051282	1.000000	1360.460300	45.004403	0.000000	120.086513	0.000000	-0.006596	-0.000025	-0.000030	-0.000191	NaN	NaN	NaN	NaN	NaN
151.000000	1360.544218	1.000000	1282.051282	1.000000	1360.460300	45.004403	0.000000	105.076129	0.000000	-0.007991	-0.000027	-0.000030	-0.000212	NaN	NaN	NaN	NaN	NaN
152.000000	1360.544218	1.000000	1282.051282	1.000000	1360.460300	45.004403	0.000000	90.065744	0.000000	-0.006011	-0.000025	-0.000032	-0.000203	NaN	NaN	NaN	NaN	NaN
153.000000	1360.544218	1.000000	1282.051282	1.000000	1360.460300	45.004403	0.000000	74.921934	0.000000	-0.004526	-0.000026	-0.000030	-0.000189	NaN	NaN	NaN	NaN	NaN
154.000000	1360.544218	1.000000	1282.051282	1.000000	1360.460300	45.004403	0.000000	60.044976	0.000000	-0.003039	-0.000027	-0.000031	-0.000203	NaN	NaN	NaN	NaN	NaN
155.000000	1360.544218	1.000000	1282.051282	1.000000	1360.460300	45.004403	0.000000	44.967879	0.000000	-0.004856	-0.000025	-0.000034	-0.000216	NaN	NaN	NaN	NaN	NaN
156.000000	1360.544218	1.000000	1282.051282	1.000000	1360.460300	45.004403	0.000000	30.090920	0.000000	-0.003406	-0.000027	-0.000030	-0.000194	NaN	NaN	NaN	NaN	NaN
157.000000	1360.544218	1.000000	1282.051282	1.000000	1360.460300	45.004403	0.000000	14.947110	0.000000	0.004659	-0.000026	-0.000030	-0.000219	NaN	NaN	NaN	NaN	NaN
158.000000	1360.544218	1.000000	1282.051282	1.000000	1360.460300	45.004403	0.000000	0.003439	0.000000	0.007382	-0.000027	-0.000031	-0.000188	NaN	NaN	NaN	NaN	NaN
159.000000	1360.544218	1.000000	1282.051282	1.000000	1360.460300	45.004403	0.000000	-15.006946	0.000000	0.003480	-0.000025	-0.000032	-0.000208	NaN	NaN	NaN	NaN	NaN
160.000000	1360.544218	1.000000	1282.051282	1.000000	1360.460300	45.004403	0.000000	-30.017330	0.000000	0.000307	-0.000025	-0.000032	-0.000225	NaN	NaN	NaN	NaN	NaN
161.000000	1360.544218	1.000000	1282.051282	1.000000	1360.460300	45.004403	0.000000	-45.027714	0.000000	-0.000411	-0.000026	-0.000032	-0.000201	NaN	NaN	NaN	NaN	NaN
162.000000	1360.544218	1.000000	1282.051282	1.000000	1360.460300	45.004403	0.000000	-59.904673	0.000000	-0.003646	-0.000027	-0.000031	-0.000205	NaN	NaN	NaN	NaN	NaN
163.000000	1360.544218	1.000000	1282.051282	1.000000	1360.460300	45.004403	0.000000	-74.981770	0.000000	-0.007647	-0.000028	-0.000031	-0.000193	NaN	NaN	NaN	NaN	NaN
164.000000	1360.544218	1.000000	1282.051282	1.000000	1360.460300	45.004403	0.000000	-89.858729	0.000000	-0.007358	-0.000027	-0.000032	-0.000204	NaN	NaN	NaN	NaN	NaN
165.000000	1360.544218	1.000000	1282.051282	1.000000	1360.460300	45.004403	0.000000	-105.135964	0.000000	-0.008264	-0.000026	-0.000034	-0.000212	NaN	NaN	NaN	NaN	NaN
166.000000	1360.544218	1.000000	1282.051282	1.000000	1360.460300	45.004403	0.000000	-120.079636	0.000000	-0.007651	-0.000027	-0.000031	-0.000200	NaN	NaN	NaN	NaN	NaN
167.000000	1360.544218	1.000000	1282.051282	1.000000	1360.460300	45.004403	0.000000	-135.090020	0.000000	-0.008652	-0.000027	-0.000032	-0.000211	NaN	NaN	NaN	NaN	NaN
168.000000	1360.544218	1.000000	1282.051282	1.000000	1360.460300	45.004403	0.000000	-150.100404	0.000000	-0.007985	-0.000025	-0.000032	-0.000199	NaN	NaN	NaN	NaN	NaN
169.000000	1360.544218	1.000000	1282.051282	1.000000	1360.460300	30.060732	0.000000	150.040569	0.000000	-0.007484	-0.000025	-0.000032	-0.000197	NaN	NaN	NaN	NaN	NaN
170.000000	1360.544218	1.000000	1282.051282	1.000000	1360.460300	30.060732	0.000000	135.030184	0.000000	-0.008497	-0.000026	-0.000034	-0.000207	NaN	NaN	NaN	NaN	NaN
171.000000	1360.544218	1.000000	1282.051282	1.000000	1360.460300	30.060732	0.000000	120.086513	0.000000	-0.007731	-0.000026	-0.000029	-0.000214	NaN	NaN	NaN	NaN	NaN
172.000000	1360.544218	1.000000	1282.051282	1.000000	1360.460300	30.060732	0.000000	105.076129	0.000000	-0.008125	-0.000025	-0.000033	-0.000203	NaN	NaN	NaN	NaN	NaN
173.000000	1360.544218	1.000000	1282.051282	1.000000	1360.460300	30.060732	0.000000	90.065744	0.000000	-0.005910	-0.000026	-0.000031	-0.000185	NaN	NaN	NaN	NaN	NaN
174.000000	1360.544218	1.000000	1282.051282	1.000000	1360.460300	30.060732	0.000000	74.921934	0.000000	-0.005309	-0.000025	-0.000032	-0.000186	NaN	NaN	NaN	NaN	NaN
175.000000	1360.544218	1.000000	1282.051282	1.000000	1360.460300	30.060732	0.000000	60.044976	0.000000	-0.004280	-0.000027	-0.000031	-0.000200	NaN	NaN	NaN	NaN	NaN
176.000000	1360.544218	1.000000	1282.051282	1.000000	1360.460300	30.060732	0.000000	44.967879	0.000000	-0.003747	-0.000026	-0.000032	-0.000189	NaN	NaN	NaN	NaN	NaN
177.000000	1360.544218	1.000000	1282.051282	1.000000	1360.460300	30.060732	0.000000	30.090920	0.000000	-0.000791	-0.000024	-0.000032	-0.000196	NaN	NaN	NaN	NaN	NaN
178.000000	1360.544218	1.000000	1282.051282	1.000000	1360.460300	30.060732	0.000000	14.947110	0.000000	0.006424	-0.000025	-0.000033	-0.000191	NaN	NaN	NaN	NaN	NaN
179.000000	1360.544218	1.000000	1282.051282	1.000000	1360.460300	30.060732	0.000000	0.003439	0.000000	0.025999	-0.000025	-0.000033	-0.000195	NaN	NaN	NaN	NaN	NaN
180.000000	1360.544218	1.000000	1282.051282	1.000000	1360.460300	30.060732	0.000000	-15.006946	0.000000	0.028010	-0.000026	-0.000030	-0.000198	NaN	NaN	NaN	NaN	NaN
181.000000	1360.544218	1.000000	1282.051282	1.000000	1360.460300	30.060732	0.000000	-30.017330	0.000000	0.010015	-0.000026	-0.000034	-0.000206	NaN	NaN	NaN	NaN	NaN
182.000000	1360.544218	1.000000	1282.051282	1.000000	1360.460300	30.060732	0.000000	-45.027714	0.000000	0.005032	-0.000022	-0.000031	-0.000188	NaN	NaN	NaN	NaN	NaN
183.000000	1360.544218	1.000000	1282.051282	1.000000	1360.460300	30.060732	0.000000	-60.038099	0.000000	0.000150	-0.000025	-0.000029	-0.000200	NaN	NaN	NaN	NaN	NaN
184.000000	1360.544218	1.000000	1282.051282	1.000000	1360.460300	30.060732	0.000000	-74.981770	0.000000	-0.003786	-0.000026	-0.000030	-0.000198	NaN	NaN	NaN	NaN	NaN
185.000000	1360.544218	1.000000	1282.051282	1.000000	1360.460300	30.060732	0.000000	-89.992154	0.000000	-0.007067	-0.000027	-0.000031	-0.000190	NaN	NaN	NaN	NaN	NaN
186.000000	1360.544218	1.000000	1282.051282	1.000000	1360.460300	30.060732	0.000000	-105.135964	0.000000	-0.007514	-0.000026	-0.000031	-0.000199	NaN	NaN	NaN	NaN	NaN
187.000000	1360.544218	1.000000	1282.051282	1.000000	1360.460300	30.060732	0.000000	-120.079636	0.000000	-0.007456	-0.000024	-0.000035	-0.000191	NaN	NaN	NaN	NaN	NaN
188.000000	1360.544218	1.000000	1282.051282	1.000000	1360.460300	30.060732	0.000000	-135.090020	0.000000	-0.007607	-0.000028	-0.000034	-0.000194	NaN	NaN	NaN	NaN	NaN
189.000000	1360.544218	1.000000	1282.051282	1.000000	1360.460300	30.060732	0.000000	-150.100404	0.000000	-0.007226	-0.000026	-0.000034	-0.000187	NaN	NaN	NaN	NaN	NaN
190.000000	1360.544218	1.000000	1282.051282	1.000000	1360.460300	15.050348	0.000000	150.040569	0.000000	-0.007840	-0.000026	-0.000031	-0.000203	NaN	NaN	NaN	NaN	NaN
191.000000	1360.544218	1.000000	1282.051282	1.000000	1360.460300	15.050348	0.000000	135.030184	0.000000	-0.007866	-0.000025	-0.000032	-0.000189	NaN	NaN	NaN	NaN	NaN
192.000000	1360.544218	1.000000	1282.051282	1.000000	1360.460300	15.050348	0.000000	120.086513	0.000000	-0.007769	-0.000026	-0.000028	-0.000194	NaN	NaN	NaN	NaN	NaN
193.000000	1360.544218	1.000000	1282.051282	1.000000	1360.460300	15.050348	0.000000	105.076129	0.000000	-0.006788	-0.000024	-0.000031	-0.000187	NaN	NaN	NaN	NaN	NaN
194.000000	1360.544218	1.000000	1282.051282	1.000000	1360.460300	15.050348	0.000000	90.065744	0.000000	-0.006556	-0.000026	-0.000027	-0.000201	NaN	NaN	NaN	NaN	NaN
195.000000	1360.544218	1.000000	1282.051282	1.000000	1360.460300	15.050348	0.000000	74.921934	0.000000	-0.005691	-0.000024	-0.000030	-0.000199	NaN	NaN	NaN	NaN	NaN
196.000000	1360.544218	1.000000	1282.051282	1.000000	1360.460300	15.050348	0.000000	60.044976	0.000000	-0.004357	-0.000025	-0.000029	-0.000210	NaN	NaN	NaN	NaN	NaN
197.000000	1360.544218	1.000000	1282.051282	1.000000	1360.460300	15.050348	0.000000	44.967879	0.000000	-0.004196	-0.000025	-0.000030	-0.000194	NaN	NaN	NaN	NaN	NaN
198.000000	1360.544218	1.000000	1282.051282	1.000000	1360.460300	15.050348	0.000000	30.090920	0.000000	-0.001460	-0.000025	-0.000029	-0.000202	NaN	NaN	NaN	NaN	NaN
199.000000	1360.544218	1.000000	1282.051282	1.000000	1360.460300	15.050348	0.000000	14.947110	0.000000	0.004062	-0.000025	-0.000032	-0.000196	NaN	NaN	NaN	NaN	NaN
200.000000	1360.544218	1.000000	1282.051282	1.000000	1360.460300	15.050348	0.000000	0.003439	0.000000	0.029747	-0.000025	-0.000030	-0.000194	NaN	NaN	NaN	NaN	NaN
201.000000	1360.544218	1.000000	1282.051282	1.000000	1360.460300	15.050348	0.000000	-15.006946	0.000000	0.043899	-0.000024	-0.000031	-0.000218	NaN	NaN	NaN	NaN	NaN
202.000000	1360.544218	1.000000	1282.051282	1.000000	1360.460300	15.050348	0.000000	-30.017330	0.000000	0.025401	-0.000025	-0.000034	-0.000198	NaN	NaN	NaN	NaN	NaN
203.000000	1360.544218	1.000000	1282.051282	1.000000	1360.460300	15.050348	0.000000	-45.027714	0.000000	0.008471	-0.000025	-0.000029	-0.000196	NaN	NaN	NaN	NaN	NaN
204.000000	1360.544218	1.000000	1282.051282	1.000000	1360.460300	15.050348	0.000000	-59.904673	0.000000	0.004252	-0.000025	-0.000034	-0.000196	NaN	NaN	NaN	NaN	NaN
205.000000	1360.544218	1.000000	1282.051282	1.000000	1360.460300	15.050348	0.000000	-74.981770	0.000000	-0.000363	-0.000023	-0.000031	-0.000206	NaN	NaN	NaN	NaN	NaN
206.000000	1360.544218	1.000000	1282.051282	1.000000	1360.460300	15.050348	0.000000	-89.858729	0.000000	-0.003650	-0.000025	-0.000032	-0.000203	NaN	NaN	NaN	NaN	NaN
207.000000	1360.544218	1.000000	1282.051282	1.000000	1360.460300	15.050348	0.000000	-105.135964	0.000000	-0.007296	-0.000026	-0.000030	-0.000213	NaN	NaN	NaN	NaN	NaN
208.000000	1360.544218	1.000000	1282.051282	1.000000	1360.460300	15.050348	0.000000	-120.079636	0.000000	-0.007206	-0.000026	-0.000033	-0.000204	NaN	NaN	NaN	NaN	NaN
209.000000	1360.544218	1.000000	1282.051282	1.000000	1360.460300	15.050348	0.000000	-135.090020	0.000000	-0.007345	-0.000023	-0.000028	-0.000194	NaN	NaN	NaN	NaN	NaN
210.000000	1360.544218	1.000000	1282.051282	1.000000	1360.460300	15.050348	0.000000	-150.100404	0.000000	-0.006281	-0.000027	-0.000027	-0.000197	NaN	NaN	NaN	NaN	NaN
211.000000	1360.544218	1.000000	1282.051282	1.000000	1360.460300	0.039963	0.000000	150.040569	0.000000	-0.007708	-0.000025	-0.000030	-0.000200	NaN	NaN	NaN	NaN	NaN
212.000000	1360.544218	1.000000	1282.051282	1.000000	1360.460300	0.039963	0.000000	135.030184	0.000000	-0.008642	-0.000026	-0.000033	-0.000204	NaN	NaN	NaN	NaN	NaN
213.000000	1360.544218	1.000000	1282.051282	1.000000	1360.460300	0.039963	0.000000	120.086513	0.000000	-0.006528	-0.000029	-0.000033	-0.000209	NaN	NaN	NaN	NaN	NaN
214.000000	1360.544218	1.000000	1282.051282	1.000000	1360.460300	0.039963	0.000000	105.076129	0.000000	-0.007527	-0.000025	-0.000030	-0.000197	NaN	NaN	NaN	NaN	NaN
215.000000	1360.544218	1.000000	1282.051282	1.000000	1360.460300	0.039963	0.000000	90.065744	0.000000	-0.007579	-0.000026	-0.000031	-0.000201	NaN	NaN	NaN	NaN	NaN
216.000000	1360.544218	1.000000	1282.051282	1.000000	1360.460300	0.039963	0.000000	74.921934	0.000000	-0.007345	-0.000027	-0.000031	-0.000202	NaN	NaN	NaN	NaN	NaN
217.000000	1360.544218	1.000000	1282.051282	1.000000	1360.460300	0.039963	0.000000	60.044976	0.000000	-0.007457	-0.000025	-0.000030	-0.000188	NaN	NaN	NaN	NaN	NaN
218.000000	1360.544218	1.000000	1282.051282	1.000000	1360.460300	0.039963	0.000000	44.967879	0.000000	-0.004948	-0.000023	-0.000029	-0.000189	NaN	NaN	NaN	NaN	NaN
219.000000	1360.544218	1.000000	1282.051282	1.000000	1360.460300	0.039963	0.000000	30.090920	0.000000	-0.004481	-0.000025	-0.000034	-0.000203	NaN	NaN	NaN	NaN	NaN
220.000000	1360.544218	1.000000	1282.051282	1.000000	1360.460300	0.039963	0.000000	14.947110	0.000000	-0.001427	-0.000024	-0.000030	-0.000212	NaN	NaN	NaN	NaN	NaN
221.000000	1360.544218	1.000000	1282.051282	1.000000	1360.460300	0.039963	0.000000	0.003439	0.000000	0.007055	-0.000023	-0.000029	-0.000195	NaN	NaN	NaN	NaN	NaN
222.000000	1360.544218	1.000000	1282.051282	1.000000	1360.460300	0.039963	0.000000	-15.006946	0.000000	0.041792	-0.000025	-0.000029	-0.000200	NaN	NaN	NaN	NaN	NaN
223.000000	1360.544218	1.000000	1282.051282	1.000000	1360.460300	0.039963	0.000000	-30.017330	0.000000	0.055868	-0.000025	-0.000030	-0.000198	NaN	NaN	NaN	NaN	NaN
224.000000	1360.544218	1.000000	1282.051282	1.000000	1360.460300	0.039963	0.000000	-45.027714	0.000000	0.030434	-0.000024	-0.000033	-0.000204	NaN	NaN	NaN	NaN	NaN
225.000000	1360.544218	1.000000	1282.051282	1.000000	1360.460300	0.039963	0.000000	-60.038099	0.000000	0.010177	-0.000024	-0.000030	-0.000212	NaN	NaN	NaN	NaN	NaN
226.000000	1360.544218	1.000000	1282.051282	1.000000	1360.460300	0.039963	0.000000	-74.981770	0.000000	0.005384	-0.000023	-0.000029	-0.000186	NaN	NaN	NaN	NaN	NaN
227.000000	1360.544218	1.000000	1282.051282	1.000000	1360.460300	0.039963	0.000000	-89.992154	0.000000	0.001172	-0.000026	-0.000030	-0.000200	NaN	NaN	NaN	NaN	NaN
228.000000	1360.544218	1.000000	1282.051282	1.000000	1360.460300	0.039963	0.000000	-105.002539	0.000000	-0.003492	-0.000024	-0.000029	-0.000212	NaN	NaN	NaN	NaN	NaN
229.000000	1360.544218	1.000000	1282.051282	1.000000	1360.460300	0.039963	0.000000	-120.079636	0.000000	-0.005497	-0.000025	-0.000029	-0.000206	NaN	NaN	NaN	NaN	NaN
230.000000	1360.544218	1.000000	1282.051282	1.000000	1360.460300	0.039963	0.000000	-135.090020	0.000000	-0.007603	-0.000028	-0.000030	-0.000181	NaN	NaN	NaN	NaN	NaN
231.000000	1360.544218	1.000000	1282.051282	1.000000	1360.460300	0.039963	0.000000	-150.100404	0.000000	-0.007391	-0.000027	-0.000029	-0.000185	NaN	NaN	NaN	NaN	NaN
232.000000	1360.544218	1.000000	1282.051282	1.000000	1360.460300	-14.970421	0.000000	150.040569	0.000000	-0.007813	-0.000026	-0.000029	-0.000197	NaN	NaN	NaN	NaN	NaN
233.000000	1360.544218	1.000000	1282.051282	1.000000	1360.460300	-14.970421	0.000000	135.030184	0.000000	-0.006767	-0.000026	-0.000031	-0.000174	NaN	NaN	NaN	NaN	NaN
234.000000	1360.544218	1.000000	1282.051282	1.000000	1360.460300	-14.970421	0.000000	120.086513	0.000000	-0.007891	-0.000024	-0.000030	-0.000182	NaN	NaN	NaN	NaN	NaN
235.000000	1360.544218	1.000000	1282.051282	1.000000	1360.460300	-14.970421	0.000000	105.076129	0.000000	-0.007155	-0.000026	-0.000030	-0.000194	NaN	NaN	NaN	NaN	NaN
236.000000	1360.544218	1.000000	1282.051282	1.000000	1360.460300	-14.970421	0.000000	90.065744	0.000000	-0.006884	-0.000026	-0.000033	-0.000196	NaN	NaN	NaN	NaN	NaN
237.000000	1360.544218	1.000000	1282.051282	1.000000	1360.460300	-14.970421	0.000000	74.921934	0.000000	-0.006936	-0.000027	-0.000033	-0.000220	NaN	NaN	NaN	NaN	NaN
238.000000	1360.544218	1.000000	1282.051282	1.000000	1360.460300	-14.970421	0.000000	60.044976	0.000000	-0.006238	-0.000026	-0.000032	-0.000189	NaN	NaN	NaN	NaN	NaN
239.000000	1360.544218	1.000000	1282.051282	1.000000	1360.460300	-14.970421	0.000000	44.967879	0.000000	-0.005288	-0.000024	-0.000028	-0.000205	NaN	NaN	NaN	NaN	NaN
240.000000	1360.544218	1.000000	1282.051282	1.000000	1360.460300	-14.970421	0.000000	30.090920	0.000000	-0.001922	-0.000027	-0.000030	-0.000200	NaN	NaN	NaN	NaN	NaN
241.000000	1360.544218	1.000000	1282.051282	1.000000	1360.460300	-14.970421	0.000000	14.947110	0.000000	-0.001553	-0.000027	-0.000033	-0.000193	NaN	NaN	NaN	NaN	NaN
242.000000	1360.544218	1.000000	1282.051282	1.000000	1360.460300	-14.970421	0.000000	0.003439	0.000000	0.002559	-0.000024	-0.000029	-0.000186	NaN	NaN	NaN	NaN	NaN
243.000000	1360.544218	1.000000	1282.051282	1.000000	1360.460300	-14.970421	0.000000	-15.006946	0.000000	0.027213	-0.000026	-0.000030	-0.000207	NaN	NaN	NaN	NaN	NaN
244.000000	1360.544218	1.000000	1282.051282	1.000000	1360.460300	-14.970421	0.000000	-30.017330	0.000000	0.066728	-0.000025	-0.000028	-0.000194	NaN	NaN	NaN	NaN	NaN
245.000000	1360.544218	1.000000	1282.051282	1.000000	1360.460300	-14.970421	0.000000	-45.027714	0.000000	0.044316	-0.000023	-0.000035	-0.000209	NaN	NaN	NaN	NaN	NaN
246.000000	1360.544218	1.000000	1282.051282	1.000000	1360.460300	-14.970421	0.000000	-60.038099	0.000000	0.021698	-0.000023	-0.000034	-0.000199	NaN	NaN	NaN	NaN	NaN
247.000000	1360.544218	1.000000	1282.051282	1.000000	1360.460300	-14.970421	0.000000	-74.981770	0.000000	0.009896	-0.000027	-0.000029	-0.000186	NaN	NaN	NaN	NaN	NaN
248.000000	1360.544218	1.000000	1282.051282	1.000000	1360.460300	-14.970421	0.000000	-89.992154	0.000000	0.006765	-0.000025	-0.000031	-0.000205	NaN	NaN	NaN	NaN	NaN
249.000000	1360.544218	1.000000	1282.051282	1.000000	1360.460300	-14.970421	0.000000	-105.135964	0.000000	0.000489	-0.000024	-0.000031	-0.000190	NaN	NaN	NaN	NaN	NaN
250.000000	1360.544218	1.000000	1282.051282	1.000000	1360.460300	-14.970421	0.000000	-120.079636	0.000000	-0.004823	-0.000026	-0.000032	-0.000192	NaN	NaN	NaN	NaN	NaN
251.000000	1360.544218	1.000000	1282.051282	1.000000	1360.460300	-14.970421	0.000000	-135.090020	0.000000	-0.007205	-0.000027	-0.000032	-0.000215	NaN	NaN	NaN	NaN	NaN
252.000000	1360.544218	1.000000	1282.051282	1.000000	1360.460300	-14.970421	0.000000	-150.100404	0.000000	-0.008364	-0.000025	-0.000027	-0.000190	NaN	NaN	NaN	NaN	NaN
253.000000	1360.544218	1.000000	1282.051282	1.000000	1360.460300	-29.980805	0.000000	150.040569	0.000000	-0.007956	-0.000025	-0.000030	-0.000192	NaN	NaN	NaN	NaN	NaN
254.000000	1360.544218	1.000000	1282.051282	1.000000	1360.460300	-29.980805	0.000000	135.030184	0.000000	-0.007052	-0.000023	-0.000032	-0.000202	NaN	NaN	NaN	NaN	NaN
255.000000	1360.544218	1.000000	1282.051282	1.000000	1360.460300	-29.980805	0.000000	120.086513	0.000000	-0.007596	-0.000024	-0.000034	-0.000189	NaN	NaN	NaN	NaN	NaN
256.000000	1360.544218	1.000000	1282.051282	1.000000	1360.460300	-29.980805	0.000000	105.076129	0.000000	-0.007569	-0.000026	-0.000028	-0.000193	NaN	NaN	NaN	NaN	NaN
257.000000	1360.544218	1.000000	1282.051282	1.000000	1360.460300	-29.980805	0.000000	90.065744	0.000000	-0.007402	-0.000026	-0.000030	-0.000198	NaN	NaN	NaN	NaN	NaN
258.000000	1360.544218	1.000000	1282.051282	1.000000	1360.460300	-29.980805	0.000000	74.921934	0.000000	-0.007256	-0.000024	-0.000032	-0.000195	NaN	NaN	NaN	NaN	NaN
259.000000	1360.544218	1.000000	1282.051282	1.000000	1360.460300	-29.980805	0.000000	60.044976	0.000000	-0.007392	-0.000026	-0.000031	-0.000200	NaN	NaN	NaN	NaN	NaN
260.000000	1360.544218	1.000000	1282.051282	1.000000	1360.460300	-29.980805	0.000000	44.967879	0.000000	-0.005065	-0.000026	-0.000030	-0.000193	NaN	NaN	NaN	NaN	NaN
261.000000	1360.544218	1.000000	1282.051282	1.000000	1360.460300	-29.980805	0.000000	30.090920	0.000000	-0.003568	-0.000025	-0.000028	-0.000208	NaN	NaN	NaN	NaN	NaN
262.000000	1360.544218	1.000000	1282.051282	1.000000	1360.460300	-29.980805	0.000000	14.947110	0.000000	0.002348	-0.000027	-0.000032	-0.000211	NaN	NaN	NaN	NaN	NaN
263.000000	1360.544218	1.000000	1282.051282	1.000000	1360.460300	-29.980805	0.000000	0.003439	0.000000	0.005880	-0.000025	-0.000031	-0.000200	NaN	NaN	NaN	NaN	NaN
264.000000	1360.544218	1.000000	1282.051282	1.000000	1360.460300	-29.980805	0.000000	-15.006946	0.000000	0.012243	-0.000024	-0.000031	-0.000190	NaN	NaN	NaN	NaN	NaN
265.000000	1360.544218	1.000000	1282.051282	1.000000	1360.460300	-29.980805	0.000000	-30.017330	0.000000	0.037718	-0.000024	-0.000030	-0.000204	NaN	NaN	NaN	NaN	NaN
266.000000	1360.544218	1.000000	1282.051282	1.000000	1360.460300	-29.980805	0.000000	-45.027714	0.000000	0.073160	-0.000025	-0.000030	-0.000200	NaN	NaN	NaN	NaN	NaN
267.000000	1360.544218	1.000000	1282.051282	1.000000	1360.460300	-29.980805	0.000000	-60.038099	0.000000	0.055477	-0.000026	-0.000032	-0.000203	NaN	NaN	NaN	NaN	NaN
268.000000	1360.544218	1.000000	1282.051282	1.000000	1360.460300	-29.980805	0.000000	-74.981770	0.000000	0.027557	-0.000024	-0.000030	-0.000203	NaN	NaN	NaN	NaN	NaN
269.000000	1360.544218	1.000000	1282.051282	1.000000	1360.460300	-29.980805	0.000000	-89.992154	0.000000	0.012680	-0.000024	-0.000028	-0.000202	NaN	NaN	NaN	NaN	NaN
270.000000	1360.544218	1.000000	1282.051282	1.000000	1360.460300	-29.980805	0.000000	-105.135964	0.000000	0.007443	-0.000024	-0.000032	-0.000207	NaN	NaN	NaN	NaN	NaN
271.000000	1360.544218	1.000000	1282.051282	1.000000	1360.460300	-29.980805	0.000000	-120.079636	0.000000	0.003015	-0.000025	-0.000032	-0.000205	NaN	NaN	NaN	NaN	NaN
272.000000	1360.544218	1.000000	1282.051282	1.000000	1360.460300	-29.980805	0.000000	-135.090020	0.000000	-0.001615	-0.000027	-0.000032	-0.000199	NaN	NaN	NaN	NaN	NaN
273.000000	1360.544218	1.000000	1282.051282	1.000000	1360.460300	-29.980805	0.000000	-150.100404	0.000000	-0.005651	-0.000027	-0.000029	-0.000204	NaN	NaN	NaN	NaN	NaN
274.000000	1360.544218	1.000000	1282.051282	1.000000	1360.460300	-44.924477	0.000000	150.040569	0.000000	-0.007091	-0.000025	-0.000031	-0.000194	NaN	NaN	NaN	NaN	NaN
275.000000	1360.544218	1.000000	1282.051282	1.000000	1360.460300	-44.924477	0.000000	135.030184	0.000000	-0.007063	-0.000025	-0.000031	-0.000200	NaN	NaN	NaN	NaN	NaN
276.000000	1360.544218	1.000000	1282.051282	1.000000	1360.460300	-44.924477	0.000000	120.086513	0.000000	-0.007205	-0.000028	-0.000031	-0.000210	NaN	NaN	NaN	NaN	NaN
277.000000	1360.544218	1.000000	1282.051282	1.000000	1360.460300	-44.924477	0.000000	105.076129	0.000000	-0.007076	-0.000026	-0.000029	-0.000216	NaN	NaN	NaN	NaN	NaN
278.000000	1360.544218	1.000000	1282.051282	1.000000	1360.460300	-44.924477	0.000000	90.065744	0.000000	-0.008217	-0.000026	-0.000028	-0.000201	NaN	NaN	NaN	NaN	NaN
279.000000	1360.544218	1.000000	1282.051282	1.000000	1360.460300	-44.924477	0.000000	74.921934	0.000000	-0.005716	-0.000025	-0.000034	-0.000203	NaN	NaN	NaN	NaN	NaN
280.000000	1360.544218	1.000000	1282.051282	1.000000	1360.460300	-44.924477	0.000000	60.044976	0.000000	-0.005834	-0.000024	-0.000029	-0.000209	NaN	NaN	NaN	NaN	NaN
281.000000	1360.544218	1.000000	1282.051282	1.000000	1360.460300	-44.924477	0.000000	45.101304	0.000000	-0.006803	-0.000026	-0.000029	-0.000212	NaN	NaN	NaN	NaN	NaN
282.000000	1360.544218	1.000000	1282.051282	1.000000	1360.460300	-44.924477	0.000000	30.090920	0.000000	-0.004079	-0.000028	-0.000032	-0.000199	NaN	NaN	NaN	NaN	NaN
283.000000	1360.544218	1.000000	1282.051282	1.000000	1360.460300	-44.924477	0.000000	14.947110	0.000000	-0.001134	-0.000025	-0.000034	-0.000209	NaN	NaN	NaN	NaN	NaN
284.000000	1360.544218	1.000000	1282.051282	1.000000	1360.460300	-44.924477	0.000000	0.003439	0.000000	0.005464	-0.000027	-0.000034	-0.000202	NaN	NaN	NaN	NaN	NaN
285.000000	1360.544218	1.000000	1282.051282	1.000000	1360.460300	-44.924477	0.000000	-15.006946	0.000000	0.010944	-0.000025	-0.000030	-0.000187	NaN	NaN	NaN	NaN	NaN
286.000000	1360.544218	1.000000	1282.051282	1.000000	1360.460300	-44.924477	0.000000	-30.017330	0.000000	0.025282	-0.000025	-0.000032	-0.000218	NaN	NaN	NaN	NaN	NaN
287.000000	1360.544218	1.000000	1282.051282	1.000000	1360.460300	-44.924477	0.000000	-44.894289	0.000000	0.063782	-0.000024	-0.000028	-0.000208	NaN	NaN	NaN	NaN	NaN
288.000000	1360.544218	1.000000	1282.051282	1.000000	1360.460300	-44.924477	0.000000	-60.038099	0.000000	0.070902	-0.000026	-0.000028	-0.000210	NaN	NaN	NaN	NaN	NaN
289.000000	1360.544218	1.000000	1282.051282	1.000000	1360.460300	-44.924477	0.000000	-74.981770	0.000000	0.046419	-0.000026	-0.000027	-0.000201	NaN	NaN	NaN	NaN	NaN
290.000000	1360.544218	1.000000	1282.051282	1.000000	1360.460300	-44.924477	0.000000	-89.992154	0.000000	0.020201	-0.000026	-0.000032	-0.000198	NaN	NaN	NaN	NaN	NaN
291.000000	1360.544218	1.000000	1282.051282	1.000000	1360.460300	-44.924477	0.000000	-105.135964	0.000000	0.010157	-0.000027	-0.000031	-0.000201	NaN	NaN	NaN	NaN	NaN
292.000000	1360.544218	1.000000	1282.051282	1.000000	1360.460300	-44.924477	0.000000	-120.079636	0.000000	0.005968	-0.000025	-0.000030	-0.000206	NaN	NaN	NaN	NaN	NaN
293.000000	1360.544218	1.000000	1282.051282	1.000000	1360.460300	-44.924477	0.000000	-135.090020	0.000000	0.000788	-0.000028	-0.000033	-0.000205	NaN	NaN	NaN	NaN	NaN
294.000000	1360.544218	1.000000	1282.051282	1.000000	1360.460300	-44.924477	0.000000	-150.100404	0.000000	-0.004569	-0.000027	-0.000031	-0.000212	NaN	NaN	NaN	NaN	NaN
295.000000	1360.544218	1.000000	1282.051282	1.000000	1360.460300	-59.934861	0.000000	150.040569	0.000000	-0.008548	-0.000028	-0.000032	-0.000196	NaN	NaN	NaN	NaN	NaN
296.000000	1360.544218	1.000000	1282.051282	1.000000	1360.460300	-59.934861	0.000000	135.030184	0.000000	-0.007424	-0.000025	-0.000034	-0.000219	NaN	NaN	NaN	NaN	NaN
297.000000	1360.544218	1.000000	1282.051282	1.000000	1360.460300	-59.934861	0.000000	120.086513	0.000000	-0.007610	-0.000027	-0.000034	-0.000205	NaN	NaN	NaN	NaN	NaN
298.000000	1360.544218	1.000000	1282.051282	1.000000	1360.460300	-59.934861	0.000000	105.076129	0.000000	-0.008464	-0.000028	-0.000027	-0.000202	NaN	NaN	NaN	NaN	NaN
299.000000	1360.544218	1.000000	1282.051282	1.000000	1360.460300	-59.934861	0.000000	90.065744	0.000000	-0.006953	-0.000026	-0.000032	-0.000204	NaN	NaN	NaN	NaN	NaN
300.000000	1360.544218	1.000000	1282.051282	1.000000	1360.460300	-59.934861	0.000000	74.921934	0.000000	-0.006231	-0.000026	-0.000030	-0.000191	NaN	NaN	NaN	NaN	NaN
301.000000	1360.544218	1.000000	1282.051282	1.000000	1360.460300	-59.934861	0.000000	60.044976	0.000000	-0.008155	-0.000027	-0.000031	-0.000220	NaN	NaN	NaN	NaN	NaN
302.000000	1360.544218	1.000000	1282.051282	1.000000	1360.460300	-59.934861	0.000000	44.967879	0.000000	-0.006981	-0.000024	-0.000031	-0.000185	NaN	NaN	NaN	NaN	NaN
303.000000	1360.544218	1.000000	1282.051282	1.000000	1360.460300	-59.934861	0.000000	30.090920	0.000000	-0.005831	-0.000028	-0.000034	-0.000206	NaN	NaN	NaN	NaN	NaN
304.000000	1360.544218	1.000000	1282.051282	1.000000	1360.460300	-59.934861	0.000000	14.947110	0.000000	-0.004808	-0.000027	-0.000032	-0.000207	NaN	NaN	NaN	NaN	NaN
305.000000	1360.544218	1.000000	1282.051282	1.000000	1360.460300	-59.934861	0.000000	0.003439	0.000000	0.000211	-0.000027	-0.000031	-0.000197	NaN	NaN	NaN	NaN	NaN
306.000000	1360.544218	1.000000	1282.051282	1.000000	1360.460300	-59.934861	0.000000	-15.006946	0.000000	0.005709	-0.000025	-0.000031	-0.000199	NaN	NaN	NaN	NaN	NaN
307.000000	1360.544218	1.000000	1282.051282	1.000000	1360.460300	-59.934861	0.000000	-30.017330	0.000000	0.013972	-0.000024	-0.000030	-0.000211	NaN	NaN	NaN	NaN	NaN
308.000000	1360.544218	1.000000	1282.051282	1.000000	1360.460300	-59.934861	0.000000	-45.027714	0.000000	0.032411	-0.000025	-0.000031	-0.000198	NaN	NaN	NaN	NaN	NaN
309.000000	1360.544218	1.000000	1282.051282	1.000000	1360.460300	-59.934861	0.000000	-60.038099	0.000000	0.064284	-0.000024	-0.000029	-0.000209	NaN	NaN	NaN	NaN	NaN
310.000000	1360.544218	1.000000	1282.051282	1.000000	1360.460300	-59.934861	0.000000	-74.915057	0.000000	0.080621	-0.000024	-0.000032	-0.000198	NaN	NaN	NaN	NaN	NaN
311.000000	1360.544218	1.000000	1282.051282	1.000000	1360.460300	-59.934861	0.000000	-89.858729	0.000000	0.051480	-0.000024	-0.000030	-0.000200	NaN	NaN	NaN	NaN	NaN
312.000000	1360.544218	1.000000	1282.051282	1.000000	1360.460300	-59.934861	0.000000	-105.135964	0.000000	0.023879	-0.000025	-0.000025	-0.000197	NaN	NaN	NaN	NaN	NaN
313.000000	1360.544218	1.000000	1282.051282	1.000000	1360.460300	-59.934861	0.000000	-120.079636	0.000000	0.013071	-0.000023	-0.000032	-0.000205	NaN	NaN	NaN	NaN	NaN
314.000000	1360.544218	1.000000	1282.051282	1.000000	1360.460300	-59.934861	0.000000	-135.090020	0.000000	0.005709	-0.000025	-0.000032	-0.000192	NaN	NaN	NaN	NaN	NaN
315.000000	1360.544218	1.000000	1282.051282	1.000000	1360.460300	-59.934861	0.000000	-150.100404	0.000000	0.001720	-0.000026	-0.000032	-0.000205	NaN	NaN	NaN	NaN	NaN
316.000000	1360.544218	1.000000	1282.051282	1.000000	1360.460300	-74.945245	0.000000	150.040569	0.000000	-0.006919	-0.000025	-0.000031	-0.000203	NaN	NaN	NaN	NaN	NaN
317.000000	1360.544218	1.000000	1282.051282	1.000000	1360.460300	-74.945245	0.000000	135.030184	0.000000	-0.007701	-0.000026	-0.000032	-0.000207	NaN	NaN	NaN	NaN	NaN
318.000000	1360.544218	1.000000	1282.051282	1.000000	1360.460300	-74.945245	0.000000	120.086513	0.000000	-0.006676	-0.000026	-0.000029	-0.000194	NaN	NaN	NaN	NaN	NaN
319.000000	1360.544218	1.000000	1282.051282	1.000000	1360.460300	-74.945245	0.000000	105.076129	0.000000	-0.006657	-0.000026	-0.000031	-0.000205	NaN	NaN	NaN	NaN	NaN
320.000000	1360.544218	1.000000	1282.051282	1.000000	1360.460300	-74.945245	0.000000	90.065744	0.000000	-0.007276	-0.000026	-0.000027	-0.000196	NaN	NaN	NaN	NaN	NaN
321.000000	1360.544218	1.000000	1282.051282	1.000000	1360.460300	-74.945245	0.000000	74.921934	0.000000	-0.007306	-0.000025	-0.000030	-0.000201	NaN	NaN	NaN	NaN	NaN
322.000000	1360.544218	1.000000	1282.051282	1.000000	1360.460300	-74.945245	0.000000	60.044976	0.000000	-0.007728	-0.000026	-0.000030	-0.000207	NaN	NaN	NaN	NaN	NaN
323.000000	1360.544218	1.000000	1282.051282	1.000000	1360.460300	-74.945245	0.000000	44.967879	0.000000	-0.006434	-0.000024	-0.000026	-0.000201	NaN	NaN	NaN	NaN	NaN
324.000000	1360.544218	1.000000	1282.051282	1.000000	1360.460300	-74.945245	0.000000	30.090920	0.000000	-0.007196	-0.000025	-0.000032	-0.000194	NaN	NaN	NaN	NaN	NaN
325.000000	1360.544218	1.000000	1282.051282	1.000000	1360.460300	-74.945245	0.000000	14.947110	0.000000	-0.006429	-0.000025	-0.000031	-0.000209	NaN	NaN	NaN	NaN	NaN
326.000000	1360.544218	1.000000	1282.051282	1.000000	1360.460300	-74.945245	0.000000	0.003439	0.000000	-0.002510	-0.000027	-0.000029	-0.000185	NaN	NaN	NaN	NaN	NaN
327.000000	1360.544218	1.000000	1282.051282	1.000000	1360.460300	-74.945245	0.000000	-15.006946	0.000000	0.001038	-0.000025	-0.000029	-0.000207	NaN	NaN	NaN	NaN	NaN
328.000000	1360.544218	1.000000	1282.051282	1.000000	1360.460300	-74.945245	0.000000	-30.017330	0.000000	0.007965	-0.000023	-0.000029	-0.000196	NaN	NaN	NaN	NaN	NaN
329.000000	1360.544218	1.000000	1282.051282	1.000000	1360.460300	-74.945245	0.000000	-45.027714	0.000000	0.018998	-0.000025	-0.000029	-0.000210	NaN	NaN	NaN	NaN	NaN
330.000000	1360.544218	1.000000	1282.051282	1.000000	1360.460300	-74.945245	0.000000	-60.038099	0.000000	0.044113	-0.000026	-0.000031	-0.000211	NaN	NaN	NaN	NaN	NaN
331.000000	1360.544218	1.000000	1282.051282	1.000000	1360.460300	-74.945245	0.000000	-74.981770	0.000000	0.073428	-0.000022	-0.000030	-0.000203	NaN	NaN	NaN	NaN	NaN
332.000000	1360.544218	1.000000	1282.051282	1.000000	1360.460300	-74.945245	0.000000	-89.858729	0.000000	0.069501	-0.000025	-0.000031	-0.000190	NaN	NaN	NaN	NaN	NaN
333.000000	1360.544218	1.000000	1282.051282	1.000000	1360.460300	-74.945245	0.000000	-105.135964	0.000000	0.042830	-0.000022	-0.000030	-0.000186	NaN	NaN	NaN	NaN	NaN
334.000000	1360.544218	1.000000	1282.051282	1.000000	1360.460300	-74.945245	0.000000	-120.079636	0.000000	0.019184	-0.000025	-0.000032	-0.000194	NaN	NaN	NaN	NaN	NaN
335.000000	1360.544218	1.000000	1282.051282	1.000000	1360.460300	-74.945245	0.000000	-135.090020	0.000000	0.010718	-0.000026	-0.000032	-0.000220	NaN	NaN	NaN	NaN	NaN
336.000000	1360.544218	1.000000	1282.051282	1.000000	1360.460300	-74.945245	0.000000	-150.100404	0.000000	0.004176	-0.000026	-0.000027	-0.000196	NaN	NaN	NaN	NaN	NaN
337.000000	1360.544218	1.000000	1282.051282	1.000000	1360.460300	-89.955629	0.000000	150.040569	0.000000	-0.007668	-0.000026	-0.000031	-0.000198	NaN	NaN	NaN	NaN	NaN
338.000000	1360.544218	1.000000	1282.051282	1.000000	1360.460300	-89.955629	0.000000	135.030184	0.000000	-0.007438	-0.000027	-0.000030	-0.000198	NaN	NaN	NaN	NaN	NaN
339.000000	1360.544218	1.000000	1282.051282	1.000000	1360.460300	-89.955629	0.000000	120.086513	0.000000	-0.008098	-0.000025	-0.000032	-0.000180	NaN	NaN	NaN	NaN	NaN
340.000000	1360.544218	1.000000	1282.051282	1.000000	1360.460300	-89.955629	0.000000	105.076129	0.000000	-0.007784	-0.000028	-0.000031	-0.000201	NaN	NaN	NaN	NaN	NaN
341.000000	1360.544218	1.000000	1282.051282	1.000000	1360.460300	-89.955629	0.000000	90.065744	0.000000	-0.007424	-0.000025	-0.000031	-0.000185	NaN	NaN	NaN	NaN	NaN
342.000000	1360.544218	1.000000	1282.051282	1.000000	1360.460300	-89.955629	0.000000	74.921934	0.000000	-0.008747	-0.000026	-0.000032	-0.000192	NaN	NaN	NaN	NaN	NaN
343.000000	1360.544218	1.000000	1282.051282	1.000000	1360.460300	-89.955629	0.000000	60.044976	0.000000	-0.008361	-0.000025	-0.000033	-0.000200	NaN	NaN	NaN	NaN	NaN
344.000000	1360.544218	1.000000	1282.051282	1.000000	1360.460300	-89.955629	0.000000	44.967879	0.000000	-0.007102	-0.000027	-0.000030	-0.000206	NaN	NaN	NaN	NaN	NaN
345.000000	1360.544218	1.000000	1282.051282	1.000000	1360.460300	-89.955629	0.000000	30.090920	0.000000	-0.007681	-0.000025	-0.000030	-0.000210	NaN	NaN	NaN	NaN	NaN
346.000000	1360.544218	1.000000	1282.051282	1.000000	1360.460300	-89.955629	0.000000	14.947110	0.000000	-0.006427	-0.000026	-0.000032	-0.000196	NaN	NaN	NaN	NaN	NaN
347.000000	1360.544218	1.000000	1282.051282	1.000000	1360.460300	-89.955629	0.000000	0.003439	0.000000	-0.006877	-0.000025	-0.000031	-0.000207	NaN	NaN	NaN	NaN	NaN
348.000000	1360.544218	1.000000	1282.051282	1.000000	1360.460300	-89.955629	0.000000	-15.006946	0.000000	-0.003956	-0.000024	-0.000030	-0.000192	NaN	NaN	NaN	NaN	NaN
349.000000	1360.544218	1.000000	1282.051282	1.000000	1360.460300	-89.955629	0.000000	-29.883904	0.000000	0.000342	-0.000027	-0.000030	-0.000206	NaN	NaN	NaN	NaN	NaN
350.000000	1360.544218	1.000000	1282.051282	1.000000	1360.460300	-89.955629	0.000000	-45.027714	0.000000	0.006011	-0.000023	-0.000030	-0.000196	NaN	NaN	NaN	NaN	NaN
351.000000	1360.544218	1.000000	1282.051282	1.000000	1360.460300	-89.955629	0.000000	-60.038099	0.000000	0.017112	-0.000023	-0.000029	-0.000207	NaN	NaN	NaN	NaN	NaN
352.000000	1360.544218	1.000000	1282.051282	1.000000	1360.460300	-89.955629	0.000000	-74.981770	0.000000	0.037623	-0.000025	-0.000027	-0.000196	NaN	NaN	NaN	NaN	NaN
353.000000	1360.544218	1.000000	1282.051282	1.000000	1360.460300	-89.955629	0.000000	-89.992154	0.000000	0.076912	-0.000025	-0.000028	-0.000200	NaN	NaN	NaN	NaN	NaN
354.000000	1360.544218	1.000000	1282.051282	1.000000	1360.460300	-89.955629	0.000000	-105.135964	0.000000	0.076842	-0.000021	-0.000029	-0.000196	NaN	NaN	NaN	NaN	NaN
355.000000	1360.544218	1.000000	1282.051282	1.000000	1360.460300	-89.955629	0.000000	-120.079636	0.000000	0.050483	-0.000023	-0.000029	-0.000197	NaN	NaN	NaN	NaN	NaN
356.000000	1360.544218	1.000000	1282.051282	1.000000	1360.460300	-89.955629	0.000000	-135.090020	0.000000	0.026885	-0.000023	-0.000031	-0.000213	NaN	NaN	NaN	NaN	NaN
357.000000	1360.544218	1.000000	1282.051282	1.000000	1360.460300	-89.955629	0.000000	-150.100404	0.000000	0.011418	-0.000025	-0.000030	-0.000210	NaN	NaN	NaN	NaN	NaN
358.000000	1360.544218	1.000000	1282.051282	1.000000	1360.460300	-104.899301	0.000000	150.040569	0.000000	-0.008531	-0.000023	-0.000029	-0.000189	NaN	NaN	NaN	NaN	NaN
359.000000	1360.544218	1.000000	1282.051282	1.000000	1360.460300	-104.899301	0.000000	135.030184	0.000000	-0.007860	-0.000024	-0.000027	-0.000209	NaN	NaN	NaN	NaN	NaN
360.000000	1360.544218	1.000000	1282.051282	1.000000	1360.460300	-104.899301	0.000000	120.086513	0.000000	-0.006458	-0.000027	-0.000033	-0.000205	NaN	NaN	NaN	NaN	NaN
361.000000	1360.544218	1.000000	1282.051282	1.000000	1360.460300	-104.899301	0.000000	105.076129	0.000000	-0.007089	-0.000023	-0.000031	-0.000209	NaN	NaN	NaN	NaN	NaN
362.000000	1360.544218	1.000000	1282.051282	1.000000	1360.460300	-104.899301	0.000000	90.065744	0.000000	-0.007997	-0.000027	-0.000031	-0.000194	NaN	NaN	NaN	NaN	NaN
363.000000	1360.544218	1.000000	1282.051282	1.000000	1360.460300	-104.899301	0.000000	74.921934	0.000000	-0.007648	-0.000026	-0.000032	-0.000197	NaN	NaN	NaN	NaN	NaN
364.000000	1360.544218	1.000000	1282.051282	1.000000	1360.460300	-104.899301	0.000000	60.044976	0.000000	-0.007840	-0.000025	-0.000029	-0.000203	NaN	NaN	NaN	NaN	NaN
365.000000	1360.544218	1.000000	1282.051282	1.000000	1360.460300	-104.899301	0.000000	44.967879	0.000000	-0.007108	-0.000027	-0.000031	-0.000201	NaN	NaN	NaN	NaN	NaN
366.000000	1360.544218	1.000000	1282.051282	1.000000	1360.460300	-104.899301	0.000000	30.090920	0.000000	-0.007729	-0.000026	-0.000031	-0.000194	NaN	NaN	NaN	NaN	NaN
367.000000	1360.544218	1.000000	1282.051282	1.000000	1360.460300	-104.899301	0.000000	14.947110	0.000000	-0.006971	-0.000023	-0.000029	-0.000194	NaN	NaN	NaN	NaN	NaN
368.000000	1360.544218	1.000000	1282.051282	1.000000	1360.460300	-104.899301	0.000000	0.003439	0.000000	-0.008256	-0.000026	-0.000029	-0.000197	NaN	NaN	NaN	NaN	NaN
369.000000	1360.544218	1.000000	1282.051282	1.000000	1360.460300	-104.899301	0.000000	-15.006946	0.000000	-0.006470	-0.000026	-0.000033	-0.000193	NaN	NaN	NaN	NaN	NaN
370.000000	1360.544218	1.000000	1282.051282	1.000000	1360.460300	-104.899301	0.000000	-30.017330	0.000000	-0.003273	-0.000025	-0.000028	-0.000179	NaN	NaN	NaN	NaN	NaN
371.000000	1360.544218	1.000000	1282.051282	1.000000	1360.460300	-104.899301	0.000000	-45.027714	0.000000	0.003253	-0.000025	-0.000029	-0.000211	NaN	NaN	NaN	NaN	NaN
372.000000	1360.544218	1.000000	1282.051282	1.000000	1360.460300	-104.899301	0.000000	-60.038099	0.000000	0.011110	-0.000022	-0.000030	-0.000186	NaN	NaN	NaN	NaN	NaN
373.000000	1360.544218	1.000000	1282.051282	1.000000	1360.460300	-104.899301	0.000000	-74.981770	0.000000	0.023307	-0.000025	-0.000028	-0.000191	NaN	NaN	NaN	NaN	NaN
374.000000	1360.544218	1.000000	1282.051282	1.000000	1360.460300	-104.899301	0.000000	-89.992154	0.000000	0.050695	-0.000025	-0.000029	-0.000188	NaN	NaN	NaN	NaN	NaN
375.000000	1360.544218	1.000000	1282.051282	1.000000	1360.460300	-104.899301	0.000000	-105.135964	0.000000	0.083745	-0.000024	-0.000030	-0.000211	NaN	NaN	NaN	NaN	NaN
376.000000	1360.544218	1.000000	1282.051282	1.000000	1360.460300	-104.899301	0.000000	-120.079636	0.000000	0.081282	-0.000024	-0.000030	-0.000203	NaN	NaN	NaN	NaN	NaN
377.000000	1360.544218	1.000000	1282.051282	1.000000	1360.460300	-104.899301	0.000000	-135.090020	0.000000	0.043254	-0.000025	-0.000032	-0.000229	NaN	NaN	NaN	NaN	NaN
378.000000	1360.544218	1.000000	1282.051282	1.000000	1360.460300	-104.899301	0.000000	-150.100404	0.000000	0.016090	-0.000025	-0.000031	-0.000221	NaN	NaN	NaN	NaN	NaN
379.000000	1360.544218	1.000000	1282.051282	1.000000	1360.460300	-119.909685	0.000000	150.040569	0.000000	-0.007736	-0.000026	-0.000032	-0.000197	NaN	NaN	NaN	NaN	NaN
380.000000	1360.544218	1.000000	1282.051282	1.000000	1360.460300	-119.909685	0.000000	135.030184	0.000000	-0.007990	-0.000026	-0.000035	-0.000208	NaN	NaN	NaN	NaN	NaN
381.000000	1360.544218	1.000000	1282.051282	1.000000	1360.460300	-119.909685	0.000000	120.086513	0.000000	-0.007454	-0.000025	-0.000034	-0.000203	NaN	NaN	NaN	NaN	NaN
382.000000	1360.544218	1.000000	1282.051282	1.000000	1360.460300	-119.909685	0.000000	105.076129	0.000000	-0.007211	-0.000026	-0.000033	-0.000205	NaN	NaN	NaN	NaN	NaN
383.000000	1360.544218	1.000000	1282.051282	1.000000	1360.460300	-119.909685	0.000000	90.065744	0.000000	-0.007454	-0.000026	-0.000031	-0.000190	NaN	NaN	NaN	NaN	NaN
384.000000	1360.544218	1.000000	1282.051282	1.000000	1360.460300	-119.909685	0.000000	74.921934	0.000000	-0.007418	-0.000025	-0.000031	-0.000191	NaN	NaN	NaN	NaN	NaN
385.000000	1360.544218	1.000000	1282.051282	1.000000	1360.460300	-119.909685	0.000000	60.044976	0.000000	-0.007116	-0.000025	-0.000033	-0.000221	NaN	NaN	NaN	NaN	NaN
386.000000	1360.544218	1.000000	1282.051282	1.000000	1360.460300	-119.909685	0.000000	44.967879	0.000000	-0.007597	-0.000025	-0.000031	-0.000204	NaN	NaN	NaN	NaN	NaN
387.000000	1360.544218	1.000000	1282.051282	1.000000	1360.460300	-119.909685	0.000000	30.090920	0.000000	-0.007923	-0.000027	-0.000033	-0.000207	NaN	NaN	NaN	NaN	NaN
388.000000	1360.544218	1.000000	1282.051282	1.000000	1360.460300	-119.909685	0.000000	14.947110	0.000000	-0.006830	-0.000025	-0.000031	-0.000213	NaN	NaN	NaN	NaN	NaN
389.000000	1360.544218	1.000000	1282.051282	1.000000	1360.460300	-119.909685	0.000000	0.003439	0.000000	-0.005759	-0.000026	-0.000029	-0.000196	NaN	NaN	NaN	NaN	NaN
390.000000	1360.544218	1.000000	1282.051282	1.000000	1360.460300	-119.909685	0.000000	-15.006946	0.000000	-0.007564	-0.000025	-0.000034	-0.000207	NaN	NaN	NaN	NaN	NaN
391.000000	1360.544218	1.000000	1282.051282	1.000000	1360.460300	-119.909685	0.000000	-30.017330	0.000000	-0.004653	-0.000024	-0.000031	-0.000207	NaN	NaN	NaN	NaN	NaN
392.000000	1360.544218	1.000000	1282.051282	1.000000	1360.460300	-119.909685	0.000000	-45.027714	0.000000	-0.003088	-0.000025	-0.000032	-0.000200	NaN	NaN	NaN	NaN	NaN
393.000000	1360.544218	1.000000	1282.051282	1.000000	1360.460300	-119.909685	0.000000	-60.038099	0.000000	0.004188	-0.000023	-0.000029	-0.000205	NaN	NaN	NaN	NaN	NaN
394.000000	1360.544218	1.000000	1282.051282	1.000000	1360.460300	-119.909685	0.000000	-74.981770	0.000000	0.010647	-0.000025	-0.000033	-0.000193	NaN	NaN	NaN	NaN	NaN
395.000000	1360.544218	1.000000	1282.051282	1.000000	1360.460300	-119.909685	0.000000	-89.992154	0.000000	0.026376	-0.000025	-0.000031	-0.000194	NaN	NaN	NaN	NaN	NaN
396.000000	1360.544218	1.000000	1282.051282	1.000000	1360.460300	-119.909685	0.000000	-105.135964	0.000000	0.053023	-0.000023	-0.000032	-0.000214	NaN	NaN	NaN	NaN	NaN
397.000000	1360.544218	1.000000	1282.051282	1.000000	1360.460300	-119.909685	0.000000	-120.079636	0.000000	0.092922	-0.000022	-0.000029	-0.000197	NaN	NaN	NaN	NaN	NaN
398.000000	1360.544218	1.000000	1282.051282	1.000000	1360.460300	-119.909685	0.000000	-135.090020	0.000000	0.088698	-0.000024	-0.000030	-0.000207	NaN	NaN	NaN	NaN	NaN
399.000000	1360.544218	1.000000	1282.051282	1.000000	1360.460300	-119.909685	0.000000	-150.100404	0.000000	0.054312	-0.000026	-0.000031	-0.000188	NaN	NaN	NaN	NaN	NaN
400.000000	1360.544218	1.000000	1282.051282	1.000000	1360.460300	-134.920069	0.000000	150.040569	0.000000	-0.007854	-0.000026	-0.000029	-0.000187	NaN	NaN	NaN	NaN	NaN
401.000000	1360.544218	1.000000	1282.051282	1.000000	1360.460300	-134.920069	0.000000	135.030184	0.000000	-0.007675	-0.000025	-0.000033	-0.000196	NaN	NaN	NaN	NaN	NaN
402.000000	1360.544218	1.000000	1282.051282	1.000000	1360.460300	-134.920069	0.000000	120.086513	0.000000	-0.007423	-0.000027	-0.000033	-0.000206	NaN	NaN	NaN	NaN	NaN
403.000000	1360.544218	1.000000	1282.051282	1.000000	1360.460300	-134.920069	0.000000	105.076129	0.000000	-0.007005	-0.000026	-0.000034	-0.000210	NaN	NaN	NaN	NaN	NaN
404.000000	1360.544218	1.000000	1282.051282	1.000000	1360.460300	-134.920069	0.000000	90.065744	0.000000	-0.006237	-0.000025	-0.000031	-0.000192	NaN	NaN	NaN	NaN	NaN
405.000000	1360.544218	1.000000	1282.051282	1.000000	1360.460300	-134.920069	0.000000	74.921934	0.000000	-0.007556	-0.000027	-0.000031	-0.000197	NaN	NaN	NaN	NaN	NaN
406.000000	1360.544218	1.000000	1282.051282	1.000000	1360.460300	-134.920069	0.000000	60.044976	0.000000	-0.006464	-0.000026	-0.000030	-0.000216	NaN	NaN	NaN	NaN	NaN
407.000000	1360.544218	1.000000	1282.051282	1.000000	1360.460300	-134.920069	0.000000	44.967879	0.000000	-0.006426	-0.000027	-0.000033	-0.000190	NaN	NaN	NaN	NaN	NaN
408.000000	1360.544218	1.000000	1282.051282	1.000000	1360.460300	-134.920069	0.000000	30.090920	0.000000	-0.006519	-0.000024	-0.000032	-0.000195	NaN	NaN	NaN	NaN	NaN
409.000000	1360.544218	1.000000	1282.051282	1.000000	1360.460300	-134.920069	0.000000	14.947110	0.000000	-0.008392	-0.000027	-0.000034	-0.000195	NaN	NaN	NaN	NaN	NaN
410.000000	1360.544218	1.000000	1282.051282	1.000000	1360.460300	-134.920069	0.000000	0.003439	0.000000	-0.006434	-0.000027	-0.000031	-0.000209	NaN	NaN	NaN	NaN	NaN
411.000000	1360.544218	1.000000	1282.051282	1.000000	1360.460300	-134.920069	0.000000	-15.006946	0.000000	-0.007488	-0.000028	-0.000033	-0.000188	NaN	NaN	NaN	NaN	NaN
412.000000	1360.544218	1.000000	1282.051282	1.000000	1360.460300	-134.920069	0.000000	-30.017330	0.000000	-0.005452	-0.000026	-0.000032	-0.000186	NaN	NaN	NaN	NaN	NaN
413.000000	1360.544218	1.000000	1282.051282	1.000000	1360.460300	-134.920069	0.000000	-45.027714	0.000000	-0.005616	-0.000026	-0.000029	-0.000204	NaN	NaN	NaN	NaN	NaN
414.000000	1360.544218	1.000000	1282.051282	1.000000	1360.460300	-134.920069	0.000000	-60.038099	0.000000	-0.001366	-0.000027	-0.000031	-0.000194	NaN	NaN	NaN	NaN	NaN
415.000000	1360.544218	1.000000	1282.051282	1.000000	1360.460300	-134.920069	0.000000	-74.981770	0.000000	0.006058	-0.000027	-0.000032	-0.000209	NaN	NaN	NaN	NaN	NaN
416.000000	1360.544218	1.000000	1282.051282	1.000000	1360.460300	-134.920069	0.000000	-89.858729	0.000000	0.016125	-0.000024	-0.000033	-0.000197	NaN	NaN	NaN	NaN	NaN
417.000000	1360.544218	1.000000	1282.051282	1.000000	1360.460300	-134.920069	0.000000	-105.135964	0.000000	0.034780	-0.000026	-0.000032	-0.000212	NaN	NaN	NaN	NaN	NaN
418.000000	1360.544218	1.000000	1282.051282	1.000000	1360.460300	-134.920069	0.000000	-120.079636	0.000000	0.070986	-0.000026	-0.000031	-0.000209	NaN	NaN	NaN	NaN	NaN
419.000000	1360.544218	1.000000	1282.051282	1.000000	1360.460300	-134.920069	0.000000	-135.090020	0.000000	0.100984	-0.000022	-0.000031	-0.000194	NaN	NaN	NaN	NaN	NaN
420.000000	1360.544218	1.000000	1282.051282	1.000000	1360.460300	-134.920069	0.000000	-150.100404	0.000000	0.078376	-0.000024	-0.000029	-0.000200	NaN	NaN	NaN	NaN	NaN
421.000000	1360.544218	1.000000	1282.051282	1.000000	1360.460300	-149.930454	0.000000	150.040569	0.000000	-0.006703	-0.000026	-0.000033	-0.000197	NaN	NaN	NaN	NaN	NaN
422.000000	1360.544218	1.000000	1282.051282	1.000000	1360.460300	-149.930454	0.000000	135.030184	0.000000	-0.007036	-0.000025	-0.000032	-0.000222	NaN	NaN	NaN	NaN	NaN
423.000000	1360.544218	1.000000	1282.051282	1.000000	1360.460300	-149.930454	0.000000	120.086513	0.000000	-0.007147	-0.000028	-0.000033	-0.000195	NaN	NaN	NaN	NaN	NaN
424.000000	1360.544218	1.000000	1282.051282	1.000000	1360.460300	-149.930454	0.000000	105.076129	0.000000	-0.008211	-0.000026	-0.000031	-0.000178	NaN	NaN	NaN	NaN	NaN
425.000000	1360.544218	1.000000	1282.051282	1.000000	1360.460300	-149.930454	0.000000	90.065744	0.000000	-0.006984	-0.000023	-0.000032	-0.000201	NaN	NaN	NaN	NaN	NaN
426.000000	1360.544218	1.000000	1282.051282	1.000000	1360.460300	-149.930454	0.000000	74.921934	0.000000	-0.007573	-0.000025	-0.000034	-0.000212	NaN	NaN	NaN	NaN	NaN
427.000000	1360.544218	1.000000	1282.051282	1.000000	1360.460300	-149.930454	0.000000	60.044976	0.000000	-0.006874	-0.000025	-0.000030	-0.000191	NaN	NaN	NaN	NaN	NaN
428.000000	1360.544218	1.000000	1282.051282	1.000000	1360.460300	-149.930454	0.000000	44.967879	0.000000	-0.007826	-0.000027	-0.000031	-0.000208	NaN	NaN	NaN	NaN	NaN
429.000000	1360.544218	1.000000	1282.051282	1.000000	1360.460300	-149.930454	0.000000	30.090920	0.000000	-0.006655	-0.000026	-0.000030	-0.000196	NaN	NaN	NaN	NaN	NaN
430.000000	1360.544218	1.000000	1282.051282	1.000000	1360.460300	-149.930454	0.000000	14.947110	0.000000	-0.006631	-0.000026	-0.000029	-0.000190	NaN	NaN	NaN	NaN	NaN
431.000000	1360.544218	1.000000	1282.051282	1.000000	1360.460300	-149.930454	0.000000	0.070151	0.000000	-0.007923	-0.000025	-0.000031	-0.000202	NaN	NaN	NaN	NaN	NaN
432.000000	1360.544218	1.000000	1282.051282	1.000000	1360.460300	-149.930454	0.000000	-15.006946	0.000000	-0.007018	-0.000026	-0.000031	-0.000215	NaN	NaN	NaN	NaN	NaN
433.000000	1360.544218	1.000000	1282.051282	1.000000	1360.460300	-149.930454	0.000000	-30.017330	0.000000	-0.006251	-0.000026	-0.000032	-0.000209	NaN	NaN	NaN	NaN	NaN
434.000000	1360.544218	1.000000	1282.051282	1.000000	1360.460300	-149.930454	0.000000	-45.027714	0.000000	-0.007393	-0.000027	-0.000031	-0.000189	NaN	NaN	NaN	NaN	NaN
435.000000	1360.544218	1.000000	1282.051282	1.000000	1360.460300	-149.930454	0.000000	-60.038099	0.000000	-0.008162	-0.000026	-0.000035	-0.000194	NaN	NaN	NaN	NaN	NaN
436.000000	1360.544218	1.000000	1282.051282	1.000000	1360.460300	-149.930454	0.000000	-74.981770	0.000000	-0.001670	-0.000026	-0.000032	-0.000195	NaN	NaN	NaN	NaN	NaN
437.000000	1360.544218	1.000000	1282.051282	1.000000	1360.460300	-149.930454	0.000000	-89.992154	0.000000	0.002840	-0.000026	-0.000031	-0.000219	NaN	NaN	NaN	NaN	NaN
438.000000	1360.544218	1.000000	1282.051282	1.000000	1360.460300	-149.930454	0.000000	-105.135964	0.000000	0.011369	-0.000025	-0.000030	-0.000211	NaN	NaN	NaN	NaN	NaN
439.000000	1360.544218	1.000000	1282.051282	1.000000	1360.460300	-149.930454	0.000000	-120.079636	0.000000	0.024740	-0.000023	-0.000028	-0.000195	NaN	NaN	NaN	NaN	NaN
440.000000	1360.544218	1.000000	1282.051282	1.000000	1360.460300	-149.930454	0.000000	-135.090020	0.000000	0.060903	-0.000025	-0.000030	-0.000204	NaN	NaN	NaN	NaN	NaN
441.000000	1360.544218	1.000000	1282.051282	1.000000	1360.460300	-149.930454	0.000000	-150.100404	0.000000	0.095306	-0.000025	-0.000032	-0.000208	NaN	NaN	NaN	NaN	NaN
442.000000	1360.544218	1.000000	1282.051282	1.000000	1360.460300	0.039963	0.000000	150.040569	0.000000	-0.006869	-0.000025	-0.000030	-0.000197	NaN	NaN	NaN	NaN	NaN
443.000000	1360.544218	1.000000	1282.051282	1.000000	1360.460300	0.039963	0.000000	135.030184	0.000000	-0.007552	-0.000025	-0.000029	-0.000195	NaN	NaN	NaN	NaN	NaN
444.000000	1360.544218	1.000000	1282.051282	1.000000	1360.460300	0.039963	0.000000	120.086513	0.000000	-0.008109	-0.000026	-0.000030	-0.000199	NaN	NaN	NaN	NaN	NaN
445.000000	1360.544218	1.000000	1282.051282	1.000000	1360.460300	0.039963	0.000000	105.076129	0.000000	-0.007748	-0.000028	-0.000031	-0.000196	NaN	NaN	NaN	NaN	NaN
446.000000	1360.544218	1.000000	1282.051282	1.000000	1360.460300	0.039963	0.000000	90.065744	0.000000	-0.006559	-0.000026	-0.000031	-0.000216	NaN	NaN	NaN	NaN	NaN
447.000000	1360.544218	1.000000	1282.051282	1.000000	1360.460300	0.039963	0.000000	74.921934	0.000000	-0.007807	-0.000027	-0.000031	-0.000215	NaN	NaN	NaN	NaN	NaN
448.000000	1360.544218	1.000000	1282.051282	1.000000	1360.460300	0.039963	0.000000	60.044976	0.000000	-0.008438	-0.000025	-0.000033	-0.000203	NaN	NaN	NaN	NaN	NaN
